schema_version,run_id,round,method,physical_client_id,virtual_client_id,num_examples,num_batches,local_epochs,batch_size,train_loss,task_loss,prior_loss,regularization_loss,accuracy_local_train_estimate,loss_local_train_estimate,update_l2_norm,update_linf_norm,update_cosine_to_global,drift_from_global_before_l2,drift_from_global_after_l2,label_entropy,kl_to_global_label_distribution,vi_elbo_loss,vi_kl_loss,vi_kl_loss_per_example,vi_kl_per_param,vi_likelihood_loss,vi_complexity_cost,vi_effective_lr,vi_loc_l2,vi_scale_mean,vi_scale_p50,vi_scale_p90,vi_scale_max,vi_snr_raw_mean,vi_snr_raw_p50,vi_snr_raw_p90,ola_task_loss,ola_prior_loss,ola_prior_loss_raw,ola_regularization_loss_raw,ola_fisher_mean,ola_fisher_p50,ola_fisher_p90,ola_fisher_max,ola_precision_mean,ola_precision_p50,ola_precision_p90,ola_sigma_mean,ola_sigma_p50,ola_sigma_p90,ola_snr_raw_mean,ola_snr_raw_p50,ola_snr_raw_p90,sparse_comm_enabled,sparse_metric,sparse_selection_method,sparse_ratio,sparse_warmup_rounds,sparse_num_params_total,sparse_num_params_sent,sparse_compression_ratio,sparse_threshold,sparse_score_mean,sparse_score_p50,sparse_score_p90,sparse_selection_score_mean,sparse_selection_score_p50,sparse_selection_score_p90,sparse_selected_score_mean,sparse_selected_score_p50,sparse_selected_score_p90,sparse_dropped_score_mean,sparse_dropped_score_p50,sparse_dropped_score_p90,sparse_selected_selection_score_mean,sparse_selected_selection_score_p50,sparse_selected_selection_score_p90,sparse_dropped_selection_score_mean,sparse_dropped_selection_score_p50,sparse_dropped_selection_score_p90,sparse_sent_update_l2,sparse_dropped_update_l2,sparse_sent_update_fraction_l2,sparse_dropped_update_fraction_l2,sparse_update_energy_retention,sparse_dense_bytes,sparse_sent_bytes,sparse_index_bytes,sparse_value_bytes,sparse_byte_saving_ratio,channel_snr_db,pathloss_db,rate_mbps,delay_ms,energy_j,ota_contribution_norm,digital_payload_bytes,communication_success,vi_scale_std,num_examples_train
bayesfl_observability_v1,vi_sparse_bayesian_keep010_seed42,1,vi,30,2,189,,5,256,1343.6847774505616,0.09404246012369792,14.719643621154995,14.719643621154995,,,3.7152511192749578,0.02495644986629486,0.8776736293525677,3.7152511192749578,,-0.0,2.4040642619438994,1343.6847774505616,2782.012644398294,14.719643621154995,0.027336274387327247,0.09404246012369792,14.719643621154995,0.005,7.751995092752983,0.05032886833738043,0.05037856474518776,0.05115867108106613,0.05123929679393768,0.40017253594080626,0.36387138234613614,0.7776768729948724,,,,,,,,,,,,,,,,,,0,update_snr,bayesian,0.1,20,,,,,,,,,,,,,,,,,,,,,,,,,,,,,,,,,,,,,,,,,0.0006479577632345489,189
bayesfl_observability_v1,vi_sparse_bayesian_keep010_seed42,1,vi,163,13,1,,5,256,1112.2558181285858,2.3177661895751953,2726.1200868068577,2726.1200868068577,,,3.677412918358464,0.025105904787778854,0.8792509553132333,3.677412918358464,,-0.0,2.185987945410232,1112.2558181285858,2726.1200868068577,2726.1200868068577,0.026787069733780658,2.3177661895751953,2726.1200868068577,0.005,7.719837147138427,0.05032970975955255,0.05038178525865078,0.05115930736064911,0.05123929679393768,0.3987843895623243,0.3620332366355562,0.7755495216666001,,,,,,,,,,,,,,,,,,0,update_snr,bayesian,0.1,20,,,,,,,,,,,,,,,,,,,,,,,,,,,,,,,,,,,,,,,,,0.0006485295055273899,1
bayesfl_observability_v1,vi_sparse_bayesian_keep010_seed42,1,vi,171,13,11,,5,256,1133.692720222473,1.8625982457941228,247.47189561628429,247.47189561628429,,,3.6747194001657078,0.02499307692050934,0.8787716849615447,3.6747194001657078,,0.6791932659915256,1.6161745905690754,1133.692720222473,2722.190851779127,247.47189561628429,0.026748460762298587,1.8625982457941228,247.47189561628429,0.005,7.699783603091663,0.05033482958644942,0.050390154123306274,0.051160621270537374,0.05123911052942276,0.397115990526701,0.3598334132459915,0.7737132069851129,,,,,,,,,,,,,,,,,,0,update_snr,bayesian,0.1,20,,,,,,,,,,,,,,,,,,,,,,,,,,,,,,,,,,,,,,,,,0.000646519188026423,11
bayesfl_observability_v1,vi_sparse_bayesian_keep010_seed42,1,vi,151,12,1,,5,256,1141.588250875473,2.091446876525879,2728.3198904491474,2728.3198904491474,,,3.678930481727357,0.025048498064279556,0.8794447948415235,3.678930481727357,,-0.0,2.3277319754160017,1141.588250875473,2728.3198904491474,2728.3198904491474,0.02680868517686103,2.091446876525879,2728.3198904491474,0.005,7.728800095274588,0.050331657880658576,0.05038697086274624,0.051158526167273524,0.0512394905090332,0.39890449326604066,0.36161811903517316,0.7764102926606278,,,,,,,,,,,,,,,,,,0,update_snr,bayesian,0.1,20,,,,,,,,,,,,,,,,,,,,,,,,,,,,,,,,,,,,,,,,,0.0006469114398044723,1
bayesfl_observability_v1,vi_sparse_bayesian_keep010_seed42,1,vi,237,19,1,,5,256,1131.8465412616729,2.4029064178466797,2720.5345454755948,2720.5345454755948,,,3.6736525975783296,0.025005178526043892,0.8790582913552718,3.6736525975783296,,-0.0,2.3163460082440825,1131.8465412616729,2720.5345454755948,2720.5345454755948,0.026732185766685613,2.4029064178466797,2720.5345454755948,0.005,7.706148899358497,0.05033127466264087,0.05038139782845974,0.05115877836942673,0.051239121705293655,0.3978269360114983,0.36013916302024684,0.7740532949363308,,,,,,,,,,,,,,,,,,0,update_snr,bayesian,0.1,20,,,,,,,,,,,,,,,,,,,,,,,,,,,,,,,,,,,,,,,,,0.000646657999970613,1
bayesfl_observability_v1,vi_sparse_bayesian_keep010_seed42,1,vi,180,14,4,,5,256,1139.8829726219178,2.167271614074707,678.5826007541349,678.5826007541349,,,3.6693557454728434,0.02508588321506977,0.879434862793865,3.6693557454728434,,-0.0,2.3163460082440825,1139.8829726219178,2714.3304030165395,678.5826007541349,0.026671223376403062,2.167271614074707,678.5826007541349,0.005,7.708402311332215,0.05033324042925774,0.050385817885398865,0.05116041749715805,0.051239095628261566,0.3981179038620294,0.3619544027912809,0.7746223456347883,,,,,,,,,,,,,,,,,,0,update_snr,bayesian,0.1,20,,,,,,,,,,,,,,,,,,,,,,,,,,,,,,,,,,,,,,,,,0.0006476746106388197,4
bayesfl_observability_v1,vi_sparse_bayesian_keep010_seed42,1,vi,183,14,1,,5,256,1128.5755574703217,2.2144968509674072,2722.517469677965,2722.517469677965,,,3.6749455843198517,0.024983054026961327,0.879523132560977,3.6749455843198517,,-0.0,2.28098669344155,1128.5755574703217,2722.517469677965,2722.517469677965,0.026751670135383366,2.2144968509674072,2722.517469677965,0.005,7.72279867721967,0.05033266506163032,0.050384435802698135,0.05116034634411335,0.051239024847745895,0.39842380033514935,0.3619661090920455,0.7737362878192432,,,,,,,,,,,,,,,,,,0,update_snr,bayesian,0.1,20,,,,,,,,,,,,,,,,,,,,,,,,,,,,,,,,,,,,,,,,,0.0006475216325360232,1
bayesfl_observability_v1,vi_sparse_bayesian_keep010_seed42,1,vi,24,1,142,,5,256,1329.9905548095703,0.4277512724970428,19.37855399913887,19.37855399913887,,,3.694840248474005,0.025014717131853104,0.8776589844528937,3.694840248474005,,0.40519466481919386,1.9096930536110042,1329.9905548095703,2751.7546678777194,19.37855399913887,0.027038957137444426,0.4277512724970428,19.37855399913887,0.005,7.708934609932904,0.05032859153128993,0.05038047209382057,0.05115787088871002,0.051239367574453354,0.397374460306299,0.3602812911447718,0.7741396974154917,,,,,,,,,,,,,,,,,,0,update_snr,bayesian,0.1,20,,,,,,,,,,,,,,,,,,,,,,,,,,,,,,,,,,,,,,,,,0.0006479305196301021,142
bayesfl_observability_v1,vi_sparse_bayesian_keep010_seed42,1,vi,117,9,1,,5,256,1167.9714533805848,1.9384065866470337,2703.0726397687404,2703.0726397687404,,,3.6616505388761103,0.02499970607459545,0.8805562699167065,3.6616505388761103,,-0.0,2.3277319754160017,1167.9714533805848,2703.0726397687404,2703.0726397687404,0.026560603711985264,1.9384065866470337,2703.0726397687404,0.005,7.725875088159824,0.05033301849372467,0.05038617551326752,0.05116074122488499,0.05123903602361679,0.39902161677955555,0.362420836400262,0.7753040835404911,,,,,,,,,,,,,,,,,,0,update_snr,bayesian,0.1,20,,,,,,,,,,,,,,,,,,,,,,,,,,,,,,,,,,,,,,,,,0.0006485445754226858,1
bayesfl_observability_v1,vi_sparse_bayesian_keep010_seed42,1,vi,252,20,1,,5,256,1144.4249349832535,2.2699689865112305,2714.793123508843,2714.793123508843,,,3.669789602875107,0.025051195174455643,0.8792743122755601,3.669789602875107,,-0.0,2.28098669344155,1144.4249349832535,2714.793123508843,2714.793123508843,0.026675770104243324,2.2699689865112305,2714.793123508843,0.005,7.704488259268274,0.05032998169878939,0.05038309469819069,0.0511578593403101,0.05123906210064888,0.3975956171789917,0.3601705358150412,0.7735663571388313,,,,,,,,,,,,,,,,,,0,update_snr,bayesian,0.1,20,,,,,,,,,,,,,,,,,,,,,,,,,,,,,,,,,,,,,,,,,0.0006460171187890276,1
bayesfl_observability_v1,vi_sparse_bayesian_keep010_seed42,1,vi,50,4,1,,5,256,1160.1055763244628,2.301025152206421,2706.107499275657,2706.107499275657,,,3.6637116628859383,0.02504626475274563,0.8806213018067045,3.6637116628859383,,-0.0,2.3163460082440825,1160.1055763244628,2706.107499275657,2706.107499275657,0.026590424479469955,2.301025152206421,2706.107499275657,0.005,7.732128342791386,0.050332712133896305,0.05038464069366455,0.05116059370338917,0.051239289343357086,0.39900528830630305,0.36189623283970673,0.7766381355515118,,,,,,,,,,,,,,,,,,0,update_snr,bayesian,0.1,20,,,,,,,,,,,,,,,,,,,,,,,,,,,,,,,,,,,,,,,,,0.0006489899582427779,1
bayesfl_observability_v1,vi_sparse_bayesian_keep010_seed42,1,vi,189,15,1,,5,256,1181.1400046825408,1.85919988155365,2718.677513416144,2718.677513416144,,,3.6723342024339374,0.025078164413571358,0.8793162168578482,3.6723342024339374,,-0.0,2.259365973874069,1181.1400046825408,2718.677513416144,2718.677513416144,0.026713938424055655,1.85919988155365,2718.677513416144,0.005,7.71111538840135,0.05033114044504731,0.05038256756961346,0.0511612631380558,0.051239218562841415,0.3979156868423743,0.36045335650171,0.7752534741279096,,,,,,,,,,,,,,,,,,0,update_snr,bayesian,0.1,20,,,,,,,,,,,,,,,,,,,,,,,,,,,,,,,,,,,,,,,,,0.0006482482730841381,1
bayesfl_observability_v1,vi_sparse_bayesian_keep010_seed42,1,vi,263,21,2,,5,256,1140.7051594734191,2.3187313079833984,1363.0885579807589,1363.0885579807589,,,3.6773861637286847,0.025056349113583565,0.8795107398228487,3.6773861637286847,,-0.0,2.185987945410232,1140.7051594734191,2726.1771159615178,1363.0885579807589,0.026787630106726124,2.3187313079833984,1363.0885579807589,0.005,7.727537471535301,0.05033491775876672,0.05039140582084656,0.051161926984786985,0.05123939365148544,0.39864081330857404,0.3608919131872842,0.7757763129038504,,,,,,,,,,,,,,,,,,0,update_snr,bayesian,0.1,20,,,,,,,,,,,,,,,,,,,,,,,,,,,,,,,,,,,,,,,,,0.0006477119818053375,2
bayesfl_observability_v1,vi_sparse_bayesian_keep010_seed42,1,vi,267,21,2,,5,256,1153.3250917434693,2.1531472206115723,1359.4281575887687,1359.4281575887687,,,3.6724909082049972,0.02505289763212204,0.8790950364130246,3.6724909082049972,,-0.0,2.259365973874069,1153.3250917434693,2718.8563151775375,1359.4281575887687,0.02671569534418333,2.1531472206115723,1359.4281575887687,0.005,7.704800564931549,0.05033261662956199,0.05038495920598507,0.05115939527750015,0.05123931169509888,0.39756750668263874,0.3601849845980643,0.7738114656386569,,,,,,,,,,,,,,,,,,0,update_snr,bayesian,0.1,20,,,,,,,,,,,,,,,,,,,,,,,,,,,,,,,,,,,,,,,,,0.0006465156287475277,2
bayesfl_observability_v1,vi_sparse_bayesian_keep010_seed42,1,vi,233,18,90,,5,256,1288.7631057739259,0.3281802283393012,30.590654190892078,30.590654190892078,,,3.6957796703237316,0.024963630363345146,0.8778841430973464,3.6957796703237316,,-0.0,2.3096097079310103,1288.7631057739259,2753.158877180287,30.590654190892078,0.027052755008158468,0.3281802283393012,30.590654190892078,0.005,7.717622871873645,0.05033472119690077,0.05038914829492569,0.05115973837673664,0.051239337772130966,0.3979686122231501,0.3615044912641209,0.7746474313691194,,,,,,,,,,,,,,,,,,0,update_snr,bayesian,0.1,20,,,,,,,,,,,,,,,,,,,,,,,,,,,,,,,,,,,,,,,,,0.0006451107753067535,90
bayesfl_observability_v1,vi_sparse_bayesian_keep010_seed42,2,vi,73,5,1,,5,256,1127.9230387210846,2.7956392765045166,2687.6259857751074,2687.6259857751074,,,3.6745056507495457,0.025055911391973495,0.8885000510936221,3.6745056507495457,,-0.0,2.28098669344155,1127.9230387210846,2687.6259857751074,2687.6259857751074,0.02640882367863916,2.7956392765045166,2687.6259857751074,0.005,8.007576110507046,0.050655399928896394,0.050698643550276756,0.05162081569433212,0.052429281175136566,0.4085360364695076,0.3692716086317439,0.799949156447695,,,,,,,,,,,,,,,,,,0,update_snr,bayesian,0.1,20,,,,,,,,,,,,,,,,,,,,,,,,,,,,,,,,,,,,,,,,,0.0007491077651102778,1
bayesfl_observability_v1,vi_sparse_bayesian_keep010_seed42,2,vi,158,12,58,,5,256,1272.1937055587769,0.9053982044088429,47.020308875512136,47.020308875512136,,,3.7016009047580614,0.025103168562054634,0.8865878450439104,3.7016009047580614,,-0.0,2.3292713582565514,1272.1937055587769,2727.1779147797038,47.020308875512136,0.026797464034388364,0.9053982044088429,47.020308875512136,0.005,8.002396554249293,0.05065411554869651,0.05069391801953316,0.05162328481674194,0.05240033194422722,0.407837614673012,0.36546366019635884,0.8000774332233921,,,,,,,,,,,,,,,,,,0,update_snr,bayesian,0.1,20,,,,,,,,,,,,,,,,,,,,,,,,,,,,,,,,,,,,,,,,,0.0007489846168310649,58
bayesfl_observability_v1,vi_sparse_bayesian_keep010_seed42,2,vi,143,11,27,,5,256,1201.893811225891,1.6942873354311343,100.29702195933056,100.29702195933056,,,3.688659390108859,0.025032568722963333,0.8873006286450317,3.688659390108859,,0.149994923610415,2.1788016114278856,1201.893811225891,2708.019592901925,100.29702195933056,0.02660921286137295,1.6942873354311343,100.29702195933056,0.005,7.99809427612241,0.05065211493441764,0.05069369450211525,0.05162317827343941,0.05240844935178757,0.40763786476892,0.3652402815163291,0.8010794961166298,,,,,,,,,,,,,,,,,,0,update_snr,bayesian,0.1,20,,,,,,,,,,,,,,,,,,,,,,,,,,,,,,,,,,,,,,,,,0.0007503930708810113,27
bayesfl_observability_v1,vi_sparse_bayesian_keep010_seed42,2,vi,264,21,1,,5,256,1120.662672996521,3.0757365226745605,2681.1899307666927,2681.1899307666927,,,3.6699815767344184,0.02507595345377922,0.8889117462341387,3.6699815767344184,,-0.0,2.259365973874069,1120.662672996521,2681.1899307666927,2681.1899307666927,0.026345582497461852,3.0757365226745605,2681.1899307666927,0.005,8.011590288687028,0.050654046090975534,0.05069637484848499,0.05162009224295616,0.05243745446205139,0.4089194441163236,0.36698702037808983,0.8007343152889533,,,,,,,,,,,,,,,,,,0,update_snr,bayesian,0.1,20,,,,,,,,,,,,,,,,,,,,,,,,,,,,,,,,,,,,,,,,,0.0007490854078980543,1
bayesfl_observability_v1,vi_sparse_bayesian_keep010_seed42,2,vi,267,21,2,,5,256,1114.1028931617736,2.7297558784484863,1347.6207629801959,1347.6207629801959,,,3.6795427018147167,0.025049399584531784,0.8876623799636171,3.6795427018147167,,-0.0,2.259365973874069,1114.1028931617736,2695.2415259603918,1347.6207629801959,0.026483654573650307,2.7297558784484863,1347.6207629801959,0.005,7.990375847409165,0.050658916045334255,0.050699975341558456,0.051624413952231406,0.05244521424174309,0.40753041412053137,0.3674979898620171,0.8001715977369745,,,,,,,,,,,,,,,,,,0,update_snr,bayesian,0.1,20,,,,,,,,,,,,,,,,,,,,,,,,,,,,,,,,,,,,,,,,,0.0007491336840097579,2
bayesfl_observability_v1,vi_sparse_bayesian_keep010_seed42,2,vi,277,22,783,,5,256,3282.455906057358,0.6827645527144197,4.483682244784624,4.483682244784624,,,4.1594631824768165,0.05746293067932129,0.8626224495380748,4.1594631824768165,,1.0837153259927952,1.2034482275163363,3282.455906057358,3510.7231976663606,4.483682244784624,0.03449664142346822,0.6827645527144197,4.483682244784624,0.005,8.222722113943183,0.051009652692261986,0.05090205371379852,0.0529884297400713,0.055857375264167786,0.41437663082684995,0.3707930799906659,0.81175165958211,,,,,,,,,,,,,,,,,,0,update_snr,bayesian,0.1,20,,,,,,,,,,,,,,,,,,,,,,,,,,,,,,,,,,,,,,,,,0.001432558994328393,783
bayesfl_observability_v1,vi_sparse_bayesian_keep010_seed42,2,vi,278,22,193,,5,256,1332.887131881714,0.05675062861467273,14.494807959363717,14.494807959363717,,,3.749465801391117,0.02504100278019905,0.8838831211263389,3.749465801391117,,-0.0,2.185987945410232,1332.887131881714,2797.4979361571973,14.494807959363717,0.027488434078384565,0.05675062861467273,14.494807959363717,0.005,8.016593022451001,0.05065308335373833,0.050696542486548424,0.05162032395601272,0.05243317037820816,0.408674147868664,0.3666863340277752,0.8012107665535385,,,,,,,,,,,,,,,,,,0,update_snr,bayesian,0.1,20,,,,,,,,,,,,,,,,,,,,,,,,,,,,,,,,,,,,,,,,,0.0007495661055826416,193
bayesfl_observability_v1,vi_sparse_bayesian_keep010_seed42,2,vi,238,19,72,,5,256,1264.774637413025,0.28271717495388454,37.94790240109194,37.94790240109194,,,3.704908399579253,0.025052104145288467,0.8865598129153021,3.704908399579253,,-0.0,2.3163460082440825,1264.774637413025,2732.2489728786195,37.94790240109194,0.026847292648900654,0.28271717495388454,37.94790240109194,0.005,8.00863560406158,0.05065649030840858,0.050700005143880844,0.051623422652482986,0.05243704095482826,0.4083846807795944,0.368113918145489,0.8034160698915674,,,,,,,,,,,,,,,,,,0,update_snr,bayesian,0.1,20,,,,,,,,,,,,,,,,,,,,,,,,,,,,,,,,,,,,,,,,,0.0007496801270640482,72
bayesfl_observability_v1,vi_sparse_bayesian_keep010_seed42,2,vi,128,10,1025,,5,256,3239.960976538658,0.20266985855451444,3.0504821462475165,3.0504821462475165,,,3.9068228057032393,0.05607908219099045,0.8757633554531047,3.9068228057032393,,0.10892171136653514,2.2170760364031934,3239.960976538658,3126.744199903704,3.0504821462475165,0.030723633682850585,0.20266985855451444,3.0504821462475165,0.005,8.09293713133505,0.05105434528882264,0.05092510208487511,0.053189920634031294,0.05709726735949516,0.40855911702645364,0.36620537953832477,0.7994079517997819,,,,,,,,,,,,,,,,,,0,update_snr,bayesian,0.1,20,,,,,,,,,,,,,,,,,,,,,,,,,,,,,,,,,,,,,,,,,0.001566777517598135,1025
bayesfl_observability_v1,vi_sparse_bayesian_keep010_seed42,2,vi,83,6,1,,5,256,1133.7699969768523,2.4511287212371826,2699.167518880702,2699.167518880702,,,3.68226519156483,0.025032613426446915,0.8876595162009987,3.68226519156483,,-0.0,2.259365973874069,1133.7699969768523,2699.167518880702,2699.167518880702,0.02652223168793065,2.4511287212371826,2699.167518880702,0.005,7.99621712661236,0.05065671146476774,0.05069880932569504,0.0516233965754509,0.05244031921029091,0.40736267009294025,0.3654805987403348,0.7999963821118379,,,,,,,,,,,,,,,,,,0,update_snr,bayesian,0.1,20,,,,,,,,,,,,,,,,,,,,,,,,,,,,,,,,,,,,,,,,,0.000750246469220966,1
bayesfl_observability_v1,vi_sparse_bayesian_keep010_seed42,2,vi,195,15,1,,5,256,1081.8030745983124,2.5754470825195312,2698.709436639121,2698.709436639121,,,3.681978224984852,0.025022368878126144,0.8881259306367271,3.681978224984852,,-0.0,2.185987945410232,1081.8030745983124,2698.709436639121,2698.709436639121,0.02651773053590568,2.5754470825195312,2698.709436639121,0.005,8.011225001729555,0.05065576097032721,0.050695933401584625,0.05162024237215519,0.052420854568481445,0.40869339944827227,0.3674244320241722,0.800156904027519,,,,,,,,,,,,,,,,,,0,update_snr,bayesian,0.1,20,,,,,,,,,,,,,,,,,,,,,,,,,,,,,,,,,,,,,,,,,0.0007490530542855732,1
bayesfl_observability_v1,vi_sparse_bayesian_keep010_seed42,2,vi,173,13,1,,5,256,1113.4873013973236,2.782536029815674,2690.279031662405,2690.279031662405,,,3.6760423254243824,0.02505122870206833,0.8884278054200261,3.6760423254243824,,-0.0,2.3292713582565514,1113.4873013973236,2690.279031662405,2690.279031662405,0.026434892715558662,2.782536029815674,2690.279031662405,0.005,8.008482516161617,0.050658035803089516,0.05070335417985916,0.05161886215209961,0.052424315363168716,0.4082861038282082,0.36757496147958324,0.8011860382682935,,,,,,,,,,,,,,,,,,0,update_snr,bayesian,0.1,20,,,,,,,,,,,,,,,,,,,,,,,,,,,,,,,,,,,,,,,,,0.0007471730113328817,1
bayesfl_observability_v1,vi_sparse_bayesian_keep010_seed42,2,vi,30,2,189,,5,256,1180.9169521331787,0.021975320483010912,14.566001982125263,14.566001982125263,,,3.7190639145427236,0.02507767453789711,0.8869740842996763,3.7190639145427236,,-0.0,2.4040642619438994,1180.9169521331787,2752.9743746216745,14.566001982125263,0.027050942071550305,0.021975320483010912,14.566001982125263,0.005,8.052632340213288,0.0506572651617259,0.05070147477090359,0.051618925482034686,0.052404582500457764,0.41029281613785556,0.36955748993966825,0.8037269559432968,,,,,,,,,,,,,,,,,,0,update_snr,bayesian,0.1,20,,,,,,,,,,,,,,,,,,,,,,,,,,,,,,,,,,,,,,,,,0.000750264407540458,189
bayesfl_observability_v1,vi_sparse_bayesian_keep010_seed42,2,vi,41,3,6,,5,256,1140.7314947605132,0.697156031926473,447.5229581501723,447.5229581501723,,,3.6726591705187617,0.02504005655646324,0.8886014321874524,3.6726591705187617,,-0.0,2.4040642619438994,1140.7314947605132,2685.137748901034,447.5229581501723,0.02638437406800662,0.697156031926473,447.5229581501723,0.005,8.006976472159328,0.05065806293800595,0.0507022850215435,0.051625221967697144,0.052420724183321,0.4080189959044457,0.36630016800434184,0.8002333644040676,,,,,,,,,,,,,,,,,,0,update_snr,bayesian,0.1,20,,,,,,,,,,,,,,,,,,,,,,,,,,,,,,,,,,,,,,,,,0.0007506683405892143,6
bayesfl_observability_v1,vi_sparse_bayesian_keep010_seed42,2,vi,11,0,99,,5,256,1345.4369552612304,1.0238159642075046,27.483120084686682,27.483120084686682,,,3.6973725033713305,0.025082560256123543,0.8868291439585566,3.6973725033713305,,0.6778769705348007,1.6507588626958358,1345.4369552612304,2720.8288883839814,27.483120084686682,0.026735078003183466,1.0238159642075046,27.483120084686682,0.005,8.001264971961358,0.05065394393071844,0.05069375038146973,0.051621774956583974,0.05241947993636131,0.40789678264942636,0.36666172531273766,0.8003789734893195,,,,,,,,,,,,,,,,,,0,update_snr,bayesian,0.1,20,,,,,,,,,,,,,,,,,,,,,,,,,,,,,,,,,,,,,,,,,0.0007502391598233943,99
bayesfl_observability_v1,vi_sparse_bayesian_keep010_seed42,3,vi,204,16,297,,5,256,2275.3140313386916,0.012406354751249756,12.939222945629426,12.939222945629426,,,4.432630790138387,0.04561794176697731,0.8579979724393222,4.432630790138387,,-0.0,2.28098669344155,2275.3140313386916,3842.9492148519394,12.939222945629426,0.0377611203188753,0.012406354751249756,12.939222945629426,0.005,8.629607265721514,0.05141702964488288,0.05139492079615593,0.053152363002300265,0.05633668601512909,0.4291249612004105,0.3783073169847644,0.8535930559231067,,,,,,,,,,,,,,,,,,0,update_snr,bayesian,0.1,20,,,,,,,,,,,,,,,,,,,,,,,,,,,,,,,,,,,,,,,,,0.0013176656346923345,297
bayesfl_observability_v1,vi_sparse_bayesian_keep010_seed42,3,vi,239,19,577,,5,256,2844.4520189126333,0.01702639569029651,6.60932683122906,6.60932683122906,,,4.401042200847268,0.056955736130476,0.8604387919573744,4.401042200847268,,-0.0,2.311121424016332,2844.4520189126333,3813.5815816191675,6.60932683122906,0.037472551651952124,0.01702639569029651,6.60932683122906,0.005,8.636963489608029,0.05152290059152727,0.05146385543048382,0.05352906137704849,0.05733121559023857,0.42880520248090204,0.3783122512894329,0.8512711349015245,,,,,,,,,,,,,,,,,,0,update_snr,bayesian,0.1,20,,,,,,,,,,,,,,,,,,,,,,,,,,,,,,,,,,,,,,,,,0.0015083253802178106,577
bayesfl_observability_v1,vi_sparse_bayesian_keep010_seed42,3,vi,249,19,1,,5,256,1081.183766412735,2.8371989727020264,2644.780137201102,2644.780137201102,,,3.6857595156744094,0.025019563734531403,0.8948894738983838,3.6857595156744094,,-0.0,2.3163460082440825,1081.183766412735,2644.780137201102,2644.780137201102,0.025987817010917777,2.8371989727020264,2644.780137201102,0.005,8.258567372114861,0.05124056585718024,0.051232386380434036,0.05264157690107822,0.0558263398706913,0.4140003923258102,0.368286536089228,0.8198502262937574,,,,,,,,,,,,,,,,,,0,update_snr,bayesian,0.1,20,,,,,,,,,,,,,,,,,,,,,,,,,,,,,,,,,,,,,,,,,0.0010813222963288792,1
bayesfl_observability_v1,vi_sparse_bayesian_keep010_seed42,3,vi,149,11,1,,5,256,1104.3447791099547,2.6682543754577637,2640.907026520077,2640.907026520077,,,3.682857381141807,0.025030085816979408,0.8959018194800057,3.682857381141807,,-0.0,2.3277319754160017,1104.3447791099547,2640.907026520077,2640.907026520077,0.02594975952166726,2.6682543754577637,2640.907026520077,0.005,8.289946169226278,0.05123770102226009,0.05122829228639603,0.052649243548512456,0.055988162755966187,0.41548329258323197,0.370058115575351,0.821513813894467,,,,,,,,,,,,,,,,,,0,update_snr,bayesian,0.1,20,,,,,,,,,,,,,,,,,,,,,,,,,,,,,,,,,,,,,,,,,0.00108522536948427,1
bayesfl_observability_v1,vi_sparse_bayesian_keep010_seed42,3,vi,6,0,1,,5,256,1098.0358068227767,1.2484482526779175,2647.0281919748404,2647.0281919748404,,,3.6878017684218314,0.025000646710395813,0.8955328535242519,3.6878017684218314,,-0.0,2.28098669344155,1098.0358068227767,2647.0281919748404,2647.0281919748404,0.026009906573399237,1.2484482526779175,2647.0281919748404,0.005,8.28725176259375,0.051237683414818436,0.051227936521172523,0.05264876894652844,0.055782679468393326,0.4158450540724116,0.3700405597679606,0.8209009080059256,,,,,,,,,,,,,,,,,,0,update_snr,bayesian,0.1,20,,,,,,,,,,,,,,,,,,,,,,,,,,,,,,,,,,,,,,,,,0.0010833328275681202,1
bayesfl_observability_v1,vi_sparse_bayesian_keep010_seed42,3,vi,34,2,1824,,5,256,3056.725010216236,0.033206892771679056,1.537889634070322,1.537889634070322,,,3.710257521781721,0.07818008959293365,0.8940965424267396,3.710257521781721,,-0.0,2.3163460082440825,3056.725010216236,2805.1106925442673,1.537889634070322,0.027563237619576176,0.033206892771679056,1.537889634070322,0.005,8.284142136344935,0.05172424198860291,0.05157652869820595,0.05436407998204231,0.062083616852760315,0.4114886551018014,0.3656571263373488,0.8084527235176814,,,,,,,,,,,,,,,,,,0,update_snr,bayesian,0.1,20,,,,,,,,,,,,,,,,,,,,,,,,,,,,,,,,,,,,,,,,,0.001975950164220945,1824
bayesfl_observability_v1,vi_sparse_bayesian_keep010_seed42,3,vi,236,18,2,,5,256,1098.1817848205567,2.1645727157592773,1321.8082556281583,1321.8082556281583,,,3.6846629231166625,0.025053996592760086,0.8953561574536851,3.6846629231166625,,-0.0,2.259365973874069,1098.1817848205567,2643.6165112563167,1321.8082556281583,0.025976383131141954,2.1645727157592773,1321.8082556281583,0.005,8.273614103929503,0.05124131221281378,0.05123233608901501,0.052654587849974635,0.05576400086283684,0.4149990822320882,0.3700259231506905,0.820911737122082,,,,,,,,,,,,,,,,,,0,update_snr,bayesian,0.1,20,,,,,,,,,,,,,,,,,,,,,,,,,,,,,,,,,,,,,,,,,0.001085065040019074,2
bayesfl_observability_v1,vi_sparse_bayesian_keep010_seed42,3,vi,299,23,1,,5,256,1103.3149180412292,2.8932106494903564,2636.667425412072,2636.667425412072,,,3.680473077365844,0.025013312697410583,0.8953923506402481,3.680473077365844,,-0.0,2.3096097079310103,1103.3149180412292,2636.667425412072,2636.667425412072,0.02590810086874395,2.8932106494903564,2636.667425412072,0.005,8.265525332165659,0.05123976182360581,0.05123492330312729,0.052652986347675325,0.055439166724681854,0.4146828392200806,0.3699798696992572,0.8199938444276256,,,,,,,,,,,,,,,,,,0,update_snr,bayesian,0.1,20,,,,,,,,,,,,,,,,,,,,,,,,,,,,,,,,,,,,,,,,,0.0010864615407619807,1
bayesfl_observability_v1,vi_sparse_bayesian_keep010_seed42,3,vi,100,8,22,,5,256,1148.1515789031982,1.4036059813065962,119.7251820490435,119.7251820490435,,,3.6780570435668665,0.02507036365568638,0.8964049354976116,3.6780570435668665,,-0.0,2.3163460082440825,1148.1515789031982,2633.954005078957,119.7251820490435,0.02588143858778576,1.4036059813065962,119.7251820490435,0.005,8.297973795882347,0.05123956286015938,0.05123881250619888,0.052643291652202606,0.0552382618188858,0.41624012367437846,0.37138597391281114,0.8228863437512897,,,,,,,,,,,,,,,,,,0,update_snr,bayesian,0.1,20,,,,,,,,,,,,,,,,,,,,,,,,,,,,,,,,,,,,,,,,,0.0010851888155774293,22
bayesfl_observability_v1,vi_sparse_bayesian_keep010_seed42,3,vi,215,17,2060,,5,256,3010.5938993930818,0.029499563256513726,1.352707282971525,1.352707282971525,,,3.691638139814989,0.07943457365036011,0.8952653736358609,3.691638139814989,,-0.0,2.185987945410232,3010.5938993930818,2786.5770029213413,1.352707282971525,0.027381124132075673,0.029499563256513726,1.352707282971525,0.005,8.28587424949473,0.05173169001713622,0.05157290957868099,0.05444841012358666,0.06178833916783333,0.41158638985606644,0.36737305845694124,0.8095077246967787,,,,,,,,,,,,,,,,,,0,update_snr,bayesian,0.1,20,,,,,,,,,,,,,,,,,,,,,,,,,,,,,,,,,,,,,,,,,0.002030310188404495,2060
bayesfl_observability_v1,vi_sparse_bayesian_keep010_seed42,3,vi,217,17,1,,5,256,1062.6442929267882,1.6315715312957764,2649.630745658421,2649.630745658421,,,3.68904204185585,0.02500324323773384,0.8952881442778986,3.68904204185585,,-0.0,2.311121424016332,1062.6442929267882,2649.630745658421,2649.630745658421,0.026035479469965813,1.6315715312957764,2649.630745658421,0.005,8.280908543252522,0.05124281132274373,0.0512374360114336,0.052646553888916967,0.055979035794734955,0.41554281659146947,0.37063126380045797,0.8218433744085555,,,,,,,,,,,,,,,,,,0,update_snr,bayesian,0.1,20,,,,,,,,,,,,,,,,,,,,,,,,,,,,,,,,,,,,,,,,,0.001082615845687854,1
bayesfl_observability_v1,vi_sparse_bayesian_keep010_seed42,3,vi,87,7,14,,5,256,1136.5751518249513,1.6519440242222376,189.53911723275564,189.53911723275564,,,3.69173530717682,0.02507823333144188,0.895276257079028,3.69173530717682,,0.39267446722755217,1.9352627592338563,1136.5751518249513,2653.547641258579,189.53911723275564,0.026073967193265,1.6519440242222376,189.53911723275564,0.005,8.286496506740948,0.05124046233529056,0.051234519109129906,0.05264904014766216,0.055870190262794495,0.4156480845611942,0.37010973504564515,0.8227918537139647,,,,,,,,,,,,,,,,,,0,update_snr,bayesian,0.1,20,,,,,,,,,,,,,,,,,,,,,,,,,,,,,,,,,,,,,,,,,0.0010839662916445883,14
bayesfl_observability_v1,vi_sparse_bayesian_keep010_seed42,3,vi,260,20,171,,5,256,1223.3263033866883,0.06291005764788354,15.563804078315103,15.563804078315103,,,3.6973041939603517,0.025035033002495766,0.8954207341818609,3.6973041939603517,,-0.0,2.311121424016332,1223.3263033866883,2661.4104973918825,15.563804078315103,0.026151228234173946,0.06291005764788354,15.563804078315103,0.005,8.304249896735245,0.05123930094084431,0.05123179592192173,0.05264952257275581,0.05585194006562233,0.41660734052678117,0.3714593264446088,0.8236357425961705,,,,,,,,,,,,,,,,,,0,update_snr,bayesian,0.1,20,,,,,,,,,,,,,,,,,,,,,,,,,,,,,,,,,,,,,,,,,0.0010838956495147565,171
bayesfl_observability_v1,vi_sparse_bayesian_keep010_seed42,3,vi,16,1,1,,5,256,1136.0292318820952,1.7753911018371582,2630.1306068573535,2630.1306068573535,,,3.675432552327761,0.025029541924595833,0.8957803961343854,3.675432552327761,,-0.0,2.311121424016332,1136.0292318820952,2630.1306068573535,2630.1306068573535,0.02584386957705958,1.7753911018371582,2630.1306068573535,0.005,8.268740524802528,0.05123584710407101,0.0512284804135561,0.052645346522331236,0.0556679293513298,0.41493086311598587,0.37041500792761006,0.8202276967954193,,,,,,,,,,,,,,,,,,0,update_snr,bayesian,0.1,20,,,,,,,,,,,,,,,,,,,,,,,,,,,,,,,,,,,,,,,,,0.001083196603188392,1
bayesfl_observability_v1,vi_sparse_bayesian_keep010_seed42,3,vi,18,1,9,,5,256,1108.1958326339723,1.9451762305365667,294.4204150659826,294.4204150659826,,,3.689297245423416,0.02507435902953148,0.8957467710244303,3.689297245423416,,-0.0,2.3096097079310103,1108.1958326339723,2649.783735593843,294.4204150659826,0.026036982761067536,1.9451762305365667,294.4204150659826,0.005,8.298532122383294,0.051238393144848786,0.051231322810053825,0.05265098623931408,0.05570201948285103,0.41647506021533565,0.3731156911753304,0.8246378181794629,,,,,,,,,,,,,,,,,,0,update_snr,bayesian,0.1,20,,,,,,,,,,,,,,,,,,,,,,,,,,,,,,,,,,,,,,,,,0.0010827605416409646,9
bayesfl_observability_v1,vi_sparse_bayesian_keep010_seed42,4,vi,112,9,234,,5,256,1423.1719987869262,0.013314012788299821,11.512612320460432,11.512612320460432,,,3.770522081191401,0.02510465681552887,0.8980870819922967,3.770522081191401,,-0.0,2.3155014849272724,1423.1719987869262,2693.9512829877413,11.512612320460432,0.026470976545030375,0.013314012788299821,11.512612320460432,0.005,8.572836925911666,0.051950986179793775,0.05191767401993275,0.05387503616511822,0.05886400118470192,0.4223573215721282,0.37314410858241176,0.8390206718263805,,,,,,,,,,,,,,,,,,0,update_snr,bayesian,0.1,20,,,,,,,,,,,,,,,,,,,,,,,,,,,,,,,,,,,,,,,,,0.0014846519957941798,234
bayesfl_observability_v1,vi_sparse_bayesian_keep010_seed42,4,vi,101,8,1,,5,256,1069.9496052980423,0.4225129187107086,2579.8297833356564,2579.8297833356564,,,3.689078183927777,0.025086721405386925,0.9020696480200917,3.689078183927777,,-0.0,2.185987945410232,1069.9496052980423,2579.8297833356564,2579.8297833356564,0.025349609740941893,0.4225129187107086,2579.8297833356564,0.005,8.547626801425439,0.051957349069442146,0.0519176684319973,0.053893402218818665,0.0592053197324276,0.42071349940065306,0.37124657500980024,0.8380419826105961,,,,,,,,,,,,,,,,,,0,update_snr,bayesian,0.1,20,,,,,,,,,,,,,,,,,,,,,,,,,,,,,,,,,,,,,,,,,0.0014823499782158306,1
bayesfl_observability_v1,vi_sparse_bayesian_keep010_seed42,4,vi,7,0,80,,5,256,1140.6966075897217,0.21507349014282226,32.67993907129536,32.67993907129536,,,3.712735055348128,0.0250491164624691,0.9011723136259644,3.712735055348128,,-0.0,2.4040642619438994,1140.6966075897217,2614.3951257036288,32.67993907129536,0.025689251505390868,0.21507349014282226,32.67993907129536,0.005,8.565323309524748,0.05195200799525932,0.05191423557698727,0.05388648919761181,0.05877972021698952,0.4216740107016602,0.3710953555080745,0.8400677287933214,,,,,,,,,,,,,,,,,,0,update_snr,bayesian,0.1,20,,,,,,,,,,,,,,,,,,,,,,,,,,,,,,,,,,,,,,,,,0.0014884741724220743,80
bayesfl_observability_v1,vi_sparse_bayesian_keep010_seed42,4,vi,192,15,1,,5,256,1074.662160372734,2.479266405105591,2578.2382439197386,2578.2382439197386,,,3.6877871514479144,0.025078440085053444,0.901929027260813,3.6877871514479144,,-0.0,2.259365973874069,1074.662160372734,2578.2382439197386,2578.2382439197386,0.025333971149845126,2.479266405105591,2578.2382439197386,0.005,8.538766062120018,0.05195720534362803,0.051921527832746506,0.053883830830454824,0.05909530445933342,0.4206004300974083,0.3702518662602798,0.8394507043227067,,,,,,,,,,,,,,,,,,0,update_snr,bayesian,0.1,20,,,,,,,,,,,,,,,,,,,,,,,,,,,,,,,,,,,,,,,,,0.001485326635678146,1
bayesfl_observability_v1,vi_sparse_bayesian_keep010_seed42,4,vi,180,14,4,,5,256,1082.0116015434264,1.101080060005188,646.9692898310724,646.9692898310724,,,3.694708384222963,0.025088591501116753,0.9021077108632068,3.694708384222963,,-0.0,2.3163460082440825,1082.0116015434264,2587.8771593242896,646.9692898310724,0.0254286838884179,1.101080060005188,646.9692898310724,0.005,8.562237888314677,0.05195555826141175,0.051914092153310776,0.05389110781252384,0.05873629450798035,0.42216709682135123,0.3724683681948935,0.8399535208447149,,,,,,,,,,,,,,,,,,0,update_snr,bayesian,0.1,20,,,,,,,,,,,,,,,,,,,,,,,,,,,,,,,,,,,,,,,,,0.0014860626997949301,4
bayesfl_observability_v1,vi_sparse_bayesian_keep010_seed42,4,vi,181,14,2031,,5,256,3182.18481965065,0.39524084379495744,1.3600017183017759,1.3600017183017759,,,3.7307537929765275,0.0790926069021225,0.9007773412861056,3.7307537929765275,,1.0649000763602765,1.25432875177699,3182.18481965065,2762.1634898709067,1.3600017183017759,0.027141235038527136,0.39524084379495744,1.3600017183017759,0.005,8.590486867589675,0.052444764673109545,0.052290115505456924,0.05542750060558319,0.064066581428051,0.4186953219858085,0.36955716524180765,0.8291911829822309,,,,,,,,,,,,,,,,,,0,update_snr,bayesian,0.1,20,,,,,,,,,,,,,,,,,,,,,,,,,,,,,,,,,,,,,,,,,0.002251849826105768,2031
bayesfl_observability_v1,vi_sparse_bayesian_keep010_seed42,4,vi,16,1,1,,5,256,1069.1820976257325,1.250601887702942,2577.3993083882574,2577.3993083882574,,,3.687079654016434,0.02506106160581112,0.9025286362869671,3.687079654016434,,-0.0,2.311121424016332,1069.1820976257325,2577.3993083882574,2577.3993083882574,0.02532572770353009,1.250601887702942,2577.3993083882574,0.005,8.56201983065808,0.051956097633407944,0.05191880092024803,0.05388964824378491,0.058862749487161636,0.4215595172221229,0.3724272182320162,0.8414263736061276,,,,,,,,,,,,,,,,,,0,update_snr,bayesian,0.1,20,,,,,,,,,,,,,,,,,,,,,,,,,,,,,,,,,,,,,,,,,0.0014840728301599648,1
bayesfl_observability_v1,vi_sparse_bayesian_keep010_seed42,4,vi,20,1,271,,5,256,2215.8197843551634,0.1504506685417077,13.741824657198256,13.741824657198256,,,4.422051421926233,0.04655078053474426,0.8680182311919744,4.422051421926233,,0.1565717533105691,2.1543325248754965,2215.8197843551634,3724.0344821007275,13.741824657198256,0.0365926548305073,0.1504506685417077,13.741824657198256,0.005,8.905819628096154,0.052128874918708955,0.052082449197769165,0.05432594195008278,0.059414830058813095,0.43608454139213765,0.3816026709299105,0.872404736499224,,,,,,,,,,,,,,,,,,0,update_snr,bayesian,0.1,20,,,,,,,,,,,,,,,,,,,,,,,,,,,,,,,,,,,,,,,,,0.0016772073099932752,271
bayesfl_observability_v1,vi_sparse_bayesian_keep010_seed42,4,vi,72,5,1,,5,256,1097.8579946279526,2.3325374126434326,2569.285681507198,2569.285681507198,,,3.6817243395678587,0.02505207620561123,0.902446065407062,3.6817243395678587,,-0.0,2.28098669344155,1097.8579946279526,2569.285681507198,2569.285681507198,0.025246002569590236,2.3325374126434326,2569.285681507198,0.005,8.546189489078266,0.051957314344223855,0.05192062258720398,0.05390065237879753,0.058671239763498306,0.421020596852837,0.3714482421920285,0.8358468538082519,,,,,,,,,,,,,,,,,,0,update_snr,bayesian,0.1,20,,,,,,,,,,,,,,,,,,,,,,,,,,,,,,,,,,,,,,,,,0.0014890938972078151,1
bayesfl_observability_v1,vi_sparse_bayesian_keep010_seed42,4,vi,41,3,6,,5,256,1123.2442388534546,1.4852089881896973,429.0533663734696,429.0533663734696,,,3.6849426021543072,0.02507733553647995,0.9021715900502851,3.6849426021543072,,-0.0,2.4040642619438994,1123.2442388534546,2574.3201982408177,429.0533663734696,0.02529547212578184,1.4852089881896973,429.0533663734696,0.005,8.54224488559189,0.051954837043306515,0.051917579025030136,0.05388980843126774,0.058522939682006836,0.42128644409723504,0.372246571943912,0.8369863798393212,,,,,,,,,,,,,,,,,,0,update_snr,bayesian,0.1,20,,,,,,,,,,,,,,,,,,,,,,,,,,,,,,,,,,,,,,,,,0.0014872380079781944,6
bayesfl_observability_v1,vi_sparse_bayesian_keep010_seed42,4,vi,46,3,2,,5,256,1076.0319233894347,1.5305566787719727,1282.6594278642485,1282.6594278642485,,,3.6787468702014485,0.02498534880578518,0.9028495258264131,3.6787468702014485,,-0.0,2.4040642619438994,1076.0319233894347,2565.318855728497,1282.6594278642485,0.025207024228441555,1.5305566787719727,1282.6594278642485,0.005,8.556061839325912,0.05195382983297757,0.05191100388765335,0.05389243587851524,0.05923808366060257,0.4215674591031615,0.37255054723491265,0.8376033090767309,,,,,,,,,,,,,,,,,,0,update_snr,bayesian,0.1,20,,,,,,,,,,,,,,,,,,,,,,,,,,,,,,,,,,,,,,,,,0.0014875343565350268,2
bayesfl_observability_v1,vi_sparse_bayesian_keep010_seed42,4,vi,292,23,1,,5,256,1138.338542318344,3.596698760986328,2560.6324736616034,2560.6324736616034,,,3.675046747252281,0.025096381083130836,0.9029077013336603,3.675046747252281,,-0.0,2.3096097079310103,1138.338542318344,2560.6324736616034,2560.6324736616034,0.02516097547078317,3.596698760986328,2560.6324736616034,0.005,8.549906436677007,0.05195632957491628,0.0519159771502018,0.05388394333422184,0.05878954008221626,0.4212691745872796,0.3714561707353661,0.8402712747921364,,,,,,,,,,,,,,,,,,0,update_snr,bayesian,0.1,20,,,,,,,,,,,,,,,,,,,,,,,,,,,,,,,,,,,,,,,,,0.0014848117423024625,1
bayesfl_observability_v1,vi_sparse_bayesian_keep010_seed42,4,vi,296,23,2,,5,256,1051.0674934387207,3.206073045730591,1296.137032364141,1296.137032364141,,,3.6979801332356814,0.025048241019248962,0.90211417798279,3.6979801332356814,,-0.0,2.3096097079310103,1051.0674934387207,2592.274064728282,1296.137032364141,0.02547188822568814,3.206073045730591,1296.137032364141,0.005,8.570036121201666,0.05195201123557005,0.051914796233177185,0.053889404982328415,0.05890064686536789,0.4226466575000525,0.37322172009441346,0.8393171372180362,,,,,,,,,,,,,,,,,,0,update_snr,bayesian,0.1,20,,,,,,,,,,,,,,,,,,,,,,,,,,,,,,,,,,,,,,,,,0.0014856166123484373,2
bayesfl_observability_v1,vi_sparse_bayesian_keep010_seed42,4,vi,163,13,1,,5,256,1057.5156410217285,1.0633106231689453,2589.5492641864107,2589.5492641864107,,,3.695358079947578,0.025036271661520004,0.9022232275103986,3.695358079947578,,-0.0,2.185987945410232,1057.5156410217285,2589.5492641864107,2589.5492641864107,0.025445114121906365,1.0633106231689453,2589.5492641864107,0.005,8.568492479646892,0.051952993833213106,0.05191397666931152,0.05388637892901897,0.05880656838417053,0.42215849238178205,0.37301277056741566,0.8402736081993636,,,,,,,,,,,,,,,,,,0,update_snr,bayesian,0.1,20,,,,,,,,,,,,,,,,,,,,,,,,,,,,,,,,,,,,,,,,,0.0014832526222831087,1
bayesfl_observability_v1,vi_sparse_bayesian_keep010_seed42,4,vi,166,13,9,,5,256,1118.6566848754883,2.3894856770833335,286.2978495485391,286.2978495485391,,,3.6871348317524033,0.025061722844839096,0.9019945447262645,3.6871348317524033,,-0.0,2.3277319754160017,1118.6566848754883,2576.6806459368518,286.2978495485391,0.025318666069930742,2.3894856770833335,286.2978495485391,0.005,8.539975826134254,0.051950857432780044,0.0519116073846817,0.05388455726206303,0.058622807264328,0.42092896884273356,0.3730684158504324,0.8369456823678372,,,,,,,,,,,,,,,,,,0,update_snr,bayesian,0.1,20,,,,,,,,,,,,,,,,,,,,,,,,,,,,,,,,,,,,,,,,,0.0014855861664359673,9
bayesfl_observability_v1,vi_sparse_bayesian_keep010_seed42,5,vi,169,13,456,,5,256,2206.0197221040726,0.000886227445382821,8.194748172435562,8.194748172435562,,,4.489696094731881,0.04764113202691078,0.8783152892156715,4.489696094731881,,-0.0,2.3163460082440825,2206.0197221040726,3736.805166630616,8.194748172435562,0.036718140578074245,0.000886227445382821,8.194748172435562,0.005,9.390994966957654,0.05285120587113289,0.05275922268629074,0.05572490580379963,0.06244465708732605,0.4514655990096063,0.39136388540537553,0.9087755581974573,,,,,,,,,,,,,,,,,,0,update_snr,bayesian,0.1,20,,,,,,,,,,,,,,,,,,,,,,,,,,,,,,,,,,,,,,,,,0.002196266334645176,456
bayesfl_observability_v1,vi_sparse_bayesian_keep010_seed42,5,vi,126,10,1,,5,256,1029.6187656402587,4.5648512840271,2523.2548368222874,2523.2548368222874,,,3.695458851433711,0.025067169219255447,0.9129407164036046,3.695458851433711,,-0.0,2.3277319754160017,1029.6187656402587,2523.2548368222874,2523.2548368222874,0.02479369988034084,4.5648512840271,2523.2548368222874,0.005,9.055449487308913,0.05267351138035517,0.052580103278160095,0.05536342076957226,0.06239333003759384,0.43799759431987456,0.3834008486151287,0.875645496914413,,,,,,,,,,,,,,,,,,0,update_snr,bayesian,0.1,20,,,,,,,,,,,,,,,,,,,,,,,,,,,,,,,,,,,,,,,,,0.0020480291224390947,1
bayesfl_observability_v1,vi_sparse_bayesian_keep010_seed42,5,vi,19,1,279,,5,256,2208.303031349182,0.325944506780221,13.132671033413438,13.132671033413438,,,4.443893977976519,0.044422827661037445,0.8808579624931807,4.443893977976519,,0.3705115655529096,1.9463369459516098,2208.303031349182,3664.015218322349,13.132671033413438,0.03600290083838409,0.325944506780221,13.132671033413438,0.005,9.387566074013098,0.05285180975525906,0.05274978280067444,0.0557296134531498,0.06281429529190063,0.4507993240427177,0.39067783158468156,0.9111882134005583,,,,,,,,,,,,,,,,,,0,update_snr,bayesian,0.1,20,,,,,,,,,,,,,,,,,,,,,,,,,,,,,,,,,,,,,,,,,0.0021985914061649794,279
bayesfl_observability_v1,vi_sparse_bayesian_keep010_seed42,5,vi,288,23,3,,5,256,1077.8701999664306,1.284870704015096,838.3904183319327,838.3904183319327,,,3.6894510322929963,0.02502642199397087,0.9129281032406066,3.6894510322929963,,-0.0,2.185987945410232,1077.8701999664306,2515.171254995798,838.3904183319327,0.02471426997146308,1.284870704015096,838.3904183319327,0.005,9.040054097994146,0.05266976508519569,0.052584208548069,0.05535425916314125,0.06257656216621399,0.43665649124498634,0.3819092082616481,0.8755118207917482,,,,,,,,,,,,,,,,,,0,update_snr,bayesian,0.1,20,,,,,,,,,,,,,,,,,,,,,,,,,,,,,,,,,,,,,,,,,0.0020474448211534424,3
bayesfl_observability_v1,vi_sparse_bayesian_keep010_seed42,5,vi,177,14,1,,5,256,1058.7339102745057,2.541886329650879,2527.3982373319827,2527.3982373319827,,,3.698419393190612,0.02500954642891884,0.9128111067054729,3.698419393190612,,-0.0,2.259365973874069,1058.7339102745057,2527.3982373319827,2527.3982373319827,0.024834413258641868,2.541886329650879,2527.3982373319827,0.005,9.056272821093321,0.05267339405406314,0.05258604884147644,0.055363609269261364,0.06210002303123474,0.4374463751993834,0.38173440508943607,0.8786210679834534,,,,,,,,,,,,,,,,,,0,update_snr,bayesian,0.1,20,,,,,,,,,,,,,,,,,,,,,,,,,,,,,,,,,,,,,,,,,0.002049764151154447,1
bayesfl_observability_v1,vi_sparse_bayesian_keep010_seed42,5,vi,180,14,4,,5,256,1040.3127038955688,1.2293647527694702,631.6612999503824,631.6612999503824,,,3.6981138165533736,0.025043519213795662,0.9127706339131832,3.6981138165533736,,-0.0,2.3163460082440825,1040.3127038955688,2526.6451998015295,631.6612999503824,0.024827013852820375,1.2293647527694702,631.6612999503824,0.005,9.053519405369897,0.05266875045898768,0.052579240873456,0.05535297729074955,0.062481433153152466,0.437259537499431,0.3815505393455961,0.8808541888719432,,,,,,,,,,,,,,,,,,0,update_snr,bayesian,0.1,20,,,,,,,,,,,,,,,,,,,,,,,,,,,,,,,,,,,,,,,,,0.002049747656406975,4
bayesfl_observability_v1,vi_sparse_bayesian_keep010_seed42,5,vi,25,2,1,,5,256,1059.1772269248963,3.0378711223602295,2529.242771229149,2529.242771229149,,,3.700119989266008,0.025073517113924026,0.91270082601345,3.700119989266008,,-0.0,2.4040642619438994,1059.1772269248963,2529.242771229149,2529.242771229149,0.02485253779334921,3.0378711223602295,2529.242771229149,0.005,9.05497405658128,0.0526722779107112,0.05257650278508663,0.055364998430013655,0.062081336975097656,0.4372079366565948,0.3803490169451872,0.8773455696685531,,,,,,,,,,,,,,,,,,0,update_snr,bayesian,0.1,20,,,,,,,,,,,,,,,,,,,,,,,,,,,,,,,,,,,,,,,,,0.0020496754919643824,1
bayesfl_observability_v1,vi_sparse_bayesian_keep010_seed42,5,vi,250,20,1,,5,256,1062.8720345258712,0.9073308706283569,2524.9160340610388,2524.9160340610388,,,3.6970935096781328,0.025063801556825638,0.9127696373061746,3.6970935096781328,,-0.0,2.311121424016332,1062.8720345258712,2524.9160340610388,2524.9160340610388,0.024810022934666786,0.9073308706283569,2524.9160340610388,0.005,9.050968246298428,0.052669555512121026,0.05257442221045494,0.05536302700638771,0.06262768059968948,0.43712221064090245,0.38060348513568737,0.8776743751773519,,,,,,,,,,,,,,,,,,0,update_snr,bayesian,0.1,20,,,,,,,,,,,,,,,,,,,,,,,,,,,,,,,,,,,,,,,,,0.0020529794471074933,1
bayesfl_observability_v1,vi_sparse_bayesian_keep010_seed42,5,vi,89,7,4,,5,256,1060.8023009300232,1.5450704097747803,629.0051735833842,629.0051735833842,,,3.6899310036093187,0.025021996349096298,0.9131768579437007,3.6899310036093187,,-0.0,2.185987945410232,1060.8023009300232,2516.020694333537,629.0051735833842,0.024722616629002034,1.5450704097747803,629.0051735833842,0.005,9.05363215482755,0.052673161465012455,0.05257956311106682,0.05536993369460106,0.06210987642407417,0.4376251208932317,0.3814809337191391,0.8752491752412078,,,,,,,,,,,,,,,,,,0,update_snr,bayesian,0.1,20,,,,,,,,,,,,,,,,,,,,,,,,,,,,,,,,,,,,,,,,,0.0020526955796561957,4
bayesfl_observability_v1,vi_sparse_bayesian_keep010_seed42,5,vi,240,19,1,,5,256,1027.0539786338807,4.103243827819824,2539.6916052793795,2539.6916052793795,,,3.7069989676584205,0.025072412565350533,0.9123920853619261,3.7069989676584205,,-0.0,2.3096097079310103,1027.0539786338807,2539.6916052793795,2539.6916052793795,0.024955208856041855,4.103243827819824,2539.6916052793795,0.005,9.056538922458078,0.05266955345283384,0.05258101038634777,0.05536524169147015,0.06249232217669487,0.43728429324433377,0.3812486499030604,0.879193724903041,,,,,,,,,,,,,,,,,,0,update_snr,bayesian,0.1,20,,,,,,,,,,,,,,,,,,,,,,,,,,,,,,,,,,,,,,,,,0.0020474523553993757,1
bayesfl_observability_v1,vi_sparse_bayesian_keep010_seed42,5,vi,118,9,3,,5,256,1065.1694571495057,2.8300549189249673,840.4735333027015,840.4735333027015,,,3.694881187343265,0.025109224021434784,0.9131791954349482,3.694881187343265,,-0.0,2.259365973874069,1065.1694571495057,2521.4205999081046,840.4735333027015,0.0247756765245957,2.8300549189249673,840.4735333027015,0.005,9.065835302422668,0.05267117564149411,0.05257461033761501,0.05536489635705948,0.062047962099313736,0.43831449191738336,0.3823836721694516,0.877260350895496,,,,,,,,,,,,,,,,,,0,update_snr,bayesian,0.1,20,,,,,,,,,,,,,,,,,,,,,,,,,,,,,,,,,,,,,,,,,0.002048169738614884,3
bayesfl_observability_v1,vi_sparse_bayesian_keep010_seed42,5,vi,122,9,1,,5,256,1031.1583413600922,1.7216012477874756,2527.4747505550577,2527.4747505550577,,,3.6983576351929757,0.024998318403959274,0.9127683414804779,3.6983576351929757,,-0.0,2.3163460082440825,1031.1583413600922,2527.4747505550577,2527.4747505550577,0.024835165083571364,1.7216012477874756,2527.4747505550577,0.005,9.054003092416384,0.052671262737112104,0.05256906896829605,0.05535238832235336,0.06253955513238907,0.43733859839114014,0.38270647243662553,0.8777925879088068,,,,,,,,,,,,,,,,,,0,update_snr,bayesian,0.1,20,,,,,,,,,,,,,,,,,,,,,,,,,,,,,,,,,,,,,,,,,0.0020503318698131606,1
bayesfl_observability_v1,vi_sparse_bayesian_keep010_seed42,5,vi,278,22,193,,5,256,1171.0457374572754,0.01305236964645781,13.414634140879505,13.414634140879505,,,3.743201671618348,0.025080276653170586,0.9108885509337955,3.743201671618348,,-0.0,2.185987945410232,1171.0457374572754,2589.0243891897444,13.414634140879505,0.025439956659032568,0.01305236964645781,13.414634140879505,0.005,9.07107383908019,0.05267166219731498,0.05257917940616608,0.05536129921674728,0.06250111758708954,0.43782631737876665,0.3810640067014359,0.8795726909413316,,,,,,,,,,,,,,,,,,0,update_snr,bayesian,0.1,20,,,,,,,,,,,,,,,,,,,,,,,,,,,,,,,,,,,,,,,,,0.002047451829480182,193
bayesfl_observability_v1,vi_sparse_bayesian_keep010_seed42,5,vi,212,17,1,,5,256,1058.052273440361,1.5703526735305786,2522.981592920986,2522.981592920986,,,3.6955232516422023,0.024991782382130623,0.9126947707112493,3.6955232516422023,,-0.0,2.185987945410232,1058.052273440361,2522.981592920986,2522.981592920986,0.02479101496434102,1.5703526735305786,2522.981592920986,0.005,9.043383258538805,0.05267158721300852,0.05258697085082531,0.055350796133279805,0.06201846897602081,0.43721070274345286,0.38292455391603863,0.8767789082616553,,,,,,,,,,,,,,,,,,0,update_snr,bayesian,0.1,20,,,,,,,,,,,,,,,,,,,,,,,,,,,,,,,,,,,,,,,,,0.0020473511126047296,1
bayesfl_observability_v1,vi_sparse_bayesian_keep010_seed42,5,vi,61,4,19,,5,256,1079.6978878021241,1.3384086207339638,132.8826596541032,132.8826596541032,,,3.6961563591149553,0.025044631212949753,0.9126693644466148,3.6961563591149553,,0.19144408195771734,2.068951449990993,1079.6978878021241,2524.770533427961,132.8826596541032,0.02480859323403715,1.3384086207339638,132.8826596541032,0.005,9.043677141292225,0.0526757654878088,0.052581481635570526,0.055365395918488505,0.06255260854959488,0.43719350702210347,0.38035905300030504,0.8788097163753592,,,,,,,,,,,,,,,,,,0,update_snr,bayesian,0.1,20,,,,,,,,,,,,,,,,,,,,,,,,,,,,,,,,,,,,,,,,,0.002045505960561357,19
bayesfl_observability_v1,vi_sparse_bayesian_keep010_seed42,6,vi,209,16,1,,5,256,1015.9672607898713,2.9622232913970947,2482.862586953238,2482.862586953238,,,3.696919011386241,0.025041494518518448,0.919370831743011,3.696919011386241,,-0.0,2.259365973874069,1015.9672607898713,2482.862586953238,2482.862586953238,0.024396802465886193,2.9622232913970947,2482.862586953238,0.005,9.397481859213858,0.053143877089257864,0.053054094314575195,0.05595757216215134,0.06256771832704544,0.44883583305129776,0.38914701853850536,0.906660970094806,,,,,,,,,,,,,,,,,,0,update_snr,bayesian,0.1,20,,,,,,,,,,,,,,,,,,,,,,,,,,,,,,,,,,,,,,,,,0.002147470471813082,1
bayesfl_observability_v1,vi_sparse_bayesian_keep010_seed42,6,vi,164,13,1,,5,256,1007.9617011547089,1.4238991737365723,2484.8874379908593,2484.8874379908593,,,3.6985971514659965,0.025027908384799957,0.9197827167530324,3.6985971514659965,,-0.0,2.185987945410232,1007.9617011547089,2484.8874379908593,2484.8874379908593,0.024416698810954696,1.4238991737365723,2484.8874379908593,0.005,9.424823058611366,0.0531441639780477,0.05304143391549587,0.05597292892634868,0.06273536384105682,0.45049544578585893,0.39053658138670855,0.9065947456031686,,,,,,,,,,,,,,,,,,0,update_snr,bayesian,0.1,20,,,,,,,,,,,,,,,,,,,,,,,,,,,,,,,,,,,,,,,,,0.002153013518670818,1
bayesfl_observability_v1,vi_sparse_bayesian_keep010_seed42,6,vi,266,21,1,,5,256,1040.6118906021118,1.7802469730377197,2475.9205539298723,2475.9205539298723,,,3.6908843729591005,0.02505137026309967,0.9196885948693926,3.6908843729591005,,-0.0,2.185987945410232,1040.6118906021118,2475.9205539298723,2475.9205539298723,0.024328589505059176,1.7802469730377197,2475.9205539298723,0.005,9.399945705474089,0.05314490156532083,0.053048890084028244,0.05597553253173828,0.06305887550115585,0.44889073632383614,0.3872734739990634,0.9077014265091347,,,,,,,,,,,,,,,,,,0,update_snr,bayesian,0.1,20,,,,,,,,,,,,,,,,,,,,,,,,,,,,,,,,,,,,,,,,,0.002151494714923624,1
bayesfl_observability_v1,vi_sparse_bayesian_keep010_seed42,6,vi,274,21,69,,5,256,1197.2731637954712,0.4076232080874236,36.12896364862658,36.12896364862658,,,3.704791157736775,0.02504332922399044,0.9192174666437869,3.704791157736775,,-0.0,2.259365973874069,1197.2731637954712,2492.898491755234,36.12896364862658,0.024495416053407035,0.4076232080874236,36.12896364862658,0.005,9.408981139636335,0.05313839160782234,0.05304962582886219,0.055950285866856575,0.062895767390728,0.4492260214610528,0.3884681417784186,0.9077313586303334,,,,,,,,,,,,,,,,,,0,update_snr,bayesian,0.1,20,,,,,,,,,,,,,,,,,,,,,,,,,,,,,,,,,,,,,,,,,0.002149623887060869,69
bayesfl_observability_v1,vi_sparse_bayesian_keep010_seed42,6,vi,15,1,1,,5,256,1008.7433166503906,4.7736430168151855,2492.182366038391,2492.182366038391,,,3.7035869088472095,0.025031136348843575,0.9194390336098254,3.7035869088472095,,-0.0,2.3277319754160017,1008.7433166503906,2492.182366038391,2492.182366038391,0.02448837934596041,4.7736430168151855,2492.182366038391,0.005,9.418297957849155,0.05313838691685568,0.0530425813049078,0.05594226345419884,0.06292834132909775,0.4493351093106705,0.3895176835079188,0.9060795213061934,,,,,,,,,,,,,,,,,,0,update_snr,bayesian,0.1,20,,,,,,,,,,,,,,,,,,,,,,,,,,,,,,,,,,,,,,,,,0.002146196756974914,1
bayesfl_observability_v1,vi_sparse_bayesian_keep010_seed42,6,vi,17,1,202,,5,256,1287.961147880554,0.013465853020696356,12.622687951375216,12.622687951375216,,,3.7468780738809215,0.02508455701172352,0.9174649279085457,3.7468780738809215,,-0.0,2.3292713582565514,1287.961147880554,2549.7829661777937,12.622687951375216,0.02505436735951453,0.013465853020696356,12.622687951375216,0.005,9.418555796895435,0.05313876509506113,0.05304431915283203,0.05595719516277313,0.0628848671913147,0.44981586420576253,0.39070381180248426,0.9061499459072786,,,,,,,,,,,,,,,,,,0,update_snr,bayesian,0.1,20,,,,,,,,,,,,,,,,,,,,,,,,,,,,,,,,,,,,,,,,,0.0021507001059686047,202
bayesfl_observability_v1,vi_sparse_bayesian_keep010_seed42,6,vi,19,1,279,,5,256,2175.39149518013,0.26546881446701653,12.981290199959316,12.981290199959316,,,4.458157056723981,0.0464840903878212,0.8888899764368029,4.458157056723981,,0.3705115655529096,1.9463369459516098,2175.39149518013,3621.7799657886494,12.981290199959316,0.03558789393523287,0.26546881446701653,12.981290199959316,0.005,9.731399571124594,0.05331955753717785,0.05322710797190666,0.05631319619715214,0.0642547756433487,0.4626498263347567,0.39975689177430285,0.9364174986078293,,,,,,,,,,,,,,,,,,0,update_snr,bayesian,0.1,20,,,,,,,,,,,,,,,,,,,,,,,,,,,,,,,,,,,,,,,,,0.0022882410507507824,279
bayesfl_observability_v1,vi_sparse_bayesian_keep010_seed42,6,vi,30,2,189,,5,256,1169.5288984298707,0.04923076730556589,13.532290466639516,13.532290466639516,,,3.7527148066522904,0.025036022067070007,0.9174477593649554,3.7527148066522904,,-0.0,2.4040642619438994,1169.5288984298707,2557.6028981948684,13.532290466639516,0.025131206624691642,0.04923076730556589,13.532290466639516,0.005,9.432338014008254,0.05314198530437325,0.05304829031229019,0.055950602144002916,0.06301072984933853,0.45128976856365244,0.3919241769304982,0.9071281394430364,,,,,,,,,,,,,,,,,,0,update_snr,bayesian,0.1,20,,,,,,,,,,,,,,,,,,,,,,,,,,,,,,,,,,,,,,,,,0.0021487059935628,189
bayesfl_observability_v1,vi_sparse_bayesian_keep010_seed42,6,vi,51,4,126,,5,256,1095.3540832519532,0.0585621576460581,19.850324592968867,19.850324592968867,,,3.711873982854532,0.025032345205545425,0.9189585216765813,3.711873982854532,,-0.0,2.185987945410232,1095.3540832519532,2501.140898714077,19.850324592968867,0.024576406590489114,0.0585621576460581,19.850324592968867,0.005,9.412533875863064,0.05313963771772002,0.053053004667162895,0.055956756323575975,0.06288858503103256,0.4497295918093188,0.3893862051201401,0.9072911958503842,,,,,,,,,,,,,,,,,,0,update_snr,bayesian,0.1,20,,,,,,,,,,,,,,,,,,,,,,,,,,,,,,,,,,,,,,,,,0.002145919901841212,126
bayesfl_observability_v1,vi_sparse_bayesian_keep010_seed42,6,vi,237,19,1,,5,256,993.4979515910148,0.10203801840543747,2498.5305820281096,2498.5305820281096,,,3.7089695121620805,0.025047702714800835,0.9194540721440403,3.7089695121620805,,-0.0,2.3163460082440825,993.4979515910148,2498.5305820281096,2498.5305820281096,0.024550757414052368,0.10203801840543747,2498.5305820281096,0.005,9.432710612156873,0.05314462698320339,0.05304783023893833,0.055972760915756224,0.06288749724626541,0.4500073350994674,0.39058090595678574,0.9087193605404852,,,,,,,,,,,,,,,,,,0,update_snr,bayesian,0.1,20,,,,,,,,,,,,,,,,,,,,,,,,,,,,,,,,,,,,,,,,,0.002154518462470073,1
bayesfl_observability_v1,vi_sparse_bayesian_keep010_seed42,6,vi,160,12,3221,,5,256,2904.618049247448,0.11012848798105784,0.8268542119903932,0.8268542119903932,,,3.722453301008936,0.09662595391273499,0.918877331449997,3.722453301008936,,0.6845683881983222,1.6114184451985936,2904.618049247448,2663.2974168210567,0.8268542119903932,0.026169769252442337,0.11012848798105784,0.8268542119903932,0.005,9.4347518617082,0.05363895797656722,0.05347442254424095,0.05743383876979351,0.0686565563082695,0.4463189154118427,0.3871085878455217,0.8990298428750046,,,,,,,,,,,,,,,,,,0,update_snr,bayesian,0.1,20,,,,,,,,,,,,,,,,,,,,,,,,,,,,,,,,,,,,,,,,,0.002891002326774024,3221
bayesfl_observability_v1,vi_sparse_bayesian_keep010_seed42,6,vi,77,6,30,,5,256,1095.5033811569215,1.1293563842773438,83.51200047915698,83.51200047915698,,,3.7140469750324847,0.025093235075473785,0.9188512154307598,3.7140469750324847,,0.8599672810355049,1.5113567186299608,1095.5033811569215,2505.3600143747094,83.51200047915698,0.02461786395180023,1.1293563842773438,83.51200047915698,0.005,9.4120741240093,0.053142503412418274,0.053053900599479675,0.05595120675861835,0.06282593309879303,0.44925788075478934,0.38936941067912,0.9076881365343971,,,,,,,,,,,,,,,,,,0,update_snr,bayesian,0.1,20,,,,,,,,,,,,,,,,,,,,,,,,,,,,,,,,,,,,,,,,,0.00214954392594519,30
bayesfl_observability_v1,vi_sparse_bayesian_keep010_seed42,6,vi,39,3,5,,5,256,1032.772560119629,1.954787254333496,497.4679067027938,497.4679067027938,,,3.700740977857161,0.02506951056420803,0.9192730214135095,3.700740977857161,,-0.0,2.4040642619438994,1032.772560119629,2487.339533513969,497.4679067027938,0.024440793293838744,1.954787254333496,497.4679067027938,0.005,9.401761065928998,0.05314193401433336,0.05304948426783085,0.055959502607584,0.0625719353556633,0.4489185918709261,0.3889205567416142,0.9074701915848647,,,,,,,,,,,,,,,,,,0,update_snr,bayesian,0.1,20,,,,,,,,,,,,,,,,,,,,,,,,,,,,,,,,,,,,,,,,,0.0021490014964912233,5
bayesfl_observability_v1,vi_sparse_bayesian_keep010_seed42,6,vi,136,10,1,,5,256,1047.8266150951385,0.8346813917160034,2483.943545105722,2483.943545105722,,,3.697966864823402,0.02508276328444481,0.91970514890774,3.697966864823402,,-0.0,2.3155014849272724,1047.8266150951385,2483.943545105722,2483.943545105722,0.024407424045452708,0.8346813917160034,2483.943545105722,0.005,9.418907273358814,0.05314004980397386,0.05303795635700226,0.0559571910649538,0.06275758147239685,0.44959652701359026,0.3906453668111627,0.9073354482952142,,,,,,,,,,,,,,,,,,0,update_snr,bayesian,0.1,20,,,,,,,,,,,,,,,,,,,,,,,,,,,,,,,,,,,,,,,,,0.002147894880828522,1
bayesfl_observability_v1,vi_sparse_bayesian_keep010_seed42,6,vi,219,17,1,,5,256,1049.9691409111024,3.2140064239501953,2483.7385814405693,2483.7385814405693,,,3.6972787009253207,0.025061525404453278,0.9193654215976863,3.6972787009253207,,-0.0,2.259365973874069,1049.9691409111024,2483.7385814405693,2483.7385814405693,0.024405410056407284,3.2140064239501953,2483.7385814405693,0.005,9.39809885213117,0.0531406967146356,0.05304652452468872,0.05596226826310158,0.0627824142575264,0.4487965723110249,0.39001044716655214,0.9059388640284474,,,,,,,,,,,,,,,,,,0,update_snr,bayesian,0.1,20,,,,,,,,,,,,,,,,,,,,,,,,,,,,,,,,,,,,,,,,,0.0021504678021418587,1
bayesfl_observability_v1,vi_sparse_bayesian_keep010_seed42,7,vi,257,20,22,,5,256,1072.6296335220336,0.942470984025435,110.62911099546504,110.62911099546504,,,3.7076774314594765,0.02507089450955391,0.926548105071248,3.7076774314594765,,-0.0,2.259365973874069,1072.6296335220336,2433.840441900231,110.62911099546504,0.023915107024665726,0.942470984025435,110.62911099546504,0.005,9.856167349363655,0.05387293768409188,0.05375293456017971,0.057393654063344006,0.06707314401865005,0.4637917780796278,0.4006419418946716,0.9379606980534714,,,,,,,,,,,,,,,,,,0,update_snr,bayesian,0.1,20,,,,,,,,,,,,,,,,,,,,,,,,,,,,,,,,,,,,,,,,,0.002688524152940668,22
bayesfl_observability_v1,vi_sparse_bayesian_keep010_seed42,7,vi,43,3,1,,5,256,1013.7770392656327,0.8462235331535339,2419.6649978136284,2419.6649978136284,,,3.6955985950282058,0.025099938735365868,0.9271776649392355,3.6955985950282058,,-0.0,2.311121424016332,1013.7770392656327,2419.6649978136284,2419.6649978136284,0.023775817999544348,0.8462235331535339,2419.6649978136284,0.005,9.864874450170845,0.05387410126641866,0.053740471601486206,0.05741466879844666,0.06676168739795685,0.4637899999695593,0.3987456508837296,0.9386700883887482,,,,,,,,,,,,,,,,,,0,update_snr,bayesian,0.1,20,,,,,,,,,,,,,,,,,,,,,,,,,,,,,,,,,,,,,,,,,0.0026971753051419542,1
bayesfl_observability_v1,vi_sparse_bayesian_keep010_seed42,7,vi,45,3,1,,5,256,982.9308867931366,0.17399252951145172,2436.7912827586215,2436.7912827586215,,,3.709293097202206,0.025005612522363663,0.9265376536437054,3.709293097202206,,-0.0,2.28098669344155,982.9308867931366,2436.7912827586215,2436.7912827586215,0.023944102218321918,0.17399252951145172,2436.7912827586215,0.005,9.859812989582514,0.05386875174135054,0.05374236777424812,0.057395494729280475,0.0674530491232872,0.46332536827098414,0.39925101399280916,0.936603673522701,,,,,,,,,,,,,,,,,,0,update_snr,bayesian,0.1,20,,,,,,,,,,,,,,,,,,,,,,,,,,,,,,,,,,,,,,,,,0.0026893864998402965,1
bayesfl_observability_v1,vi_sparse_bayesian_keep010_seed42,7,vi,266,21,1,,5,256,1012.7686113357544,2.6813621520996094,2424.346579937366,2424.346579937366,,,3.699276044604395,0.025083065032958984,0.9270652346203302,3.699276044604395,,-0.0,2.185987945410232,1012.7686113357544,2424.346579937366,2424.346579937366,0.02382181959258491,2.6813621520996094,2424.346579937366,0.005,9.867362659158166,0.053871968315896517,0.053736405447125435,0.05740366615355015,0.06755804270505905,0.4637196901613254,0.39861086832268944,0.9396931730045543,,,,,,,,,,,,,,,,,,0,update_snr,bayesian,0.1,20,,,,,,,,,,,,,,,,,,,,,,,,,,,,,,,,,,,,,,,,,0.002687819027830117,1
bayesfl_observability_v1,vi_sparse_bayesian_keep010_seed42,7,vi,26,2,1,,5,256,1011.9137241840363,4.415250301361084,2429.0240976958726,2429.0240976958726,,,3.703656555614743,0.025104347616434097,0.9269140325696221,3.703656555614743,,-0.0,2.3277319754160017,1011.9137241840363,2429.0240976958726,2429.0240976958726,0.02386778124885401,4.415250301361084,2429.0240976958726,0.005,9.869209529663332,0.05387373498124916,0.05374496802687645,0.057405897229909894,0.0667017474770546,0.46377415561950974,0.3983184250635121,0.9413690604502756,,,,,,,,,,,,,,,,,,0,update_snr,bayesian,0.1,20,,,,,,,,,,,,,,,,,,,,,,,,,,,,,,,,,,,,,,,,,0.0026920908094449493,1
bayesfl_observability_v1,vi_sparse_bayesian_keep010_seed42,7,vi,27,2,1,,5,256,1019.9163816213608,1.409806251525879,2431.1751254947512,2431.1751254947512,,,3.7047906389316787,0.025091301649808884,0.9267835282107142,3.7047906389316787,,-0.0,2.3163460082440825,1019.9163816213608,2431.1751254947512,2431.1751254947512,0.02388891741667241,1.409806251525879,2431.1751254947512,0.005,9.863763707595599,0.05386904632985457,0.053737496957182884,0.05739575289189816,0.06667573750019073,0.463734100486786,0.3989407987331895,0.9388488950708203,,,,,,,,,,,,,,,,,,0,update_snr,bayesian,0.1,20,,,,,,,,,,,,,,,,,,,,,,,,,,,,,,,,,,,,,,,,,0.0026876214878795825,1
bayesfl_observability_v1,vi_sparse_bayesian_keep010_seed42,7,vi,29,2,1170,,5,256,2892.0714678144454,0.02369356725969885,2.518147472270661,2.518147472270661,,,4.027483290435067,0.05732036754488945,0.914940679124892,4.027483290435067,,0.011509519042002474,2.3048351889352334,2892.0714678144454,2946.2325425566737,2.518147472270661,0.028949911983459503,0.02369356725969885,2.518147472270661,0.005,9.97912297018291,0.054299622176657424,0.05413718894124031,0.05836486294865608,0.07014524936676025,0.4650860056862218,0.4008617640966572,0.9405461152079796,,,,,,,,,,,,,,,,,,0,update_snr,bayesian,0.1,20,,,,,,,,,,,,,,,,,,,,,,,,,,,,,,,,,,,,,,,,,0.0030800250597191156,1170
bayesfl_observability_v1,vi_sparse_bayesian_keep010_seed42,7,vi,139,11,6,,5,256,975.852435541153,0.15697326262791952,408.0233097730218,408.0233097730218,,,3.7168965746229867,0.025051506236195564,0.9264544007011326,3.7168965746229867,,-0.0,2.28098669344155,975.852435541153,2448.139858638131,408.0233097730218,0.02405561421477971,0.15697326262791952,408.0233097730218,0.005,9.874668835504016,0.053870706880732186,0.05374576710164547,0.05739673040807247,0.06628891825675964,0.46451585869212947,0.4008640276716242,0.9397193471337852,,,,,,,,,,,,,,,,,,0,update_snr,bayesian,0.1,20,,,,,,,,,,,,,,,,,,,,,,,,,,,,,,,,,,,,,,,,,0.002689552268308079,6
bayesfl_observability_v1,vi_sparse_bayesian_keep010_seed42,7,vi,52,4,14,,5,256,1058.6115585327148,0.9926934923444476,174.10885173438422,174.10885173438422,,,3.709782979081079,0.025006186217069626,0.9269120089416596,3.709782979081079,,-0.0,2.4040642619438994,1058.6115585327148,2437.523924281379,174.10885173438422,0.023951301211372497,0.9926934923444476,174.10885173438422,0.005,9.885288693478712,0.053870509889928905,0.05375071242451668,0.057394403219223025,0.06677418947219849,0.46519762345960036,0.40189025118356086,0.9425732862006686,,,,,,,,,,,,,,,,,,0,update_snr,bayesian,0.1,20,,,,,,,,,,,,,,,,,,,,,,,,,,,,,,,,,,,,,,,,,0.0026919513004997793,14
bayesfl_observability_v1,vi_sparse_bayesian_keep010_seed42,7,vi,56,4,308,,5,256,2211.1835876584055,0.01059041123885613,11.683838660731306,11.683838660731306,,,4.499569401245125,0.04468872398138046,0.8968990455567636,4.499569401245125,,-0.0,2.3292713582565514,2211.1835876584055,3598.622307505242,11.683838660731306,0.035360344969099365,0.01059041123885613,11.683838660731306,0.005,10.174511648128776,0.0540510427802684,0.05391441099345684,0.05773723609745503,0.06760008633136749,0.4759206770390113,0.40853089142720356,0.9663254634949074,,,,,,,,,,,,,,,,,,0,update_snr,bayesian,0.1,20,,,,,,,,,,,,,,,,,,,,,,,,,,,,,,,,,,,,,,,,,0.002810377690777022,308
bayesfl_observability_v1,vi_sparse_bayesian_keep010_seed42,7,vi,188,15,1,,5,256,1000.699049782753,0.5378276705741882,2429.891235631815,2429.891235631815,,,3.704436412665263,0.025086723268032074,0.9267151565868125,3.704436412665263,,-0.0,2.28098669344155,1000.699049782753,2429.891235631815,2429.891235631815,0.023876301814206694,0.5378276705741882,2429.891235631815,0.005,9.858369545869367,0.053870976182286326,0.05374760180711746,0.05740352012217045,0.06756453216075897,0.4636437488070535,0.40062507018470117,0.9405003324352117,,,,,,,,,,,,,,,,,,0,update_snr,bayesian,0.1,20,,,,,,,,,,,,,,,,,,,,,,,,,,,,,,,,,,,,,,,,,0.002689726849760162,1
bayesfl_observability_v1,vi_sparse_bayesian_keep010_seed42,7,vi,192,15,1,,5,256,986.833991765976,2.773280143737793,2440.682747358221,2440.682747358221,,,3.7104872735774626,0.025036782026290894,0.9267558174602276,3.7104872735774626,,-0.0,2.259365973874069,986.833991765976,2440.682747358221,2440.682747358221,0.02398234005461552,2.773280143737793,2440.682747358221,0.005,9.877106959601836,0.053871215504606135,0.053751299157738686,0.05740350261330605,0.06638000160455704,0.46456140450508165,0.4008642710215232,0.9397763537648425,,,,,,,,,,,,,,,,,,0,update_snr,bayesian,0.1,20,,,,,,,,,,,,,,,,,,,,,,,,,,,,,,,,,,,,,,,,,0.002692162365837116,1
bayesfl_observability_v1,vi_sparse_bayesian_keep010_seed42,7,vi,112,9,234,,5,256,1033.5271815299989,0.011268100167951014,10.395997350629617,10.395997350629617,,,3.7053614681614424,0.02505011484026909,0.9269871352197495,3.7053614681614424,,-0.0,2.3155014849272724,1033.5271815299989,2432.6633800473305,10.395997350629617,0.023903541122603227,0.011268100167951014,10.395997350629617,0.005,9.878454143174638,0.05387060897485398,0.05374745652079582,0.057409684732556344,0.06711560487747192,0.4641425379020467,0.3991165268176733,0.9416626227110213,,,,,,,,,,,,,,,,,,0,update_snr,bayesian,0.1,20,,,,,,,,,,,,,,,,,,,,,,,,,,,,,,,,,,,,,,,,,0.002692141196174851,234
bayesfl_observability_v1,vi_sparse_bayesian_keep010_seed42,7,vi,288,23,3,,5,256,1004.1932716369629,1.690407435099284,808.2333125828072,808.2333125828072,,,3.6997725979929768,0.025082746520638466,0.9269574729865242,3.6997725979929768,,-0.0,2.185987945410232,1004.1932716369629,2424.6999377484217,808.2333125828072,0.02382529171414387,1.690407435099284,808.2333125828072,0.005,9.86167985271181,0.053874812681742955,0.053746046498417854,0.057404381409287455,0.0675482526421547,0.4630889188153696,0.39788198076739034,0.940088487831362,,,,,,,,,,,,,,,,,,0,update_snr,bayesian,0.1,20,,,,,,,,,,,,,,,,,,,,,,,,,,,,,,,,,,,,,,,,,0.0026923565604849878,3
bayesfl_observability_v1,vi_sparse_bayesian_keep010_seed42,7,vi,1,0,3,,5,256,1020.9919755935668,4.540641148885091,810.5268713489271,810.5268713489271,,,3.7042882530369345,0.025041615590453148,0.9267521521855596,3.7042882530369345,,-0.0,2.3277319754160017,1020.9919755935668,2431.580614046781,810.5268713489271,0.023892901778979868,4.540641148885091,810.5268713489271,0.005,9.860382013489259,0.05387000134340131,0.053738538175821304,0.05739801079034805,0.06699934601783752,0.46361223795431417,0.39919080491042536,0.9395850680309875,,,,,,,,,,,,,,,,,,0,update_snr,bayesian,0.1,20,,,,,,,,,,,,,,,,,,,,,,,,,,,,,,,,,,,,,,,,,0.0026918856052292805,3
bayesfl_observability_v1,vi_sparse_bayesian_keep010_seed42,8,vi,215,17,2060,,5,256,2809.4131361166637,0.03272034949758678,1.261333564463227,1.261333564463227,,,3.782310429878456,0.06125704571604729,0.9297489805082841,3.782310429878456,,-0.0,2.185987945410232,2809.4131361166637,2598.3471427942477,1.261333564463227,0.025531562766967157,0.03272034949758678,1.261333564463227,0.005,10.272584030444433,0.05504015809811057,0.054852839559316635,0.0595770176500082,0.07345252484083176,0.4722734596511362,0.40570883943950287,0.9569748244685204,,,,,,,,,,,,,,,,,,0,update_snr,bayesian,0.1,20,,,,,,,,,,,,,,,,,,,,,,,,,,,,,,,,,,,,,,,,,0.003465555690948321,2060
bayesfl_observability_v1,vi_sparse_bayesian_keep010_seed42,8,vi,6,0,1,,5,256,989.1372925996781,0.12349867820739746,2379.77743572976,2379.77743572976,,,3.7074943067073587,0.025055106729269028,0.9321255728916782,3.7074943067073587,,-0.0,2.28098669344155,989.1372925996781,2379.77743572976,2379.77743572976,0.02338387968684052,0.12349867820739746,2379.77743572976,0.005,10.237788886669225,0.05452134169918551,0.054389843717217445,0.05835603475570679,0.07015103101730347,0.4749383033014716,0.40775096968297597,0.965662646242375,,,,,,,,,,,,,,,,,,0,update_snr,bayesian,0.1,20,,,,,,,,,,,,,,,,,,,,,,,,,,,,,,,,,,,,,,,,,0.0029292834902643616,1
bayesfl_observability_v1,vi_sparse_bayesian_keep010_seed42,8,vi,97,7,1882,,5,256,2954.676866701245,0.10890107149778847,1.3761263429397899,1.3761263429397899,,,3.7796963986279737,0.060933876782655716,0.9298892701061506,3.7796963986279737,,-0.0,2.3096097079310103,2954.676866701245,2589.8697774126845,1.3761263429397899,0.025448263509999847,0.10890107149778847,1.3761263429397899,0.005,10.275390732896563,0.05502601452622044,0.054837871342897415,0.05952118560671806,0.07267636805772781,0.47159629671489695,0.40448864881857716,0.9596751016580947,,,,,,,,,,,,,,,,,,0,update_snr,bayesian,0.1,20,,,,,,,,,,,,,,,,,,,,,,,,,,,,,,,,,,,,,,,,,0.003436094023328414,1882
bayesfl_observability_v1,vi_sparse_bayesian_keep010_seed42,8,vi,79,6,1614,,5,256,3029.369215447562,0.3028379107053395,1.6485005449334627,1.6485005449334627,,,3.842166841930436,0.06933493167161942,0.9274809496085306,3.842166841930436,,0.227611568069938,2.10471822493949,3029.369215447562,2660.6798795226086,1.6485005449334627,0.026144049125701174,0.3028379107053395,1.6485005449334627,0.005,10.276486452091468,0.05501263927706036,0.05482622794806957,0.05947646275162697,0.07280421257019043,0.47227428241023506,0.40482823322817985,0.9596675109773519,,,,,,,,,,,,,,,,,,0,update_snr,bayesian,0.1,20,,,,,,,,,,,,,,,,,,,,,,,,,,,,,,,,,,,,,,,,,0.0034057036927723676,1614
bayesfl_observability_v1,vi_sparse_bayesian_keep010_seed42,8,vi,102,8,341,,5,256,2202.977664709091,0.009555572463620094,10.560295798017291,10.560295798017291,,,4.554010713948057,0.045567210763692856,0.9028064175097121,4.554010713948057,,-0.0,2.4040642619438994,2202.977664709091,3601.0608671238965,10.560295798017291,0.035384306447124855,0.009555572463620094,10.560295798017291,0.005,10.589559344264986,0.05469744065647435,0.05456225946545601,0.05867966003715992,0.06929823756217957,0.4890817609826608,0.4200129352638307,0.9935403831745556,,,,,,,,,,,,,,,,,,0,update_snr,bayesian,0.1,20,,,,,,,,,,,,,,,,,,,,,,,,,,,,,,,,,,,,,,,,,0.003047072720614969,341
bayesfl_observability_v1,vi_sparse_bayesian_keep010_seed42,8,vi,103,8,1,,5,256,987.0940116882324,1.443443775177002,2376.0876433731105,2376.0876433731105,,,3.704674242127356,0.025034740567207336,0.9322445123451437,3.704674242127356,,-0.0,2.311121424016332,987.0940116882324,2376.0876433731105,2376.0876433731105,0.023347623497819697,1.443443775177002,2376.0876433731105,0.005,10.23868280964725,0.054524873397454446,0.05439847707748413,0.05837453417479992,0.06923808157444,0.4747180748168235,0.4076590431655296,0.9650688433634692,,,,,,,,,,,,,,,,,,0,update_snr,bayesian,0.1,20,,,,,,,,,,,,,,,,,,,,,,,,,,,,,,,,,,,,,,,,,0.0029342373800565285,1
bayesfl_observability_v1,vi_sparse_bayesian_keep010_seed42,8,vi,74,5,1,,5,256,959.2589274406433,2.701019287109375,2398.3632430500516,2398.3632430500516,,,3.7214377257216564,0.025085486471652985,0.9318953435976844,3.7214377257216564,,-0.0,2.259365973874069,959.2589274406433,2398.3632430500516,2398.3632430500516,0.023566505286921995,2.701019287109375,2398.3632430500516,0.005,10.259599741055428,0.05452208367946065,0.054387930780649185,0.05836941041052342,0.06940749287605286,0.47573341883510606,0.4088981160216859,0.9674507028969667,,,,,,,,,,,,,,,,,,0,update_snr,bayesian,0.1,20,,,,,,,,,,,,,,,,,,,,,,,,,,,,,,,,,,,,,,,,,0.0029290954346642348,1
bayesfl_observability_v1,vi_sparse_bayesian_keep010_seed42,8,vi,180,14,4,,5,256,971.9483221054077,0.08455105125904083,596.3079089075765,596.3079089075765,,,3.711924586532489,0.025071553885936737,0.9322710205543647,3.711924586532489,,-0.0,2.3163460082440825,971.9483221054077,2385.231635630306,596.3079089075765,0.023437473082738587,0.08455105125904083,596.3079089075765,0.005,10.260697658640426,0.054518930532328855,0.05438789911568165,0.05836124829947949,0.06991958618164062,0.47540192519486985,0.4071915706464644,0.968245905701281,,,,,,,,,,,,,,,,,,0,update_snr,bayesian,0.1,20,,,,,,,,,,,,,,,,,,,,,,,,,,,,,,,,,,,,,,,,,0.002933489722148674,4
bayesfl_observability_v1,vi_sparse_bayesian_keep010_seed42,8,vi,206,16,38,,5,256,1120.9977504730225,0.7034983383981805,62.964525358183266,62.964525358183266,,,3.716393086410152,0.025084111839532852,0.9318043262961279,3.716393086410152,,-0.0,2.3277319754160017,1120.9977504730225,2392.6519636109642,62.964525358183266,0.023510385807320077,0.7034983383981805,62.964525358183266,0.005,10.238987708364554,0.05452141023094655,0.05437995307147503,0.05834600403904915,0.0701703354716301,0.47500005479233526,0.4079269407853573,0.9648762157316871,,,,,,,,,,,,,,,,,,0,update_snr,bayesian,0.1,20,,,,,,,,,,,,,,,,,,,,,,,,,,,,,,,,,,,,,,,,,0.002930064714010118,38
bayesfl_observability_v1,vi_sparse_bayesian_keep010_seed42,8,vi,113,9,708,,5,256,2637.762753502528,0.0042994878554748275,5.103598162239652,5.103598162239652,,,4.5512215072442155,0.05497968941926956,0.9027614875579565,4.5512215072442155,,-0.0,2.311121424016332,2637.762753502528,3613.3474988656735,5.103598162239652,0.035505035854040225,0.0042994878554748275,5.103598162239652,0.005,10.58074536056102,0.05482165739035412,0.054669544100761414,0.05893715955317021,0.07197657972574234,0.48681635888855884,0.4163367631557462,0.9926941326604984,,,,,,,,,,,,,,,,,,0,update_snr,bayesian,0.1,20,,,,,,,,,,,,,,,,,,,,,,,,,,,,,,,,,,,,,,,,,0.003150853532968565,708
bayesfl_observability_v1,vi_sparse_bayesian_keep010_seed42,8,vi,120,9,935,,5,256,2900.985450527072,0.033283658971123516,3.5074033045412123,3.5074033045412123,,,4.320184768384938,0.06811808049678802,0.910763823470712,4.320184768384938,,0.007653727565891914,2.2517606506762466,2900.985450527072,3279.4220897460336,3.5074033045412123,0.032223858600236154,0.033283658971123516,3.5074033045412123,0.005,10.462085463587504,0.05489950765726303,0.054754838347435,0.05912933200597763,0.07052835077047348,0.4815496563551908,0.41332400019107873,0.9797942826044689,,,,,,,,,,,,,,,,,,0,update_snr,bayesian,0.1,20,,,,,,,,,,,,,,,,,,,,,,,,,,,,,,,,,,,,,,,,,0.0032345188318182783,935
bayesfl_observability_v1,vi_sparse_bayesian_keep010_seed42,8,vi,38,3,2,,5,256,973.1024576663971,1.7901098728179932,1192.1803962910096,1192.1803962910096,,,3.7094988642800324,0.025078199803829193,0.9320381999613787,3.7094988642800324,,-0.0,2.311121424016332,973.1024576663971,2384.3607925820193,1192.1803962910096,0.023428916110661484,1.7901098728179932,1192.1803962910096,0.005,10.236949387969844,0.05452045084200481,0.05439461208879948,0.05835111923515797,0.06900572776794434,0.47477909272960256,0.4087720917463783,0.9656857701872249,,,,,,,,,,,,,,,,,,0,update_snr,bayesian,0.1,20,,,,,,,,,,,,,,,,,,,,,,,,,,,,,,,,,,,,,,,,,0.002929602519186635,2
bayesfl_observability_v1,vi_sparse_bayesian_keep010_seed42,8,vi,137,11,1415,,5,256,2894.9273031870525,0.08468751738854938,1.9217351948386248,1.9217351948386248,,,3.898156627715981,0.05522602051496506,0.9262374272533104,3.898156627715981,,-0.0,2.185987945410232,2894.9273031870525,2719.255300696654,1.9217351948386248,0.026719615807179464,0.08468751738854938,1.9217351948386248,0.005,10.341421238969998,0.05498271111592576,0.054820405319333076,0.05939950644969941,0.0716443881392479,0.47500503823425283,0.4065764985773376,0.9647789289199625,,,,,,,,,,,,,,,,,,0,update_snr,bayesian,0.1,20,,,,,,,,,,,,,,,,,,,,,,,,,,,,,,,,,,,,,,,,,0.0033577481451158007,1415
bayesfl_observability_v1,vi_sparse_bayesian_keep010_seed42,8,vi,138,11,1,,5,256,998.3207288742066,5.549805641174316,2383.5963329660194,2383.5963329660194,,,3.7100649915255772,0.025048529729247093,0.9325246951544949,3.7100649915255772,,-0.0,2.3277319754160017,998.3207288742066,2383.5963329660194,2383.5963329660194,0.02342140447053178,5.549805641174316,2383.5963329660194,0.005,10.273971383705579,0.05452400606084962,0.05438654124736786,0.05836546272039413,0.06944284588098526,0.47682781607162716,0.41004111106803165,0.9661904279351483,,,,,,,,,,,,,,,,,,0,update_snr,bayesian,0.1,20,,,,,,,,,,,,,,,,,,,,,,,,,,,,,,,,,,,,,,,,,0.002931373143447167,1
bayesfl_observability_v1,vi_sparse_bayesian_keep010_seed42,8,vi,172,13,1,,5,256,964.2588450908661,1.4540643692016602,2382.241704378069,2382.241704378069,,,3.7093995215982227,0.02504226565361023,0.9320613882261698,3.7093995215982227,,-0.0,2.185987945410232,964.2588450908661,2382.241704378069,2382.241704378069,0.023408093783807298,1.4540643692016602,2382.241704378069,0.005,10.23837917210083,0.05452429325686517,0.05438690818846226,0.05835914611816407,0.0690440833568573,0.4743180649093427,0.4065332692629282,0.9651286735708567,,,,,,,,,,,,,,,,,,0,update_snr,bayesian,0.1,20,,,,,,,,,,,,,,,,,,,,,,,,,,,,,,,,,,,,,,,,,0.0029335191988209453,1
bayesfl_observability_v1,vi_sparse_bayesian_keep010_seed42,9,vi,83,6,1,,5,256,960.7942585945129,2.5216612815856934,2329.981160274291,2329.981160274291,,,3.7173354343218192,0.025045279413461685,0.9336082746190015,3.7173354343218192,,-0.0,2.259365973874069,960.7942585945129,2329.981160274291,2329.981160274291,0.02289457757958427,2.5216612815856934,2329.981160274291,0.005,10.375057350183265,0.05526968148021124,0.05513976141810417,0.05928304716944695,0.07138235867023468,0.47468119153990385,0.40888834227839743,0.9642756940425595,,,,,,,,,,,,,,,,,,0,update_snr,bayesian,0.1,20,,,,,,,,,,,,,,,,,,,,,,,,,,,,,,,,,,,,,,,,,0.003067445634550218,1
bayesfl_observability_v1,vi_sparse_bayesian_keep010_seed42,9,vi,96,7,1,,5,256,958.853273153305,2.463007688522339,2319.419985097593,2319.419985097593,,,3.7089502908442795,0.025061242282390594,0.9337485733602637,3.7089502908442795,,-0.0,2.259365973874069,958.853273153305,2319.419985097593,2319.419985097593,0.022790802644174046,2.463007688522339,2319.419985097593,0.005,10.3622004681578,0.055274623946904536,0.05514599569141865,0.059285581856966016,0.07136726379394531,0.4735503679523685,0.40457891745676255,0.9636202952994823,,,,,,,,,,,,,,,,,,0,update_snr,bayesian,0.1,20,,,,,,,,,,,,,,,,,,,,,,,,,,,,,,,,,,,,,,,,,0.0030652134158369016,1
bayesfl_observability_v1,vi_sparse_bayesian_keep010_seed42,9,vi,151,12,1,,5,256,997.0789694786072,3.1267738342285156,2320.6899658668817,2320.6899658668817,,,3.7099915758603697,0.025054391473531723,0.9336049382371775,3.7099915758603697,,-0.0,2.3277319754160017,997.0789694786072,2320.6899658668817,2320.6899658668817,0.022803281574794946,3.1267738342285156,2320.6899658668817,0.005,10.354182598481573,0.05527638337526672,0.055138060823082924,0.05929617770016194,0.0701029971241951,0.4738267631220435,0.40714393692255413,0.9627657956910419,,,,,,,,,,,,,,,,,,0,update_snr,bayesian,0.1,20,,,,,,,,,,,,,,,,,,,,,,,,,,,,,,,,,,,,,,,,,0.0030662062125234833,1
bayesfl_observability_v1,vi_sparse_bayesian_keep010_seed42,9,vi,192,15,1,,5,256,971.239159810543,2.4937312602996826,2316.235232047991,2316.235232047991,,,3.7075843350462123,0.025020631030201912,0.9339382764574101,3.7075843350462123,,-0.0,2.259365973874069,971.239159810543,2316.235232047991,2316.235232047991,0.022759509010985467,2.4937312602996826,2316.235232047991,0.005,10.372768661014762,0.05527514734100362,0.05514330044388771,0.059272057935595514,0.07039601355791092,0.47402995559835487,0.405768726057674,0.9635433648224435,,,,,,,,,,,,,,,,,,0,update_snr,bayesian,0.1,20,,,,,,,,,,,,,,,,,,,,,,,,,,,,,,,,,,,,,,,,,0.00305925120081782,1
bayesfl_observability_v1,vi_sparse_bayesian_keep010_seed42,9,vi,193,15,1,,5,256,975.1248069524765,0.20405468344688416,2316.4556092645903,2316.4556092645903,,,3.708010709554025,0.02507544681429863,0.9338071806956754,3.708010709554025,,-0.0,2.3163460082440825,975.1248069524765,2316.4556092645903,2316.4556092645903,0.022761674454796012,0.20405468344688416,2316.4556092645903,0.005,10.364017918254442,0.05526715007099888,0.05513106472790241,0.059260903671383855,0.07108031958341599,0.47398361447486387,0.4058644967768946,0.9633043489853614,,,,,,,,,,,,,,,,,,0,update_snr,bayesian,0.1,20,,,,,,,,,,,,,,,,,,,,,,,,,,,,,,,,,,,,,,,,,0.003064321052965866,1
bayesfl_observability_v1,vi_sparse_bayesian_keep010_seed42,9,vi,279,22,125,,5,256,1119.7213212013244,0.03269439697265625,19.028314829984215,19.028314829984215,,,3.7563189404117074,0.02508271485567093,0.932357998292495,3.7563189404117074,,-0.0,2.259365973874069,1119.7213212013244,2378.5393537480268,19.028314829984215,0.023371714196207396,0.03269439697265625,19.028314829984215,0.005,10.389876381422585,0.05527112386839597,0.05513961799442768,0.05926622152328491,0.070895254611969,0.4754163184009181,0.4081370013512704,0.96455154590271,,,,,,,,,,,,,,,,,,0,update_snr,bayesian,0.1,20,,,,,,,,,,,,,,,,,,,,,,,,,,,,,,,,,,,,,,,,,0.003062583075179217,125
bayesfl_observability_v1,vi_sparse_bayesian_keep010_seed42,9,vi,265,21,1,,5,256,943.7240934371948,1.5703697204589844,2327.3247357761165,2327.3247357761165,,,3.715608699032759,0.025020930916070938,0.9336056171640457,3.715608699032759,,-0.0,2.259365973874069,943.7240934371948,2327.3247357761165,2327.3247357761165,0.02286847534416937,1.5703697204589844,2327.3247357761165,0.005,10.370033255575944,0.05527304849312203,0.0551390890032053,0.05927934758365155,0.07033985108137131,0.47405648767793984,0.4071420350620371,0.9644353640353209,,,,,,,,,,,,,,,,,,0,update_snr,bayesian,0.1,20,,,,,,,,,,,,,,,,,,,,,,,,,,,,,,,,,,,,,,,,,0.0030615744821780246,1
bayesfl_observability_v1,vi_sparse_bayesian_keep010_seed42,9,vi,202,16,1,,5,256,979.9072397947311,0.6943409442901611,2322.4919524642364,2322.4919524642364,,,3.711951438722906,0.025081217288970947,0.933812347947635,3.711951438722906,,-0.0,2.28098669344155,979.9072397947311,2322.4919524642364,2322.4919524642364,0.022820988036398118,0.6943409442901611,2322.4919524642364,0.005,10.375437772315154,0.055271748352751546,0.05513901263475418,0.05927125811576844,0.07107371091842651,0.47449235705879944,0.4084607692202362,0.9659971829536765,,,,,,,,,,,,,,,,,,0,update_snr,bayesian,0.1,20,,,,,,,,,,,,,,,,,,,,,,,,,,,,,,,,,,,,,,,,,0.003067363927209553,1
bayesfl_observability_v1,vi_sparse_bayesian_keep010_seed42,9,vi,43,3,1,,5,256,953.079387807846,1.0673216581344604,2332.876679692451,2332.876679692451,,,3.7188223727189005,0.02506934106349945,0.9338138277909309,3.7188223727189005,,-0.0,2.311121424016332,953.079387807846,2332.876679692451,2332.876679692451,0.022923029180430883,1.0673216581344604,2332.876679692451,0.005,10.394586516460212,0.05527258667975175,0.055129021406173706,0.05929614417254925,0.07053721696138382,0.47522120219713987,0.4069869309467671,0.9669776390483427,,,,,,,,,,,,,,,,,,0,update_snr,bayesian,0.1,20,,,,,,,,,,,,,,,,,,,,,,,,,,,,,,,,,,,,,,,,,0.0030676355809441196,1
bayesfl_observability_v1,vi_sparse_bayesian_keep010_seed42,9,vi,45,3,1,,5,256,971.8414304494858,1.1438413858413696,2325.6843072723063,2325.6843072723063,,,3.71354193958558,0.025057794526219368,0.9336397019812601,3.71354193958558,,-0.0,2.28098669344155,971.8414304494858,2325.6843072723063,2325.6843072723063,0.022852356365061475,1.1438413858413696,2325.6843072723063,0.005,10.366825292016847,0.05527053790893034,0.05513210780918598,0.05927507095038891,0.07029524445533752,0.4744402692721127,0.40633599740874826,0.9654931145571168,,,,,,,,,,,,,,,,,,0,update_snr,bayesian,0.1,20,,,,,,,,,,,,,,,,,,,,,,,,,,,,,,,,,,,,,,,,,0.0030647924526329413,1
bayesfl_observability_v1,vi_sparse_bayesian_keep010_seed42,9,vi,140,11,2,,5,256,966.4862615585328,2.190612316131592,1161.5087018130214,1161.5087018130214,,,3.713580452925476,0.025087978690862656,0.9335836118054821,3.713580452925476,,-0.0,2.3277319754160017,966.4862615585328,2323.017403626043,1161.5087018130214,0.02282615116071576,2.190612316131592,1161.5087018130214,0.005,10.36267629528847,0.0552735001719969,0.055137749761343,0.05928233377635479,0.07119312137365341,0.47463563671377057,0.40915617298837625,0.9611545484055248,,,,,,,,,,,,,,,,,,0,update_snr,bayesian,0.1,20,,,,,,,,,,,,,,,,,,,,,,,,,,,,,,,,,,,,,,,,,0.0030682953588261424,2
bayesfl_observability_v1,vi_sparse_bayesian_keep010_seed42,9,vi,141,11,1,,5,256,972.0303681612015,2.744523286819458,2326.1839841443903,2326.1839841443903,,,3.7147647935831647,0.025015782564878464,0.9339634184983509,3.7147647935831647,,-0.0,2.3096097079310103,972.0303681612015,2326.1839841443903,2326.1839841443903,0.02285726622918729,2.744523286819458,2326.1839841443903,0.005,10.394570599084615,0.055273206567910994,0.05514071695506573,0.059280192106962205,0.07139132916927338,0.47586431357804154,0.409950016653694,0.9658498240775741,,,,,,,,,,,,,,,,,,0,update_snr,bayesian,0.1,20,,,,,,,,,,,,,,,,,,,,,,,,,,,,,,,,,,,,,,,,,0.0030660263237138946,1
bayesfl_observability_v1,vi_sparse_bayesian_keep010_seed42,9,vi,147,11,1921,,5,256,2922.16596442461,0.2621063160933535,1.3667792359740742,1.3667792359740742,,,3.8580637724315836,0.08205569535493851,0.9295075311133066,3.8580637724315836,,0.7419061377582201,1.6227932907659905,2922.16596442461,2625.5829123061967,1.3667792359740742,0.025799183573805607,0.2621063160933535,1.3667792359740742,0.005,10.460530404826303,0.055791619124246614,0.055589357390999794,0.06049589663743973,0.07451756298542023,0.4739777868339976,0.4070219768825263,0.9632683321773964,,,,,,,,,,,,,,,,,,0,update_snr,bayesian,0.1,20,,,,,,,,,,,,,,,,,,,,,,,,,,,,,,,,,,,,,,,,,0.0035793009223442844,1921
bayesfl_observability_v1,vi_sparse_bayesian_keep010_seed42,9,vi,228,18,5,,5,256,952.4640759468078,0.2903348445892334,464.96779811041097,464.96779811041097,,,3.7135101596097786,0.025049731135368347,0.9336317695522486,3.7135101596097786,,0.6730116670092565,1.5651195035345156,952.4640759468078,2324.838990552055,464.96779811041097,0.02284405021668522,0.2903348445892334,464.96779811041097,0.005,10.366134691646439,0.055277561034812864,0.05514166131615639,0.05926840528845787,0.06996356695890427,0.47405078425743763,0.407173932154819,0.9657655453089901,,,,,,,,,,,,,,,,,,0,update_snr,bayesian,0.1,20,,,,,,,,,,,,,,,,,,,,,,,,,,,,,,,,,,,,,,,,,0.0030668595369916715,5
bayesfl_observability_v1,vi_sparse_bayesian_keep010_seed42,9,vi,235,18,9,,5,256,994.7407007217407,0.5614161491394043,258.3829711271896,258.3829711271896,,,3.7135950457409224,0.02507639303803444,0.9338315766976684,3.7135950457409224,,-0.0,2.311121424016332,994.7407007217407,2325.4467401447064,258.3829711271896,0.02285002201183754,0.5614161491394043,258.3829711271896,0.005,10.381459876594214,0.055271240803600234,0.05514461547136307,0.05927640721201897,0.0713149830698967,0.4748872911398141,0.40759045098965907,0.9660316096955848,,,,,,,,,,,,,,,,,,0,update_snr,bayesian,0.1,20,,,,,,,,,,,,,,,,,,,,,,,,,,,,,,,,,,,,,,,,,0.0030615745374304123,9
bayesfl_observability_v1,vi_sparse_bayesian_keep010_seed42,10,vi,262,21,46,,5,256,970.3552618026733,0.11889946979025136,49.80482379715038,49.80482379715038,,,3.7382360575749702,0.02505410648882389,0.940681879698973,3.7382360575749702,,-0.0,2.28098669344155,970.3552618026733,2291.0218946689174,49.80482379715038,0.022511760780867814,0.11889946979025136,49.80482379715038,0.005,11.017814851808252,0.05611544374485984,0.05592898465692997,0.06086259223520756,0.07471573352813721,0.4961844746634417,0.42423139588521264,1.0094537145764106,,,,,,,,,,,,,,,,,,0,update_snr,bayesian,0.1,20,,,,,,,,,,,,,,,,,,,,,,,,,,,,,,,,,,,,,,,,,0.0035965853321030614,46
bayesfl_observability_v1,vi_sparse_bayesian_keep010_seed42,10,vi,267,21,2,,5,256,915.4736100673675,0.4470600187778473,1144.3665443780903,1144.3665443780903,,,3.7351608643920384,0.025060510262846947,0.9408121388319857,3.7351608643920384,,-0.0,2.259365973874069,915.4736100673675,2288.7330887561807,1144.3665443780903,0.02248927079449917,0.4470600187778473,1144.3665443780903,0.005,11.020467029549023,0.05611291890668327,0.05593411438167095,0.06084254160523415,0.07516955584287643,0.4957113580371138,0.4230254465797994,1.0130016928041172,,,,,,,,,,,,,,,,,,0,update_snr,bayesian,0.1,20,,,,,,,,,,,,,,,,,,,,,,,,,,,,,,,,,,,,,,,,,0.0035933742625673896,2
bayesfl_observability_v1,vi_sparse_bayesian_keep010_seed42,10,vi,55,4,1,,5,256,931.5144334077835,2.092674732208252,2276.443478476061,2276.443478476061,,,3.725693898939474,0.02506592869758606,0.9409237772779862,3.725693898939474,,-0.0,2.3292713582565514,931.5144334077835,2276.443478476061,2276.443478476061,0.022368512120232494,2.092674732208252,2276.443478476061,0.005,11.00261405031587,0.05611925999351835,0.05592618137598038,0.0608398225158453,0.07474994659423828,0.4951077865256884,0.4225664536512836,1.0093124664814999,,,,,,,,,,,,,,,,,,0,update_snr,bayesian,0.1,20,,,,,,,,,,,,,,,,,,,,,,,,,,,,,,,,,,,,,,,,,0.003596576494529772,1
bayesfl_observability_v1,vi_sparse_bayesian_keep010_seed42,10,vi,115,9,1,,5,256,929.5168741941452,0.8721155524253845,2275.8700394504217,2275.8700394504217,,,3.7245641190853265,0.025072457268834114,0.9410505452034391,3.7245641190853265,,-0.0,2.185987945410232,929.5168741941452,2275.8700394504217,2275.8700394504217,0.022362877463402,0.8721155524253845,2275.8700394504217,0.005,11.010753645127638,0.056112994688942,0.05592258460819721,0.06082955375313759,0.0753493532538414,0.4952877320668771,0.42409674471740133,1.0108734542399966,,,,,,,,,,,,,,,,,,0,update_snr,bayesian,0.1,20,,,,,,,,,,,,,,,,,,,,,,,,,,,,,,,,,,,,,,,,,0.0035963004304766354,1
bayesfl_observability_v1,vi_sparse_bayesian_keep010_seed42,10,vi,117,9,1,,5,256,933.7932284355163,5.171239376068115,2278.3522542944775,2278.3522542944775,,,3.726019315983657,0.025036754086613655,0.9409615876314005,3.726019315983657,,-0.0,2.3277319754160017,933.7932284355163,2278.3522542944775,2278.3522542944775,0.022387267901095385,5.171239376068115,2278.3522542944775,0.005,11.007006617989754,0.056115282139665566,0.05592243745923042,0.060843102633953094,0.07533369213342667,0.49528624007880595,0.42200429253166416,1.0119731822908848,,,,,,,,,,,,,,,,,,0,update_snr,bayesian,0.1,20,,,,,,,,,,,,,,,,,,,,,,,,,,,,,,,,,,,,,,,,,0.003596873658194894,1
bayesfl_observability_v1,vi_sparse_bayesian_keep010_seed42,10,vi,224,17,73,,5,256,1054.4663568496703,0.29230436560225814,31.348028726388506,31.348028726388506,,,3.7351326848353223,0.02503231167793274,0.9405086647841834,3.7351326848353223,,0.6276116833595444,1.622881584788002,1054.4663568496703,2288.406097026361,31.348028726388506,0.022486057748121853,0.29230436560225814,31.348028726388506,0.005,10.992968293594709,0.05611288369201959,0.05591617152094841,0.06083295345306396,0.0742802545428276,0.4950389088438363,0.4223145768061276,1.0101331373250932,,,,,,,,,,,,,,,,,,0,update_snr,bayesian,0.1,20,,,,,,,,,,,,,,,,,,,,,,,,,,,,,,,,,,,,,,,,,0.0035916855296686794,73
bayesfl_observability_v1,vi_sparse_bayesian_keep010_seed42,10,vi,107,8,1372,,5,256,2758.2714792490005,0.03083239456654985,1.9440780190462812,1.9440780190462812,,,3.9697097471199845,0.07043304294347763,0.9338807810109359,3.9697097471199845,,-0.0,2.3155014849272724,2758.2714792490005,2667.2750421314977,1.9440780190462812,0.026208853710636706,0.03083239456654985,1.9440780190462812,0.005,11.101435325726829,0.05658916617711916,0.05637715943157673,0.061804326623678206,0.07838547974824905,0.4952406748512298,0.42319695249623357,1.0113277593141698,,,,,,,,,,,,,,,,,,0,update_snr,bayesian,0.1,20,,,,,,,,,,,,,,,,,,,,,,,,,,,,,,,,,,,,,,,,,0.00397735795181156,1372
bayesfl_observability_v1,vi_sparse_bayesian_keep010_seed42,10,vi,25,2,1,,5,256,972.8796759605408,0.03843174874782562,2260.1090637497814,2260.1090637497814,,,3.7123044193197696,0.02507004886865616,0.9413315555549638,3.7123044193197696,,-0.0,2.4040642619438994,972.8796759605408,2260.1090637497814,2260.1090637497814,0.022208008880316217,0.03843174874782562,2260.1090637497814,0.005,10.999959754766122,0.05611307262642961,0.05592956393957138,0.060855408385396006,0.07417915761470795,0.49505600602375366,0.42173277379520924,1.0095968486557498,,,,,,,,,,,,,,,,,,0,update_snr,bayesian,0.1,20,,,,,,,,,,,,,,,,,,,,,,,,,,,,,,,,,,,,,,,,,0.0035958572292730433,1
bayesfl_observability_v1,vi_sparse_bayesian_keep010_seed42,10,vi,175,14,1,,5,256,984.2788346648216,0.40115365386009216,2262.4619535821116,2262.4619535821116,,,3.712600215500492,0.025088809430599213,0.9413917521982632,3.712600215500492,,-0.0,2.259365973874069,984.2788346648216,2262.4619535821116,2262.4619535821116,0.02223112856030374,0.40115365386009216,2262.4619535821116,0.005,11.00632073154122,0.056115039274750984,0.05591973103582859,0.06083887070417404,0.07549528032541275,0.49510890386589196,0.42218379550519175,1.013033555594943,,,,,,,,,,,,,,,,,,0,update_snr,bayesian,0.1,20,,,,,,,,,,,,,,,,,,,,,,,,,,,,,,,,,,,,,,,,,0.003592644555541276,1
bayesfl_observability_v1,vi_sparse_bayesian_keep010_seed42,10,vi,9,0,1,,5,256,974.3653089046478,1.6787530183792114,2261.164516736961,2261.164516736961,,,3.7124363504524447,0.025071706622838974,0.9413979003881555,3.7124363504524447,,-0.0,2.3292713582565514,974.3653089046478,2261.164516736961,2261.164516736961,0.022218379844128534,1.6787530183792114,2261.164516736961,0.005,11.006394606307891,0.0561126190051107,0.05593145452439785,0.060837017744779585,0.07429294288158417,0.4951263053536946,0.4227542697332546,1.0109781130536133,,,,,,,,,,,,,,,,,,0,update_snr,bayesian,0.1,20,,,,,,,,,,,,,,,,,,,,,,,,,,,,,,,,,,,,,,,,,0.0035944065418203066,1
bayesfl_observability_v1,vi_sparse_bayesian_keep010_seed42,10,vi,160,12,3221,,5,256,2694.9150707098156,0.059019049810571204,0.7864938697053087,0.7864938697053087,,,3.8205766198364106,0.07335817813873291,0.9382199309720116,3.8205766198364106,,0.6845683881983222,1.6114184451985936,2694.9150707098156,2533.296754320799,0.7864938697053087,0.024892372549089114,0.059019049810571204,0.7864938697053087,0.005,11.040867234207328,0.05663395077184134,0.056367503479123116,0.062104100733995436,0.0784427672624588,0.49171663442514285,0.4179583228583892,1.007247695844355,,,,,,,,,,,,,,,,,,0,update_snr,bayesian,0.1,20,,,,,,,,,,,,,,,,,,,,,,,,,,,,,,,,,,,,,,,,,0.0041581256644588095,3221
bayesfl_observability_v1,vi_sparse_bayesian_keep010_seed42,10,vi,287,23,1,,5,256,950.4117920398712,0.050432268530130386,2257.6540791774473,2257.6540791774473,,,3.711039683716514,0.025032831355929375,0.9413819141068241,3.711039683716514,,-0.0,2.259365973874069,950.4117920398712,2257.6540791774473,2257.6540791774473,0.022183886009407953,0.050432268530130386,2257.6540791774473,0.005,11.000796183357307,0.0561183634839408,0.055921850726008415,0.06082042083144188,0.07385613024234772,0.49474917862764817,0.4215568646897736,1.0112932038813638,,,,,,,,,,,,,,,,,,0,update_snr,bayesian,0.1,20,,,,,,,,,,,,,,,,,,,,,,,,,,,,,,,,,,,,,,,,,0.0035950572290596346,1
bayesfl_observability_v1,vi_sparse_bayesian_keep010_seed42,10,vi,169,13,456,,5,256,1965.0437134742738,0.001724638894461749,7.445446832575673,7.445446832575673,,,4.5440782373732125,0.047838009893894196,0.9157170883311687,4.5440782373732125,,-0.0,2.3163460082440825,1965.0437134742738,3395.123755654507,7.445446832575673,0.03336075224186408,0.001724638894461749,7.445446832575673,0.005,11.308635332535605,0.056306290877087065,0.05611899867653847,0.06114867553114891,0.0748586505651474,0.5065448379576311,0.430992514455425,1.0341576885472483,,,,,,,,,,,,,,,,,,0,update_snr,bayesian,0.1,20,,,,,,,,,,,,,,,,,,,,,,,,,,,,,,,,,,,,,,,,,0.0036971574204344884,456
bayesfl_observability_v1,vi_sparse_bayesian_keep010_seed42,10,vi,203,16,1,,5,256,936.0574859142304,2.1162099838256836,2274.0409171619904,2274.0409171619904,,,3.7223372106068973,0.025058798491954803,0.9409010052197838,3.7223372106068973,,-0.0,2.311121424016332,936.0574859142304,2274.0409171619904,2274.0409171619904,0.022344904364370546,2.1162099838256836,2274.0409171619904,0.005,10.990532739943822,0.05611464937116046,0.05592694692313671,0.06083846129477024,0.07535447180271149,0.4946941211617214,0.4226329426912445,1.006852154681978,,,,,,,,,,,,,,,,,,0,update_snr,bayesian,0.1,20,,,,,,,,,,,,,,,,,,,,,,,,,,,,,,,,,,,,,,,,,0.0035964022373774773,1
bayesfl_observability_v1,vi_sparse_bayesian_keep010_seed42,10,vi,88,7,140,,5,256,992.1127964735031,0.005305882436888559,16.3344081939874,16.3344081939874,,,3.733856577887574,0.02497251145541668,0.940985034738663,3.733856577887574,,-0.0,2.3155014849272724,992.1127964735031,2286.817147158236,16.3344081939874,0.022470444602124752,0.005305882436888559,16.3344081939874,0.005,11.032097230623073,0.056114762670756664,0.055920178070664406,0.060838352888822556,0.07504289597272873,0.4969188835432927,0.42388541095945054,1.0100232193304366,,,,,,,,,,,,,,,,,,0,update_snr,bayesian,0.1,20,,,,,,,,,,,,,,,,,,,,,,,,,,,,,,,,,,,,,,,,,0.0035961121271872597,140
bayesfl_observability_v1,vi_sparse_bayesian_keep010_seed42,11,vi,63,5,4,,5,256,924.237407207489,0.32793354988098145,557.6779853188907,557.6779853188907,,,3.735544940417717,0.025055967271327972,0.9439124661566854,3.735544940417717,,-0.0,2.3163460082440825,924.237407207489,2230.711941275563,557.6779853188907,0.02191915044979427,0.32793354988098145,557.6779853188907,0.005,11.313112442942868,0.056891841212026,0.056681856513023376,0.062026223912835125,0.07825648784637451,0.5015798869604075,0.4259691319750346,1.0253329574050702,,,,,,,,,,,,,,,,,,0,update_snr,bayesian,0.1,20,,,,,,,,,,,,,,,,,,,,,,,,,,,,,,,,,,,,,,,,,0.003894422514403325,4
bayesfl_observability_v1,vi_sparse_bayesian_keep010_seed42,11,vi,162,13,1,,5,256,928.5643323421478,1.4125373363494873,2215.2122659035804,2215.2122659035804,,,3.7220556268842144,0.025041364133358,0.9443383476071341,3.7220556268842144,,-0.0,2.185987945410232,928.5643323421478,2215.2122659035804,2215.2122659035804,0.021766849424226985,1.4125373363494873,2215.2122659035804,0.005,11.31402714970805,0.05689825845489342,0.05668982118368149,0.062024840712547304,0.07773830741643906,0.501324358073938,0.42695568167495446,1.026545146063755,,,,,,,,,,,,,,,,,,0,update_snr,bayesian,0.1,20,,,,,,,,,,,,,,,,,,,,,,,,,,,,,,,,,,,,,,,,,0.0038967297826094888,1
bayesfl_observability_v1,vi_sparse_bayesian_keep010_seed42,11,vi,142,11,17,,5,256,962.0969976425171,0.7570231381584617,131.09225196201066,131.09225196201066,,,3.7347012707070584,0.025018874555826187,0.9437695577995163,3.7347012707070584,,-0.0,2.3096097079310103,962.0969976425171,2228.5682833541814,131.09225196201066,0.021898086698970046,0.7570231381584617,131.09225196201066,0.005,11.296535132941228,0.05689219861349276,0.05668426863849163,0.06203913539648056,0.07614079862833023,0.5003721603066559,0.42495215059688385,1.0236385865648674,,,,,,,,,,,,,,,,,,0,update_snr,bayesian,0.1,20,,,,,,,,,,,,,,,,,,,,,,,,,,,,,,,,,,,,,,,,,0.003902110794884147,17
bayesfl_observability_v1,vi_sparse_bayesian_keep010_seed42,11,vi,188,15,1,,5,256,930.7474708676339,0.3799891471862793,2221.1512747073934,2221.1512747073934,,,3.72705056170659,0.02506481111049652,0.9439309451770447,3.72705056170659,,-0.0,2.28098669344155,930.7474708676339,2221.1512747073934,2221.1512747073934,0.02182520659042344,0.3799891471862793,2221.1512747073934,0.005,11.289073009466113,0.05689249591717226,0.056667670607566833,0.06202164813876152,0.0782058909535408,0.5000742702434042,0.42355853524636156,1.0247640701191105,,,,,,,,,,,,,,,,,,0,update_snr,bayesian,0.1,20,,,,,,,,,,,,,,,,,,,,,,,,,,,,,,,,,,,,,,,,,0.0038990512376246866,1
bayesfl_observability_v1,vi_sparse_bayesian_keep010_seed42,11,vi,109,8,1,,5,256,911.8221272945405,0.013778690248727798,2220.704940031983,2220.704940031983,,,3.7269126464719786,0.025098932906985283,0.9441915870256892,3.7269126464719786,,-0.0,2.28098669344155,911.8221272945405,2220.704940031983,2220.704940031983,0.021820820870904815,0.013778690248727798,2220.704940031983,0.005,11.314323545363676,0.05689624936677793,0.056684939190745354,0.062012219056487086,0.0784626230597496,0.5016545696799396,0.4266022733614342,1.0280115793854845,,,,,,,,,,,,,,,,,,0,update_snr,bayesian,0.1,20,,,,,,,,,,,,,,,,,,,,,,,,,,,,,,,,,,,,,,,,,0.00389727139304108,1
bayesfl_observability_v1,vi_sparse_bayesian_keep010_seed42,11,vi,299,23,1,,5,256,960.7874041557312,4.457960605621338,2205.4483150355363,2205.4483150355363,,,3.715524093099551,0.025061026215553284,0.9445887515948356,3.715524093099551,,-0.0,2.3096097079310103,960.7874041557312,2205.4483150355363,2205.4483150355363,0.02167090807738564,4.457960605621338,2205.4483150355363,0.005,11.318849569427446,0.05689509535943922,0.05668618530035019,0.062001956999301916,0.0785093680024147,0.5019979481707059,0.4279988081159126,1.0277790263507585,,,,,,,,,,,,,,,,,,0,update_snr,bayesian,0.1,20,,,,,,,,,,,,,,,,,,,,,,,,,,,,,,,,,,,,,,,,,0.0038986695861894754,1
bayesfl_observability_v1,vi_sparse_bayesian_keep010_seed42,11,vi,27,2,1,,5,256,940.7750291585922,1.4241294860839844,2203.3703070279485,2203.3703070279485,,,3.7129254306463793,0.025012437254190445,0.9445641455106382,3.7129254306463793,,-0.0,2.3163460082440825,940.7750291585922,2203.3703070279485,2203.3703070279485,0.021650489407762097,1.4241294860839844,2203.3703070279485,0.005,11.308598048262034,0.056892816300740105,0.05667157657444477,0.0620224192738533,0.07682359218597412,0.5021367830663385,0.42886782751435115,1.0252827430453666,,,,,,,,,,,,,,,,,,0,update_snr,bayesian,0.1,20,,,,,,,,,,,,,,,,,,,,,,,,,,,,,,,,,,,,,,,,,0.0038960879522115786,1
bayesfl_observability_v1,vi_sparse_bayesian_keep010_seed42,11,vi,284,22,369,,5,256,2088.716203546524,0.008254749988152729,9.302801918588639,9.302801918588639,,,4.630162634583112,0.046760354191064835,0.9167092994924233,4.630162634583112,,-0.0,2.3096097079310103,2088.716203546524,3432.7339079592075,9.302801918588639,0.0337303125475013,0.008254749988152729,9.302801918588639,0.005,11.587587156377133,0.057083521592493455,0.05686986818909645,0.06232153363525868,0.07730424404144287,0.5116867315007831,0.4356803407088413,1.0487685662419708,,,,,,,,,,,,,,,,,,0,update_snr,bayesian,0.1,20,,,,,,,,,,,,,,,,,,,,,,,,,,,,,,,,,,,,,,,,,0.004002429968685088,369
bayesfl_observability_v1,vi_sparse_bayesian_keep010_seed42,11,vi,126,10,1,,5,256,922.8190806388855,6.21113395690918,2221.6382485573317,2221.6382485573317,,,3.7289260592440825,0.025071008130908012,0.943994378695251,3.7289260592440825,,-0.0,2.3277319754160017,922.8190806388855,2221.6382485573317,2221.6382485573317,0.021829991633657578,6.21113395690918,2221.6382485573317,0.005,11.30107971553717,0.05689298007188851,0.056665219366550446,0.06202572509646416,0.07803545892238617,0.5012591931592965,0.42652065726405247,1.0248491881543025,,,,,,,,,,,,,,,,,,0,update_snr,bayesian,0.1,20,,,,,,,,,,,,,,,,,,,,,,,,,,,,,,,,,,,,,,,,,0.003899232294966591,1
bayesfl_observability_v1,vi_sparse_bayesian_keep010_seed42,11,vi,46,3,2,,5,256,911.632657623291,1.9290778636932373,1112.8694359484496,1112.8694359484496,,,3.7322830344940434,0.025069914758205414,0.9441186510332568,3.7322830344940434,,-0.0,2.4040642619438994,911.632657623291,2225.738871896899,1112.8694359484496,0.021870284680130678,1.9290778636932373,1112.8694359484496,0.005,11.32336267542006,0.056889329908875616,0.05666685104370117,0.062015148997306827,0.07847926765680313,0.5023122031792793,0.4272293691474026,1.0278844949419261,,,,,,,,,,,,,,,,,,0,update_snr,bayesian,0.1,20,,,,,,,,,,,,,,,,,,,,,,,,,,,,,,,,,,,,,,,,,0.003895131441908662,2
bayesfl_observability_v1,vi_sparse_bayesian_keep010_seed42,11,vi,212,17,1,,5,256,918.261067199707,1.5126962661743164,2221.046653609703,2221.046653609703,,,3.7271069923998175,0.025019116699695587,0.9440791548403311,3.7271069923998175,,-0.0,2.185987945410232,918.261067199707,2221.046653609703,2221.046653609703,0.02182417857531397,1.5126962661743164,2221.046653609703,0.005,11.303890754632864,0.056894097228173866,0.056678399443626404,0.06201728321611882,0.07621590048074722,0.5010102476776522,0.42432570754699706,1.0269516682528805,,,,,,,,,,,,,,,,,,0,update_snr,bayesian,0.1,20,,,,,,,,,,,,,,,,,,,,,,,,,,,,,,,,,,,,,,,,,0.0038979814251844306,1
bayesfl_observability_v1,vi_sparse_bayesian_keep010_seed42,11,vi,22,1,18,,5,256,983.7391672134399,1.1489058600531683,124.29442466809526,124.29442466809526,,,3.7420602955364255,0.025071607902646065,0.9436126553554567,3.7420602955364255,,-0.0,2.3277319754160017,983.7391672134399,2237.2996440257148,124.29442466809526,0.021983881733572908,1.1489058600531683,124.29442466809526,0.005,11.30353184130341,0.05689398108034304,0.056677328422665596,0.06202368438243866,0.07680398225784302,0.501694443591372,0.42639813478560373,1.0268366378723426,,,,,,,,,,,,,,,,,,0,update_snr,bayesian,0.1,20,,,,,,,,,,,,,,,,,,,,,,,,,,,,,,,,,,,,,,,,,0.003901482134720454,18
bayesfl_observability_v1,vi_sparse_bayesian_keep010_seed42,11,vi,78,6,1,,5,256,924.7503405570984,8.415821503149346e-05,2214.8862409003505,2214.8862409003505,,,3.7224129220737447,0.025071101263165474,0.9442723225793005,3.7224129220737447,,-0.0,2.3155014849272724,924.7503405570984,2214.8862409003505,2214.8862409003505,0.02176364587698094,8.415821503149346e-05,2214.8862409003505,0.005,11.308635641388587,0.05689316036169961,0.05667394585907459,0.06202682740986347,0.07742179930210114,0.5015297437349865,0.4283983307778032,1.024631731853423,,,,,,,,,,,,,,,,,,0,update_snr,bayesian,0.1,20,,,,,,,,,,,,,,,,,,,,,,,,,,,,,,,,,,,,,,,,,0.003896350885992564,1
bayesfl_observability_v1,vi_sparse_bayesian_keep010_seed42,11,vi,273,21,19,,5,256,1000.0151998519898,0.8111843811838251,117.15318002195563,117.15318002195563,,,3.7305351121593113,0.02508850023150444,0.9438787164658787,3.7305351121593113,,-0.0,2.3096097079310103,1000.0151998519898,2225.910420417157,117.15318002195563,0.021871970329342214,0.8111843811838251,117.15318002195563,0.005,11.294578407002273,0.056894399177722675,0.05668200924992561,0.06201988905668259,0.07686369866132736,0.5011141886901751,0.4258966043598742,1.0259204387327316,,,,,,,,,,,,,,,,,,0,update_snr,bayesian,0.1,20,,,,,,,,,,,,,,,,,,,,,,,,,,,,,,,,,,,,,,,,,0.0038961208058421386,19
bayesfl_observability_v1,vi_sparse_bayesian_keep010_seed42,11,vi,7,0,80,,5,256,1043.777500152588,0.044955974817276,28.01981265199846,28.01981265199846,,,3.7445656316137823,0.02507760562002659,0.9436827642069567,3.7445656316137823,,-0.0,2.4040642619438994,1043.777500152588,2241.585012159877,28.01981265199846,0.022025990096883923,0.044955974817276,28.01981265199846,0.005,11.317940669770683,0.056891846622500436,0.05667350813746452,0.06200925335288048,0.07831595838069916,0.5017642560174095,0.42684771625481965,1.0295995807004106,,,,,,,,,,,,,,,,,,0,update_snr,bayesian,0.1,20,,,,,,,,,,,,,,,,,,,,,,,,,,,,,,,,,,,,,,,,,0.0038982078558164966,80
bayesfl_observability_v1,vi_sparse_bayesian_keep010_seed42,12,vi,147,11,1921,,5,256,2774.938924586773,0.1352503094928827,1.307976161190026,1.307976161190026,,,3.913403676830586,0.06157534569501877,0.9437885479512618,3.913403676830586,,0.7419061377582201,1.6227932907659905,2774.938924586773,2512.62220564604,1.307976161190026,0.024689222812676034,0.1352503094928827,1.307976161190026,0.005,11.838972521432844,0.0579223660721246,0.05765778385102749,0.06380513459444045,0.08364443480968475,0.5151675358353613,0.43633363180947765,1.056676433379477,,,,,,,,,,,,,,,,,,0,update_snr,bayesian,0.1,20,,,,,,,,,,,,,,,,,,,,,,,,,,,,,,,,,,,,,,,,,0.004450514045295533,1921
bayesfl_observability_v1,vi_sparse_bayesian_keep010_seed42,12,vi,219,17,1,,5,256,925.4906982660293,1.3145725727081299,2178.4466795430553,2178.4466795430553,,,3.7218331130584965,0.02507384680211544,0.948618562300686,3.7218331130584965,,-0.0,2.259365973874069,925.4906982660293,2178.4466795430553,2178.4466795430553,0.021405587889781422,1.3145725727081299,2178.4466795430553,0.005,11.762248379021957,0.05739801943611833,0.05717351660132408,0.06266287043690681,0.07689053565263748,0.5166150617392856,0.4390718418873519,1.0599611930568478,,,,,,,,,,,,,,,,,,0,update_snr,bayesian,0.1,20,,,,,,,,,,,,,,,,,,,,,,,,,,,,,,,,,,,,,,,,,0.004019621729933695,1
bayesfl_observability_v1,vi_sparse_bayesian_keep010_seed42,12,vi,0,0,1,,5,256,902.3607926368713,3.8481502532958984,2198.0716627202237,2198.0716627202237,,,3.7390875240814636,0.02503904141485691,0.9480883423716219,3.7390875240814636,,-0.0,2.28098669344155,902.3607926368713,2198.0716627202237,2198.0716627202237,0.021598424513316533,3.8481502532958984,2198.0716627202237,0.005,11.757835055545563,0.05739612278566123,0.05718322657048702,0.06265131086111068,0.0790584534406662,0.5172476605377282,0.44123493289059706,1.0570393188686513,,,,,,,,,,,,,,,,,,0,update_snr,bayesian,0.1,20,,,,,,,,,,,,,,,,,,,,,,,,,,,,,,,,,,,,,,,,,0.0040190426904815725,1
bayesfl_observability_v1,vi_sparse_bayesian_keep010_seed42,12,vi,97,7,1882,,5,256,2627.918838042021,0.007337247717266508,1.3090151162244057,1.3090151162244057,,,3.871920677616365,0.05526989325881004,0.9446322513220575,3.871920677616365,,-0.0,2.3096097079310103,2627.918838042021,2463.5664487343315,1.3090151162244057,0.024207197098696388,0.007337247717266508,1.3090151162244057,0.005,11.799880494793516,0.057937961998934175,0.05765463039278984,0.06378904953598977,0.08039944618940353,0.5136501367739819,0.43571908591258335,1.0528506117372085,,,,,,,,,,,,,,,,,,0,update_snr,bayesian,0.1,20,,,,,,,,,,,,,,,,,,,,,,,,,,,,,,,,,,,,,,,,,0.004467562251666851,1882
bayesfl_observability_v1,vi_sparse_bayesian_keep010_seed42,12,vi,275,22,35,,5,256,993.7554567337036,0.2836369923182896,63.132536721007064,63.132536721007064,,,3.7519361372544275,0.02502995915710926,0.947712767430322,3.7519361372544275,,-0.0,2.28098669344155,993.7554567337036,2209.6387852352473,63.132536721007064,0.02171208396615159,0.2836369923182896,63.132536721007064,0.005,11.756867268905284,0.05739344119351371,0.05717977322638035,0.06268363669514657,0.07905097305774689,0.5161837975366191,0.4385510163463433,1.0569419768650834,,,,,,,,,,,,,,,,,,0,update_snr,bayesian,0.1,20,,,,,,,,,,,,,,,,,,,,,,,,,,,,,,,,,,,,,,,,,0.004013138901660901,35
bayesfl_observability_v1,vi_sparse_bayesian_keep010_seed42,12,vi,36,2,1,,5,256,904.3117643356323,2.277539014816284,2192.3525731327786,2192.3525731327786,,,3.7348282853996735,0.025055525824427605,0.9482150830181794,3.7348282853996735,,-0.0,2.185987945410232,904.3117643356323,2192.3525731327786,2192.3525731327786,0.021542228290584442,2.277539014816284,2192.3525731327786,0.005,11.758437391603252,0.05739543768219006,0.05718282796442509,0.06265226230025292,0.07781405746936798,0.517135403920197,0.4393435783711924,1.0599080292568215,,,,,,,,,,,,,,,,,,0,update_snr,bayesian,0.1,20,,,,,,,,,,,,,,,,,,,,,,,,,,,,,,,,,,,,,,,,,0.004015592705614215,1
bayesfl_observability_v1,vi_sparse_bayesian_keep010_seed42,12,vi,131,10,1,,5,256,888.0125377178192,3.1983792781829834,2194.065973716895,2194.065973716895,,,3.735782900272094,0.02505880407989025,0.9483127610412098,3.735782900272094,,-0.0,2.259365973874069,888.0125377178192,2194.065973716895,2194.065973716895,0.021559064299075316,3.1983792781829834,2194.065973716895,0.005,11.772263285573963,0.05739796545187763,0.057180533185601234,0.0626658782362938,0.07788050174713135,0.5168822411400018,0.4388806142279219,1.0612879443780228,,,,,,,,,,,,,,,,,,0,update_snr,bayesian,0.1,20,,,,,,,,,,,,,,,,,,,,,,,,,,,,,,,,,,,,,,,,,0.00401682599278527,1
bayesfl_observability_v1,vi_sparse_bayesian_keep010_seed42,12,vi,132,10,1,,5,256,916.9108048915863,3.3647313117980957,2190.618485815812,2190.618485815812,,,3.7327256097832855,0.0250605046749115,0.948309933525442,3.7327256097832855,,-0.0,2.311121424016332,916.9108048915863,2190.618485815812,2190.618485815812,0.02152518901263449,3.3647313117980957,2190.618485815812,0.005,11.762330103008543,0.0573936264493048,0.057181280106306076,0.06266086176037788,0.0787113830447197,0.5163058117312281,0.4385571457910783,1.061849995565389,,,,,,,,,,,,,,,,,,0,update_snr,bayesian,0.1,20,,,,,,,,,,,,,,,,,,,,,,,,,,,,,,,,,,,,,,,,,0.004017872713001545,1
bayesfl_observability_v1,vi_sparse_bayesian_keep010_seed42,12,vi,257,20,22,,5,256,953.0510244369507,0.25826445492831146,99.31221120489387,99.31221120489387,,,3.727206296297415,0.025053948163986206,0.9484918472120943,3.727206296297415,,-0.0,2.259365973874069,953.0510244369507,2184.8686465076653,99.31221120489387,0.021468690640735633,0.25826445492831146,99.31221120489387,0.005,11.765112770593019,0.05739613905361632,0.05718023516237736,0.06267484426498413,0.07809213548898697,0.5167763580241106,0.4390363090387164,1.0599528080511498,,,,,,,,,,,,,,,,,,0,update_snr,bayesian,0.1,20,,,,,,,,,,,,,,,,,,,,,,,,,,,,,,,,,,,,,,,,,0.004014569583134017,22
bayesfl_observability_v1,vi_sparse_bayesian_keep010_seed42,12,vi,102,8,341,,5,256,1997.1258020401,0.011276175898890342,9.774277574475018,9.774277574475018,,,4.60214700678607,0.04666171222925186,0.9239281878144956,4.60214700678607,,-0.0,2.4040642619438994,1997.1258020401,3333.0286528959814,9.774277574475018,0.032750600893151044,0.011276175898890342,9.774277574475018,0.005,12.029152691720348,0.05758148169968051,0.057357560843229294,0.06295583099126816,0.07767269760370255,0.5260037319634062,0.4448018679324323,1.0829944475479163,,,,,,,,,,,,,,,,,,0,update_snr,bayesian,0.1,20,,,,,,,,,,,,,,,,,,,,,,,,,,,,,,,,,,,,,,,,,0.0041144402520383325,341
bayesfl_observability_v1,vi_sparse_bayesian_keep010_seed42,12,vi,105,8,1,,5,256,879.3251512765885,0.7709360718727112,2191.3359114069976,2191.3359114069976,,,3.735458276552687,0.025042913854122162,0.9482895266709329,3.735458276552687,,-0.0,2.3096097079310103,879.3251512765885,2191.3359114069976,2191.3359114069976,0.02153223849274833,0.7709360718727112,2191.3359114069976,0.005,11.768680161845742,0.05739500225501766,0.057188548147678375,0.06264726594090461,0.0781347006559372,0.5168570303427017,0.43843477881639314,1.0589725334664368,,,,,,,,,,,,,,,,,,0,update_snr,bayesian,0.1,20,,,,,,,,,,,,,,,,,,,,,,,,,,,,,,,,,,,,,,,,,0.004016440533205521,1
bayesfl_observability_v1,vi_sparse_bayesian_keep010_seed42,12,vi,167,13,726,,5,256,2504.9482171297072,0.0008670487967076052,4.844680126594262,4.844680126594262,,,4.718160947680873,0.05946089327335358,0.9203653746461511,4.718160947680873,,-0.0,2.3292713582565514,2504.9482171297072,3517.237771907434,4.844680126594262,0.034560654140782486,0.0008670487967076052,4.844680126594262,0.005,12.064287801739477,0.05771302058637564,0.05747929774224758,0.06323064640164375,0.08045892417430878,0.5267061522053726,0.4453722141628088,1.0803081958542604,,,,,,,,,,,,,,,,,,0,update_snr,bayesian,0.1,20,,,,,,,,,,,,,,,,,,,,,,,,,,,,,,,,,,,,,,,,,0.004202960542708115,726
bayesfl_observability_v1,vi_sparse_bayesian_keep010_seed42,12,vi,53,4,1,,5,256,911.8708638668061,0.2941082715988159,2183.254227056858,2183.254227056858,,,3.7274739112753457,0.025072433054447174,0.9483584508456239,3.7274739112753457,,-0.0,2.3155014849272724,911.8708638668061,2183.254227056858,2183.254227056858,0.02145282722862197,0.2941082715988159,2183.254227056858,0.005,11.751083009460633,0.057396722318698114,0.0571746751666069,0.06267710998654366,0.07742688059806824,0.5160795899355922,0.43705716185709254,1.0594494005980455,,,,,,,,,,,,,,,,,,0,update_snr,bayesian,0.1,20,,,,,,,,,,,,,,,,,,,,,,,,,,,,,,,,,,,,,,,,,0.00401678457126183,1
bayesfl_observability_v1,vi_sparse_bayesian_keep010_seed42,12,vi,39,3,5,,5,256,963.760856628418,1.9020736694335938,437.1372963531827,437.1372963531827,,,3.729221365685282,0.025068145245313644,0.9485052397116279,3.729221365685282,,-0.0,2.4040642619438994,963.760856628418,2185.6864817659134,437.1372963531827,0.02147672675411136,1.9020736694335938,437.1372963531827,0.005,11.772927602655601,0.057395627775770446,0.05717630684375763,0.06264583542943002,0.07866321504116058,0.5171419508472924,0.43970387685779494,1.060378546747582,,,,,,,,,,,,,,,,,,0,update_snr,bayesian,0.1,20,,,,,,,,,,,,,,,,,,,,,,,,,,,,,,,,,,,,,,,,,0.00401388417964043,5
bayesfl_observability_v1,vi_sparse_bayesian_keep010_seed42,12,vi,49,3,3,,5,256,899.1181495666503,6.067419687906901,730.008155229484,730.008155229484,,,3.7322788826381044,0.025044061243534088,0.9483354952792652,3.7322788826381044,,-0.0,2.3277319754160017,899.1181495666503,2190.024465688452,730.008155229484,0.021519352124284682,6.067419687906901,730.008155229484,0.005,11.763757275931429,0.0573970516175222,0.057174352928996086,0.06266427263617516,0.07863221317529678,0.5169077086569001,0.43907193026561986,1.0588368817755214,,,,,,,,,,,,,,,,,,0,update_snr,bayesian,0.1,20,,,,,,,,,,,,,,,,,,,,,,,,,,,,,,,,,,,,,,,,,0.004020932318728076,3
bayesfl_observability_v1,vi_sparse_bayesian_keep010_seed42,13,vi,188,15,1,,5,256,877.6169011592865,3.899284839630127,2141.773638534485,2141.773638534485,,,3.740610595512781,0.02506588026881218,0.9498004244627206,3.740610595512781,,-0.0,2.28098669344155,877.6169011592865,2141.773638534485,2141.773638534485,0.021045235713220842,3.899284839630127,2141.773638534485,0.005,11.956191535743482,0.0581892907265506,0.05794757977128029,0.06373640894889832,0.07900102436542511,0.5180236313532913,0.4395406841009477,1.0599979772510295,,,,,,,,,,,,,,,,,,0,update_snr,bayesian,0.1,20,,,,,,,,,,,,,,,,,,,,,,,,,,,,,,,,,,,,,,,,,0.00421835400414359,1
bayesfl_observability_v1,vi_sparse_bayesian_keep010_seed42,13,vi,59,4,1,,5,256,874.5897946834564,0.04026642069220543,2135.9036437271684,2135.9036437271684,,,3.7356853055136483,0.02505839243531227,0.9501260358140399,3.7356853055136483,,-0.0,2.3155014849272724,874.5897946834564,2135.9036437271684,2135.9036437271684,0.020987556683965496,0.04026642069220543,2135.9036437271684,0.005,11.978460723622005,0.05818646299924822,0.057954808697104454,0.06371352374553681,0.08083508908748627,0.5189027282020742,0.4401208179459787,1.067068923658857,,,,,,,,,,,,,,,,,,0,update_snr,bayesian,0.1,20,,,,,,,,,,,,,,,,,,,,,,,,,,,,,,,,,,,,,,,,,0.004219155938812508,1
bayesfl_observability_v1,vi_sparse_bayesian_keep010_seed42,13,vi,172,13,1,,5,256,912.6723044633866,1.9357653856277466,2126.859445093811,2126.859445093811,,,3.7286248159927813,0.025065124034881592,0.9502725119211893,3.7286248159927813,,-0.0,2.185987945410232,912.6723044633866,2126.859445093811,2126.859445093811,0.020898687679019465,1.9357653856277466,2126.859445093811,0.005,11.972985508953743,0.058191272008231036,0.057953326031565666,0.06373341083526611,0.0802622064948082,0.5187295761839328,0.44121469790127094,1.0627362841991281,,,,,,,,,,,,,,,,,,0,update_snr,bayesian,0.1,20,,,,,,,,,,,,,,,,,,,,,,,,,,,,,,,,,,,,,,,,,0.004222214619805698,1
bayesfl_observability_v1,vi_sparse_bayesian_keep010_seed42,13,vi,131,10,1,,5,256,862.8177769184113,2.2451419830322266,2144.7620392969507,2144.7620392969507,,,3.7420639887431864,0.025075966492295265,0.9499248492653131,3.7420639887431864,,-0.0,2.259365973874069,862.8177769184113,2144.7620392969507,2144.7620392969507,0.021074599973439627,2.2451419830322266,2144.7620392969507,0.005,11.975427602358632,0.058191467269887574,0.05795066058635712,0.06372058242559434,0.0797007605433464,0.5189634752259251,0.4412661909215431,1.0628958376082493,,,,,,,,,,,,,,,,,,0,update_snr,bayesian,0.1,20,,,,,,,,,,,,,,,,,,,,,,,,,,,,,,,,,,,,,,,,,0.004223052230399612,1
bayesfl_observability_v1,vi_sparse_bayesian_keep010_seed42,13,vi,223,17,1,,5,256,900.7772571563721,3.151869535446167,2124.62843616133,2124.62843616133,,,3.725195585979352,0.02503443881869316,0.9503942146487769,3.725195585979352,,-0.0,2.311121424016332,900.7772571563721,2124.62843616133,2124.62843616133,0.020876765610310797,3.151869535446167,2124.62843616133,0.005,11.97623833460442,0.058192900448438695,0.0579526424407959,0.06370736062526702,0.08006966859102249,0.5186077803152274,0.44156745738305747,1.063610031176777,,,,,,,,,,,,,,,,,,0,update_snr,bayesian,0.1,20,,,,,,,,,,,,,,,,,,,,,,,,,,,,,,,,,,,,,,,,,0.004221861048181948,1
bayesfl_observability_v1,vi_sparse_bayesian_keep010_seed42,13,vi,137,11,1415,,5,256,2724.3613739411035,0.040327965834115506,1.8263726994921727,1.8263726994921727,,,4.04514832934069,0.057609107345342636,0.9421788489391572,4.04514832934069,,-0.0,2.185987945410232,2724.3613739411035,2584.3173697814245,1.8263726994921727,0.025393705117239113,0.040327965834115506,1.8263726994921727,0.005,12.0710896294421,0.05867973665115734,0.05841127038002014,0.06469641774892808,0.08213204890489578,0.5189568229452092,0.44144140007173405,1.0649758420610378,,,,,,,,,,,,,,,,,,0,update_snr,bayesian,0.1,20,,,,,,,,,,,,,,,,,,,,,,,,,,,,,,,,,,,,,,,,,0.004582924056450569,1415
bayesfl_observability_v1,vi_sparse_bayesian_keep010_seed42,13,vi,138,11,1,,5,256,873.6298656463623,4.891595363616943,2137.0367513725637,2137.0367513725637,,,3.7363350719200326,0.02508697658777237,0.9500765051236234,3.7363350719200326,,-0.0,2.3277319754160017,873.6298656463623,2137.0367513725637,2137.0367513725637,0.020998690688538504,4.891595363616943,2137.0367513725637,0.005,11.974772445102126,0.0581930450192425,0.057952286675572395,0.0637191116809845,0.08128660917282104,0.518743530136487,0.44158411080999793,1.0620739931157268,,,,,,,,,,,,,,,,,,0,update_snr,bayesian,0.1,20,,,,,,,,,,,,,,,,,,,,,,,,,,,,,,,,,,,,,,,,,0.004222445998334548,1
bayesfl_observability_v1,vi_sparse_bayesian_keep010_seed42,13,vi,62,5,333,,5,256,1821.305024456978,0.0031737105266467945,9.717992778749348,9.717992778749348,,,4.5947628875312025,0.046268440783023834,0.9271314534138224,4.5947628875312025,,-0.0,2.4040642619438994,1821.305024456978,3236.091595323533,9.717992778749348,0.03179808976440535,0.0031737105266467945,9.717992778749348,0.005,12.261316394819753,0.05838486818481232,0.05814916081726551,0.06405435055494309,0.07981503754854202,0.5285267413553528,0.44648842366620234,1.0869231378422388,,,,,,,,,,,,,,,,,,0,update_snr,bayesian,0.1,20,,,,,,,,,,,,,,,,,,,,,,,,,,,,,,,,,,,,,,,,,0.004317481046050754,333
bayesfl_observability_v1,vi_sparse_bayesian_keep010_seed42,13,vi,9,0,1,,5,256,918.26638879776,0.5358526706695557,2126.3551249811153,2126.3551249811153,,,3.7267795153806773,0.02510005049407482,0.9502711740559304,3.7267795153806773,,-0.0,2.3292713582565514,918.26638879776,2126.3551249811153,2126.3551249811153,0.020893732190047316,0.5358526706695557,2126.3551249811153,0.005,11.9669112542925,0.05819395325080086,0.05795624665915966,0.06374064832925797,0.07981792092323303,0.5183547501997576,0.4401624884077363,1.0644445270707488,,,,,,,,,,,,,,,,,,0,update_snr,bayesian,0.1,20,,,,,,,,,,,,,,,,,,,,,,,,,,,,,,,,,,,,,,,,,0.00422432284929812,1
bayesfl_observability_v1,vi_sparse_bayesian_keep010_seed42,13,vi,278,22,193,,5,256,1101.7854862213135,0.027100091153475905,11.351189841681904,11.351189841681904,,,3.78383738600967,0.025042692199349403,0.9488328772319374,3.78383738600967,,-0.0,2.185987945410232,1101.7854862213135,2190.7796394446077,11.351189841681904,0.021526772520827433,0.027100091153475905,11.351189841681904,0.005,11.982555951301796,0.0581887064493041,0.05795544199645519,0.06370783671736717,0.08044122904539108,0.5189753595616806,0.44093775297526705,1.063267225671354,,,,,,,,,,,,,,,,,,0,update_snr,bayesian,0.1,20,,,,,,,,,,,,,,,,,,,,,,,,,,,,,,,,,,,,,,,,,0.004222046745980079,193
bayesfl_observability_v1,vi_sparse_bayesian_keep010_seed42,13,vi,35,2,1,,5,256,855.5553603172302,2.237546443939209,2146.8638436913293,2146.8638436913293,,,3.7437163608532096,0.025031985715031624,0.9499015019196198,3.7437163608532096,,-0.0,2.3163460082440825,855.5553603172302,2146.8638436913293,2146.8638436913293,0.0210952524682257,2.237546443939209,2146.8638436913293,0.005,11.977988370813485,0.05819696942196973,0.05796068534255028,0.06370836794376374,0.08114604651927948,0.5188401297605783,0.439208586479979,1.0649342246727513,,,,,,,,,,,,,,,,,,0,update_snr,bayesian,0.1,20,,,,,,,,,,,,,,,,,,,,,,,,,,,,,,,,,,,,,,,,,0.004218198490574187,1
bayesfl_observability_v1,vi_sparse_bayesian_keep010_seed42,13,vi,201,16,28,,5,256,960.1936897277832,0.5972006661551339,76.72690969118419,76.72690969118419,,,3.7452303348349156,0.02508828602731228,0.9496648008222678,3.7452303348349156,,-0.0,2.28098669344155,960.1936897277832,2148.353471353157,76.72690969118419,0.02110988966643566,0.5972006661551339,76.72690969118419,0.005,11.955195386382647,0.05819546656983798,0.05795906484127045,0.06371918022632599,0.07880686968564987,0.5177294612805652,0.43932774342581754,1.0621104098731404,,,,,,,,,,,,,,,,,,0,update_snr,bayesian,0.1,20,,,,,,,,,,,,,,,,,,,,,,,,,,,,,,,,,,,,,,,,,0.004224065515433815,28
bayesfl_observability_v1,vi_sparse_bayesian_keep010_seed42,13,vi,22,1,18,,5,256,939.1045227050781,1.764270994398329,119.49004838616335,119.49004838616335,,,3.749588057387498,0.024998951703310013,0.9497275640485826,3.749588057387498,,-0.0,2.3277319754160017,939.1045227050781,2150.8208709509404,119.49004838616335,0.021134134528357478,1.764270994398329,119.49004838616335,0.005,11.976546302248012,0.05818890715463581,0.05794553458690643,0.06372510939836502,0.08132775872945786,0.5187735352125507,0.43970686329684094,1.0660354241549137,,,,,,,,,,,,,,,,,,0,update_snr,bayesian,0.1,20,,,,,,,,,,,,,,,,,,,,,,,,,,,,,,,,,,,,,,,,,0.004218125548216011,18
bayesfl_observability_v1,vi_sparse_bayesian_keep010_seed42,13,vi,177,14,1,,5,256,878.0488400936126,1.8479623794555664,2140.764097731449,2140.764097731449,,,3.741719798919764,0.02507162094116211,0.9500645003296084,3.741719798919764,,-0.0,2.259365973874069,878.0488400936126,2140.764097731449,2140.764097731449,0.02103531588612999,1.8479623794555664,2140.764097731449,0.005,11.990483107950338,0.05819344374167172,0.05794787034392357,0.06372632756829262,0.0798150822520256,0.5190018818426437,0.44076047586105727,1.0687651903351538,,,,,,,,,,,,,,,,,,0,update_snr,bayesian,0.1,20,,,,,,,,,,,,,,,,,,,,,,,,,,,,,,,,,,,,,,,,,0.0042258531479337684,1
bayesfl_observability_v1,vi_sparse_bayesian_keep010_seed42,13,vi,154,12,211,,5,256,1336.833274269104,0.08228571381049134,10.638808396663766,10.638808396663766,,,3.831010617782819,0.025060631334781647,0.9474882189694589,3.831010617782819,,0.08650308759353696,2.224707645554893,1336.833274269104,2244.7885716960545,10.638808396663766,0.022057468524084255,0.08228571381049134,10.638808396663766,0.005,11.979535892088727,0.05818982241135151,0.05795803666114807,0.063724235445261,0.0803452730178833,0.5190029064121614,0.4401429396872928,1.061812062546831,,,,,,,,,,,,,,,,,,0,update_snr,bayesian,0.1,20,,,,,,,,,,,,,,,,,,,,,,,,,,,,,,,,,,,,,,,,,0.004218767749294232,211
bayesfl_observability_v1,vi_sparse_bayesian_keep010_seed42,14,vi,193,15,1,,5,256,889.373816871643,1.980475902557373,2091.2345762193986,2091.2345762193986,,,3.736775581540964,0.025056615471839905,0.9524567904679988,3.736775581540964,,-0.0,2.3163460082440825,889.373816871643,2091.2345762193986,2091.2345762193986,0.020548634924038505,1.980475902557373,2091.2345762193986,0.005,12.264786938605273,0.05889013938725118,0.05864497646689415,0.06472283974289894,0.08296163380146027,0.5253283068167481,0.44460994092013695,1.0796213456169932,,,,,,,,,,,,,,,,,,0,update_snr,bayesian,0.1,20,,,,,,,,,,,,,,,,,,,,,,,,,,,,,,,,,,,,,,,,,0.004434474260397768,1
bayesfl_observability_v1,vi_sparse_bayesian_keep010_seed42,14,vi,199,15,1,,5,256,863.8133373260498,3.1330442428588867,2088.4159587949866,2088.4159587949866,,,3.737080089602804,0.025072000920772552,0.9524725846089661,3.737080089602804,,-0.0,2.3277319754160017,863.8133373260498,2088.4159587949866,2088.4159587949866,0.020520938968212506,3.1330442428588867,2088.4159587949866,0.005,12.267801414328535,0.05889386080093429,0.05865081027150154,0.06469550728797913,0.08260264992713928,0.5259554449835594,0.447067120658483,1.0763602694005405,,,,,,,,,,,,,,,,,,0,update_snr,bayesian,0.1,20,,,,,,,,,,,,,,,,,,,,,,,,,,,,,,,,,,,,,,,,,0.004434330838074679,1
bayesfl_observability_v1,vi_sparse_bayesian_keep010_seed42,14,vi,252,20,1,,5,256,900.2975769996643,2.362513542175293,2088.614636970753,2088.614636970753,,,3.734593230178079,0.025081411004066467,0.9525396872525156,3.734593230178079,,-0.0,2.28098669344155,900.2975769996643,2088.614636970753,2088.614636970753,0.02052289119554636,2.362513542175293,2088.614636970753,0.005,12.26809821896782,0.058892238288283216,0.05865068733692169,0.0647148497402668,0.08147849142551422,0.5249122395528572,0.44549282831398296,1.0778311199188944,,,,,,,,,,,,,,,,,,0,update_snr,bayesian,0.1,20,,,,,,,,,,,,,,,,,,,,,,,,,,,,,,,,,,,,,,,,,0.004441279629737894,1
bayesfl_observability_v1,vi_sparse_bayesian_keep010_seed42,14,vi,71,5,1,,5,256,841.5623804330826,0.6099481582641602,2102.00703693927,2102.00703693927,,,3.7485846442644117,0.02507643587887287,0.9524009174232914,3.7485846442644117,,-0.0,2.3155014849272724,841.5623804330826,2102.00703693927,2102.00703693927,0.02065448596776329,0.6099481582641602,2102.00703693927,0.005,12.296415719548099,0.05889354601818686,0.058633195236325264,0.06469085812568665,0.0814577117562294,0.5271084064774686,0.44695438651133257,1.079319246140193,,,,,,,,,,,,,,,,,,0,update_snr,bayesian,0.1,20,,,,,,,,,,,,,,,,,,,,,,,,,,,,,,,,,,,,,,,,,0.004436121455109028,1
bayesfl_observability_v1,vi_sparse_bayesian_keep010_seed42,14,vi,226,18,1,,5,256,863.7418359041214,0.31186071038246155,2104.1386264387643,2104.1386264387643,,,3.7484461412725736,0.024999868124723434,0.9523540667104842,3.7484461412725736,,-0.0,2.259365973874069,863.7418359041214,2104.1386264387643,2104.1386264387643,0.020675431133327742,0.31186071038246155,2104.1386264387643,0.005,12.290146160773201,0.058890798462814156,0.058641763404011726,0.06471406221389771,0.0826205387711525,0.5262943384782902,0.4461902169320686,1.07939120759706,,,,,,,,,,,,,,,,,,0,update_snr,bayesian,0.1,20,,,,,,,,,,,,,,,,,,,,,,,,,,,,,,,,,,,,,,,,,0.004434636274773121,1
bayesfl_observability_v1,vi_sparse_bayesian_keep010_seed42,14,vi,151,12,1,,5,256,847.3199970245362,4.205440044403076,2096.9420693014167,2096.9420693014167,,,3.7425268078555654,0.025017600506544113,0.9524460403461336,3.7425268078555654,,-0.0,2.3277319754160017,847.3199970245362,2096.9420693014167,2096.9420693014167,0.020604717198598965,4.205440044403076,2096.9420693014167,0.005,12.282355074962847,0.0588931767475506,0.05864167585968971,0.06471127718687057,0.08280870318412781,0.5260688463797796,0.44699247253154384,1.0761116058251803,,,,,,,,,,,,,,,,,,0,update_snr,bayesian,0.1,20,,,,,,,,,,,,,,,,,,,,,,,,,,,,,,,,,,,,,,,,,0.004436816287769195,1
bayesfl_observability_v1,vi_sparse_bayesian_keep010_seed42,14,vi,154,12,211,,5,256,1101.464645576477,0.10463025784605487,10.235813976772045,10.235813976772045,,,3.7991375017776954,0.025013234466314316,0.9509136205146642,3.7991375017776954,,0.08650308759353696,2.224707645554893,1101.464645576477,2159.7567490989013,10.235813976772045,0.021221939167720364,0.10463025784605487,10.235813976772045,0.005,12.276653505583447,0.05888525182552401,0.05864456854760647,0.06469710767269135,0.08298616111278534,0.5254385746741842,0.4448768117790805,1.0789376230263765,,,,,,,,,,,,,,,,,,0,update_snr,bayesian,0.1,20,,,,,,,,,,,,,,,,,,,,,,,,,,,,,,,,,,,,,,,,,0.004434125777476183,211
bayesfl_observability_v1,vi_sparse_bayesian_keep010_seed42,14,vi,158,12,58,,5,256,883.5874199867249,0.097651325423142,36.358949267988486,36.358949267988486,,,3.754166652529157,0.02506718412041664,0.952209709780818,3.754166652529157,,-0.0,2.3292713582565514,883.5874199867249,2108.8190575433323,36.358949267988486,0.020721421416363687,0.097651325423142,36.358949267988486,0.005,12.290763556613824,0.05889050714035417,0.058648351579904556,0.06471316516399384,0.08309426158666611,0.526570741281821,0.44811941088732915,1.077643056940576,,,,,,,,,,,,,,,,,,0,update_snr,bayesian,0.1,20,,,,,,,,,,,,,,,,,,,,,,,,,,,,,,,,,,,,,,,,,0.004438316412734416,58
bayesfl_observability_v1,vi_sparse_bayesian_keep010_seed42,14,vi,82,6,1,,5,256,834.2922460079193,0.09316245466470718,2101.132620108548,2101.132620108548,,,3.747956376441745,0.025043949484825134,0.9524067345666218,3.747956376441745,,-0.0,2.3155014849272724,834.2922460079193,2101.132620108548,2101.132620108548,0.02064589387941975,0.09316245466470718,2101.132620108548,0.005,12.295105677454925,0.05888858622580055,0.05865101143717766,0.06470891535282135,0.08210371434688568,0.5263743293230264,0.44464838131185475,1.081159171785676,,,,,,,,,,,,,,,,,,0,update_snr,bayesian,0.1,20,,,,,,,,,,,,,,,,,,,,,,,,,,,,,,,,,,,,,,,,,0.004433729388397488,1
bayesfl_observability_v1,vi_sparse_bayesian_keep010_seed42,14,vi,217,17,1,,5,256,859.1018734455108,2.1231460571289062,2100.1546723655556,2100.1546723655556,,,3.746460514991367,0.025028562173247337,0.9524262318652214,3.746460514991367,,-0.0,2.311121424016332,859.1018734455108,2100.1546723655556,2100.1546723655556,0.020636284488214165,2.1231460571289062,2100.1546723655556,0.005,12.292683794691964,0.05889082438819176,0.058648839592933655,0.06470786333084107,0.08112651854753494,0.526741353024768,0.448190237879072,1.0782386945929205,,,,,,,,,,,,,,,,,,0,update_snr,bayesian,0.1,20,,,,,,,,,,,,,,,,,,,,,,,,,,,,,,,,,,,,,,,,,0.004436363511350576,1
bayesfl_observability_v1,vi_sparse_bayesian_keep010_seed42,14,vi,50,4,1,,5,256,846.4776773691177,1.5492346286773682,2107.2998698352253,2107.2998698352253,,,3.7528353097362372,0.025019153952598572,0.9521586114908337,3.7528353097362372,,-0.0,2.3163460082440825,846.4776773691177,2107.2998698352253,2107.2998698352253,0.02070649375882112,1.5492346286773682,2107.2998698352253,0.005,12.280047946266679,0.058894179063315906,0.05865063890814781,0.0646972730755806,0.08168064802885056,0.5255249784009298,0.44524494726705544,1.082966308971144,,,,,,,,,,,,,,,,,,0,update_snr,bayesian,0.1,20,,,,,,,,,,,,,,,,,,,,,,,,,,,,,,,,,,,,,,,,,0.004434734535212015,1
bayesfl_observability_v1,vi_sparse_bayesian_keep010_seed42,14,vi,47,3,1,,5,256,848.4135248661041,1.6179301738739014,2096.8502596565045,2096.8502596565045,,,3.742875212278651,0.024994179606437683,0.9523348261299855,3.742875212278651,,-0.0,2.3292713582565514,848.4135248661041,2096.8502596565045,2096.8502596565045,0.02060381506982907,1.6179301738739014,2096.8502596565045,0.005,12.269489438485106,0.05889769695216761,0.05865450203418732,0.06472406387329102,0.08294294029474258,0.5249047541945602,0.4441602874253245,1.0795058962641586,,,,,,,,,,,,,,,,,,0,update_snr,bayesian,0.1,20,,,,,,,,,,,,,,,,,,,,,,,,,,,,,,,,,,,,,,,,,0.004438908936112334,1
bayesfl_observability_v1,vi_sparse_bayesian_keep010_seed42,14,vi,279,22,125,,5,256,920.6550997257233,0.008849815368652343,16.971717096900687,16.971717096900687,,,3.7661065558538205,0.02504792809486389,0.9519097207140873,3.7661065558538205,,-0.0,2.259365973874069,920.6550997257233,2121.464637112586,16.971717096900687,0.020845677872777694,0.008849815368652343,16.971717096900687,0.005,12.292298762192091,0.05889041239502441,0.05864924564957619,0.06469939053058624,0.08292868733406067,0.5262068881393144,0.4474346721436942,1.0773743250323846,,,,,,,,,,,,,,,,,,0,update_snr,bayesian,0.1,20,,,,,,,,,,,,,,,,,,,,,,,,,,,,,,,,,,,,,,,,,0.004437846180324354,125
bayesfl_observability_v1,vi_sparse_bayesian_keep010_seed42,14,vi,1,0,3,,5,256,874.9081186294555,3.558858871459961,698.4107821949864,698.4107821949864,,,3.7426452882709254,0.02503669634461403,0.9524165296874552,3.7426452882709254,,-0.0,2.3277319754160017,874.9081186294555,2095.232346584959,698.4107821949864,0.020587917329124093,3.558858871459961,698.4107821949864,0.005,12.279037735668124,0.05889293601956239,0.0586372297257185,0.06471425890922547,0.08162805438041687,0.5256371207695829,0.4454894895241558,1.0767858671710882,,,,,,,,,,,,,,,,,,0,update_snr,bayesian,0.1,20,,,,,,,,,,,,,,,,,,,,,,,,,,,,,,,,,,,,,,,,,0.004438142997874724,3
bayesfl_observability_v1,vi_sparse_bayesian_keep010_seed42,14,vi,241,19,265,,5,256,1835.3108214974404,0.0066363948450054765,12.019814400060373,12.019814400060373,,,4.612755965118386,0.04528113454580307,0.9302998363266279,4.612755965118386,,-0.0,2.259365973874069,1835.3108214974404,3185.2508160159987,12.019814400060373,0.031298524280396964,0.0066363948450054765,12.019814400060373,0.005,12.575661154560866,0.05908746255304193,0.05883711576461792,0.06500056684017182,0.08314549177885056,0.5365909079814442,0.4552569951444975,1.1007831154392176,,,,,,,,,,,,,,,,,,0,update_snr,bayesian,0.1,20,,,,,,,,,,,,,,,,,,,,,,,,,,,,,,,,,,,,,,,,,0.004526191651975041,265
bayesfl_observability_v1,vi_sparse_bayesian_keep010_seed42,15,vi,219,17,1,,5,256,834.0123399734497,0.029700079932808876,2080.5453656071077,2080.5453656071077,,,3.7561336584134595,0.024999814108014107,0.9538449541353696,3.7561336584134595,,-0.0,2.259365973874069,834.0123399734497,2080.5453656071077,2080.5453656071077,0.02044360190239862,0.029700079932808876,2080.5453656071077,0.005,12.507933862008425,0.05933805543834531,0.05909526348114014,0.06523620784282684,0.08461228758096695,0.5318343506475284,0.45054209583147586,1.089199565456077,,,,,,,,,,,,,,,,,,0,update_snr,bayesian,0.1,20,,,,,,,,,,,,,,,,,,,,,,,,,,,,,,,,,,,,,,,,,0.004499679015186873,1
bayesfl_observability_v1,vi_sparse_bayesian_keep010_seed42,15,vi,124,9,63,,5,256,843.4870431184769,0.05770465684315515,32.763606327101165,32.763606327101165,,,3.7416907483451194,0.02504807338118553,0.9541133451485664,3.7416907483451194,,0.12974069471942834,2.1312291508990175,843.4870431184769,2064.1071986073734,32.763606327101165,0.020282079184507945,0.05770465684315515,32.763606327101165,0.005,12.49538922180735,0.05934275586197937,0.05909409560263157,0.0652203805744648,0.082697793841362,0.5303357006450787,0.44828663647391964,1.0907697829274043,,,,,,,,,,,,,,,,,,0,update_snr,bayesian,0.1,20,,,,,,,,,,,,,,,,,,,,,,,,,,,,,,,,,,,,,,,,,0.004500746163505252,63
bayesfl_observability_v1,vi_sparse_bayesian_keep010_seed42,15,vi,188,15,1,,5,256,875.7671967029571,3.7193245887756348,2060.409796003386,2060.409796003386,,,3.7379165821256226,0.025099843740463257,0.954164170300301,3.7379165821256226,,-0.0,2.28098669344155,875.7671967029571,2060.409796003386,2060.409796003386,0.020245748216600037,3.7193245887756348,2060.409796003386,0.005,12.489524990892406,0.059342740144892846,0.05910234525799751,0.06522563248872758,0.0830889418721199,0.5308556831254462,0.45142812755488315,1.0868726251303475,,,,,,,,,,,,,,,,,,0,update_snr,bayesian,0.1,20,,,,,,,,,,,,,,,,,,,,,,,,,,,,,,,,,,,,,,,,,0.004496254029234939,1
bayesfl_observability_v1,vi_sparse_bayesian_keep010_seed42,15,vi,155,12,1,,5,256,863.0400157690049,2.87239408493042,2072.0452549833417,2072.0452549833417,,,3.7494004615725323,0.024999484419822693,0.9538494338529225,3.7494004615725323,,-0.0,2.28098669344155,863.0400157690049,2072.0452549833417,2072.0452549833417,0.020360079148897925,2.87239408493042,2072.0452549833417,0.005,12.486046261467518,0.059342551691179614,0.05908382311463356,0.06521901637315751,0.08325564116239548,0.5306998691573783,0.44929660918368475,1.089960235456865,,,,,,,,,,,,,,,,,,0,update_snr,bayesian,0.1,20,,,,,,,,,,,,,,,,,,,,,,,,,,,,,,,,,,,,,,,,,0.004500625818716991,1
bayesfl_observability_v1,vi_sparse_bayesian_keep010_seed42,15,vi,273,21,19,,5,256,828.1919618606568,0.6096965890181693,109.38014921999834,109.38014921999834,,,3.756146552454099,0.025091320276260376,0.9538161126658375,3.756146552454099,,-0.0,2.3096097079310103,828.1919618606568,2078.2228351799686,109.38014921999834,0.02042078053630705,0.6096965890181693,109.38014921999834,0.005,12.504181511849874,0.059339342801412995,0.05910025164484978,0.06523114740848542,0.08338417857885361,0.53095054563783,0.4505407910955808,1.0874119473696318,,,,,,,,,,,,,,,,,,0,update_snr,bayesian,0.1,20,,,,,,,,,,,,,,,,,,,,,,,,,,,,,,,,,,,,,,,,,0.0045006479403587145,19
bayesfl_observability_v1,vi_sparse_bayesian_keep010_seed42,15,vi,50,4,1,,5,256,855.2605648517608,1.0976438522338867,2067.553398688647,2067.553398688647,,,3.745469874291268,0.02508382499217987,0.9539615800755787,3.745469874291268,,-0.0,2.3163460082440825,855.2605648517608,2067.553398688647,2067.553398688647,0.020315941816730344,1.0976438522338867,2067.553398688647,0.005,12.487813571353442,0.05933886292098875,0.059097522869706154,0.06522240564227104,0.08346906304359436,0.5304177860201886,0.449935301332711,1.0882604755729473,,,,,,,,,,,,,,,,,,0,update_snr,bayesian,0.1,20,,,,,,,,,,,,,,,,,,,,,,,,,,,,,,,,,,,,,,,,,0.004498382301542835,1
bayesfl_observability_v1,vi_sparse_bayesian_keep010_seed42,15,vi,55,4,1,,5,256,856.0520779371261,2.90568208694458,2058.883464254885,2058.883464254885,,,3.7378400703976657,0.025024473667144775,0.9539896983597526,3.7378400703976657,,-0.0,2.3292713582565514,856.0520779371261,2058.883464254885,2058.883464254885,0.02023075036115638,2.90568208694458,2058.883464254885,0.005,12.465707524192524,0.059343955320605095,0.05910334549844265,0.06521482169628144,0.08385578542947769,0.5293049644499765,0.4484132501422755,1.0838792742758128,,,,,,,,,,,,,,,,,,0,update_snr,bayesian,0.1,20,,,,,,,,,,,,,,,,,,,,,,,,,,,,,,,,,,,,,,,,,0.004500665909070093,1
bayesfl_observability_v1,vi_sparse_bayesian_keep010_seed42,15,vi,233,18,90,,5,256,982.3762182235718,0.06243882179260254,23.236945864161537,23.236945864161537,,,3.766688691680343,0.025027308613061905,0.9537321321771445,3.766688691680343,,-0.0,2.3096097079310103,982.3762182235718,2091.3251277745385,23.236945864161537,0.020549524690719648,0.06243882179260254,23.236945864161537,0.005,12.527891152389095,0.059341057774107406,0.059090059250593185,0.06522221341729165,0.08360210061073303,0.5320113336514002,0.45099570910926096,1.0913688701644648,,,,,,,,,,,,,,,,,,0,update_snr,bayesian,0.1,20,,,,,,,,,,,,,,,,,,,,,,,,,,,,,,,,,,,,,,,,,0.0044998481994539385,90
bayesfl_observability_v1,vi_sparse_bayesian_keep010_seed42,15,vi,78,6,1,,5,256,846.1378922462463,0.021952608600258827,2066.948341590785,2066.948341590785,,,3.7444514884528055,0.02508429065346718,0.9541097020552851,3.7444514884528055,,-0.0,2.3155014849272724,846.1378922462463,2066.948341590785,2066.948341590785,0.02030999647824295,0.021952608600258827,2066.948341590785,0.005,12.504103234191522,0.0593453236752981,0.05910279043018818,0.06524972394108773,0.08317877352237701,0.5310469009961248,0.45182079271199,1.090450407683443,,,,,,,,,,,,,,,,,,0,update_snr,bayesian,0.1,20,,,,,,,,,,,,,,,,,,,,,,,,,,,,,,,,,,,,,,,,,0.004499211794015882,1
bayesfl_observability_v1,vi_sparse_bayesian_keep010_seed42,15,vi,284,22,369,,5,256,1763.4045058250426,0.008736549273415956,8.564871458285246,8.564871458285246,,,4.626103340009984,0.04670869559049606,0.932488538880621,4.626103340009984,,-0.0,2.3096097079310103,1763.4045058250426,3160.4375681072556,8.564871458285246,0.031054707360786634,0.008736549273415956,8.564871458285246,0.005,12.80749663311492,0.05954714898062857,0.059294262900948524,0.06558925211429596,0.08637044578790665,0.5412854616850632,0.45792893126218537,1.1149604272416933,,,,,,,,,,,,,,,,,,0,update_snr,bayesian,0.1,20,,,,,,,,,,,,,,,,,,,,,,,,,,,,,,,,,,,,,,,,,0.00459758097997758,369
bayesfl_observability_v1,vi_sparse_bayesian_keep010_seed42,15,vi,62,5,333,,5,256,1779.1827253341676,0.006867270927887421,9.407645454030968,9.407645454030968,,,4.607941298942783,0.04700826480984688,0.9328264917192962,4.607941298942783,,-0.0,2.4040642619438994,1779.1827253341676,3132.7459361923125,9.407645454030968,0.030782607214231233,0.006867270927887421,9.407645454030968,0.005,12.788250462373249,0.059542879223760586,0.059295861050486565,0.06556288152933121,0.08426058292388916,0.5413171730095746,0.45926782682397815,1.1092112697185024,,,,,,,,,,,,,,,,,,0,update_snr,bayesian,0.1,20,,,,,,,,,,,,,,,,,,,,,,,,,,,,,,,,,,,,,,,,,0.004586241800681516,333
bayesfl_observability_v1,vi_sparse_bayesian_keep010_seed42,15,vi,173,13,1,,5,256,864.3122569561004,3.286487579345703,2060.154678224971,2060.154678224971,,,3.7388218919629805,0.02506469003856182,0.954175003519625,3.7388218919629805,,-0.0,2.3292713582565514,864.3122569561004,2060.154678224971,2060.154678224971,0.020243241409305012,3.286487579345703,2060.154678224971,0.005,12.494007895208592,0.05934404872176285,0.05909905396401882,0.06522996574640275,0.08484017848968506,0.5305967552696389,0.4498908480310886,1.088187720553659,,,,,,,,,,,,,,,,,,0,update_snr,bayesian,0.1,20,,,,,,,,,,,,,,,,,,,,,,,,,,,,,,,,,,,,,,,,,0.004497637944573884,1
bayesfl_observability_v1,vi_sparse_bayesian_keep010_seed42,15,vi,242,19,1,,5,256,825.118358373642,0.5432155132293701,2076.8979861727753,2076.8979861727753,,,3.7548942326125445,0.02510356716811657,0.953912696462805,3.7548942326125445,,-0.0,2.185987945410232,825.118358373642,2076.8979861727753,2076.8979861727753,0.02040776246607817,0.5432155132293701,2076.8979861727753,0.005,12.51272761532615,0.059341012737664796,0.05910144932568073,0.06521988958120346,0.08344107866287231,0.532155391004312,0.4514003589664168,1.0916387281324176,,,,,,,,,,,,,,,,,,0,update_snr,bayesian,0.1,20,,,,,,,,,,,,,,,,,,,,,,,,,,,,,,,,,,,,,,,,,0.004496503438633486,1
bayesfl_observability_v1,vi_sparse_bayesian_keep010_seed42,15,vi,248,19,1,,5,256,853.6604609012604,2.9075684547424316,2073.8669959968665,2073.8669959968665,,,3.7509214024638653,0.02502935752272606,0.9538642268209038,3.7509214024638653,,-0.0,2.28098669344155,853.6604609012604,2073.8669959968665,2073.8669959968665,0.020377979718943368,2.9075684547424316,2073.8669959968665,0.005,12.493128367196991,0.05933742109399519,0.059098849073052406,0.06522111892700196,0.08338048309087753,0.5306705567457367,0.45032198205916707,1.0898020611319943,,,,,,,,,,,,,,,,,,0,update_snr,bayesian,0.1,20,,,,,,,,,,,,,,,,,,,,,,,,,,,,,,,,,,,,,,,,,0.004497790599280083,1
bayesfl_observability_v1,vi_sparse_bayesian_keep010_seed42,15,vi,176,14,41,,5,256,871.4657674789429,0.1040113611919124,50.83622290610846,50.83622290610846,,,3.760516487961453,0.024978844448924065,0.9535348974268468,3.760516487961453,,-0.0,2.185987945410232,871.4657674789429,2084.285139150447,50.83622290610846,0.02048034921047899,0.1040113611919124,50.83622290610846,0.005,12.48148214261026,0.05934010808486695,0.05909976176917553,0.0652357891201973,0.08498057723045349,0.530062968930391,0.44949387088406056,1.086211124142089,,,,,,,,,,,,,,,,,,0,update_snr,bayesian,0.1,20,,,,,,,,,,,,,,,,,,,,,,,,,,,,,,,,,,,,,,,,,0.004498825686686981,41
bayesfl_observability_v1,vi_sparse_bayesian_keep010_seed42,16,vi,74,5,1,,5,256,821.3498132646084,0.05520002171397209,2042.2941489042676,2042.2941489042676,,,3.7528160633429604,0.025097325444221497,0.9558015569887819,3.7528160633429604,,-0.0,2.259365973874069,821.3498132646084,2042.2941489042676,2042.2941489042676,0.020067742447718067,0.05520002171397209,2042.2941489042676,0.005,12.764133452874624,0.05987019323894601,0.05962120555341244,0.06587592512369156,0.08507518470287323,0.5370089615720709,0.455276322736461,1.1054953498886082,,,,,,,,,,,,,,,,,,0,update_snr,bayesian,0.1,20,,,,,,,,,,,,,,,,,,,,,,,,,,,,,,,,,,,,,,,,,0.00458085840199517,1
bayesfl_observability_v1,vi_sparse_bayesian_keep010_seed42,16,vi,52,4,14,,5,256,833.7634707450867,0.08338301522391182,145.31029043421964,145.31029043421964,,,3.7468897941095434,0.02505706064403057,0.9561404273163007,3.7468897941095434,,-0.0,2.4040642619438994,833.7634707450867,2034.344066079075,145.31029043421964,0.01998962431049499,0.08338301522391182,145.31029043421964,0.005,12.791635164663992,0.05987336157473463,0.05960939638316631,0.06587860137224197,0.08691555261611938,0.5385491747721454,0.4568671390964751,1.1060445587441141,,,,,,,,,,,,,,,,,,0,update_snr,bayesian,0.1,20,,,,,,,,,,,,,,,,,,,,,,,,,,,,,,,,,,,,,,,,,0.0045792946919251416,14
bayesfl_observability_v1,vi_sparse_bayesian_keep010_seed42,16,vi,278,22,193,,5,256,956.8125652074814,0.0021040354676814896,10.868365535749586,10.868365535749586,,,3.8057589984174673,0.02505340427160263,0.9546272211156875,3.8057589984174673,,-0.0,2.185987945410232,956.8125652074814,2097.59454839967,10.868365535749586,0.020611128509380666,0.0021040354676814896,10.868365535749586,0.005,12.77943150924874,0.059867272041156015,0.05961763113737106,0.06585237458348274,0.08576435595750809,0.5380893088494629,0.45547224086230664,1.103353169190161,,,,,,,,,,,,,,,,,,0,update_snr,bayesian,0.1,20,,,,,,,,,,,,,,,,,,,,,,,,,,,,,,,,,,,,,,,,,0.00457634553171688,193
bayesfl_observability_v1,vi_sparse_bayesian_keep010_seed42,16,vi,286,22,1,,5,256,796.2895656108856,1.5377757549285889,2057.9087577222404,2057.9087577222404,,,3.767678053783354,0.02506742626428604,0.9554903220357484,3.767678053783354,,-0.0,2.185987945410232,796.2895656108856,2057.9087577222404,2057.9087577222404,0.020221172818337824,1.5377757549285889,2057.9087577222404,0.005,12.770818176934938,0.059872336952324884,0.059631574898958206,0.06584624350070953,0.08687164634466171,0.5372409089663958,0.4558076047241378,1.1030198788353314,,,,,,,,,,,,,,,,,,0,update_snr,bayesian,0.1,20,,,,,,,,,,,,,,,,,,,,,,,,,,,,,,,,,,,,,,,,,0.004577909442873582,1
bayesfl_observability_v1,vi_sparse_bayesian_keep010_seed42,16,vi,165,13,1662,,5,256,2626.875047415495,0.04779971061917705,1.4644859240358699,1.4644859240358699,,,4.022334438290548,0.06330424547195435,0.9496039271150288,4.022334438290548,,-0.0,2.3292713582565514,2626.875047415495,2433.9756057476156,1.4644859240358699,0.02391643515522861,0.04779971061917705,1.4644859240358699,0.005,12.832255629483024,0.0604067060115416,0.06011836230754852,0.06693501994013787,0.08834638446569443,0.5355091918016253,0.45247203628643506,1.1018850509245455,,,,,,,,,,,,,,,,,,0,update_snr,bayesian,0.1,20,,,,,,,,,,,,,,,,,,,,,,,,,,,,,,,,,,,,,,,,,0.004972525753432421,1662
bayesfl_observability_v1,vi_sparse_bayesian_keep010_seed42,16,vi,15,1,1,,5,256,850.9334095954895,5.073721408843994,2030.2002553079012,2030.2002553079012,,,3.7455460245376653,0.025053396821022034,0.9559682811564676,3.7455460245376653,,-0.0,2.3277319754160017,850.9334095954895,2030.2002553079012,2030.2002553079012,0.019948906900932508,5.073721408843994,2030.2002553079012,0.005,12.762959708373604,0.05986901635996477,0.059621185064315796,0.06586109399795533,0.08578699827194214,0.5371280275279455,0.45452928314998986,1.1021521270896748,,,,,,,,,,,,,,,,,,0,update_snr,bayesian,0.1,20,,,,,,,,,,,,,,,,,,,,,,,,,,,,,,,,,,,,,,,,,0.004574247919066398,1
bayesfl_observability_v1,vi_sparse_bayesian_keep010_seed42,16,vi,150,12,1,,5,256,825.535626077652,1.2181048393249512,2031.4038685704322,2031.4038685704322,,,3.744943575046077,0.025075027719140053,0.9560613322442164,3.744943575046077,,-0.0,2.3155014849272724,825.535626077652,2031.4038685704322,2031.4038685704322,0.019960733699227986,1.2181048393249512,2031.4038685704322,0.005,12.774055710407064,0.05987219002188991,0.05962126702070236,0.0658840149641037,0.08677269518375397,0.5372650192517155,0.4544301480017535,1.1038166815122514,,,,,,,,,,,,,,,,,,0,update_snr,bayesian,0.1,20,,,,,,,,,,,,,,,,,,,,,,,,,,,,,,,,,,,,,,,,,0.004582727924574505,1
bayesfl_observability_v1,vi_sparse_bayesian_keep010_seed42,16,vi,157,12,1,,5,256,802.790402173996,2.247448444366455,2053.3971141310003,2053.3971141310003,,,3.7663354348477487,0.025028932839632034,0.9555735114444949,3.7663354348477487,,-0.0,2.28098669344155,802.790402173996,2053.3971141310003,2053.3971141310003,0.020176841054642826,2.247448444366455,2053.3971141310003,0.005,12.77791202289701,0.05986830428780045,0.05961498245596886,0.0658421978354454,0.08469799906015396,0.5380726051374349,0.4561348666566958,1.1066512123679426,,,,,,,,,,,,,,,,,,0,update_snr,bayesian,0.1,20,,,,,,,,,,,,,,,,,,,,,,,,,,,,,,,,,,,,,,,,,0.004581072149383341,1
bayesfl_observability_v1,vi_sparse_bayesian_keep010_seed42,16,vi,178,14,1,,5,256,787.5652646541596,3.7417986392974854,2044.238078944941,2044.238078944941,,,3.7562967211659934,0.025082720443606377,0.9557563990081731,3.7562967211659934,,-0.0,2.28098669344155,787.5652646541596,2044.238078944941,2044.238078944941,0.020086843656725372,3.7417986392974854,2044.238078944941,0.005,12.769596447558389,0.05987387950041357,0.05962003022432327,0.06588518768548965,0.08444564789533615,0.5373352910281589,0.4549881075701582,1.1036530675262826,,,,,,,,,,,,,,,,,,0,update_snr,bayesian,0.1,20,,,,,,,,,,,,,,,,,,,,,,,,,,,,,,,,,,,,,,,,,0.004580314622001932,1
bayesfl_observability_v1,vi_sparse_bayesian_keep010_seed42,16,vi,186,14,12,,5,256,902.0848176956176,2.007664362589518,170.5185110457157,170.5185110457157,,,3.759159792320249,0.025071363896131516,0.955559503296689,3.759159792320249,,-0.0,2.3277319754160017,902.0848176956176,2046.2221325485887,170.5185110457157,0.020106339123008635,2.007664362589518,170.5185110457157,0.005,12.751499990416287,0.05987110729629907,0.05962176248431206,0.06587021350860596,0.08593977242708206,0.5365526977274768,0.45509822569971525,1.1044279672168096,,,,,,,,,,,,,,,,,,0,update_snr,bayesian,0.1,20,,,,,,,,,,,,,,,,,,,,,,,,,,,,,,,,,,,,,,,,,0.004578383409296329,12
bayesfl_observability_v1,vi_sparse_bayesian_keep010_seed42,16,vi,143,11,27,,5,256,890.328894996643,0.2516569208215784,75.64853082206217,75.64853082206217,,,3.7543968026982304,0.025075210258364677,0.9557397983304392,3.7543968026982304,,0.149994923610415,2.1788016114278856,890.328894996643,2042.5103321956788,75.64853082206217,0.02006986668169086,0.2516569208215784,75.64853082206217,0.005,12.760784724912032,0.05987075655258532,0.0596213024109602,0.0658700630068779,0.08662372082471848,0.5369285984417923,0.45433162053343745,1.1043588518686092,,,,,,,,,,,,,,,,,,0,update_snr,bayesian,0.1,20,,,,,,,,,,,,,,,,,,,,,,,,,,,,,,,,,,,,,,,,,0.004579878640031584,27
bayesfl_observability_v1,vi_sparse_bayesian_keep010_seed42,16,vi,8,0,25,,5,256,877.7105941772461,0.38672264099121095,81.54390464119658,81.54390464119658,,,3.752122091570878,0.025095701217651367,0.9558641553003853,3.752122091570878,,0.34883209584303193,1.9674200764769605,877.7105941772461,2038.5976160299144,81.54390464119658,0.020031420025841747,0.38672264099121095,81.54390464119658,0.005,12.770606336790404,0.05986906521888394,0.059627801179885864,0.06583774536848068,0.08684185892343521,0.537400851155842,0.45538261717654827,1.1037674876846835,,,,,,,,,,,,,,,,,,0,update_snr,bayesian,0.1,20,,,,,,,,,,,,,,,,,,,,,,,,,,,,,,,,,,,,,,,,,0.004577010524540147,25
bayesfl_observability_v1,vi_sparse_bayesian_keep010_seed42,16,vi,93,7,45,,5,256,838.1296319961548,0.04066692193349202,45.383156797774035,45.383156797774035,,,3.7532758001401776,0.025080081075429916,0.9560161215095312,3.7532758001401776,,-0.0,2.3096097079310103,838.1296319961548,2042.2420558998317,45.383156797774035,0.020067230577771756,0.04066692193349202,45.383156797774035,0.005,12.795664073610151,0.059873483471087015,0.059632355347275734,0.06586693152785301,0.08688817173242569,0.538036062542242,0.45622322595597803,1.1073313099895312,,,,,,,,,,,,,,,,,,0,update_snr,bayesian,0.1,20,,,,,,,,,,,,,,,,,,,,,,,,,,,,,,,,,,,,,,,,,0.004575770959768101,45
bayesfl_observability_v1,vi_sparse_bayesian_keep010_seed42,16,vi,214,17,232,,5,256,1208.3467096328736,0.5899763436153017,8.9314595104452,8.9314595104452,,,3.7813622605862207,0.025026312097907066,0.9550485649041159,3.7813622605862207,,1.7889541012136536,0.48857548101791376,1208.3467096328736,2072.098606423286,8.9314595104452,0.020360603384330215,0.5899763436153017,8.9314595104452,0.005,12.75532777874338,0.059866178600660964,0.05961322411894798,0.06586084738373757,0.08667288720607758,0.5367849769425311,0.4552352568021243,1.1018004471222755,,,,,,,,,,,,,,,,,,0,update_snr,bayesian,0.1,20,,,,,,,,,,,,,,,,,,,,,,,,,,,,,,,,,,,,,,,,,0.004577842113587718,232
bayesfl_observability_v1,vi_sparse_bayesian_keep010_seed42,16,vi,121,9,1,,5,256,856.5122062772513,2.873640298843384,2036.8385216050121,2036.8385216050121,,,3.749553329074946,0.025034479796886444,0.9560004754011753,3.749553329074946,,-0.0,2.28098669344155,856.5122062772513,2036.8385216050121,2036.8385216050121,0.020014135026088356,2.873640298843384,2036.8385216050121,0.005,12.781056774554212,0.059870420974211025,0.05962136760354042,0.06585303619503975,0.08622924238443375,0.537685547358353,0.4546412505797174,1.1052822493379437,,,,,,,,,,,,,,,,,,0,update_snr,bayesian,0.1,20,,,,,,,,,,,,,,,,,,,,,,,,,,,,,,,,,,,,,,,,,0.004581191552269557,1
bayesfl_observability_v1,vi_sparse_bayesian_keep010_seed42,17,vi,34,2,1824,,5,256,2574.2316111020746,0.03592364391998241,1.2914977377413372,1.2914977377413372,,,3.9919420546033297,0.058844566345214844,0.9530790660070833,3.9919420546033297,,-0.0,2.3163460082440825,2574.2316111020746,2355.691873640199,1.2914977377413372,0.023147213065148855,0.03592364391998241,1.2914977377413372,0.005,13.186839610269068,0.06121614380815859,0.06090647727251053,0.06814475357532501,0.09135192632675171,0.5428152055830349,0.45876322100189115,1.117943435646296,,,,,,,,,,,,,,,,,,0,update_snr,bayesian,0.1,20,,,,,,,,,,,,,,,,,,,,,,,,,,,,,,,,,,,,,,,,,0.005290710549911034,1824
bayesfl_observability_v1,vi_sparse_bayesian_keep010_seed42,17,vi,0,0,1,,5,256,826.1010721445084,1.2142064571380615,1993.1272175122547,1993.1272175122547,,,3.751889102164894,0.025068262591958046,0.9582499523421454,3.751889102164894,,-0.0,2.28098669344155,826.1010721445084,1993.1272175122547,1993.1272175122547,0.019584624324577523,1.2142064571380615,1993.1272175122547,0.005,13.121572237432112,0.06064849218271817,0.06038560904562473,0.06704517975449562,0.08772524446249008,0.545114829809932,0.46095170077418757,1.1203331753711803,,,,,,,,,,,,,,,,,,0,update_snr,bayesian,0.1,20,,,,,,,,,,,,,,,,,,,,,,,,,,,,,,,,,,,,,,,,,0.0048726226112790665,1
bayesfl_observability_v1,vi_sparse_bayesian_keep010_seed42,17,vi,199,15,1,,5,256,804.4967564105988,3.9074854850769043,2000.0726442132882,2000.0726442132882,,,3.7591957437445975,0.025041483342647552,0.9579770351509064,3.7591957437445975,,-0.0,2.3277319754160017,804.4967564105988,2000.0726442132882,2000.0726442132882,0.019652870631947414,3.9074854850769043,2000.0726442132882,0.005,13.105286667261229,0.060650557521911855,0.06039903126657009,0.06703243404626846,0.08886449038982391,0.5449246086561763,0.4613873897002174,1.1207369404180847,,,,,,,,,,,,,,,,,,0,update_snr,bayesian,0.1,20,,,,,,,,,,,,,,,,,,,,,,,,,,,,,,,,,,,,,,,,,0.004875005305183216,1
bayesfl_observability_v1,vi_sparse_bayesian_keep010_seed42,17,vi,110,8,1,,5,256,828.2270517110825,0.6283770799636841,1987.352230204417,1987.352230204417,,,3.749046347241413,0.025061938911676407,0.95825414037243,3.749046347241413,,-0.0,2.3096097079310103,828.2270517110825,1987.352230204417,1987.352230204417,0.0195278788464618,0.6283770799636841,1987.352230204417,0.005,13.112320427425582,0.06064932457118029,0.06037852540612221,0.06701348796486854,0.0883479118347168,0.5451036488219756,0.46166775979328506,1.1201706245897287,,,,,,,,,,,,,,,,,,0,update_snr,bayesian,0.1,20,,,,,,,,,,,,,,,,,,,,,,,,,,,,,,,,,,,,,,,,,0.004868875846504611,1
bayesfl_observability_v1,vi_sparse_bayesian_keep010_seed42,17,vi,251,20,1,,5,256,792.3499341011047,2.2024004459381104,1999.2238317807896,1999.2238317807896,,,3.759521556455885,0.025089537724852562,0.9580096697457844,3.759521556455885,,-0.0,2.3163460082440825,792.3499341011047,1999.2238317807896,1999.2238317807896,0.01964453013442851,2.2024004459381104,1999.2238317807896,0.005,13.111440223003745,0.060647994774541344,0.06039205938577652,0.06702787205576898,0.08855640143156052,0.5446513051769645,0.46013325277656597,1.1213280866055069,,,,,,,,,,,,,,,,,,0,update_snr,bayesian,0.1,20,,,,,,,,,,,,,,,,,,,,,,,,,,,,,,,,,,,,,,,,,0.004871531450478367,1
bayesfl_observability_v1,vi_sparse_bayesian_keep010_seed42,17,vi,141,11,1,,5,256,815.1211533218623,0.4604460299015045,1989.6933187992008,1989.6933187992008,,,3.7490122645710584,0.025031253695487976,0.9583750856337315,3.7490122645710584,,-0.0,2.3096097079310103,815.1211533218623,1989.6933187992008,1989.6933187992008,0.01955088256656383,0.4604460299015045,1989.6933187992008,0.005,13.130637483063214,0.060645722730896606,0.060387082397937775,0.06704052388668061,0.08970429003238678,0.5455858313378129,0.45976295734535644,1.1204136632734847,,,,,,,,,,,,,,,,,,0,update_snr,bayesian,0.1,20,,,,,,,,,,,,,,,,,,,,,,,,,,,,,,,,,,,,,,,,,0.004870168597427196,1
bayesfl_observability_v1,vi_sparse_bayesian_keep010_seed42,17,vi,144,11,1,,5,256,817.208583343029,0.4673368036746979,1995.9042139438318,1995.9042139438318,,,3.757388295435783,0.02504386566579342,0.9581280309321416,3.757388295435783,,-0.0,2.185987945410232,817.208583343029,1995.9042139438318,1995.9042139438318,0.01961191130926434,0.4673368036746979,1995.9042139438318,0.005,13.122077783328708,0.06064389572455312,0.060383714735507965,0.06701400727033616,0.08992020040750504,0.5452618719888108,0.4606686229138858,1.1216126917847584,,,,,,,,,,,,,,,,,,0,update_snr,bayesian,0.1,20,,,,,,,,,,,,,,,,,,,,,,,,,,,,,,,,,,,,,,,,,0.004872142883238266,1
bayesfl_observability_v1,vi_sparse_bayesian_keep010_seed42,17,vi,160,12,3221,,5,256,2510.482273380573,0.08554240614314584,0.7288379631446317,0.7288379631446317,,,3.9610569321126152,0.07613392174243927,0.9538661834492467,3.9610569321126152,,0.6845683881983222,1.6114184451985936,2510.482273380573,2347.5870792888586,0.7288379631446317,0.02306757472033859,0.08554240614314584,0.7288379631446317,0.005,13.193134372401873,0.06122077270226557,0.06088809669017792,0.06829683780670166,0.09038238227367401,0.5434398856051951,0.45950200723633106,1.1178205642116228,,,,,,,,,,,,,,,,,,0,update_snr,bayesian,0.1,20,,,,,,,,,,,,,,,,,,,,,,,,,,,,,,,,,,,,,,,,,0.005377187121417052,3221
bayesfl_observability_v1,vi_sparse_bayesian_keep010_seed42,17,vi,279,22,125,,5,256,878.6919868469238,0.00860727310180664,16.164200561714797,16.164200561714797,,,3.7789581727129153,0.025072790682315826,0.9575198118200741,3.7789581727129153,,-0.0,2.259365973874069,878.6919868469238,2020.5250702143496,16.164200561714797,0.01985383777355163,0.00860727310180664,16.164200561714797,0.005,13.104546255162791,0.06064230226847088,0.06036136858165264,0.06701759919524193,0.08928874880075455,0.5446426154277518,0.46154968228240234,1.1180334454244143,,,,,,,,,,,,,,,,,,0,update_snr,bayesian,0.1,20,,,,,,,,,,,,,,,,,,,,,,,,,,,,,,,,,,,,,,,,,0.004865528262347633,125
bayesfl_observability_v1,vi_sparse_bayesian_keep010_seed42,17,vi,270,21,1,,5,256,809.455543577671,0.2640189528465271,1996.725203067611,1996.725203067611,,,3.7562720657184077,0.02503812313079834,0.9582558829277281,3.7562720657184077,,-0.0,2.185987945410232,809.455543577671,1996.725203067611,1996.725203067611,0.019619978412770078,0.2640189528465271,1996.725203067611,0.005,13.137559350714383,0.060648913056842876,0.06038702838122845,0.06703586876392365,0.08660604804754257,0.5461630726997198,0.4618512241505869,1.119153972878769,,,,,,,,,,,,,,,,,,0,update_snr,bayesian,0.1,20,,,,,,,,,,,,,,,,,,,,,,,,,,,,,,,,,,,,,,,,,0.004868253369608669,1
bayesfl_observability_v1,vi_sparse_bayesian_keep010_seed42,17,vi,271,21,90,,5,256,914.18329372406,0.040448715951707626,22.604114927682012,22.604114927682012,,,3.7909509843440827,0.02505159005522728,0.9572849628214809,3.7909509843440827,,-0.0,2.311121424016332,914.18329372406,2034.3703434913812,22.604114927682012,0.019989882514408776,0.040448715951707626,22.604114927682012,0.005,13.110770698174262,0.06064534268971656,0.06037215515971184,0.0670318715274334,0.08715388178825378,0.5446623386161819,0.4605820764727212,1.1185800071864251,,,,,,,,,,,,,,,,,,0,update_snr,bayesian,0.1,20,,,,,,,,,,,,,,,,,,,,,,,,,,,,,,,,,,,,,,,,,0.004873396062792727,90
bayesfl_observability_v1,vi_sparse_bayesian_keep010_seed42,17,vi,53,4,1,,5,256,804.1982191562653,0.5472880601882935,1993.8413254463076,1993.8413254463076,,,3.754616005556623,0.02510455809533596,0.9582185583273942,3.754616005556623,,-0.0,2.3155014849272724,804.1982191562653,1993.8413254463076,1993.8413254463076,0.019591641205132234,0.5472880601882935,1993.8413254463076,0.005,13.126234475261029,0.06064845636809863,0.060378964990377426,0.06705179587006568,0.08664868772029877,0.5452091776630472,0.46075324248627936,1.122682164072954,,,,,,,,,,,,,,,,,,0,update_snr,bayesian,0.1,20,,,,,,,,,,,,,,,,,,,,,,,,,,,,,,,,,,,,,,,,,0.004872807965091997,1
bayesfl_observability_v1,vi_sparse_bayesian_keep010_seed42,17,vi,60,4,51,,5,256,903.0804847717285,0.17067591349283853,39.455480008368106,39.455480008368106,,,3.7706442869930767,0.025103548541665077,0.9577279482256176,3.7706442869930767,,0.15407610367102942,2.157614259471844,903.0804847717285,2012.2294804267735,39.455480008368106,0.019772324657824247,0.17067591349283853,39.455480008368106,0.005,13.107233770827685,0.06064258497056446,0.06037468463182449,0.06704993024468422,0.08981575816869736,0.5446993882053531,0.46187342408599885,1.1199425125765923,,,,,,,,,,,,,,,,,,0,update_snr,bayesian,0.1,20,,,,,,,,,,,,,,,,,,,,,,,,,,,,,,,,,,,,,,,,,0.004869199831989902,51
bayesfl_observability_v1,vi_sparse_bayesian_keep010_seed42,17,vi,69,5,63,,5,256,867.0540924072266,0.2758083646259611,32.001711271441344,32.001711271441344,,,3.7743003334741223,0.025020569562911987,0.9577375747247049,3.7743003334741223,,0.6915136378174996,1.579280430685095,867.0540924072266,2016.1078101008047,32.001711271441344,0.019810433429309274,0.2758083646259611,32.001711271441344,0.005,13.1214505876931,0.06064593282778874,0.060387250036001205,0.06702675372362137,0.08615569770336151,0.5446752078983675,0.4596987369061125,1.1207210402794652,,,,,,,,,,,,,,,,,,0,update_snr,bayesian,0.1,20,,,,,,,,,,,,,,,,,,,,,,,,,,,,,,,,,,,,,,,,,0.004871958943360858,63
bayesfl_observability_v1,vi_sparse_bayesian_keep010_seed42,17,vi,248,19,1,,5,256,816.2192418336869,2.3871326446533203,1991.0327524364097,1991.0327524364097,,,3.7528956905727906,0.025053419172763824,0.9580465892016116,3.7528956905727906,,-0.0,2.28098669344155,816.2192418336869,1991.0327524364097,1991.0327524364097,0.019564043946510856,2.3871326446533203,1991.0327524364097,0.005,13.093798819561808,0.06064655235297286,0.06038926914334297,0.06700438633561134,0.08700243383646011,0.5439330177946848,0.45983078802065436,1.118864242629686,,,,,,,,,,,,,,,,,,0,update_snr,bayesian,0.1,20,,,,,,,,,,,,,,,,,,,,,,,,,,,,,,,,,,,,,,,,,0.004867696861228329,1
bayesfl_observability_v1,vi_sparse_bayesian_keep010_seed42,18,vi,138,11,1,,5,256,819.96176071167,4.572090148925781,1941.4664699862126,1941.4664699862126,,,3.7554528162625624,0.025048941373825073,0.9600472613302206,3.7554528162625624,,-0.0,2.3277319754160017,819.96176071167,1941.4664699862126,1941.4664699862126,0.019077001768558637,4.572090148925781,1941.4664699862126,0.005,13.419997547949036,0.06153173103585943,0.0612272210419178,0.06832555532455445,0.08908302336931229,0.5498391787559439,0.4652449260056971,1.1325476205646434,,,,,,,,,,,,,,,,,,0,update_snr,bayesian,0.1,20,,,,,,,,,,,,,,,,,,,,,,,,,,,,,,,,,,,,,,,,,0.0051765071037176945,1
bayesfl_observability_v1,vi_sparse_bayesian_keep010_seed42,18,vi,87,7,14,,5,256,819.840218925476,1.310687473842076,139.63779865719988,139.63779865719988,,,3.7685034240632453,0.02506071887910366,0.9597568550168468,3.7685034240632453,,0.39267446722755217,1.9352627592338563,819.840218925476,1954.9291812007982,139.63779865719988,0.019209287424592693,1.310687473842076,139.63779865719988,0.005,13.419006991396989,0.0615239481140143,0.06123269163072109,0.06833905950188637,0.08910051733255386,0.5495992980593519,0.46417156219074973,1.1308403098987323,,,,,,,,,,,,,,,,,,0,update_snr,bayesian,0.1,20,,,,,,,,,,,,,,,,,,,,,,,,,,,,,,,,,,,,,,,,,0.005175422142708163,14
bayesfl_observability_v1,vi_sparse_bayesian_keep010_seed42,18,vi,93,7,45,,5,256,862.205848312378,0.08643363316853842,43.340146166411714,43.340146166411714,,,3.763140922403393,0.02507472038269043,0.9598358382350398,3.763140922403393,,-0.0,2.3096097079310103,862.205848312378,1950.306577488527,43.340146166411714,0.019163865358047823,0.08643363316853842,43.340146166411714,0.005,13.412844779341448,0.06153265925154853,0.061248768121004105,0.06833049431443214,0.0898398831486702,0.5495200685405609,0.4659213671992108,1.131778171299238,,,,,,,,,,,,,,,,,,0,update_snr,bayesian,0.1,20,,,,,,,,,,,,,,,,,,,,,,,,,,,,,,,,,,,,,,,,,0.005179813732216847,45
bayesfl_observability_v1,vi_sparse_bayesian_keep010_seed42,18,vi,35,2,1,,5,256,775.0893680512905,0.21459172666072845,1949.1315534927655,1949.1315534927655,,,3.7618124643535618,0.02507760003209114,0.9598387222462736,3.7618124643535618,,-0.0,2.3163460082440825,775.0893680512905,1949.1315534927655,1949.1315534927655,0.019152319480129364,0.21459172666072845,1949.1315534927655,0.005,13.408592716305474,0.06153048590902549,0.061246078461408615,0.06833776384592057,0.08974970877170563,0.549442228729718,0.4646130222331909,1.129182421168418,,,,,,,,,,,,,,,,,,0,update_snr,bayesian,0.1,20,,,,,,,,,,,,,,,,,,,,,,,,,,,,,,,,,,,,,,,,,0.005178648777662043,1
bayesfl_observability_v1,vi_sparse_bayesian_keep010_seed42,18,vi,36,2,1,,5,256,805.2871457219123,0.7197638750076294,1943.0154444073248,1943.0154444073248,,,3.7567538891508128,0.025024311617016792,0.9599268649860389,3.7567538891508128,,-0.0,2.185987945410232,805.2871457219123,1943.0154444073248,1943.0154444073248,0.019092222112678834,0.7197638750076294,1943.0154444073248,0.005,13.404978580131388,0.06153056326504276,0.061236338689923286,0.06834419593214988,0.08914625644683838,0.5489994658536341,0.46431481577586187,1.1330039042893705,,,,,,,,,,,,,,,,,,0,update_snr,bayesian,0.1,20,,,,,,,,,,,,,,,,,,,,,,,,,,,,,,,,,,,,,,,,,0.005180261846391598,1
bayesfl_observability_v1,vi_sparse_bayesian_keep010_seed42,18,vi,43,3,1,,5,256,805.3064631462097,1.6486153602600098,1947.8861768322329,1947.8861768322329,,,3.7608044283465953,0.02505600079894066,0.9598843007703916,3.7608044283465953,,-0.0,2.311121424016332,805.3064631462097,1947.8861768322329,1947.8861768322329,0.019140082311410365,1.6486153602600098,1947.8861768322329,0.005,13.412444102338345,0.061525090460319516,0.06123587302863598,0.06832887902855873,0.08898971229791641,0.5496021567576943,0.46515942556784495,1.1313229837312515,,,,,,,,,,,,,,,,,,0,update_snr,bayesian,0.1,20,,,,,,,,,,,,,,,,,,,,,,,,,,,,,,,,,,,,,,,,,0.0051819496030149955,1
bayesfl_observability_v1,vi_sparse_bayesian_keep010_seed42,18,vi,127,10,1062,,5,256,2448.4123808717727,0.01372984921640371,2.5152734966242507,2.5152734966242507,,,4.365647395036547,0.06530838459730148,0.9469833382448535,4.365647395036547,,-0.0,2.28098669344155,2448.4123808717727,2671.220453414954,2.5152734966242507,0.026247621631275957,0.01372984921640371,2.5152734966242507,0.005,13.588181148608586,0.062024942741502276,0.06169910170137882,0.06920080780982972,0.09218623489141464,0.5522174767643043,0.4676110537756637,1.1362286128758088,,,,,,,,,,,,,,,,,,0,update_snr,bayesian,0.1,20,,,,,,,,,,,,,,,,,,,,,,,,,,,,,,,,,,,,,,,,,0.0054776574901543125,1062
bayesfl_observability_v1,vi_sparse_bayesian_keep010_seed42,18,vi,134,10,1,,5,256,827.3343076229096,0.46018528938293457,1942.7356912592584,1942.7356912592584,,,3.75661443073021,0.025064365938305855,0.9599336947433347,3.75661443073021,,-0.0,2.3096097079310103,827.3343076229096,1942.7356912592584,1942.7356912592584,0.019089473236309898,0.46018528938293457,1942.7356912592584,0.005,13.405600677428804,0.06153131590568066,0.06123393215239048,0.06833450570702553,0.08909803628921509,0.5488737654171921,0.46319034590069497,1.1305308963646785,,,,,,,,,,,,,,,,,,0,update_snr,bayesian,0.1,20,,,,,,,,,,,,,,,,,,,,,,,,,,,,,,,,,,,,,,,,,0.0051759060909771165,1
bayesfl_observability_v1,vi_sparse_bayesian_keep010_seed42,18,vi,208,16,1492,,5,256,2631.048316891988,0.0639390165620451,1.7077014129479242,1.7077014129479242,,,4.243545816280367,0.05886761099100113,0.9498761905627242,4.243545816280367,,0.2345060748432112,2.0889349747065498,2631.048316891988,2547.890508118303,1.7077014129479242,0.02503577191823035,0.0639390165620451,1.7077014129479242,0.005,13.573639655397995,0.06207016235861883,0.0617300309240818,0.06934949979186059,0.09130684286355972,0.5508000675081569,0.46474558341870936,1.13585373585183,,,,,,,,,,,,,,,,,,0,update_snr,bayesian,0.1,20,,,,,,,,,,,,,,,,,,,,,,,,,,,,,,,,,,,,,,,,,0.00551983235736201,1492
bayesfl_observability_v1,vi_sparse_bayesian_keep010_seed42,18,vi,291,23,1,,5,256,786.56528236866,0.9769737720489502,1951.2826263506172,1951.2826263506172,,,3.7635147350970235,0.0250532366335392,0.9599345640530014,3.7635147350970235,,-0.0,2.3096097079310103,786.56528236866,1951.2826263506172,1951.2826263506172,0.019173456090700768,0.9769737720489502,1951.2826263506172,0.005,13.430118987115945,0.061530244372103506,0.06123475730419159,0.06831917464733124,0.08898218721151352,0.550116230968198,0.46551906305178237,1.129508106527136,,,,,,,,,,,,,,,,,,0,update_snr,bayesian,0.1,20,,,,,,,,,,,,,,,,,,,,,,,,,,,,,,,,,,,,,,,,,0.005181892034325978,1
bayesfl_observability_v1,vi_sparse_bayesian_keep010_seed42,18,vi,282,22,9,,5,256,802.0720057487488,0.704408327738444,217.07647091907796,217.07647091907796,,,3.7659589310104375,0.024984121322631836,0.9596950421960424,3.7659589310104375,,-0.0,2.185987945410232,802.0720057487488,1953.6882382717017,217.07647091907796,0.01919709382206644,0.704408327738444,217.07647091907796,0.005,13.39987541139889,0.06152961060944335,0.06123314052820206,0.06834273114800453,0.090846486389637,0.5494078591968753,0.4647940170308289,1.125139694078347,,,,,,,,,,,,,,,,,,0,update_snr,bayesian,0.1,20,,,,,,,,,,,,,,,,,,,,,,,,,,,,,,,,,,,,,,,,,0.005178157907473129,9
bayesfl_observability_v1,vi_sparse_bayesian_keep010_seed42,18,vi,223,17,1,,5,256,780.3535816192627,1.6402714252471924,1959.693072398707,1959.693072398707,,,3.772059426422967,0.025058327242732048,0.95943694788879,3.772059426422967,,-0.0,2.311121424016332,780.3535816192627,1959.693072398707,1959.693072398707,0.019256097793050084,1.6402714252471924,1959.693072398707,0.005,13.379236891711596,0.06152748270195471,0.06124607101082802,0.06833812966942787,0.09051770716905594,0.5483168950210204,0.4635048230502468,1.127594753533778,,,,,,,,,,,,,,,,,,0,update_snr,bayesian,0.1,20,,,,,,,,,,,,,,,,,,,,,,,,,,,,,,,,,,,,,,,,,0.005176598323242493,1
bayesfl_observability_v1,vi_sparse_bayesian_keep010_seed42,18,vi,0,0,1,,5,256,797.2982145667077,0.021635932847857475,1950.4572326106486,1950.4572326106486,,,3.7638060281562336,0.025046544149518013,0.9597706848130343,3.7638060281562336,,-0.0,2.28098669344155,797.2982145667077,1950.4572326106486,1950.4572326106486,0.019165345707090976,0.021635932847857475,1950.4572326106486,0.005,13.404575388858198,0.06153142108416597,0.061240581795573235,0.06833382621407509,0.08849247545003891,0.5496983772812322,0.4657929928201959,1.1298556090758738,,,,,,,,,,,,,,,,,,0,update_snr,bayesian,0.1,20,,,,,,,,,,,,,,,,,,,,,,,,,,,,,,,,,,,,,,,,,0.00517681233803827,1
bayesfl_observability_v1,vi_sparse_bayesian_keep010_seed42,18,vi,229,18,46,,5,256,863.3766822814941,0.19138800579568613,42.59468492656335,42.59468492656335,,,3.77269817956468,0.025026140734553337,0.9595680003656113,3.77269817956468,,0.22371807606583377,2.084207925130502,863.3766822814941,1959.3555066219144,42.59468492656335,0.019252780845258076,0.19138800579568613,42.59468492656335,0.005,13.403195122084574,0.06152588105264974,0.0612266156822443,0.06829067543148995,0.08999123424291611,0.5490732787165045,0.4636819381937214,1.128719494569463,,,,,,,,,,,,,,,,,,0,update_snr,bayesian,0.1,20,,,,,,,,,,,,,,,,,,,,,,,,,,,,,,,,,,,,,,,,,0.005177992995670015,46
bayesfl_observability_v1,vi_sparse_bayesian_keep010_seed42,18,vi,242,19,1,,5,256,777.4297701179981,0.9041562080383301,1947.90180223014,1947.90180223014,,,3.760730705229644,0.025041833519935608,0.9599348187078849,3.760730705229644,,-0.0,2.185987945410232,777.4297701179981,1947.90180223014,1947.90180223014,0.019140235847795423,0.9041562080383301,1947.90180223014,0.005,13.420387103450205,0.06153411865311245,0.06124698556959629,0.06832423880696298,0.09097950905561447,0.5504253377091255,0.46550875464855535,1.1289634704689517,,,,,,,,,,,,,,,,,,0,update_snr,bayesian,0.1,20,,,,,,,,,,,,,,,,,,,,,,,,,,,,,,,,,,,,,,,,,0.0051778042131347774,1
bayesfl_observability_v1,vi_sparse_bayesian_keep010_seed42,19,vi,33,2,1,,5,256,816.5849581718445,0.9694995880126953,1894.1030294886116,1894.1030294886116,,,3.7569558666690224,0.025081221014261246,0.9617994371938268,3.7569558666690224,,-0.0,2.3096097079310103,816.5849581718445,1894.1030294886116,1894.1030294886116,0.018611604888362106,0.9694995880126953,1894.1030294886116,0.005,13.72373815213502,0.06239328610252231,0.062078459188342094,0.06950804665684701,0.09238896518945694,0.5539649629161671,0.46642694039347254,1.1424299414673513,,,,,,,,,,,,,,,,,,0,update_snr,bayesian,0.1,20,,,,,,,,,,,,,,,,,,,,,,,,,,,,,,,,,,,,,,,,,0.005410759506437508,1
bayesfl_observability_v1,vi_sparse_bayesian_keep010_seed42,19,vi,119,9,1,,5,256,759.0669709444046,0.4623609185218811,1911.486863630652,1911.486863630652,,,3.7757414203473996,0.02507011778652668,0.961479847702689,3.7757414203473996,,-0.0,2.3163460082440825,759.0669709444046,1911.486863630652,1911.486863630652,0.018782419805744837,0.4623609185218811,1911.486863630652,0.005,13.736188576426189,0.06239526251939896,0.06208201125264168,0.06951214969158173,0.09184696525335312,0.5553645903393526,0.4685538834200933,1.1437324483604885,,,,,,,,,,,,,,,,,,0,update_snr,bayesian,0.1,20,,,,,,,,,,,,,,,,,,,,,,,,,,,,,,,,,,,,,,,,,0.0054124645375910885,1
bayesfl_observability_v1,vi_sparse_bayesian_keep010_seed42,19,vi,154,12,211,,5,256,1024.1775953292847,0.056887983710844935,9.407872250498077,9.407872250498077,,,3.847330597614971,0.025053396821022034,0.9601658640965227,3.847330597614971,,0.08650308759353696,2.224707645554893,1024.1775953292847,1985.0610448550942,9.407872250498077,0.01950536547956268,0.056887983710844935,9.407872250498077,0.005,13.768408217336372,0.06238991484485974,0.06209761090576649,0.06948688551783562,0.09117358177900314,0.556065313526915,0.46877111677239247,1.142619168459355,,,,,,,,,,,,,,,,,,0,update_snr,bayesian,0.1,20,,,,,,,,,,,,,,,,,,,,,,,,,,,,,,,,,,,,,,,,,0.005410226031319764,211
bayesfl_observability_v1,vi_sparse_bayesian_keep010_seed42,19,vi,155,12,1,,5,256,781.4125754952431,0.46087560057640076,1899.2070002643309,1899.2070002643309,,,3.763134388200088,0.02509092539548874,0.9618469487345059,3.763134388200088,,-0.0,2.28098669344155,781.4125754952431,1899.2070002643309,1899.2070002643309,0.01866175690541742,0.46087560057640076,1899.2070002643309,0.005,13.754541425309563,0.062393416900257646,0.06209121271967888,0.06949584260582924,0.09254688769578934,0.5554735870962224,0.4685461196057723,1.1430246289621806,,,,,,,,,,,,,,,,,,0,update_snr,bayesian,0.1,20,,,,,,,,,,,,,,,,,,,,,,,,,,,,,,,,,,,,,,,,,0.005410418258253057,1
bayesfl_observability_v1,vi_sparse_bayesian_keep010_seed42,19,vi,16,1,1,,5,256,772.1786494731903,1.5908831357955933,1903.6491359332874,1903.6491359332874,,,3.76566475774907,0.025069769471883774,0.9616041857167386,3.76566475774907,,-0.0,2.311121424016332,772.1786494731903,1903.6491359332874,1903.6491359332874,0.0187054056788178,1.5908831357955933,1903.6491359332874,0.005,13.721152112431561,0.06239369779051381,0.062067510560154915,0.06949107348918915,0.09277358651161194,0.5542205512057568,0.46714366362071125,1.1424678700712096,,,,,,,,,,,,,,,,,,0,update_snr,bayesian,0.1,20,,,,,,,,,,,,,,,,,,,,,,,,,,,,,,,,,,,,,,,,,0.0054124401429301,1
bayesfl_observability_v1,vi_sparse_bayesian_keep010_seed42,19,vi,61,4,19,,5,256,785.3778249740601,0.0798047843732332,100.0109011412693,100.0109011412693,,,3.763079003853068,0.025095313787460327,0.9616202862332687,3.763079003853068,,0.19144408195771734,2.068951449990993,785.3778249740601,1900.2071216841168,100.0109011412693,0.018671584176909863,0.0798047843732332,100.0109011412693,0.005,13.714440254793953,0.06239503162925928,0.062088390812277794,0.06949108392000199,0.09070811420679092,0.5535642151082292,0.46614686291306745,1.141303346776271,,,,,,,,,,,,,,,,,,0,update_snr,bayesian,0.1,20,,,,,,,,,,,,,,,,,,,,,,,,,,,,,,,,,,,,,,,,,0.005412692248429074,19
bayesfl_observability_v1,vi_sparse_bayesian_keep010_seed42,19,vi,167,13,726,,5,256,2173.593007771174,0.0004483917343222405,4.322351643847076,4.322351643847076,,,4.825403403586075,0.05807740241289139,0.9394238491513595,4.825403403586075,,-0.0,2.3292713582565514,2173.593007771174,3138.0272934329773,4.322351643847076,0.030834502244600347,0.0004483917343222405,4.322351643847076,0.005,14.078099790124357,0.0627327281156264,0.06239684298634529,0.07006897106766702,0.0932045504450798,0.5654603868111979,0.4780009796643989,1.1631764172705714,,,,,,,,,,,,,,,,,,0,update_snr,bayesian,0.1,20,,,,,,,,,,,,,,,,,,,,,,,,,,,,,,,,,,,,,,,,,0.005588466542456348,726
bayesfl_observability_v1,vi_sparse_bayesian_keep010_seed42,19,vi,168,13,2012,,5,256,2534.460873949528,0.12843023758996316,1.1520165382512833,1.1520165382512833,,,4.070264913980494,0.06780941784381866,0.9557797249823752,4.070264913980494,,0.33910841614601644,1.9866937607637536,2534.460873949528,2317.857274961582,1.1520165382512833,0.02277544733184221,0.12843023758996316,1.1520165382512833,0.005,13.840355534056227,0.06297878047325639,0.0626223236322403,0.07057848572731018,0.09727022051811218,0.553918635472449,0.46774701392339035,1.1395563649708678,,,,,,,,,,,,,,,,,,0,update_snr,bayesian,0.1,20,,,,,,,,,,,,,,,,,,,,,,,,,,,,,,,,,,,,,,,,,0.00581463897916608,2012
bayesfl_observability_v1,vi_sparse_bayesian_keep010_seed42,19,vi,174,13,3,,5,256,744.9641175627709,0.2755938371022542,634.7092191023453,634.7092191023453,,,3.7682584548827713,0.025094933807849884,0.9616504189881788,3.7682584548827713,,-0.0,2.28098669344155,744.9641175627709,1904.1276573070359,634.7092191023453,0.01871010766735812,0.2755938371022542,634.7092191023453,0.005,13.738820744656635,0.06239641320893417,0.062076522037386894,0.06951450034976006,0.09001382440328598,0.5546490845957317,0.4673533296831556,1.142926771503536,,,,,,,,,,,,,,,,,,0,update_snr,bayesian,0.1,20,,,,,,,,,,,,,,,,,,,,,,,,,,,,,,,,,,,,,,,,,0.005412747355416828,3
bayesfl_observability_v1,vi_sparse_bayesian_keep010_seed42,19,vi,238,19,72,,5,256,840.1810734510422,0.008292850520875718,26.669089498723284,26.669089498723284,,,3.784419971083958,0.0250953808426857,0.9612820729064224,3.784419971083958,,-0.0,2.3163460082440825,840.1810734510422,1920.1744439080765,26.669089498723284,0.018867784650762272,0.008292850520875718,26.669089498723284,0.005,13.733218215540855,0.06239591373341707,0.06208905950188637,0.06950775757431985,0.09052729606628418,0.5548588604864674,0.46782295413915276,1.1431973578564079,,,,,,,,,,,,,,,,,,0,update_snr,bayesian,0.1,20,,,,,,,,,,,,,,,,,,,,,,,,,,,,,,,,,,,,,,,,,0.005410689157515391,72
bayesfl_observability_v1,vi_sparse_bayesian_keep010_seed42,19,vi,246,19,85,,5,256,887.3942960739136,0.05521377114688649,22.586441470646466,22.586441470646466,,,3.7834310899219386,0.02508861944079399,0.9614714902415638,3.7834310899219386,,-0.0,2.3096097079310103,887.3942960739136,1919.8475250049496,22.586441470646466,0.01886457231998575,0.05521377114688649,22.586441470646466,0.005,13.76245063449228,0.06239576312421675,0.06208091229200363,0.06951990723609924,0.09007835388183594,0.5554220658635028,0.46844871785929765,1.144467774103938,,,,,,,,,,,,,,,,,,0,update_snr,bayesian,0.1,20,,,,,,,,,,,,,,,,,,,,,,,,,,,,,,,,,,,,,,,,,0.005412062912120114,85
bayesfl_observability_v1,vi_sparse_bayesian_keep010_seed42,19,vi,248,19,1,,5,256,768.0981070876121,0.19998155534267426,1899.5847893167825,1899.5847893167825,,,3.7642500359935145,0.02506474405527115,0.9617070388130932,3.7642500359935145,,-0.0,2.28098669344155,768.0981070876121,1899.5847893167825,1899.5847893167825,0.018665469090270045,0.19998155534267426,1899.5847893167825,0.005,13.734153417550727,0.062393954899383514,0.062088336795568466,0.06950815543532372,0.09139645844697952,0.5549072282616534,0.4676517385095199,1.1440147604707989,,,,,,,,,,,,,,,,,,0,update_snr,bayesian,0.1,20,,,,,,,,,,,,,,,,,,,,,,,,,,,,,,,,,,,,,,,,,0.005404937213223423,1
bayesfl_observability_v1,vi_sparse_bayesian_keep010_seed42,19,vi,85,6,1,,5,256,743.8373549222946,0.41779348254203796,1904.762673744301,1904.762673744301,,,3.7711152865022055,0.02507275901734829,0.9616270400478024,3.7711152865022055,,-0.0,2.3277319754160017,743.8373549222946,1904.762673744301,1904.762673744301,0.018716347388663665,0.41779348254203796,1904.762673744301,0.005,13.74509912273534,0.062394442296277344,0.06210102699697018,0.06949273496866226,0.09093760699033737,0.5549866826809657,0.4667870632497894,1.1459787517975901,,,,,,,,,,,,,,,,,,0,update_snr,bayesian,0.1,20,,,,,,,,,,,,,,,,,,,,,,,,,,,,,,,,,,,,,,,,,0.005412519598838481,1
bayesfl_observability_v1,vi_sparse_bayesian_keep010_seed42,19,vi,201,16,28,,5,256,780.9435090065002,0.20160893031529017,67.84215152055991,67.84215152055991,,,3.761962404789663,0.02506805770099163,0.961734869048236,3.761962404789663,,-0.0,2.28098669344155,780.9435090065002,1899.5802425756776,67.84215152055991,0.018665424413635428,0.20160893031529017,67.84215152055991,0.005,13.730692601876518,0.06239564642299161,0.06209309212863445,0.06947051361203194,0.09094148874282837,0.554190877134525,0.46749512643369096,1.1447653575875112,,,,,,,,,,,,,,,,,,0,update_snr,bayesian,0.1,20,,,,,,,,,,,,,,,,,,,,,,,,,,,,,,,,,,,,,,,,,0.00540858944737057,28
bayesfl_observability_v1,vi_sparse_bayesian_keep010_seed42,19,vi,215,17,2060,,5,256,2460.1839418245686,0.009962683764186877,1.1125302539596207,1.1125302539596207,,,4.0394129651341055,0.06133148819208145,0.9563392550749663,4.0394129651341055,,-0.0,2.185987945410232,2460.1839418245686,2291.812323156819,1.1125302539596207,0.022519527593169095,0.009962683764186877,1.1125302539596207,0.005,13.821323262485478,0.06297396495725992,0.06262123584747314,0.07060999944806098,0.09458093345165253,0.5533639766250742,0.46799848845535696,1.139555311189235,,,,,,,,,,,,,,,,,,0,update_snr,bayesian,0.1,20,,,,,,,,,,,,,,,,,,,,,,,,,,,,,,,,,,,,,,,,,0.005832342796602939,2060
bayesfl_observability_v1,vi_sparse_bayesian_keep010_seed42,20,vi,190,15,1,,5,256,760.6040518760681,1.5281957387924194,1855.4074906879266,1855.4074906879266,,,3.7703214147085244,0.025040283799171448,0.962790597833303,3.7703214147085244,,-0.0,2.311121424016332,760.6040518760681,1855.4074906879266,1855.4074906879266,0.018231379489907898,1.5281957387924194,1855.4074906879266,0.005,13.951301685984047,0.06324696364484297,0.06293585523962975,0.07062100246548653,0.09089722484350204,0.5567829650358386,0.47122124499378326,1.146199866765208,,,,,,,,,,,,,,,,,,0,update_snr,bayesian,0.1,20,,,,,,,,,,,,,,,,,,,,,,,,,,,,,,,,,,,,,,,,,0.005613988789544345,1
bayesfl_observability_v1,vi_sparse_bayesian_keep010_seed42,20,vi,191,15,1,,5,256,714.9787677645684,0.23813509941101074,1871.7689949998626,1871.7689949998626,,,3.7838449902018927,0.02506258152425289,0.9625832526869268,3.7838449902018927,,-0.0,2.3096097079310103,714.9787677645684,1871.7689949998626,1871.7689949998626,0.018392148914216984,0.23813509941101074,1871.7689949998626,0.005,13.963159272173074,0.0632515110876391,0.06293942034244537,0.07058244049549103,0.092610202729702,0.5563641675754658,0.47176486872965034,1.143665474130155,,,,,,,,,,,,,,,,,,0,update_snr,bayesian,0.1,20,,,,,,,,,,,,,,,,,,,,,,,,,,,,,,,,,,,,,,,,,0.005614734207961605,1
bayesfl_observability_v1,vi_sparse_bayesian_keep010_seed42,20,vi,298,23,35,,5,256,794.725417137146,0.04587816851479667,53.306514250261344,53.306514250261344,,,3.7800893067612145,0.025070536881685257,0.9626647288407596,3.7800893067612145,,-0.0,2.3096097079310103,794.725417137146,1865.727998759147,53.306514250261344,0.01833278961146848,0.04587816851479667,53.306514250261344,0.005,13.964192947597546,0.06324830353713942,0.06292322278022766,0.07062119096517563,0.09275013953447342,0.5558188545147057,0.46843128381290394,1.1462335829017856,,,,,,,,,,,,,,,,,,0,update_snr,bayesian,0.1,20,,,,,,,,,,,,,,,,,,,,,,,,,,,,,,,,,,,,,,,,,0.005615705440727561,35
bayesfl_observability_v1,vi_sparse_bayesian_keep010_seed42,20,vi,64,5,1,,5,256,747.6992848157882,0.3125080466270447,1852.467997263658,1852.467997263658,,,3.768194610790874,0.025072989985346794,0.9628684472783863,3.768194610790874,,-0.0,2.185987945410232,747.6992848157882,1852.467997263658,1852.467997263658,0.018202495797029164,0.3125080466270447,1852.467997263658,0.005,13.957706033538049,0.06324535101634575,0.06291700899600983,0.07061092555522919,0.09175503998994827,0.5561864984524705,0.46958251024988606,1.1440027828015176,,,,,,,,,,,,,,,,,,0,update_snr,bayesian,0.1,20,,,,,,,,,,,,,,,,,,,,,,,,,,,,,,,,,,,,,,,,,0.0056104902567829466,1
bayesfl_observability_v1,vi_sparse_bayesian_keep010_seed42,20,vi,74,5,1,,5,256,730.4161723956465,0.05581102520227432,1863.140889798373,1863.140889798373,,,3.7768745358673383,0.025042377412319183,0.9626923042377811,3.7768745358673383,,-0.0,2.259365973874069,730.4161723956465,1863.140889798373,1863.140889798373,0.018307368475959252,0.05581102520227432,1863.140889798373,0.005,13.957446778606252,0.06324777997220483,0.06291766464710236,0.07061190679669381,0.09198146313428879,0.5567772008240479,0.46943798384060476,1.1458562981288574,,,,,,,,,,,,,,,,,,0,update_snr,bayesian,0.1,20,,,,,,,,,,,,,,,,,,,,,,,,,,,,,,,,,,,,,,,,,0.005614563460083138,1
bayesfl_observability_v1,vi_sparse_bayesian_keep010_seed42,20,vi,83,6,1,,5,256,773.6994646787643,0.5235729813575745,1850.9641852268614,1850.9641852268614,,,3.7621275487466965,0.025062747299671173,0.9628494030476438,3.7621275487466965,,-0.0,2.259365973874069,773.6994646787643,1850.9641852268614,1850.9641852268614,0.01818771922203853,0.5235729813575745,1850.9641852268614,0.005,13.93170680096614,0.06324302569947572,0.06291879713535309,0.07059157192707062,0.09238885343074799,0.555364852160854,0.46928313894339,1.1418539486713182,,,,,,,,,,,,,,,,,,0,update_snr,bayesian,0.1,20,,,,,,,,,,,,,,,,,,,,,,,,,,,,,,,,,,,,,,,,,0.005610617931527578,1
bayesfl_observability_v1,vi_sparse_bayesian_keep010_seed42,20,vi,27,2,1,,5,256,779.5619052410126,1.6446945667266846,1847.6436162785649,1847.6436162785649,,,3.7614687028921683,0.025039460510015488,0.9630259061967951,3.7614687028921683,,-0.0,2.3163460082440825,779.5619052410126,1847.6436162785649,1847.6436162785649,0.018155091051179767,1.6446945667266846,1847.6436162785649,0.005,13.961778590018264,0.0632435404791018,0.0629349835216999,0.07059117779135704,0.09266918152570724,0.5561127678766269,0.46778243316303997,1.1444919248132044,,,,,,,,,,,,,,,,,,0,update_snr,bayesian,0.1,20,,,,,,,,,,,,,,,,,,,,,,,,,,,,,,,,,,,,,,,,,0.005614902733297467,1
bayesfl_observability_v1,vi_sparse_bayesian_keep010_seed42,20,vi,42,3,1,,5,256,772.8377169132233,0.7144664525985718,1856.4545124320066,1856.4545124320066,,,3.768041850373426,0.02505410835146904,0.9629143444085516,3.768041850373426,,-0.0,2.3163460082440825,772.8377169132233,1856.4545124320066,1856.4545124320066,0.018241667607664405,0.7144664525985718,1856.4545124320066,0.005,13.965484136717395,0.06324801047773583,0.06292563304305077,0.0705837607383728,0.09110895544290543,0.5561852027950567,0.4688420381743668,1.1473915330030287,,,,,,,,,,,,,,,,,,0,update_snr,bayesian,0.1,20,,,,,,,,,,,,,,,,,,,,,,,,,,,,,,,,,,,,,,,,,0.005614595636111861,1
bayesfl_observability_v1,vi_sparse_bayesian_keep010_seed42,20,vi,252,20,1,,5,256,743.935527908802,0.8744605779647827,1856.503311635101,1856.503311635101,,,3.7699120279832865,0.02506832219660282,0.9628317411895075,3.7699120279832865,,-0.0,2.28098669344155,743.935527908802,1856.503311635101,1856.503311635101,0.01824214711246046,0.8744605779647827,1856.503311635101,0.005,13.957311078160345,0.06325178731584656,0.06292464211583138,0.07060188502073288,0.0919758528470993,0.5562835278733634,0.4701936686929416,1.1438727219237106,,,,,,,,,,,,,,,,,,0,update_snr,bayesian,0.1,20,,,,,,,,,,,,,,,,,,,,,,,,,,,,,,,,,,,,,,,,,0.005615951136735286,1
bayesfl_observability_v1,vi_sparse_bayesian_keep010_seed42,20,vi,7,0,80,,5,256,899.1665605545044,0.05818824172019958,23.6534128036672,23.6534128036672,,,3.8063199555941396,0.025043684989213943,0.9620273320847154,3.8063199555941396,,-0.0,2.4040642619438994,899.1665605545044,1892.2730242933762,23.6534128036672,0.018593623113819163,0.05818824172019958,23.6534128036672,0.005,13.944885317210563,0.0632448825960668,0.06291375309228897,0.07059619650244713,0.09253877401351929,0.5560175565386538,0.4704628129144045,1.1423360428043,,,,,,,,,,,,,,,,,,0,update_snr,bayesian,0.1,20,,,,,,,,,,,,,,,,,,,,,,,,,,,,,,,,,,,,,,,,,0.005614943520820643,80
bayesfl_observability_v1,vi_sparse_bayesian_keep010_seed42,20,vi,156,12,71,,5,256,828.5756622314453,0.03742115598329356,26.25187901964709,26.25187901964709,,,3.7762915988448817,0.025054940953850746,0.9627328898664661,3.7762915988448817,,-0.0,2.3096097079310103,828.5756622314453,1863.8834103949434,26.25187901964709,0.018314664541563757,0.03742115598329356,26.25187901964709,0.005,13.962679873100575,0.06324955119550157,0.06292982026934624,0.0705855593085289,0.09215246140956879,0.556460673397196,0.4708809236108636,1.1467819693671284,,,,,,,,,,,,,,,,,,0,update_snr,bayesian,0.1,20,,,,,,,,,,,,,,,,,,,,,,,,,,,,,,,,,,,,,,,,,0.005611025250052132,71
bayesfl_observability_v1,vi_sparse_bayesian_keep010_seed42,20,vi,266,21,1,,5,256,739.8159573554992,0.7485648989677429,1860.369519510022,1860.369519510022,,,3.7727824713916136,0.025008637458086014,0.9626804141671614,3.7727824713916136,,-0.0,2.185987945410232,739.8159573554992,1860.369519510022,1860.369519510022,0.018280136774196935,0.7485648989677429,1860.369519510022,0.005,13.94015656973807,0.06324634646234191,0.06293893977999687,0.07058730870485305,0.09280645847320557,0.5556130590678229,0.4690325458750536,1.1438988664520648,,,,,,,,,,,,,,,,,,0,update_snr,bayesian,0.1,20,,,,,,,,,,,,,,,,,,,,,,,,,,,,,,,,,,,,,,,,,0.005607597072354645,1
bayesfl_observability_v1,vi_sparse_bayesian_keep010_seed42,20,vi,223,17,1,,5,256,757.2678421974182,1.572712779045105,1854.2353216440376,1854.2353216440376,,,3.7676776664432285,0.02504744753241539,0.9628869151485836,3.7676776664432285,,-0.0,2.311121424016332,757.2678421974182,1854.2353216440376,1854.2353216440376,0.018219861664970402,1.572712779045105,1854.2353216440376,0.005,13.959176606345922,0.06324488868014634,0.06292468681931496,0.07059740349650383,0.09140391647815704,0.5564857471020394,0.47063052725095256,1.1438498930910934,,,,,,,,,,,,,,,,,,0,update_snr,bayesian,0.1,20,,,,,,,,,,,,,,,,,,,,,,,,,,,,,,,,,,,,,,,,,0.0056122092010661775,1
bayesfl_observability_v1,vi_sparse_bayesian_keep010_seed42,20,vi,15,1,1,,5,256,775.6430996060371,0.6420351266860962,1850.0333289676187,1850.0333289676187,,,3.7628911509152685,0.02503824047744274,0.9629301162685932,3.7628911509152685,,-0.0,2.3277319754160017,775.6430996060371,1850.0333289676187,1850.0333289676187,0.018178572555444812,0.6420351266860962,1850.0333289676187,0.005,13.949488425668719,0.06324698330033407,0.06291218101978302,0.07057396471500396,0.09157728403806686,0.5561952674676371,0.47004105938627216,1.1459492479669529,,,,,,,,,,,,,,,,,,0,update_snr,bayesian,0.1,20,,,,,,,,,,,,,,,,,,,,,,,,,,,,,,,,,,,,,,,,,0.005613027571771488,1
bayesfl_observability_v1,vi_sparse_bayesian_keep010_seed42,20,vi,24,1,142,,5,256,782.0476533889771,0.11586386720899125,13.164800936222706,13.164800936222706,,,3.781169023964459,0.025088980793952942,0.962700157900991,3.781169023964459,,0.40519466481919386,1.9096930536110042,782.0476533889771,1869.4017329436242,13.164800936222706,0.018368888011630384,0.11586386720899125,13.164800936222706,0.005,13.974480512155651,0.06324933287207617,0.06292727217078209,0.07059950903058053,0.09205147624015808,0.5571991815395495,0.47086338029660757,1.1438012360903427,,,,,,,,,,,,,,,,,,0,update_snr,bayesian,0.1,20,,,,,,,,,,,,,,,,,,,,,,,,,,,,,,,,,,,,,,,,,0.005612875191066168,142
bayesfl_observability_v1,vi_sparse_bayesian_keep010_seed42,21,vi,190,15,1,,5,256,754.530022931099,0.5330929756164551,1835.955335930009,1835.955335930009,,,3.771069201405983,0.025054223835468292,0.9634780110493019,3.771069201405983,,-0.0,2.311121424016332,754.530022931099,1835.955335930009,1835.955335930009,0.018040241091972182,0.5330929756164551,1835.955335930009,0.005,14.082008610723683,0.06365643766044932,0.06332643330097198,0.07106568291783333,0.09075410664081573,0.5577718044534438,0.47172886142098547,1.1459976958895235,,,,,,,,,,,,,,,,,,1,update_snr,bayesian,0.1,20,101770,10177,0.1,0.3031171733502653,0.15796661328325906,0.14636548350906678,0.3031091714492867,0.15796661328325906,0.14636548350906678,0.3031091714492867,0.3407414163405415,0.33432075621311813,0.3824333450321917,0.13765830183244987,0.13042076066970373,0.26142923821673164,0.3407414163405415,0.33432075621311813,0.3824333450321917,0.13765830183244987,0.13042076066970373,0.26142923821673164,2.0984568596195423,3.13327970824637,0.5564620396881517,0.8308730338542122,0.5564620396881517,814160,203540,81416,122124,0.75,,,,,,,,,0.005664916852494818,1
bayesfl_observability_v1,vi_sparse_bayesian_keep010_seed42,21,vi,38,3,2,,5,256,744.5523891687393,0.819033145904541,916.3894112222185,916.3894112222185,,,3.7680846215837422,0.025077026337385178,0.9637672165101606,3.7680846215837422,,-0.0,2.311121424016332,744.5523891687393,1832.778822444437,916.3894112222185,0.018009028421385843,0.819033145904541,916.3894112222185,0.005,14.125956874473875,0.0636536526115324,0.06331992149353027,0.07105928882956505,0.09316042810678482,0.559181021348389,0.47127132548862694,1.151468422588593,,,,,,,,,,,,,,,,,,1,update_snr,bayesian,0.1,20,101770,10177,0.1,0.30322865206693383,0.15770264005366502,0.14608202887777738,0.3032284944873336,0.15770264005366502,0.14608202887777738,0.3032284944873336,0.34122867164655435,0.33500050536322545,0.3828904811547627,0.1373108587655662,0.13008167242815447,0.26078305745640684,0.34122867164655435,0.33500050536322545,0.3828904811547627,0.1373108587655662,0.13008167242815447,0.26078305745640684,2.1009936444016946,3.127984562238055,0.5575760247970859,0.8301258799552514,0.5575760247970859,814160,203540,81416,122124,0.75,,,,,,,,,0.005663832433186049,2
bayesfl_observability_v1,vi_sparse_bayesian_keep010_seed42,21,vi,52,4,14,,5,256,772.182092666626,0.24750614166259766,131.7102505866002,131.7102505866002,,,3.779224948034677,0.025098029524087906,0.9635246342320237,3.779224948034677,,-0.0,2.4040642619438994,772.182092666626,1843.9435082124028,131.7102505866002,0.018118733499188393,0.24750614166259766,131.7102505866002,0.005,14.121535843680705,0.0636524568673619,0.06333000957965851,0.07108049020171166,0.09217945486307144,0.5593357133386163,0.47388879993269883,1.1505527231923427,,,,,,,,,,,,,,,,,,1,update_snr,bayesian,0.1,20,101770,10177,0.1,0.30403387869638504,0.15832841402353642,0.14690964859252933,0.30402042989312206,0.15832841402353642,0.14690964859252933,0.30402042989312206,0.3418579922849992,0.3357357282745078,0.3837068955224658,0.13793623866115168,0.13116197444726782,0.261847437610381,0.3418579922849992,0.3357357282745078,0.3837068955224658,0.13793623866115168,0.13116197444726782,0.261847437610381,2.1049241618605476,3.138763368058093,0.5569724456214702,0.8305309716190232,0.5569724456214702,814160,203540,81416,122124,0.75,,,,,,,,,0.005663289411146484,14
bayesfl_observability_v1,vi_sparse_bayesian_keep010_seed42,21,vi,58,4,1,,5,256,743.0020699441433,0.5158914923667908,1843.0263468222906,1843.0263468222906,,,3.7797710207480737,0.025080867111682892,0.9635297062094429,3.7797710207480737,,-0.0,2.3292713582565514,743.0020699441433,1843.0263468222906,1843.0263468222906,0.018109721399452595,0.5158914923667908,1843.0263468222906,0.005,14.124496653630517,0.06365117681654454,0.06333118304610252,0.07104669660329818,0.09271493554115295,0.5602565472023537,0.4732648767331208,1.1509569023528512,,,,,,,,,,,,,,,,,,1,update_snr,bayesian,0.1,20,101770,10177,0.1,0.3032113070543175,0.15833077980604687,0.14705364737804982,0.30320884207214116,0.15833077980604687,0.14705364737804982,0.30320884207214116,0.3409608582945472,0.3344903073801973,0.38300294135817015,0.13803854886288017,0.13111562406468308,0.26212427611431466,0.3409608582945472,0.3344903073801973,0.38300294135817015,0.13803854886288017,0.13111562406468308,0.26212427611431466,2.099676031780504,3.1429332685969347,0.5555035001471985,0.8315141979089783,0.5555035001471985,814160,203540,81416,122124,0.75,,,,,,,,,0.005663589139981675,1
bayesfl_observability_v1,vi_sparse_bayesian_keep010_seed42,21,vi,206,16,38,,5,256,755.320584845543,0.05726968614678634,48.88785163597169,48.88785163597169,,,3.793304959616808,0.025048650801181793,0.9632106427517757,3.793304959616808,,-0.0,2.3277319754160017,755.320584845543,1857.7383621669244,48.88785163597169,0.018254282815829068,0.05726968614678634,48.88785163597169,0.005,14.114747257966364,0.06365105164979212,0.06332555040717125,0.07105464115738869,0.09186532348394394,0.559639920229531,0.4739661372793454,1.1494888329111277,,,,,,,,,,,,,,,,,,1,update_snr,bayesian,0.1,20,101770,10177,0.1,0.304306784774498,0.159146115224014,0.1482946329173001,0.30428568010117507,0.159146115224014,0.1482946329173001,0.30428568010117507,0.34206743124760824,0.3357222453396199,0.38378734714008605,0.13882152455472577,0.13213744322975413,0.2627184632383802,0.34206743124760824,0.3357222453396199,0.38378734714008605,0.13882152455472577,0.13213744322975413,0.2627184632383802,2.1045127276417492,3.155976662753919,0.5547966087741976,0.8319860112361569,0.5547966087741976,814160,203540,81416,122124,0.75,,,,,,,,,0.0056672775585612945,38
bayesfl_observability_v1,vi_sparse_bayesian_keep010_seed42,21,vi,210,16,633,,5,256,2070.293014374375,0.0018959250683656425,4.850680695831951,4.850680695831951,,,4.873130529598621,0.059008870273828506,0.9414344790800041,4.873130529598621,,-0.0,2.311121424016332,2070.293014374375,3070.480880461625,4.850680695831951,0.030170785894287365,0.0018959250683656425,4.850680695831951,0.005,14.451875497000703,0.06400919114367173,0.06366414576768875,0.07166501730680466,0.09413009136915207,0.5692886465918522,0.4796793329546929,1.172431783837568,,,,,,,,,,,,,,,,,,1,update_snr,bayesian,0.1,20,101770,10177,0.1,0.39659211760095847,0.19320831161750904,0.16545073605856073,0.3965834852590186,0.19320831161750904,0.16545073605856073,0.3965834852590186,0.48802600870707324,0.4680497277228668,0.595815775387236,0.16045078971866852,0.14671698006271905,0.3182029396188574,0.48802600870707324,0.4680497277228668,0.595815775387236,0.16045078971866852,0.14671698006271905,0.3182029396188574,3.1309663438278363,3.7342269497613008,0.6424958914625505,0.7662891291501838,0.6424958914625505,814160,203540,81416,122124,0.75,,,,,,,,,0.005840206359664555,633
bayesfl_observability_v1,vi_sparse_bayesian_keep010_seed42,21,vi,63,5,4,,5,256,731.4306996822357,1.108104944229126,460.49957296489083,460.49957296489083,,,3.779955169731651,0.02507742866873741,0.9633456437190371,3.779955169731651,,-0.0,2.3163460082440825,731.4306996822357,1841.9982918595633,460.49957296489083,0.01809961965077688,1.108104944229126,460.49957296489083,0.005,14.090290829462429,0.06364940189281229,0.06332262232899666,0.07106658145785331,0.09269648790359497,0.5579243601345958,0.4698931945716967,1.1472314618847925,,,,,,,,,,,,,,,,,,1,update_snr,bayesian,0.1,20,101770,10177,0.1,0.3038927024219613,0.15810429584648192,0.1470812283179755,0.3038862744639483,0.15810429584648192,0.1470812283179755,0.3038862744639483,0.34123304898861184,0.33452892879547586,0.3832604195125502,0.13775665660846745,0.13078675468140727,0.26211761973000264,0.34123304898861184,0.33452892879547586,0.3832604195125502,0.13775665660846745,0.13078675468140727,0.26211761973000264,2.105729756309806,3.1391023045725173,0.5570779709695068,0.8304601942661056,0.5570779709695068,814160,203540,81416,122124,0.75,,,,,,,,,0.005665730869808803,4
bayesfl_observability_v1,vi_sparse_bayesian_keep010_seed42,21,vi,67,5,1,,5,256,759.7876101970672,2.061391830444336,1830.1743808406875,1830.1743808406875,,,3.7673819228170564,0.02508918195962906,0.9637356131738323,3.7673819228170564,,-0.0,2.3163460082440825,759.7876101970672,1830.1743808406875,1830.1743808406875,0.017983436973967648,2.061391830444336,1830.1743808406875,0.005,14.117426719899802,0.06365337510570084,0.0633247122168541,0.07107526957988738,0.0930359959602356,0.559209642942687,0.47222579980855256,1.151508083665921,,,,,,,,,,,,,,,,,,1,update_snr,bayesian,0.1,20,101770,10177,0.1,0.3026778708317058,0.15746457654347068,0.1456284712397006,0.30267419325989686,0.15746457654347068,0.1456284712397006,0.30267419325989686,0.34057609284159895,0.3344496736162266,0.3828373151970734,0.13711885251034533,0.129453644365015,0.26148137093574153,0.34057609284159895,0.3344496736162266,0.3828373151970734,0.13711885251034533,0.129453644365015,0.26148137093574153,2.0991968914013412,3.1283444445104975,0.5572031013600205,0.8303762423352291,0.5572031013600205,814160,203540,81416,122124,0.75,,,,,,,,,0.005670089657261098,1
bayesfl_observability_v1,vi_sparse_bayesian_keep010_seed42,21,vi,288,23,3,,5,256,767.3041500687599,0.2721233367919922,611.1235976439297,611.1235976439297,,,3.767614374211192,0.02502647042274475,0.9636827049055888,3.767614374211192,,-0.0,2.185987945410232,767.3041500687599,1833.3707929317889,611.1235976439297,0.01801484516981221,0.2721233367919922,611.1235976439297,0.005,14.10827444054187,0.06365308367847734,0.06331897526979446,0.07109310403466225,0.09317488968372345,0.5586592663316117,0.4733898504059393,1.1493667178638056,,,,,,,,,,,,,,,,,,1,update_snr,bayesian,0.1,20,101770,10177,0.1,0.3034991307870531,0.15777408253003558,0.1462248665422399,0.3034981624101383,0.15777408253003558,0.1462248665422399,0.3034981624101383,0.34103891146115556,0.33417949902900485,0.38236548992076586,0.13741132375991116,0.1302654220790421,0.26118688658594313,0.34103891146115556,0.33417949902900485,0.38236548992076586,0.13741132375991116,0.1302654220790421,0.26118688658594313,2.100319711039355,3.127870710912194,0.5574667421952093,0.8301992720704231,0.5574667421952093,814160,203540,81416,122124,0.75,,,,,,,,,0.005665081477913921,3
bayesfl_observability_v1,vi_sparse_bayesian_keep010_seed42,21,vi,279,22,125,,5,256,771.6806979179382,0.020150102615356446,14.793203616515486,14.793203616515486,,,3.7862545516561923,0.02508016675710678,0.9633969790096398,3.7862545516561923,,-0.0,2.259365973874069,771.6806979179382,1849.1504520644357,14.793203616515486,0.0181698973377659,0.020150102615356446,14.793203616515486,0.005,14.123567984473912,0.06365459819219167,0.06334258615970612,0.07107386216521264,0.09309247881174088,0.5590023954690297,0.4711859189300639,1.1487940655757187,,,,,,,,,,,,,,,,,,1,update_snr,bayesian,0.1,20,101770,10177,0.1,0.3038675482830754,0.15870413252443494,0.14791416017930148,0.3038632150966634,0.15870413252443494,0.14791416017930148,0.3038632150966634,0.3414894664182538,0.3350845462042048,0.3820380084668231,0.1383946509806773,0.13188437941472328,0.26225376259038585,0.3414894664182538,0.3350845462042048,0.3820380084668231,0.1383946509806773,0.13188437941472328,0.26225376259038585,2.104562763681075,3.14746550476162,0.5558429141433431,0.8312873479108394,0.5558429141433431,814160,203540,81416,122124,0.75,,,,,,,,,0.005666131739352282,125
bayesfl_observability_v1,vi_sparse_bayesian_keep010_seed42,21,vi,286,22,1,,5,256,724.042591714859,0.6736391186714172,1840.8193367777635,1840.8193367777635,,,3.777707938473008,0.02506403997540474,0.9634961507332137,3.777707938473008,,-0.0,2.185987945410232,724.042591714859,1840.8193367777635,1840.8193367777635,0.018088035145698768,0.6736391186714172,1840.8193367777635,0.005,14.110549219333688,0.06365649973761506,0.0633326806128025,0.07110222578048705,0.09286455810070038,0.5594556302154845,0.4727166689882166,1.1489430773051974,,,,,,,,,,,,,,,,,,1,update_snr,bayesian,0.1,20,101770,10177,0.1,0.3034810147061941,0.15826864673901686,0.14734372501641868,0.30347226318039383,0.15826864673901686,0.14734372501641868,0.30347226318039383,0.34105669513537384,0.3346998917793321,0.38247342283968616,0.1379588635838661,0.13142476112046092,0.2609993895194064,0.34105669513537384,0.3346998917793321,0.38247342283968616,0.1379588635838661,0.13142476112046092,0.2609993895194064,2.101734219150215,3.139074790516312,0.5563516961556746,0.8309469238072336,0.5563516961556746,814160,203540,81416,122124,0.75,,,,,,,,,0.005665535744333513,1
bayesfl_observability_v1,vi_sparse_bayesian_keep010_seed42,21,vi,172,13,1,,5,256,747.1105231523513,0.254287451505661,1837.4691008783093,1837.4691008783093,,,3.7745996837810414,0.02506440505385399,0.9634874634036831,3.7745996837810414,,-0.0,2.185987945410232,747.1105231523513,1837.4691008783093,1837.4691008783093,0.018055115465051678,0.254287451505661,1837.4691008783093,0.005,14.097243404005908,0.06365395323275916,0.06332256644964218,0.07106196507811546,0.09317697584629059,0.558380235516425,0.4705118002973734,1.1479085548818606,,,,,,,,,,,,,,,,,,1,update_snr,bayesian,0.1,20,101770,10177,0.1,0.3031702302561959,0.15816877768208426,0.14699984128045712,0.30316990520795706,0.15816877768208426,0.14699984128045712,0.30316990520795706,0.34105500758859736,0.33487816374344725,0.3825678091643063,0.1378480854702495,0.13119863457470815,0.26073886670555413,0.34105500758859736,0.33487816374344725,0.3825678091643063,0.1378480854702495,0.13119863457470815,0.26073886670555413,2.101178435491467,3.1357059739435984,0.5566625898158033,0.8307386840033169,0.5566625898158033,814160,203540,81416,122124,0.75,,,,,,,,,0.005667631874529488,1
bayesfl_observability_v1,vi_sparse_bayesian_keep010_seed42,21,vi,125,10,1,,5,256,749.9096526622773,0.916532576084137,1848.0317892756088,1848.0317892756088,,,3.7827265358878757,0.02509630285203457,0.9633918934909372,3.7827265358878757,,-0.0,2.311121424016332,749.9096526622773,1848.0317892756088,1848.0317892756088,0.018158905269486183,0.916532576084137,1848.0317892756088,0.005,14.109538721722002,0.06365385598273265,0.06333206221461296,0.07106456980109215,0.0931074470281601,0.5595605355631399,0.4736554005468059,1.1503163880311704,,,,,,,,,,,,,,,,,,1,update_snr,bayesian,0.1,20,101770,10177,0.1,0.3039525192299101,0.15849058024287413,0.14776902187184393,0.30395139709222596,0.15849058024287413,0.14776902187184393,0.30395139709222596,0.3416547692091405,0.3352718962734516,0.38299242239666675,0.1381390036910668,0.13201941749207857,0.2619887904833068,0.3416547692091405,0.3352718962734516,0.38299242239666675,0.1381390036910668,0.13201941749207857,0.2619887904833068,2.1024134196282476,3.1446586234879867,0.5557931295540434,0.8313206343767268,0.5557931295540434,814160,203540,81416,122124,0.75,,,,,,,,,0.005666465929722934,1
bayesfl_observability_v1,vi_sparse_bayesian_keep010_seed42,21,vi,127,10,1062,,5,256,2371.337832124233,0.04033137175996425,2.470082077552899,2.470082077552899,,,4.47351811461744,0.061135079711675644,0.9499553823414634,4.47351811461744,,-0.0,2.28098669344155,2371.337832124233,2623.2271663611787,2.470082077552899,0.02577603582943086,0.04033137175996425,2.470082077552899,0.005,14.320457042372007,0.06415822373378618,0.06378435343503952,0.07194905579090119,0.0964706689119339,0.5622750031621758,0.4736816463209392,1.1572772062147763,,,,,,,,,,,,,,,,,,1,update_snr,bayesian,0.1,20,101770,10177,0.1,0.3608341460275121,0.1749630459806582,0.14752157697343807,0.36082495550432253,0.1749630459806582,0.14752157697343807,0.36082495550432253,0.4514935943152989,0.4296437241655077,0.5609976864867515,0.14423742949903146,0.13101444962488662,0.28808071639944627,0.4514935943152989,0.4296437241655077,0.5609976864867515,0.14423742949903146,0.13101444962488662,0.28808071639944627,2.939935163053423,3.3718163590048125,0.6571863771931626,0.7537281112123446,0.6571863771931626,814160,203540,81416,122124,0.75,,,,,,,,,0.005970808402595979,1062
bayesfl_observability_v1,vi_sparse_bayesian_keep010_seed42,21,vi,142,11,17,,5,256,769.1116782426834,0.10558158509871539,107.91115885103011,107.91115885103011,,,3.769837629532561,0.025078751146793365,0.9636842633713445,3.769837629532561,,-0.0,2.3096097079310103,769.1116782426834,1834.4897004675117,107.91115885103011,0.01802583964299412,0.10558158509871539,107.91115885103011,0.005,14.116838027005835,0.06364827769006547,0.06334096565842628,0.0710631661117077,0.0931205078959465,0.5590205371124035,0.4719516314806936,1.1511670858440786,,,,,,,,,,,,,,,,,,1,update_snr,bayesian,0.1,20,101770,10177,0.1,0.30336279852699266,0.15782912160370385,0.1463583069424963,0.30336022032900245,0.15782912160370385,0.1463583069424963,0.30336022032900245,0.3410919633761506,0.334774085140192,0.38306423440974313,0.13746658362898756,0.13018907655693351,0.2612810360111614,0.3410919633761506,0.334774085140192,0.38306423440974313,0.13746658362898756,0.13018907655693351,0.2612810360111614,2.1006279338584695,3.1303415207502803,0.5572197373707407,0.8303650789167876,0.5572197373707407,814160,203540,81416,122124,0.75,,,,,,,,,0.00566548103598756,17
bayesfl_observability_v1,vi_sparse_bayesian_keep010_seed42,22,vi,62,5,333,,5,256,1674.9430186837913,0.0020325871648731175,8.587856014999764,8.587856014999764,,,4.724880535798986,0.0470476970076561,0.953383151331884,4.724880535798986,,-0.0,2.4040642619438994,1674.9430186837913,2859.7560529949214,8.587856014999764,0.028100187216222084,0.0020325871648731175,8.587856014999764,0.005,15.657525384688402,0.06413524116564151,0.06382225826382637,0.07173715382814408,0.09321891516447067,0.6158335776066693,0.5177697243697825,1.2665717959726155,,,,,,,,,,,,,,,,,,1,update_snr,bayesian,0.1,20,101770,10177,0.1,0.3831866556058901,0.189997440070763,0.16683293734070453,0.3831860129840886,0.189997440070763,0.16683293734070453,0.3831860129840886,0.4614900373084579,0.4464419241136497,0.552199836802876,0.1598315959332414,0.14853918072336705,0.31345200122992317,0.4614900373084579,0.4464419241136497,0.552199836802876,0.1598315959332414,0.14853918072336705,0.31345200122992317,2.9325117745219824,3.7047092692763552,0.6206531048358219,0.7840852781793947,0.6206531048358219,814160,203540,81416,122124,0.75,,,,,,,,,0.005798338855062314,333
bayesfl_observability_v1,vi_sparse_bayesian_keep010_seed42,22,vi,150,12,1,,5,256,745.520834493637,0.2033904492855072,1821.6480241491058,1821.6480241491058,,,3.774403520328863,0.025101564824581146,0.9694709031346354,3.774403520328863,,-0.0,2.3155014849272724,745.520834493637,1821.6480241491058,1821.6480241491058,0.017899656324546584,0.2033904492855072,1821.6480241491058,0.005,15.39269358537292,0.06392683710994808,0.06361300870776176,0.07138635367155076,0.0931992307305336,0.6075473345125447,0.5122141045970948,1.2557028335359337,,,,,,,,,,,,,,,,,,1,update_snr,bayesian,0.1,20,101770,10177,0.1,0.3017955784680208,0.15717664156793187,0.1462529020145168,0.3017913578465932,0.15717664156793187,0.1462529020145168,0.3017913578465932,0.3399219140146728,0.33324330806139074,0.38165148703782775,0.13687161129607175,0.13018512630829407,0.26020579993833315,0.3399219140146728,0.33324330806139074,0.38165148703782775,0.13687161129607175,0.13018512630829407,0.26020579993833315,2.103885512505941,3.13365404672222,0.5574087405266699,0.8302382164080816,0.5574087405266699,814160,203540,81416,122124,0.75,,,,,,,,,0.005702510839687728,1
bayesfl_observability_v1,vi_sparse_bayesian_keep010_seed42,22,vi,165,13,1662,,5,256,2490.443155798742,0.028074001433903848,1.3917801022120568,1.3917801022120568,,,4.173702183241913,0.060053229331970215,0.9629135855859241,4.173702183241913,,-0.0,2.3292713582565514,2490.443155798742,2313.1385298764385,1.3917801022120568,0.022729080572628853,0.028074001433903848,1.3917801022120568,0.005,15.468925696920586,0.06450119837624385,0.06413798779249191,0.0724651299417019,0.09936174750328064,0.6050538058467867,0.5112625494320437,1.2462391989644093,,,,,,,,,,,,,,,,,,1,update_snr,bayesian,0.1,20,101770,10177,0.1,0.33428764268039274,0.16235884755497423,0.13727228390271892,0.3342858767831684,0.16235884755497423,0.13727228390271892,0.3342858767831684,0.4212951264768727,0.4004763033276376,0.5270432387374329,0.13358814989698553,0.12161938598621781,0.26580017350740487,0.4212951264768727,0.4004763033276376,0.5270432387374329,0.13358814989698553,0.12161938598621781,0.26580017350740487,2.753079023030335,3.1369325474655465,0.6596251726068024,0.7515947256756451,0.6596251726068024,814160,203540,81416,122124,0.75,,,,,,,,,0.006091941629787335,1662
bayesfl_observability_v1,vi_sparse_bayesian_keep010_seed42,22,vi,108,8,1,,5,256,738.3723033905029,1.135972261428833,1827.2970768700018,1827.2970768700018,,,3.777759041546394,0.02504197508096695,0.969414386854187,3.777759041546394,,-0.0,2.3163460082440825,738.3723033905029,1827.2970768700018,1827.2970768700018,0.017955164359536226,1.135972261428833,1827.2970768700018,0.005,15.392372029125156,0.06392474500130223,0.06360319256782532,0.07140014916658402,0.0929732620716095,0.6075061806411955,0.5130727295584006,1.2524957278790025,,,,,,,,,,,,,,,,,,1,update_snr,bayesian,0.1,20,101770,10177,0.1,0.30249165025258673,0.15736294359685285,0.14586946771074033,0.30248878849516275,0.15736294359685285,0.14586946771074033,0.30248878849516275,0.34033002523695083,0.3340839238035598,0.38258508977839983,0.13703326785906417,0.1300858742362761,0.261070437812343,0.34033002523695083,0.3340839238035598,0.38258508977839983,0.13703326785906417,0.1300858742362761,0.261070437812343,2.10347716533545,3.1379686408404215,0.5568055405869426,0.8306428775181808,0.5568055405869426,814160,203540,81416,122124,0.75,,,,,,,,,0.005702833334823494,1
bayesfl_observability_v1,vi_sparse_bayesian_keep010_seed42,22,vi,109,8,1,,5,256,742.3298187077046,0.20039872825145721,1822.2010419585147,1822.2010419585147,,,3.7731533837531397,0.02509371191263199,0.9694494331825078,3.7731533837531397,,-0.0,2.28098669344155,742.3298187077046,1822.2010419585147,1822.2010419585147,0.017905090320905127,0.20039872825145721,1822.2010419585147,0.005,15.382339558325784,0.06391964477630674,0.06359971687197685,0.07136169821023941,0.09224767237901688,0.6074523962753579,0.5133652958174504,1.2519497403444804,,,,,,,,,,,,,,,,,,1,update_snr,bayesian,0.1,20,101770,10177,0.1,0.30260037454412814,0.15721405462750365,0.14621222526800187,0.3025988197243487,0.15721405462750365,0.14621222526800187,0.3025988197243487,0.34042804534423127,0.3342200276103881,0.38206265116395866,0.13685694454786726,0.13016208964619563,0.2602034028942175,0.34042804534423127,0.3342200276103881,0.38206265116395866,0.13685694454786726,0.13016208964619563,0.2602034028942175,2.1029521227642918,3.1327749403187175,0.5573460468952615,0.8302803044817011,0.5573460468952615,814160,203540,81416,122124,0.75,,,,,,,,,0.0057030366875594285,1
bayesfl_observability_v1,vi_sparse_bayesian_keep010_seed42,22,vi,34,2,1824,,5,256,2444.126138754189,0.02969019935188586,1.2415016079167076,1.2415016079167076,,,4.118835421495732,0.05971362441778183,0.9639877661661556,4.118835421495732,,-0.0,2.3163460082440825,2444.126138754189,2264.4989328400748,1.2415016079167076,0.02225114407821632,0.02969019935188586,1.2415016079167076,0.005,15.487304271724511,0.06451401527280293,0.06415483728051186,0.0725104533135891,0.09697787463665009,0.6058119733274461,0.5100959317843475,1.246493409858886,,,,,,,,,,,,,,,,,,1,update_snr,bayesian,0.1,20,101770,10177,0.1,0.32949317925461835,0.1600041918124793,0.13537128842634638,0.32948867650802205,0.1600041918124793,0.13537128842634638,0.32948867650802205,0.41541401822949864,0.39386904379854687,0.5194763939401552,0.13162532221058823,0.1199072191384176,0.2619141922988482,0.41541401822949864,0.39386904379854687,0.5194763939401552,0.13162532221058823,0.1199072191384176,0.2619141922988482,2.717790987584894,3.0949018364352483,0.6598445214394953,0.7514021609805792,0.6598445214394953,814160,203540,81416,122124,0.75,,,,,,,,,0.0061202800062030785,1824
bayesfl_observability_v1,vi_sparse_bayesian_keep010_seed42,22,vi,202,16,1,,5,256,784.8006559967995,0.20853309333324432,1810.2327418751852,1810.2327418751852,,,3.76316095436709,0.025030124932527542,0.9695925284773342,3.76316095436709,,-0.0,2.28098669344155,784.8006559967995,1810.2327418751852,1810.2327418751852,0.01778748886582672,0.20853309333324432,1810.2327418751852,0.005,15.377098152625113,0.0639211552226571,0.06361041963100433,0.07135425359010697,0.0930415540933609,0.6072429735390532,0.5131449611286951,1.2487543706585442,,,,,,,,,,,,,,,,,,1,update_snr,bayesian,0.1,20,101770,10177,0.1,0.301823547687394,0.15667685252748936,0.14529508321403406,0.30181643893597204,0.15667685252748936,0.14529508321403406,0.30181643893597204,0.33892330393690734,0.3326121755648586,0.3800210629525255,0.1364272468153318,0.1291832165635208,0.2596027974658832,0.33892330393690734,0.3326121755648586,0.3800210629525255,0.1364272468153318,0.1291832165635208,0.2596027974658832,2.097002931567441,3.124733440386651,0.5572450811953451,0.8303480712831182,0.5572450811953451,814160,203540,81416,122124,0.75,,,,,,,,,0.005704268951383672,1
bayesfl_observability_v1,vi_sparse_bayesian_keep010_seed42,22,vi,118,9,3,,5,256,735.2499681949615,1.53240172068278,607.365503506804,607.365503506804,,,3.77404033982737,0.02510499395430088,0.9694503259154081,3.77404033982737,,-0.0,2.259365973874069,735.2499681949615,1822.096510520412,607.365503506804,0.0179040631867978,1.53240172068278,607.365503506804,0.005,15.38616562775522,0.06392237166589049,0.06361957639455795,0.07138959616422653,0.09305548667907715,0.607586057919156,0.512635504923657,1.2529827118101187,,,,,,,,,,,,,,,,,,1,update_snr,bayesian,0.1,20,101770,10177,0.1,0.30178192773935814,0.15740352512448466,0.14640456295685456,0.3017787366226047,0.15740352512448466,0.14640456295685456,0.3017787366226047,0.3392421134516401,0.3328765511992865,0.3801955382854872,0.13719923753257846,0.1303915536185965,0.2606343574257864,0.3392421134516401,0.3328765511992865,0.3801955382854872,0.13719923753257846,0.1303915536185965,0.2606343574257864,2.1000575233809284,3.1357836158025094,0.5564480859462642,0.8308823789482718,0.5564480859462642,814160,203540,81416,122124,0.75,,,,,,,,,0.005702062381242518,3
bayesfl_observability_v1,vi_sparse_bayesian_keep010_seed42,22,vi,230,18,1,,5,256,725.8590136349201,0.07993831485509872,1828.6439345584288,1828.6439345584288,,,3.781057996151067,0.02506054751574993,0.9692795078684893,3.781057996151067,,-0.0,2.28098669344155,725.8590136349201,1828.6439345584288,1828.6439345584288,0.01796839868879266,0.07993831485509872,1828.6439345584288,0.005,15.372469743321071,0.06392284774759482,0.06361439824104309,0.07137582972645759,0.09202002733945847,0.6063680444799406,0.5112440326478562,1.249869838565959,,,,,,,,,,,,,,,,,,1,update_snr,bayesian,0.1,20,101770,10177,0.1,0.3030879799432008,0.1576679615447483,0.14629434827135632,0.30308632543582187,0.1576679615447483,0.14629434827135632,0.30308632543582187,0.340149763164796,0.33401114173174423,0.38065309329436897,0.1373922058091874,0.13049379470703795,0.2606359096702786,0.340149763164796,0.33401114173174423,0.38065309329436897,0.1373922058091874,0.13049379470703795,0.2606359096702786,2.104682265673509,3.1411323007503777,0.5566384508822592,0.8307548585469722,0.5566384508822592,814160,203540,81416,122124,0.75,,,,,,,,,0.005701352246354372,1
bayesfl_observability_v1,vi_sparse_bayesian_keep010_seed42,22,vi,141,11,1,,5,256,743.4741335868836,1.071500301361084,1823.2002595002243,1823.2002595002243,,,3.7727805168007373,0.02506098523736,0.9694428223311871,3.7727805168007373,,-0.0,2.3096097079310103,743.4741335868836,1823.2002595002243,1823.2002595002243,0.017914908710820715,1.071500301361084,1823.2002595002243,0.005,15.379179135844037,0.06392678446105758,0.0636296197772026,0.07139327377080917,0.09213988482952118,0.6070936887207002,0.5135567661554912,1.2511629395500659,,,,,,,,,,,,,,,,,,1,update_snr,bayesian,0.1,20,101770,10177,0.1,0.3021857946400503,0.15739185084335067,0.14619516412939199,0.3021820556445165,0.15739185084335067,0.14619516412939199,0.3021820556445165,0.34002141340388364,0.33384545792509956,0.38120920189053203,0.13709967722551372,0.13026004833047236,0.2599765019467958,0.34002141340388364,0.33384545792509956,0.38120920189053203,0.13709967722551372,0.13026004833047236,0.2599765019467958,2.10101835617624,3.133623253513693,0.556888572452095,0.8305872126828517,0.556888572452095,814160,203540,81416,122124,0.75,,,,,,,,,0.005701631094147474,1
bayesfl_observability_v1,vi_sparse_bayesian_keep010_seed42,22,vi,147,11,1921,,5,256,2479.3685655474665,0.11889149806326967,1.183486912962191,1.183486912962191,,,4.127266127983096,0.06600720435380936,0.9638764424484928,4.127266127983096,,0.7419061377582201,1.6227932907659905,2479.3685655474665,2273.4783598003687,1.183486912962191,0.02233937663162394,0.11889149806326967,1.183486912962191,0.005,15.495396439111415,0.06452637910410956,0.06416468322277069,0.07256636545062065,0.09634123742580414,0.606147018862951,0.5116596647452234,1.247511331407311,,,,,,,,,,,,,,,,,,1,update_snr,bayesian,0.1,20,101770,10177,0.1,0.33001929904627386,0.16031348694357717,0.13494908454155077,0.33001883162757345,0.16031348694357717,0.13494908454155077,0.33001883162757345,0.4159421566392715,0.39385109209464536,0.5194097763154631,0.13191030142183335,0.11988715746166513,0.2638991097007153,0.4159421566392715,0.39385109209464536,0.5194097763154631,0.13191030142183335,0.11988715746166513,0.2638991097007153,2.7211326810285095,3.103185882836411,0.6593063293348295,0.7518744337314807,0.6593063293348295,814160,203540,81416,122124,0.75,,,,,,,,,0.006110666573664343,1921
bayesfl_observability_v1,vi_sparse_bayesian_keep010_seed42,22,vi,86,6,1,,5,256,734.6624833106995,2.3581836223602295,1826.0644860442683,1826.0644860442683,,,3.7780947403425698,0.025076167657971382,0.9693685677011782,3.7780947403425698,,-0.0,2.3292713582565514,734.6624833106995,1826.0644860442683,1826.0644860442683,0.017943052825432525,2.3581836223602295,1826.0644860442683,0.005,15.382456311381059,0.06392556384108448,0.06362569332122803,0.07137485519051552,0.09276609122753143,0.6075012280670504,0.5148799411267613,1.2496500177987877,,,,,,,,,,,,,,,,,,1,update_snr,bayesian,0.1,20,101770,10177,0.1,0.30211601196832183,0.15745955743222215,0.14616907775348037,0.30210853546126337,0.15745955743222215,0.14616907775348037,0.30210853546126337,0.33972640454330805,0.33303562517565727,0.38100648500820344,0.13720768553099041,0.13033749581268755,0.260814062565773,0.33972640454330805,0.33303562517565727,0.38100648500820344,0.13720768553099041,0.13033749581268755,0.260814062565773,2.102364007613644,3.1391185779602053,0.5564614315158802,0.8308734411661612,0.5564614315158802,814160,203540,81416,122124,0.75,,,,,,,,,0.0057038969412344116,1
bayesfl_observability_v1,vi_sparse_bayesian_keep010_seed42,22,vi,95,7,18,,5,256,772.358645439148,0.16852235794067383,101.00597413113401,101.00597413113401,,,3.7673208654786525,0.02504829503595829,0.9694997625403129,3.7673208654786525,,-0.0,2.28098669344155,772.358645439148,1818.1075343604123,101.00597413113401,0.01786486719426562,0.16852235794067383,101.00597413113401,0.005,15.370985271184034,0.06392210786302882,0.06361301988363266,0.07136437594890595,0.09119662642478943,0.6066288330441674,0.5115712994306232,1.252136320396446,,,,,,,,,,,,,,,,,,1,update_snr,bayesian,0.1,20,101770,10177,0.1,0.3023169247452696,0.15704738448125438,0.14567487338246599,0.30231337058660573,0.15704738448125438,0.14567487338246599,0.30231337058660573,0.3401172207386713,0.3338854127759304,0.38196390721308837,0.13670629156376365,0.12965485989036718,0.26007396413081235,0.3401172207386713,0.3338854127759304,0.38196390721308837,0.13670629156376365,0.12965485989036718,0.26007396413081235,2.100521549099037,3.1273816085091717,0.5575637499706725,0.8301341245356934,0.5575637499706725,814160,203540,81416,122124,0.75,,,,,,,,,0.005704888334812992,18
bayesfl_observability_v1,vi_sparse_bayesian_keep010_seed42,22,vi,213,17,204,,5,256,829.4721504211426,0.013827200029410567,9.21138768462429,9.21138768462429,,,3.8334286507627615,0.02510813996195793,0.9685197301477917,3.8334286507627615,,-0.0,2.3163460082440825,829.4721504211426,1879.1230876633551,9.21138768462429,0.018464410805378355,0.013827200029410567,9.21138768462429,0.005,15.399199554447625,0.06392359063508815,0.06360265612602234,0.07141452133655549,0.09271540492773056,0.60747697752693,0.5116577788708809,1.2531094553352937,,,,,,,,,,,,,,,,,,1,update_snr,bayesian,0.1,20,101770,10177,0.1,0.30503009827616373,0.1603217001899147,0.15027878245024995,0.3050284231746246,0.1603217001899147,0.15027878245024995,0.3050284231746246,0.3412322065261438,0.3351914015392838,0.38089268867984793,0.14022053281922262,0.13363673144790847,0.26473323965023937,0.3412322065261438,0.3351914015392838,0.38089268867984793,0.14022053281922262,0.13363673144790847,0.26473323965023937,2.1075313489600687,3.2021066243395726,0.5497771162483277,0.8353113925056175,0.5497771162483277,814160,203540,81416,122124,0.75,,,,,,,,,0.005704297371793414,204
bayesfl_observability_v1,vi_sparse_bayesian_keep010_seed42,22,vi,219,17,1,,5,256,739.761028945446,0.899850606918335,1833.1157407685275,1833.1157407685275,,,3.784886036497546,0.025053031742572784,0.9693107294057587,3.784886036497546,,-0.0,2.259365973874069,739.761028945446,1833.1157407685275,1833.1157407685275,0.01801233900725683,0.899850606918335,1833.1157407685275,0.005,15.395730589422259,0.06392392367549175,0.06361675634980202,0.07138852849602699,0.09316261112689972,0.6076325326039744,0.5128634562056501,1.2538328438124937,,,,,,,,,,,,,,,,,,1,update_snr,bayesian,0.1,20,101770,10177,0.1,0.3023110130248669,0.15789865181521479,0.14722008288702695,0.30230624509182785,0.15789865181521479,0.14722008288702695,0.30230624509182785,0.3397491529588759,0.3332695829188593,0.38060589192908556,0.13769304057703022,0.13127433872311778,0.2613753662161928,0.3397491529588759,0.3332695829188593,0.38060589192908556,0.13769304057703022,0.13127433872311778,0.2613753662161928,2.1023948480678074,3.147268373064499,0.5554711100398995,0.8315358356144628,0.5554711100398995,814160,203540,81416,122124,0.75,,,,,,,,,0.00570932544316009,1
bayesfl_observability_v1,vi_sparse_bayesian_keep010_seed42,23,vi,176,14,41,,5,256,816.5529975891113,0.18289898663032345,44.32367112688639,44.32367112688639,,,3.7904044783479893,0.024998243898153305,0.9735885817495328,3.7904044783479893,,-0.0,2.185987945410232,816.5529975891113,1817.270516202342,44.32367112688639,0.017856642588212065,0.18289898663032345,44.32367112688639,0.005,16.601781337744413,0.06431429854441253,0.06401558220386505,0.07190187498927117,0.0991542786359787,0.6512487404701234,0.5466214691357236,1.345289213967871,,,,,,,,,,,,,,,,,,1,update_snr,bayesian,0.1,20,101770,10177,0.1,0.3013268055171851,0.15725992621257354,0.1466454143131342,0.3013266854650092,0.15725992621257354,0.1466454143131342,0.3013266854650092,0.33857963397195534,0.33201829231124463,0.3799782184889187,0.13711329201708666,0.13081610151230236,0.2594227878710849,0.33857963397195534,0.33201829231124463,0.3799782184889187,0.13711329201708666,0.13081610151230236,0.2594227878710849,2.103149475479064,3.153399497886787,0.5548614897151295,0.8319427427600459,0.5548614897151295,814160,203540,81416,122124,0.75,,,,,,,,,0.005804941172970115,41
bayesfl_observability_v1,vi_sparse_bayesian_keep010_seed42,23,vi,78,6,1,,5,256,742.6409420013428,1.217434048652649,1808.6782865420475,1808.6782865420475,,,3.783011049079561,0.025077231228351593,0.9737245886450224,3.783011049079561,,-0.0,2.3155014849272724,742.6409420013428,1808.6782865420475,1808.6782865420475,0.017772214665835194,1.217434048652649,1808.6782865420475,0.005,16.61186340573967,0.06430947299502367,0.06399635970592499,0.07192075550556183,0.09894786030054092,0.651703804429206,0.5478908913656351,1.3454738453694235,,,,,,,,,,,,,,,,,,1,update_snr,bayesian,0.1,20,101770,10177,0.1,0.3000607101594102,0.15682352105204314,0.14565627324134206,0.300055056300705,0.15682352105204314,0.14565627324134206,0.300055056300705,0.33819853836713765,0.33183007471738857,0.3800913989018988,0.13667074135036594,0.13001312338773213,0.25916919874815353,0.33819853836713765,0.33183007471738857,0.3800913989018988,0.13667074135036594,0.13001312338773213,0.25916919874815353,2.103226922184336,3.144456886531769,0.5559663704117568,0.8312047852191291,0.5559663704117568,814160,203540,81416,122124,0.75,,,,,,,,,0.005806831962275048,1
bayesfl_observability_v1,vi_sparse_bayesian_keep010_seed42,23,vi,79,6,1614,,5,256,2633.7780653272357,0.1639409969287291,1.4369838318248187,1.4369838318248187,,,4.208726181937005,0.0597287081182003,0.9678301843346516,4.208726181937005,,0.227611568069938,2.10471822493949,2633.7780653272357,2319.2919045652575,1.4369838318248187,0.022789544114820256,0.1639409969287291,1.4369838318248187,0.005,16.727547072130367,0.06487107811572715,0.06453553959727287,0.07292616441845894,0.10461418330669403,0.6508952982610189,0.5454612512318725,1.3438680315207996,,,,,,,,,,,,,,,,,,1,update_snr,bayesian,0.1,20,101770,10177,0.1,0.33600539412118274,0.16240639961603343,0.13671636683378974,0.3359988986428734,0.16240639961603343,0.13671636683378974,0.3359988986428734,0.4227141799512404,0.40127539355344133,0.5298950339431326,0.13348331291212154,0.12116798851384651,0.26702540176605905,0.4227141799512404,0.40127539355344133,0.5298950339431326,0.13348331291212154,0.12116798851384651,0.26702540176605905,2.782122006959278,3.158033124100341,0.6610365908097272,0.7503536670201961,0.6610365908097272,814160,203540,81416,122124,0.75,,,,,,,,,0.006173756639140373,1614
bayesfl_observability_v1,vi_sparse_bayesian_keep010_seed42,23,vi,281,22,9,,5,256,743.4804441452027,1.1482183668348525,201.07187628621878,201.07187628621878,,,3.7811086899388657,0.025070475414395332,0.9737200056008573,3.7811086899388657,,-0.0,2.3096097079310103,743.4804441452027,1809.6468865759691,201.07187628621878,0.017781732205718475,1.1482183668348525,201.07187628621878,0.005,16.601924374162078,0.06431992899498742,0.06400910019874573,0.07194078117609023,0.09835706651210785,0.651196861578843,0.5474972067739935,1.3457503943561093,,,,,,,,,,,,,,,,,,1,update_snr,bayesian,0.1,20,101770,10177,0.1,0.30083323912751425,0.1567629386045633,0.14570543557909968,0.3008327988092002,0.1567629386045633,0.14570543557909968,0.3008327988092002,0.3382914619137444,0.33143638763048566,0.3799367197638255,0.13659310268132094,0.12957910069370343,0.25923728907538235,0.3382914619137444,0.33143638763048566,0.3799367197638255,0.13659310268132094,0.12957910069370343,0.25923728907538235,2.1019441852736573,3.1430261798345676,0.5559068404636742,0.8312445998174639,0.5559068404636742,814160,203540,81416,122124,0.75,,,,,,,,,0.0058063385784725115,9
bayesfl_observability_v1,vi_sparse_bayesian_keep010_seed42,23,vi,284,22,369,,5,256,1874.0260082870723,0.007986166289828334,7.960222314852366,7.960222314852366,,,4.816595660585628,0.047538720071315765,0.9583075405164185,4.816595660585628,,-0.0,2.3096097079310103,1874.0260082870723,2937.322034180523,7.960222314852366,0.028862356629463723,0.007986166289828334,7.960222314852366,0.005,16.856293478886588,0.06452291721218759,0.0642029382288456,0.0721939280629158,0.09543074667453766,0.6589344458826584,0.5549461656616508,1.3569160352964496,,,,,,,,,,,,,,,,,,1,update_snr,bayesian,0.1,20,101770,10177,0.1,0.38771550887746065,0.19323700064113447,0.17087989546356452,0.38771064181811515,0.19323700064113447,0.17087989546356452,0.38771064181811515,0.4648154173661435,0.4497037856599938,0.5546637438935791,0.1630616210050224,0.15221244389747138,0.31763119720401856,0.4648154173661435,0.4497037856599938,0.5546637438935791,0.1630616210050224,0.15221244389747138,0.31763119720401856,2.9675116689859697,3.793872461220136,0.6161014704367281,0.7876667938447747,0.6161014704367281,814160,203540,81416,122124,0.75,,,,,,,,,0.005891757574532097,369
bayesfl_observability_v1,vi_sparse_bayesian_keep010_seed42,23,vi,153,12,19,,5,256,752.9719780921936,0.2459063780935187,94.97961545377767,94.97961545377767,,,3.7778068532595834,0.025075454264879227,0.9738600326465386,3.7778068532595834,,-0.0,2.259365973874069,752.9719780921936,1804.6126936217756,94.97961545377767,0.017732265831008898,0.2459063780935187,94.97961545377767,0.005,16.631322189055165,0.06431427159757257,0.06401864066720009,0.07190744131803513,0.09606773406267166,0.6521139840894449,0.5504872963219565,1.3454756742082836,,,,,,,,,,,,,,,,,,1,update_snr,bayesian,0.1,20,101770,10177,0.1,0.30020168738534997,0.1566975247138729,0.14553802268515165,0.30019965038435903,0.1566975247138729,0.14553802268515165,0.30019965038435903,0.33797573787133156,0.33142754628838916,0.380000819148711,0.13655550102971087,0.1297798389192416,0.2588793829760418,0.33797573787133156,0.33142754628838916,0.380000819148711,0.13655550102971087,0.1297798389192416,0.2588793829760418,2.1007136686110024,3.139876861127836,0.5560669854782162,0.8311374781954969,0.5560669854782162,814160,203540,81416,122124,0.75,,,,,,,,,0.005800646870340463,19
bayesfl_observability_v1,vi_sparse_bayesian_keep010_seed42,23,vi,238,19,72,,5,256,734.4565450191498,0.011646858519977994,25.215711142370818,25.215711142370818,,,3.788239444846998,0.025088351219892502,0.9736309724717845,3.788239444846998,,-0.0,2.3163460082440825,734.4565450191498,1815.531202250699,25.215711142370818,0.01783955195293995,0.011646858519977994,25.215711142370818,0.005,16.60554683327216,0.06431355403121819,0.06400881707668304,0.07191400229930878,0.09878789633512497,0.6513928778371383,0.5498244140887758,1.3424795346569736,,,,,,,,,,,,,,,,,,1,update_snr,bayesian,0.1,20,101770,10177,0.1,0.3011606632604124,0.1572137231554309,0.14639771235766663,0.3011543520792668,0.1572137231554309,0.14639771235766663,0.3011543520792668,0.3381692839273147,0.33146046035575655,0.3791720992943028,0.13710754973633266,0.13045056390589121,0.25955112836777794,0.3381692839273147,0.33146046035575655,0.3791720992943028,0.13710754973633266,0.13045056390589121,0.25955112836777794,2.1024972526677628,3.15123204382337,0.5550064306330246,0.8318460566450927,0.5550064306330246,814160,203540,81416,122124,0.75,,,,,,,,,0.0058039463304295005,72
bayesfl_observability_v1,vi_sparse_bayesian_keep010_seed42,23,vi,267,21,2,,5,256,736.1330383777619,0.8077471256256104,903.8084662284336,903.8084662284336,,,3.7790471058409083,0.025076739490032196,0.9738020010409593,3.7790471058409083,,-0.0,2.259365973874069,736.1330383777619,1807.6169324568673,903.8084662284336,0.017761785717371203,0.8077471256256104,903.8084662284336,0.005,16.61867658008852,0.064309880156954,0.06400259584188461,0.07190156728029251,0.09608365595340729,0.6524203890514412,0.5496202900283562,1.3461438108508224,,,,,,,,,,,,,,,,,,1,update_snr,bayesian,0.1,20,101770,10177,0.1,0.3019720540370055,0.156496011596369,0.1451557573560613,0.3019650605061578,0.156496011596369,0.1451557573560613,0.3019650605061578,0.33876779920691147,0.3322786356664188,0.37913783238598475,0.13624359075075318,0.1286963243721502,0.25954670435982247,0.33876779920691147,0.3322786356664188,0.37913783238598475,0.13624359075075318,0.1286963243721502,0.25954670435982247,2.1058595382533074,3.1379217060519724,0.5572461732478761,0.830347338407608,0.5572461732478761,814160,203540,81416,122124,0.75,,,,,,,,,0.005805544212884738,2
bayesfl_observability_v1,vi_sparse_bayesian_keep010_seed42,23,vi,107,8,1372,,5,256,2476.4762885888417,0.034682147183154134,1.7459551246337068,1.7459551246337068,,,4.296978106224853,0.06438665837049484,0.9665757912410201,4.296978106224853,,-0.0,2.3155014849272724,2476.4762885888417,2395.450430997446,1.7459551246337068,0.023537883767293367,0.034682147183154134,1.7459551246337068,0.005,16.76001535924794,0.06486490987500432,0.06451407819986343,0.07290551140904426,0.09835723787546158,0.6521269959552227,0.5501650664720037,1.3463060055518639,,,,,,,,,,,,,,,,,,1,update_snr,bayesian,0.1,20,101770,10177,0.1,0.34304089292412515,0.16603621162857374,0.1403486857490089,0.343035619944966,0.16603621162857374,0.1403486857490089,0.343035619944966,0.42948999321729303,0.40746134532487227,0.5370103706807393,0.13676356922982716,0.12443637784937674,0.27272624926051386,0.42948999321729303,0.40746134532487227,0.5370103706807393,0.13676356922982716,0.12443637784937674,0.27272624926051386,2.8275343106586526,3.2355943144071504,0.6580285588522132,0.7529929719027145,0.6580285588522132,814160,203540,81416,122124,0.75,,,,,,,,,0.006143909631569294,1372
bayesfl_observability_v1,vi_sparse_bayesian_keep010_seed42,23,vi,205,16,1,,5,256,756.3233942985535,3.381742477416992,1799.3496120176374,1799.3496120176374,,,3.771166783692122,0.025065116584300995,0.9738915232130971,3.771166783692122,,-0.0,2.3096097079310103,756.3233942985535,1799.3496120176374,1799.3496120176374,0.017680550378477326,3.381742477416992,1799.3496120176374,0.005,16.612032646302133,0.06431238736345642,0.06401653215289116,0.07192246690392494,0.0972776934504509,0.652002279405344,0.5493884685709484,1.3450234362226068,,,,,,,,,,,,,,,,,,1,update_snr,bayesian,0.1,20,101770,10177,0.1,0.3006123237763956,0.15619994520321928,0.14443258682654142,0.30060859419276,0.15619994520321928,0.14443258682654142,0.30060859419276,0.33778084644386264,0.3312357373936099,0.37897516388122954,0.13602428950981446,0.12854293959628982,0.2588953961147225,0.33778084644386264,0.3312357373936099,0.37897516388122954,0.13602428950981446,0.12854293959628982,0.2588953961147225,2.099827844063003,3.1324785610951142,0.5568111845764584,0.8306390941501381,0.5568111845764584,814160,203540,81416,122124,0.75,,,,,,,,,0.005805529202440221,1
bayesfl_observability_v1,vi_sparse_bayesian_keep010_seed42,23,vi,209,16,1,,5,256,723.9849824428559,2.4701740741729736,1798.469644399833,1798.469644399833,,,3.769963805735172,0.025077352300286293,0.9739382687788485,3.769963805735172,,-0.0,2.259365973874069,723.9849824428559,1798.469644399833,1798.469644399833,0.017671903747664666,2.4701740741729736,1798.469644399833,0.005,16.621435698320468,0.0643132327979386,0.06401130184531212,0.07191002890467645,0.09803757816553116,0.6517378781671992,0.5480955236936916,1.347455740069482,,,,,,,,,,,,,,,,,,1,update_snr,bayesian,0.1,20,101770,10177,0.1,0.3006226632547935,0.15607887472220006,0.14464816556945137,0.30061278057983626,0.15607887472220006,0.14464816556945137,0.30061278057983626,0.33790143234122944,0.3315876839407123,0.3787787537635048,0.1358763683200857,0.1284359674677693,0.2591338583426304,0.33790143234122944,0.3315876839407123,0.3787787537635048,0.1358763683200857,0.1284359674677693,0.2591338583426304,2.1012775379651676,3.130057476308747,0.5573733983250808,0.8302619435091265,0.5573733983250808,814160,203540,81416,122124,0.75,,,,,,,,,0.005804259514057136,1
bayesfl_observability_v1,vi_sparse_bayesian_keep010_seed42,23,vi,140,11,2,,5,256,741.585580444336,4.578638076782227,900.427644935267,900.427644935267,,,3.7728895691058644,0.02510455995798111,0.973946095660931,3.7728895691058644,,-0.0,2.3277319754160017,741.585580444336,1800.855289870534,900.427644935267,0.01769534528712326,4.578638076782227,900.427644935267,0.005,16.636602786367067,0.06431262983973578,0.06402076408267021,0.07188924327492714,0.09919799864292145,0.6525281209190678,0.5506450854578187,1.3447384495295949,,,,,,,,,,,,,,,,,,1,update_snr,bayesian,0.1,20,101770,10177,0.1,0.29972614297597133,0.1564860724155785,0.14548287486409064,0.299720899936914,0.1564860724155785,0.14548287486409064,0.299720899936914,0.3374913089507776,0.33119201195862813,0.378968850155218,0.13637437946722306,0.12949717682863418,0.25848105469079463,0.3374913089507776,0.33119201195862813,0.378968850155218,0.13637437946722306,0.12949717682863418,0.25848105469079463,2.09704251807058,3.1364164867045403,0.5558186847667416,0.8313035484491634,0.5558186847667416,814160,203540,81416,122124,0.75,,,,,,,,,0.005797704167892354,2
bayesfl_observability_v1,vi_sparse_bayesian_keep010_seed42,23,vi,148,11,2,,5,256,772.3866926193238,3.376831531524658,901.3183633684877,901.3183633684877,,,3.7725161104552933,0.025051426142454147,0.9738494863809454,3.7725161104552933,,-0.0,2.3277319754160017,772.3866926193238,1802.6367267369753,901.3183633684877,0.017712849825459127,3.376831531524658,901.3183633684877,0.005,16.604700228467312,0.06431905173454894,0.06401414424180984,0.0719087302684784,0.09656693786382675,0.6512109330026539,0.5473472624838733,1.3454829147605052,,,,,,,,,,,,,,,,,,1,update_snr,bayesian,0.1,20,101770,10177,0.1,0.3007430983119722,0.15634063976714935,0.14523351135249946,0.30073925966835974,0.15634063976714935,0.14523351135249946,0.30073925966835974,0.3385431863447459,0.33211111602036814,0.3803654288174248,0.13609591236963867,0.12897171951445688,0.2587695104585848,0.3385431863447459,0.33211111602036814,0.3803654288174248,0.13609591236963867,0.12897171951445688,0.2587695104585848,2.1024256655085556,3.1323607909459685,0.5573006460282075,0.830310779128239,0.5573006460282075,814160,203540,81416,122124,0.75,,,,,,,,,0.005802566357804076,2
bayesfl_observability_v1,vi_sparse_bayesian_keep010_seed42,23,vi,131,10,1,,5,256,735.8644417524338,2.530714273452759,1807.9202138398018,1807.9202138398018,,,3.7802062419654217,0.025042042136192322,0.9737966022212068,3.7802062419654217,,-0.0,2.259365973874069,735.8644417524338,1807.9202138398018,1807.9202138398018,0.01776476578402085,2.530714273452759,1807.9202138398018,0.005,16.622081961722877,0.06431413158350491,0.06401238217949867,0.07190366610884667,0.09927014261484146,0.6522235004527004,0.5497588578549717,1.345781284282808,,,,,,,,,,,,,,,,,,1,update_snr,bayesian,0.1,20,101770,10177,0.1,0.30097846978265486,0.15673538519737687,0.14561940680532953,0.3009745205990215,0.15673538519737687,0.14561940680532953,0.3009745205990215,0.3385689758162186,0.33175587720567945,0.38051625833364516,0.13653165290639446,0.12943545733498668,0.25902186081088957,0.3385689758162186,0.33175587720567945,0.38051625833364516,0.13653165290639446,0.12943545733498668,0.25902186081088957,2.105278090401119,3.139707533174287,0.5569214893699909,0.830565141742604,0.5569214893699909,814160,203540,81416,122124,0.75,,,,,,,,,0.005808077870261408,1
bayesfl_observability_v1,vi_sparse_bayesian_keep010_seed42,23,vi,134,10,1,,5,256,695.943402042985,3.210844039916992,1812.2681391088208,1812.2681391088208,,,3.784879106777193,0.025046125054359436,0.9737719820520683,3.784879106777193,,-0.0,2.3096097079310103,695.943402042985,1812.2681391088208,1812.2681391088208,0.017807488838644206,3.210844039916992,1812.2681391088208,0.005,16.634806266964198,0.06431359828581472,0.06400357559323311,0.07192201092839241,0.0991380363702774,0.6521377979636888,0.5489746484608096,1.3501432303458671,,,,,,,,,,,,,,,,,,1,update_snr,bayesian,0.1,20,101770,10177,0.1,0.30054833466298475,0.1568379907417448,0.14554784751134803,0.30054061883129374,0.1568379907417448,0.14554784751134803,0.30054061883129374,0.338845043797026,0.33258226039799826,0.3802947378294834,0.13661498484671353,0.12957844774849175,0.25960641967136744,0.338845043797026,0.33258226039799826,0.3802947378294834,0.13661498484671353,0.12957844774849175,0.25960641967136744,2.1053643202633303,3.1452743810168085,0.5562566890164263,0.8310105269636987,0.5562566890164263,814160,203540,81416,122124,0.75,,,,,,,,,0.005803879056583115,1
bayesfl_observability_v1,vi_sparse_bayesian_keep010_seed42,24,vi,128,10,1025,,5,256,2369.750442099571,0.0287508039738239,2.516024356284788,2.516024356284788,,,4.5008577896187125,0.06474997103214264,0.9679093705537433,4.5008577896187125,,0.10892171136653514,2.2170760364031934,2369.750442099571,2578.9249651919076,2.516024356284788,0.025340718926912722,0.0287508039738239,2.516024356284788,0.005,17.910281483052152,0.06514556918033708,0.06482600048184395,0.07322840318083763,0.10393533855676651,0.6939127526399066,0.584160595575747,1.4313822848137185,,,,,,,,,,,,,,,,,,1,update_snr,bayesian,0.1,20,101770,10177,0.1,0.3566355587063625,0.17315870436183428,0.14626636024984574,0.3566287334714313,0.17315870436183428,0.14626636024984574,0.3566287334714313,0.4485682400328855,0.42632498852672884,0.5628757425433656,0.1425576448428286,0.12941677025921935,0.2847973614923674,0.4485682400328855,0.42632498852672884,0.5628757425433656,0.1425576448428286,0.12941677025921935,0.2847973614923674,2.9641540357113527,3.386962015574965,0.6585753592455671,0.7525147813794599,0.6585753592455671,814160,203540,81416,122124,0.75,,,,,,,,,0.0061672350934483785,1025
bayesfl_observability_v1,vi_sparse_bayesian_keep010_seed42,24,vi,257,20,22,,5,256,749.9384078025818,0.12770625677975742,81.10320649590847,81.10320649590847,,,3.7741351557632044,0.02508346363902092,0.9771334719261384,3.7741351557632044,,-0.0,2.259365973874069,749.9384078025818,1784.2705429099863,81.10320649590847,0.017532382263043985,0.12770625677975742,81.10320649590847,0.005,17.750037616236305,0.06464071762363252,0.06435227394104004,0.07231742292642593,0.09868542104959488,0.6935104973068307,0.5859133045737595,1.4303021517533234,,,,,,,,,,,,,,,,,,1,update_snr,bayesian,0.1,20,101770,10177,0.1,0.29916809414564416,0.1554760677194692,0.14417983838976248,0.29916215757663456,0.1554760677194692,0.14417983838976248,0.29916215757663456,0.33651505462133274,0.3301651635526201,0.37753767825092577,0.13536062473037325,0.12860061115181157,0.25811151999732707,0.33651505462133274,0.3301651635526201,0.37753767825092577,0.13536062473037325,0.12860061115181157,0.25811151999732707,2.099708593757255,3.1361313740450494,0.5563416536768548,0.8309536475544851,0.5563416536768548,814160,203540,81416,122124,0.75,,,,,,,,,0.005867562865725309,22
bayesfl_observability_v1,vi_sparse_bayesian_keep010_seed42,24,vi,289,23,4615,,5,256,2347.0671076711856,0.12278730085488905,0.4716292789540835,0.4716292789540835,,,4.045187663965298,0.05723300576210022,0.9739067985506399,4.045187663965298,,0.8496433488150035,1.4144019597737127,2347.0671076711856,2176.5691223730955,0.4716292789540835,0.021387138865806187,0.12278730085488905,0.4716292789540835,0.005,17.824175816796796,0.06515557410672616,0.06479434669017792,0.07350899428129197,0.09877198189496994,0.6920571675406777,0.5826833146787278,1.4264157674404065,,,,,,,,,,,,,,,,,,1,update_snr,bayesian,0.1,20,101770,10177,0.1,0.32122980723515365,0.1555205464006352,0.1309110859518069,0.3212215172555362,0.1555205464006352,0.1309110859518069,0.3212215172555362,0.4041869248950756,0.3829858077562636,0.5060840228948336,0.12789094879014182,0.11564495198917588,0.2551103333873585,0.4041869248950756,0.3829858077562636,0.5060840228948336,0.12789094879014182,0.11564495198917588,0.2551103333873585,2.6693452213427378,3.039430756900333,0.6598816774611911,0.7513695307576729,0.6598816774611911,814160,203540,81416,122124,0.75,,,,,,,,,0.006398286702110318,4615
bayesfl_observability_v1,vi_sparse_bayesian_keep010_seed42,24,vi,98,7,50,,5,256,773.9603426933288,0.02031855344772339,35.85478367205536,35.85478367205536,,,3.7848290314235,0.02502155676484108,0.9770547174304471,3.7848290314235,,-0.0,2.185987945410232,773.9603426933288,1792.7391836027682,35.85478367205536,0.017615595790535208,0.02031855344772339,35.85478367205536,0.005,17.76995448620113,0.06464236291008098,0.06434212997555733,0.07232502922415734,0.09545320272445679,0.6941023147859116,0.5858842081377437,1.431932891784036,,,,,,,,,,,,,,,,,,1,update_snr,bayesian,0.1,20,101770,10177,0.1,0.2990144033604606,0.15619374384359092,0.1453780113645492,0.2990118397177072,0.15619374384359092,0.1453780113645492,0.2990118397177072,0.33579831781079655,0.32961370541772306,0.37637826757107523,0.13623768006945694,0.12956261051067028,0.25789268643462643,0.33579831781079655,0.32961370541772306,0.37637826757107523,0.13623768006945694,0.12956261051067028,0.25789268643462643,2.0992691424818943,3.1492856117744377,0.5546536250522114,0.8320813399040035,0.5546536250522114,814160,203540,81416,122124,0.75,,,,,,,,,0.005866981348107198,50
bayesfl_observability_v1,vi_sparse_bayesian_keep010_seed42,24,vi,243,19,1,,5,256,700.4523829698562,0.8277543783187866,1795.6402363542347,1795.6402363542347,,,3.788085023206787,0.025088630616664886,0.9770275330434363,3.788085023206787,,-0.0,2.185987945410232,700.4523829698562,1795.6402363542347,1795.6402363542347,0.017644101762348773,0.8277543783187866,1795.6402363542347,0.005,17.774743547228926,0.06464569213415505,0.06435618549585342,0.07234720066189766,0.09770678728818893,0.6939382763371018,0.5856610167088324,1.4319856104679909,,,,,,,,,,,,,,,,,,1,update_snr,bayesian,0.1,20,101770,10177,0.1,0.2995172317269035,0.15645116557392946,0.14564692901743784,0.29951327693593033,0.15645116557392946,0.14564692901743784,0.29951327693593033,0.33655505578890604,0.3299551125880806,0.37691519114922317,0.13643962221670983,0.12969198194619744,0.25786247357519637,0.33655505578890604,0.3299551125880806,0.37691519114922317,0.13643962221670983,0.12969198194619744,0.25786247357519637,2.1011065132679123,3.1519739153341244,0.5546619203096,0.832075810343305,0.5546619203096,814160,203540,81416,122124,0.75,,,,,,,,,0.0058698212193736676,1
bayesfl_observability_v1,vi_sparse_bayesian_keep010_seed42,24,vi,47,3,1,,5,256,714.0903907179833,2.376514434814453,1792.0069634673466,1792.0069634673466,,,3.7828127827450735,0.025079116225242615,0.9770085155643234,3.7828127827450735,,-0.0,2.3292713582565514,714.0903907179833,1792.0069634673466,1792.0069634673466,0.017608400938069632,2.376514434814453,1792.0069634673466,0.005,17.74292317562144,0.06464180541418327,0.06435208767652512,0.07232400998473168,0.09589431434869766,0.6928689672209575,0.5835143654511944,1.4316260535598815,,,,,,,,,,,,,,,,,,1,update_snr,bayesian,0.1,20,101770,10177,0.1,0.29971326956997457,0.15598905689876819,0.1448703754779938,0.2997114588662735,0.15598905689876819,0.1448703754779938,0.2997114588662735,0.3368884885999248,0.3304048490649733,0.37776065290614014,0.13588912004308412,0.12878994879942382,0.2577363436253801,0.3368884885999248,0.3304048490649733,0.37776065290614014,0.13588912004308412,0.12878994879942382,0.2577363436253801,2.103643634544042,3.1439395681440625,0.5561056693420315,0.8311115957112211,0.5561056693420315,814160,203540,81416,122124,0.75,,,,,,,,,0.005866888984185351,1
bayesfl_observability_v1,vi_sparse_bayesian_keep010_seed42,24,vi,161,12,1,,5,256,762.343318104744,2.556025743484497,1782.4768804110456,1782.4768804110456,,,3.771758154221304,0.025052163749933243,0.9771858379541352,3.771758154221304,,-0.0,2.3163460082440825,762.343318104744,1782.4768804110456,1782.4768804110456,0.01751475759468454,2.556025743484497,1782.4768804110456,0.005,17.758936259734423,0.06464513203721624,0.06435796618461609,0.07231732159852981,0.0967562198638916,0.6934744961011926,0.58493574804612,1.4337995764227645,,,,,,,,,,,,,,,,,,1,update_snr,bayesian,0.1,20,101770,10177,0.1,0.29827816037994387,0.15556028504526265,0.14448230121410877,0.29826948329562025,0.15556028504526265,0.14448230121410877,0.29826948329562025,0.33601258085683117,0.3293875388707223,0.3775831862114485,0.13551002995508835,0.1284400655369128,0.2574917405631098,0.33601258085683117,0.3293875388707223,0.3775831862114485,0.13551002995508835,0.1284400655369128,0.2574917405631098,2.0974216694317125,3.1348017344854835,0.5560859375578746,0.8311247981202223,0.5560859375578746,814160,203540,81416,122124,0.75,,,,,,,,,0.00587030598647417,1
bayesfl_observability_v1,vi_sparse_bayesian_keep010_seed42,24,vi,32,2,2,,5,256,745.6425771713257,1.762351155281067,892.0264921289336,892.0264921289336,,,3.7732769954056775,0.025074506178498268,0.9771705257561156,3.7732769954056775,,-0.0,2.3292713582565514,745.6425771713257,1784.0529842578671,892.0264921289336,0.01753024451466903,1.762351155281067,892.0264921289336,0.005,17.76018774381304,0.06464648040027449,0.06434428691864014,0.07232948392629623,0.09617737680673599,0.6929745506307844,0.5853978206108235,1.4318066257668107,,,,,,,,,,,,,,,,,,1,update_snr,bayesian,0.1,20,101770,10177,0.1,0.2990611086079256,0.15554772835604497,0.14419756337090428,0.2990605787076722,0.15554772835604497,0.14419756337090428,0.2990605787076722,0.336730137823242,0.3301329679978682,0.37839043165283853,0.1354163495263564,0.1287439915163078,0.25740146406066367,0.336730137823242,0.3301329679978682,0.37839043165283853,0.1354163495263564,0.1287439915163078,0.25740146406066367,2.100356736334445,3.134664394188353,0.55663995484345,0.8307538508318112,0.55663995484345,814160,203540,81416,122124,0.75,,,,,,,,,0.005872377766907542,2
bayesfl_observability_v1,vi_sparse_bayesian_keep010_seed42,24,vi,69,5,63,,5,256,829.2253131866455,0.18991309877425905,28.84950616816145,28.84950616816145,,,3.80918120594637,0.025015071034431458,0.9767062753544319,3.80918120594637,,0.6915136378174996,1.579280430685095,829.2253131866455,1817.5188885941714,28.84950616816145,0.017859083114809583,0.18991309877425905,28.84950616816145,0.005,17.751707892495716,0.06464443812980461,0.06435872241854668,0.07231025770306587,0.09654074907302856,0.693084649253351,0.5838147257454502,1.431140379936343,,,,,,,,,,,,,,,,,,1,update_snr,bayesian,0.1,20,101770,10177,0.1,0.30090696697482594,0.15728007593235177,0.14689553874729094,0.3009064074567942,0.15728007593235177,0.14689553874729094,0.3009064074567942,0.3376248189385931,0.33080949506975543,0.37963568256667046,0.1372417711538805,0.1309647227919937,0.26000785004160804,0.3376248189385931,0.33080949506975543,0.37963568256667046,0.1372417711538805,0.1309647227919937,0.26000785004160804,2.1075057045095362,3.173055493557404,0.5532700049080332,0.8330019817917999,0.5532700049080332,814160,203540,81416,122124,0.75,,,,,,,,,0.005867958364746713,63
bayesfl_observability_v1,vi_sparse_bayesian_keep010_seed42,24,vi,12,1,1,,5,256,704.4056443095208,0.1091826930642128,1793.165919360928,1793.165919360928,,,3.7849370945916148,0.025071628391742706,0.9769791282046261,3.7849370945916148,,-0.0,2.3277319754160017,704.4056443095208,1793.165919360928,1793.165919360928,0.017619788929556138,0.1091826930642128,1793.165919360928,0.005,17.741657872703414,0.06464426150338477,0.06434431672096252,0.07230481281876563,0.09838064759969711,0.692590716516627,0.5835321958183753,1.431957381563585,,,,,,,,,,,,,,,,,,1,update_snr,bayesian,0.1,20,101770,10177,0.1,0.2993217908320439,0.15618145319999796,0.14503494936822597,0.29931757043489277,0.15618145319999796,0.14503494936822597,0.29931757043489277,0.3365312506683638,0.3303114065069437,0.37812939616734775,0.13614258681462396,0.12921971715868935,0.2581164051013474,0.3365312506683638,0.3303114065069437,0.37812939616734775,0.13614258681462396,0.12921971715868935,0.2581164051013474,2.102663308416915,3.147150428793143,0.5555345454542586,0.8314934568635711,0.5555345454542586,814160,203540,81416,122124,0.75,,,,,,,,,0.005866056104975215,1
bayesfl_observability_v1,vi_sparse_bayesian_keep010_seed42,24,vi,113,9,708,,5,256,2131.7930919547875,0.0010546351241021506,4.322601534922745,4.322601534922745,,,4.936790725564129,0.06330905109643936,0.9617751456651857,4.936790725564129,,-0.0,2.311121424016332,2131.7930919547875,3060.4018867253035,4.322601534922745,0.030071748911519147,0.0010546351241021506,4.322601534922745,0.005,18.027964974600497,0.0649913016479388,0.06467464566230774,0.07289460450410842,0.09958202391862869,0.7002963292738187,0.5906999517247389,1.4435895988017677,,,,,,,,,,,,,,,,,,1,update_snr,bayesian,0.1,20,101770,10177,0.1,0.39646757848812336,0.19299855653467374,0.16567050288235863,0.3964616481757641,0.19299855653467374,0.16567050288235863,0.3964616481757641,0.4867802746663714,0.46490013339834924,0.599505523164557,0.16035614340892956,0.14687603808067565,0.31787324185471566,0.4867802746663714,0.46490013339834924,0.599505523164557,0.16035614340892956,0.14687603808067565,0.31787324185471566,3.16516068535934,3.788622507438783,0.641137301804029,0.767426192044196,0.641137301804029,814160,203540,81416,122124,0.75,,,,,,,,,0.006038380842575084,708
bayesfl_observability_v1,vi_sparse_bayesian_keep010_seed42,24,vi,192,15,1,,5,256,726.9242080569268,0.42342856526374817,1779.4514815665075,1779.4514815665075,,,3.7717102775286815,0.025005128234624863,0.9772250753728153,3.7717102775286815,,-0.0,2.259365973874069,726.9242080569268,1779.4514815665075,1779.4514815665075,0.017485029788410215,0.42342856526374817,1779.4514815665075,0.005,17.773543273224064,0.06464737493058337,0.06436013802886009,0.07233243882656099,0.09572183340787888,0.6937310275646906,0.5841719734487654,1.4285898456365527,,,,,,,,,,,,,,,,,,1,update_snr,bayesian,0.1,20,101770,10177,0.1,0.2987147734452893,0.15534753279250374,0.1441840348112232,0.298711304801878,0.15534753279250374,0.1441840348112232,0.298711304801878,0.33567305562027655,0.32911242281698777,0.3761392951073319,0.13531136358941787,0.12785147877704842,0.25728944250045227,0.33567305562027655,0.32911242281698777,0.3761392951073319,0.13531136358941787,0.12785147877704842,0.25728944250045227,2.0987862058750775,3.1338307037304984,0.5564547781889161,0.8308778970647401,0.5564547781889161,814160,203540,81416,122124,0.75,,,,,,,,,0.005870719491529935,1
bayesfl_observability_v1,vi_sparse_bayesian_keep010_seed42,24,vi,202,16,1,,5,256,722.0082889556885,3.865025043487549,1791.9041329894337,1791.9041329894337,,,3.7792878901099907,0.025096595287322998,0.9770857790695595,3.7792878901099907,,-0.0,2.28098669344155,722.0082889556885,1791.9041329894337,1791.9041329894337,0.01760739051773051,3.865025043487549,1791.9041329894337,0.005,17.755975647065416,0.06464797289143573,0.06434202939271927,0.07232264876365661,0.09740825742483139,0.692811718523821,0.5837340213067933,1.431779923733602,,,,,,,,,,,,,,,,,,1,update_snr,bayesian,0.1,20,101770,10177,0.1,0.30015457361313225,0.1558363388874171,0.14450900033126288,0.30014872185814534,0.1558363388874171,0.14450900033126288,0.30014872185814534,0.337319046196858,0.33151726509018803,0.376952220370475,0.13567159363081255,0.1285021406391872,0.25834891607112753,0.337319046196858,0.33151726509018803,0.376952220370475,0.13567159363081255,0.1285021406391872,0.25834891607112753,2.104003446288354,3.139456394718482,0.5567195480911405,0.8307005144895465,0.5567195480911405,814160,203540,81416,122124,0.75,,,,,,,,,0.005871963878481461,1
bayesfl_observability_v1,vi_sparse_bayesian_keep010_seed42,24,vi,177,14,1,,5,256,737.0844093680382,1.9263358116149902,1785.558519319281,1785.558519319281,,,3.7752747631489774,0.02507544681429863,0.9771202149988735,3.7752747631489774,,-0.0,2.259365973874069,737.0844093680382,1785.558519319281,1785.558519319281,0.017545038020234657,1.9263358116149902,1785.558519319281,0.005,17.75031223741848,0.06464361781330366,0.06435899436473846,0.07230223342776299,0.09920676052570343,0.6926982666286784,0.585970094057117,1.4303469008072138,,,,,,,,,,,,,,,,,,1,update_snr,bayesian,0.1,20,101770,10177,0.1,0.2989526833152804,0.15572487639593235,0.14451001784677647,0.2989412115043901,0.15572487639593235,0.14451001784677647,0.2989412115043901,0.33614422009769973,0.32958582742181286,0.3769634427252681,0.1356782826512915,0.12895373942246754,0.2577122897467599,0.33614422009769973,0.32958582742181286,0.3769634427252681,0.1356782826512915,0.12895373942246754,0.2577122897467599,2.1000676510249177,3.13726240508955,0.5562688235367642,0.8310024043052014,0.5562688235367642,814160,203540,81416,122124,0.75,,,,,,,,,0.0058624201278746,1
bayesfl_observability_v1,vi_sparse_bayesian_keep010_seed42,24,vi,178,14,1,,5,256,753.5762508392334,3.363464117050171,1777.2977751321978,1777.2977751321978,,,3.7666884731100736,0.02509114146232605,0.9772103195191332,3.7666884731100736,,-0.0,2.28098669344155,753.5762508392334,1777.2977751321978,1777.2977751321978,0.01746386730011003,3.363464117050171,1777.2977751321978,0.005,17.74449262526785,0.06464660057663138,0.06434707716107368,0.07234322503209115,0.09823578596115112,0.6930328659536692,0.5843078631728729,1.4299022620891026,,,,,,,,,,,,,,,,,,1,update_snr,bayesian,0.1,20,101770,10177,0.1,0.29839283361563707,0.1551843734292325,0.1436182097140053,0.29838459715296184,0.1551843734292325,0.1436182097140053,0.29838459715296184,0.33551545051390147,0.32878583745793044,0.3774461975935666,0.1351475870864915,0.12813522550322615,0.25744363700153705,0.33551545051390147,0.32878583745793044,0.3774461975935666,0.1351475870864915,0.12813522550322615,0.25744363700153705,2.0965111829514407,3.129310293534322,0.5565926669853842,0.83078553373184,0.5565926669853842,814160,203540,81416,122124,0.75,,,,,,,,,0.005870771851656908,1
bayesfl_observability_v1,vi_sparse_bayesian_keep010_seed42,25,vi,281,22,9,,5,256,722.6905352830887,0.13317153188917372,197.00848634198513,197.00848634198513,,,3.7798267587344894,0.025054194033145905,0.9796569214990687,3.7798267587344894,,-0.0,2.3096097079310103,722.6905352830887,1773.0763770778663,197.00848634198513,0.01742238751181946,0.13317153188917372,197.00848634198513,0.005,18.835109045467078,0.06496910054825625,0.06467695534229279,0.07275288999080658,0.09911089390516281,0.7325083688519981,0.6192447178228448,1.5087652609110302,,,,,,,,,,,,,,,,,,1,update_snr,bayesian,0.1,20,101770,10177,0.1,0.2971662517491925,0.15521504296477273,0.14423105971848732,0.29715135691560324,0.15521504296477273,0.14423105971848732,0.29715135691560324,0.33482937845408783,0.32833183663310006,0.3761665243281037,0.13525789457707107,0.1286803558009058,0.2559547380899725,0.33482937845408783,0.32833183663310006,0.3761665243281037,0.13525789457707107,0.1286803558009058,0.2559547380899725,2.098851066905828,3.143551260118651,0.5552770539167612,0.8316654335690064,0.5552770539167612,814160,203540,81416,122124,0.75,,,,,,,,,0.00595421127929643,9
bayesfl_observability_v1,vi_sparse_bayesian_keep010_seed42,25,vi,267,21,2,,5,256,693.7434895992279,0.4888734519481659,890.215706670462,890.215706670462,,,3.789113720687744,0.02505291998386383,0.9795278958125637,3.789113720687744,,-0.0,2.259365973874069,693.7434895992279,1780.431413340924,890.215706670462,0.017494658674864147,0.4888734519481659,890.215706670462,0.005,18.82214771423093,0.06496916457266128,0.0646912157535553,0.07273316532373429,0.09743344038724899,0.7319599358748717,0.6167392347416705,1.5072730509589705,,,,,,,,,,,,,,,,,,1,update_snr,bayesian,0.1,20,101770,10177,0.1,0.29760287819561654,0.15562009319348633,0.14532471028597876,0.2976013319761875,0.15562009319348633,0.14532471028597876,0.2976013319761875,0.3352485159259713,0.32896660152012264,0.3763218412451517,0.13566137955654353,0.12959486696230607,0.2562980276182758,0.3352485159259713,0.32896660152012264,0.3763218412451517,0.13566137955654353,0.12959486696230607,0.2562980276182758,2.1026990812998503,3.152148372428699,0.554931637395723,0.8318959537209581,0.554931637395723,814160,203540,81416,122124,0.75,,,,,,,,,0.005949904026341788,2
bayesfl_observability_v1,vi_sparse_bayesian_keep010_seed42,25,vi,297,23,72,,5,256,742.2033980369567,0.042880078156789146,24.76114521675436,24.76114521675436,,,3.790026283260952,0.025075746700167656,0.9795562238132438,3.790026283260952,,-0.0,2.3096097079310103,742.2033980369567,1782.802455606314,24.76114521675436,0.017517956722082284,0.042880078156789146,24.76114521675436,0.005,18.83985829776562,0.06497145458024371,0.0646909810602665,0.0727452777326107,0.09792216867208481,0.7322402090871258,0.6183278708154613,1.507566021629666,,,,,,,,,,,,,,,,,,1,update_snr,bayesian,0.1,20,101770,10177,0.1,0.2982842216334516,0.15560218443581336,0.1448012885621986,0.29828080186158984,0.15560218443581336,0.1448012885621986,0.29828080186158984,0.3356618196295819,0.3291509077285125,0.3769363012116277,0.13559555830317244,0.12924348765346078,0.25775107374077416,0.3356618196295819,0.3291509077285125,0.3769363012116277,0.13559555830317244,0.12924348765346078,0.25775107374077416,2.1024496040561265,3.153411627144969,0.5547321962757397,0.8320289600819767,0.5547321962757397,814160,203540,81416,122124,0.75,,,,,,,,,0.00594864107178135,72
bayesfl_observability_v1,vi_sparse_bayesian_keep010_seed42,25,vi,140,11,2,,5,256,722.7087085723876,2.3510186672210693,887.8664610032694,887.8664610032694,,,3.7826957313497815,0.025100041180849075,0.9795961574761035,3.7826957313497815,,-0.0,2.3277319754160017,722.7087085723876,1775.7329220065387,887.8664610032694,0.017448490930593877,2.3510186672210693,887.8664610032694,0.005,18.821360553056415,0.06497173941984935,0.06469038873910904,0.07272854447364807,0.09929686784744263,0.732255877688172,0.61762763141082,1.5049635267254862,,,,,,,,,,,,,,,,,,1,update_snr,bayesian,0.1,20,101770,10177,0.1,0.29794630493891505,0.15540265999175437,0.1447985339536547,0.2979452590779642,0.15540265999175437,0.1447985339536547,0.2979452590779642,0.33488446132575456,0.3280716417216743,0.3763425295540497,0.1354602376213099,0.12928771648694395,0.25627476274764827,0.33488446132575456,0.3280716417216743,0.3763425295540497,0.1354602376213099,0.12928771648694395,0.25627476274764827,2.1027213590376577,3.144415666259584,0.5558790630742437,0.8312631756764535,0.5558790630742437,814160,203540,81416,122124,0.75,,,,,,,,,0.005949992407130853,2
bayesfl_observability_v1,vi_sparse_bayesian_keep010_seed42,25,vi,143,11,27,,5,256,735.9919892072678,0.05203093422783746,66.13633651775154,66.13633651775154,,,3.794373650095473,0.025066014379262924,0.9795208635340544,3.794373650095473,,0.149994923610415,2.1788016114278856,735.9919892072678,1785.6810859792918,66.13633651775154,0.017546242369846633,0.05203093422783746,66.13633651775154,0.005,18.845348497188887,0.06496926325511444,0.06470344960689545,0.07270432338118554,0.0991019457578659,0.7331103138813282,0.6182592845616216,1.5057685332534203,,,,,,,,,,,,,,,,,,1,update_snr,bayesian,0.1,20,101770,10177,0.1,0.2985489721060855,0.1557934477867465,0.1444178539919037,0.298541923153303,0.1557934477867465,0.1444178539919037,0.298541923153303,0.3359584743766515,0.3294882123046564,0.3772925764033106,0.13577511149897928,0.1286452024413292,0.2576523009212637,0.3359584743766515,0.3294882123046564,0.3772925764033106,0.13577511149897928,0.1286452024413292,0.2576523009212637,2.1079096248729035,3.154994201247766,0.5555355953992209,0.8314927553769991,0.5555355953992209,814160,203540,81416,122124,0.75,,,,,,,,,0.005950336571516777,27
bayesfl_observability_v1,vi_sparse_bayesian_keep010_seed42,25,vi,257,20,22,,5,256,748.4412014007569,0.07799483429301869,80.6455172415543,80.6455172415543,,,3.782953701507949,0.02504214644432068,0.979632207162622,3.782953701507949,,-0.0,2.259365973874069,748.4412014007569,1774.2013793141946,80.6455172415543,0.017433441872007415,0.07799483429301869,80.6455172415543,0.005,18.83938583061949,0.06497273298083471,0.0647067129611969,0.07272550910711288,0.09731252491474152,0.7329580161489975,0.6198111470481471,1.5094738008252722,,,,,,,,,,,,,,,,,,1,update_snr,bayesian,0.1,20,101770,10177,0.1,0.2976915151322156,0.15533145426900502,0.1448949809394518,0.2976871990160491,0.15533145426900502,0.1448949809394518,0.2976871990160491,0.3349959489743449,0.32825638069588414,0.3766750164280585,0.13536873263507834,0.1289187384863687,0.25670763796205526,0.3349959489743449,0.32825638069588414,0.3766750164280585,0.13536873263507834,0.1289187384863687,0.25670763796205526,2.101873340468633,3.14529285892108,0.555616987760329,0.8314383698820615,0.555616987760329,814160,203540,81416,122124,0.75,,,,,,,,,0.005951850997670503,22
bayesfl_observability_v1,vi_sparse_bayesian_keep010_seed42,25,vi,186,14,12,,5,256,768.4848566055298,1.0843844413757324,148.03569981540886,148.03569981540886,,,3.781906316669676,0.02506154216825962,0.9796627578412823,3.781906316669676,,-0.0,2.3277319754160017,768.4848566055298,1776.4283977849063,148.03569981540886,0.017455324730125836,1.0843844413757324,148.03569981540886,0.005,18.84813120307761,0.06496535004710968,0.06469101831316948,0.07271604686975479,0.098594531416893,0.7332730418125332,0.6185878841585369,1.5089563504877581,,,,,,,,,,,,,,,,,,1,update_snr,bayesian,0.1,20,101770,10177,0.1,0.2980663481973338,0.1552545354361198,0.14389587382768967,0.2980657148785421,0.1552545354361198,0.14389587382768967,0.2980657148785421,0.3358012363077189,0.3293681976121802,0.37776590443285135,0.13519379089483105,0.12805152887332463,0.2569464697594477,0.3358012363077189,0.3293681976121802,0.37776590443285135,0.13519379089483105,0.12805152887332463,0.2569464697594477,2.102597966058171,3.1435485014858684,0.5559624670739348,0.8312073960240396,0.5559624670739348,814160,203540,81416,122124,0.75,,,,,,,,,0.005949152704888807,12
bayesfl_observability_v1,vi_sparse_bayesian_keep010_seed42,25,vi,40,3,110,,5,256,773.0965368270874,0.02228466814214533,16.2702338944755,16.2702338944755,,,3.795837413543545,0.025051569566130638,0.9794646012582656,3.795837413543545,,-0.0,2.3096097079310103,773.0965368270874,1789.725728392305,16.2702338944755,0.01758598534334583,0.02228466814214533,16.2702338944755,0.005,18.82685254933651,0.06496706168040366,0.06468525528907776,0.07272990494966508,0.0987573191523552,0.7321276764565289,0.6186708531391255,1.50967133725471,,,,,,,,,,,,,,,,,,1,update_snr,bayesian,0.1,20,101770,10177,0.1,0.2993138290041611,0.15577652491363456,0.14433243334830326,0.2993083051777813,0.15577652491363456,0.14433243334830326,0.2993083051777813,0.33680684681316697,0.3307108538002643,0.3779078323170917,0.13566204470257537,0.1285536335225449,0.2580826410740929,0.33680684681316697,0.3307108538002643,0.3779078323170917,0.13566204470257537,0.1285536335225449,0.2580826410740929,2.1088013554182363,3.1561588225948283,0.5555562911872977,0.8314789277679956,0.5555562911872977,814160,203540,81416,122124,0.75,,,,,,,,,0.00594376495616544,110
bayesfl_observability_v1,vi_sparse_bayesian_keep010_seed42,25,vi,42,3,1,,5,256,732.149644613266,1.9845398664474487,1763.2685500596147,1763.2685500596147,,,3.7705208586869015,0.025030940771102905,0.9798093311911835,3.7705208586869015,,-0.0,2.3163460082440825,732.149644613266,1763.2685500596147,1763.2685500596147,0.017326015034485748,1.9845398664474487,1763.2685500596147,0.005,18.858536001739548,0.06497088566834634,0.06469418480992317,0.0727361112833023,0.0992678627371788,0.7336997662325737,0.6191480762645711,1.5107624622227493,,,,,,,,,,,,,,,,,,1,update_snr,bayesian,0.1,20,101770,10177,0.1,0.29759127516493417,0.15459428999003508,0.1433104734711535,0.2975795478664973,0.15459428999003508,0.1433104734711535,0.2975795478664973,0.33488747138420083,0.3286211857345359,0.37687811233944696,0.13456171427957225,0.12718920619445312,0.2559892749845558,0.33488747138420083,0.3286211857345359,0.37687811233944696,0.13456171427957225,0.12718920619445312,0.2559892749845558,2.101019755161393,3.130901393243579,0.5572226845850367,0.83036310116951,0.5572226845850367,814160,203540,81416,122124,0.75,,,,,,,,,0.005951697863529584,1
bayesfl_observability_v1,vi_sparse_bayesian_keep010_seed42,25,vi,245,19,178,,5,256,707.5825862884521,0.0044325054361579125,9.994571298550015,9.994571298550015,,,3.7871886399175185,0.02505640685558319,0.9796138656252579,3.7871886399175185,,-0.0,2.185987945410232,707.5825862884521,1779.0336911419029,9.994571298550015,0.017480924546938222,0.0044325054361579125,9.994571298550015,0.005,18.85200952563905,0.06496018652556289,0.06466520205140114,0.07271610349416734,0.09763789921998978,0.7332806434158097,0.6191685201148345,1.507861859366464,,,,,,,,,,,,,,,,,,1,update_snr,bayesian,0.1,20,101770,10177,0.1,0.29839600785509923,0.15543077059530536,0.1438212226541417,0.2983932600440729,0.15543077059530536,0.1438212226541417,0.2983932600440729,0.3360274326522123,0.3295630260157395,0.3776165663174938,0.13536447481120456,0.1281364187499797,0.25685479364441166,0.3360274326522123,0.3295630260157395,0.3776165663174938,0.13536447481120456,0.1281364187499797,0.25685479364441166,2.104986206144409,3.1483060312272837,0.5558176278724404,0.8313042550993317,0.5558176278724404,814160,203540,81416,122124,0.75,,,,,,,,,0.005951938467930505,178
bayesfl_observability_v1,vi_sparse_bayesian_keep010_seed42,25,vi,122,9,1,,5,256,735.819194316864,1.6510109901428223,1769.6119525467138,1769.6119525467138,,,3.7789812725548635,0.025098908692598343,0.9797143200200606,3.7789812725548635,,-0.0,2.3163460082440825,735.819194316864,1769.6119525467138,1769.6119525467138,0.01738834580472353,1.6510109901428223,1769.6119525467138,0.005,18.85707051393406,0.06496758541679604,0.06468020007014275,0.07275894358754158,0.09794917702674866,0.7333645875822147,0.6219050676893396,1.5101736257486689,,,,,,,,,,,,,,,,,,1,update_snr,bayesian,0.1,20,101770,10177,0.1,0.2976312934199323,0.15498287699534152,0.14386925711026738,0.29760897028823435,0.15498287699534152,0.14386925711026738,0.29760897028823435,0.33476181722968495,0.32782065611723976,0.3767207390647437,0.13500743919152558,0.12824155962616415,0.25647049702143,0.33476181722968495,0.32782065611723976,0.3767207390647437,0.13500743919152558,0.12824155962616415,0.25647049702143,2.1001675147270027,3.141654956930471,0.555749648716078,0.8313497025632217,0.555749648716078,814160,203540,81416,122124,0.75,,,,,,,,,0.005952745807146172,1
bayesfl_observability_v1,vi_sparse_bayesian_keep010_seed42,25,vi,235,18,9,,5,256,721.8341171264649,0.07840173112021552,197.60688620928337,197.60688620928337,,,3.78942172183091,0.025021005421876907,0.9795856089471484,3.78942172183091,,-0.0,2.311121424016332,721.8341171264649,1778.4619758835504,197.60688620928337,0.017475306827980253,0.07840173112021552,197.60688620928337,0.005,18.850228153705476,0.06497115580368905,0.06467936560511589,0.07274274751543999,0.0973087027668953,0.7336532723639666,0.6208880457002004,1.5105489088605455,,,,,,,,,,,,,,,,,,1,update_snr,bayesian,0.1,20,101770,10177,0.1,0.29808406166199763,0.1555343042274585,0.14496304926698314,0.2980677155778288,0.1555343042274585,0.14496304926698314,0.2980677155778288,0.33468060542863365,0.32832180449148635,0.3755023306070512,0.13562915964955022,0.1291303856209961,0.2567998216514233,0.33468060542863365,0.32832180449148635,0.3755023306070512,0.13562915964955022,0.1291303856209961,0.2567998216514233,2.1020358858239323,3.152960849835017,0.55471152068245,0.8320427445883805,0.55471152068245,814160,203540,81416,122124,0.75,,,,,,,,,0.005950693154731049,9
bayesfl_observability_v1,vi_sparse_bayesian_keep010_seed42,25,vi,18,1,9,,5,256,693.0290496826171,0.3909972508748372,198.54538220828104,198.54538220828104,,,3.7911752008654593,0.025062918663024902,0.9795759409491918,3.7911752008654593,,-0.0,2.3096097079310103,693.0290496826171,1786.9084398745294,198.54538220828104,0.017558302445460642,0.3909972508748372,198.54538220828104,0.005,18.854480438344094,0.06497539489571116,0.06469431146979332,0.07274442315101623,0.09686833620071411,0.733258408414145,0.6191403287527841,1.5097569515447111,,,,,,,,,,,,,,,,,,1,update_snr,bayesian,0.1,20,101770,10177,0.1,0.2990701022087649,0.15563891441448413,0.1443517144668413,0.2990672151824956,0.15563891441448413,0.1443517144668413,0.2990672151824956,0.336568790176018,0.3299434394717624,0.3776502831496905,0.13553559488542485,0.1284718756264479,0.25785850782830533,0.336568790176018,0.3299434394717624,0.3776502831496905,0.13553559488542485,0.1284718756264479,0.25785850782830533,2.107660632100584,3.1513133870738153,0.5559385996245813,0.8312233595415018,0.5559385996245813,814160,203540,81416,122124,0.75,,,,,,,,,0.005953601209514694,9
bayesfl_observability_v1,vi_sparse_bayesian_keep010_seed42,25,vi,9,0,1,,5,256,722.6146245896816,1.4418929815292358,1770.1449988133422,1770.1449988133422,,,3.779422211138795,0.02505648136138916,0.9796725816038238,3.779422211138795,,-0.0,2.3292713582565514,722.6146245896816,1770.1449988133422,1770.1449988133422,0.017393583559136703,1.4418929815292358,1770.1449988133422,0.005,18.840291315907958,0.06497093699327079,0.06468307971954346,0.07272741049528123,0.09739195555448532,0.7333947991810928,0.6198030352359336,1.5094314242509277,,,,,,,,,,,,,,,,,,1,update_snr,bayesian,0.1,20,101770,10177,0.1,0.29752183669626264,0.15506982776091977,0.1441783798647051,0.2975210585480812,0.15506982776091977,0.1441783798647051,0.2975210585480812,0.3341739888535997,0.3279608733572675,0.3743564882313633,0.1351693654172886,0.12823647547748535,0.25684505308258654,0.3341739888535997,0.3279608733572675,0.3743564882313633,0.1351693654172886,0.12823647547748535,0.25684505308258654,2.1009852453883577,3.1416386247800205,0.555901174310795,0.8312483891111491,0.555901174310795,814160,203540,81416,122124,0.75,,,,,,,,,0.005948906803615871,1
bayesfl_observability_v1,vi_sparse_bayesian_keep010_seed42,25,vi,163,13,1,,5,256,714.74428871274,0.10433876514434814,1777.327027235569,1777.327027235569,,,3.7837384511819208,0.025074660778045654,0.9796133424597213,3.7837384511819208,,-0.0,2.185987945410232,714.74428871274,1777.327027235569,1777.327027235569,0.017464154733571473,0.10433876514434814,1777.327027235569,0.005,18.8346354695203,0.0649657597505614,0.06468122452497482,0.07272279933094979,0.09911971539258957,0.7324240473659692,0.6179341572375161,1.5123158551493596,,,,,,,,,,,,,,,,,,1,update_snr,bayesian,0.1,20,101770,10177,0.1,0.2980568581098773,0.15538569906297825,0.14421221701552167,0.2980456931764833,0.15538569906297825,0.14421221701552167,0.2980456931764833,0.3357319260263576,0.3295564795626413,0.37740650338432924,0.13534722940038052,0.12865649888302297,0.2568517358546702,0.3357319260263576,0.3295564795626413,0.37740650338432924,0.13534722940038052,0.12865649888302297,0.2568517358546702,2.1024959198753157,3.1458206518904137,0.5556662932710272,0.8314054188676171,0.5556662932710272,814160,203540,81416,122124,0.75,,,,,,,,,0.005954362615434432,1
bayesfl_observability_v1,vi_sparse_bayesian_keep010_seed42,26,vi,289,23,4615,,5,256,2286.4303340955785,0.10681593711301281,0.47188815700745335,0.47188815700745335,,,4.072891770448056,0.06086454913020134,0.9782258966053934,4.072891770448056,,0.8496433488150035,1.4144019597737127,2286.4303340955785,2177.763844589397,0.47188815700745335,0.021398878299984252,0.10681593711301281,0.47188815700745335,0.005,19.62430572884017,0.06571809967517285,0.06537724286317825,0.07421358600258827,0.10017542541027069,0.7555562258254512,0.6375684326586393,1.5545158304976898,,,,,,,,,,,,,,,,,,1,update_snr,bayesian,0.1,20,101770,10177,0.1,0.3205802203980728,0.15554535608439385,0.1312701439181648,0.3205723174362581,0.15554535608439385,0.1312701439181648,0.3205723174362581,0.40444923339891503,0.3834894798923584,0.5071169877356786,0.1278893697161137,0.11605029305308119,0.25483141698259243,0.40444923339891503,0.3834894798923584,0.5071169877356786,0.1278893697161137,0.11605029305308119,0.25483141698259243,2.6834414374226925,3.0639173333669367,0.6588540989213394,0.7522707466959961,0.6588540989213394,814160,203540,81416,122124,0.75,,,,,,,,,0.006490828404730999,4615
bayesfl_observability_v1,vi_sparse_bayesian_keep010_seed42,26,vi,296,23,2,,5,256,707.8123646974564,0.0012797985691577196,887.2541146768646,887.2541146768646,,,3.7948423114205125,0.025090688839554787,0.9810005827161258,3.7948423114205125,,-0.0,2.3096097079310103,707.8123646974564,1774.5082293537291,887.2541146768646,0.01743645700455664,0.0012797985691577196,887.2541146768646,0.005,19.560557667674395,0.06517860914791095,0.06492393836379051,0.07293282300233841,0.09902288764715195,0.7584413477312009,0.640430998047101,1.5611830845872408,,,,,,,,,,,,,,,,,,1,update_snr,bayesian,0.1,20,101770,10177,0.1,0.2975083751131276,0.15540042263495038,0.1449073049346562,0.29750586489122716,0.15540042263495038,0.1449073049346562,0.29750586489122716,0.3345241723668749,0.3279034973131699,0.37636783358282616,0.13549778377584767,0.12889593120367362,0.25668486363311693,0.3345241723668749,0.3279034973131699,0.37636783358282616,0.13549778377584767,0.12889593120367362,0.25668486363311693,2.104835530806996,3.157609152000897,0.5546569153802596,0.8320791466085763,0.5546569153802596,814160,203540,81416,122124,0.75,,,,,,,,,0.0059451372214082455,2
bayesfl_observability_v1,vi_sparse_bayesian_keep010_seed42,26,vi,169,13,456,,5,256,1696.2718500852584,0.0009115318391929593,6.26104552481681,6.26104552481681,,,4.812648109762538,0.04739823937416077,0.9698798256082953,4.812648109762538,,-0.0,2.3163460082440825,1696.2718500852584,2855.036759316465,6.26104552481681,0.028053815066487818,0.0009115318391929593,6.26104552481681,0.005,19.75730857516937,0.06538958101033421,0.06509975343942642,0.07327108755707741,0.09724978357553482,0.7629984766523566,0.6431867513777516,1.576020664009919,,,,,,,,,,,,,,,,,,1,update_snr,bayesian,0.1,20,101770,10177,0.1,0.38196361878291213,0.19039763503052962,0.1686505157574864,0.3819524168685615,0.19039763503052962,0.1686505157574864,0.3819524168685615,0.4576620382651054,0.44105983238448926,0.547473976402524,0.1607015902266878,0.1497543105493888,0.31381293065973176,0.4576620382651054,0.44105983238448926,0.547473976402524,0.1607015902266878,0.1497543105493888,0.31381293065973176,2.9572127835431865,3.796903262034712,0.6144668623381024,0.7889426310501758,0.6144668623381024,814160,203540,81416,122124,0.75,,,,,,,,,0.006035017913531265,456
bayesfl_observability_v1,vi_sparse_bayesian_keep010_seed42,26,vi,203,16,1,,5,256,717.7121260046958,0.4074135422706604,1770.3218290050047,1770.3218290050047,,,3.788797470530506,0.02509850636124611,0.9810509291502147,3.788797470530506,,-0.0,2.311121424016332,717.7121260046958,1770.3218290050047,1770.3218290050047,0.017395321106465605,0.4074135422706604,1770.3218290050047,0.005,19.555052680289467,0.06517942106217466,0.06492715328931808,0.07292419895529748,0.09909427165985107,0.7582676240841396,0.6404184506207042,1.5574842623754293,,,,,,,,,,,,,,,,,,1,update_snr,bayesian,0.1,20,101770,10177,0.1,0.29775809071633774,0.15500805513322033,0.14373111122799226,0.2977575579622502,0.15500805513322033,0.14373111122799226,0.2977575579622502,0.33453523581180267,0.32809686022863027,0.37491897548822356,0.13506059061337788,0.12791830864538117,0.2571382798623077,0.33453523581180267,0.32809686022863027,0.37491897548822356,0.13506059061337788,0.12791830864538117,0.2571382798623077,2.105108673285612,3.150159320789358,0.5556139354661404,0.831440409600008,0.5556139354661404,814160,203540,81416,122124,0.75,,,,,,,,,0.005945238938800952,1
bayesfl_observability_v1,vi_sparse_bayesian_keep010_seed42,26,vi,113,9,708,,5,256,1980.1691262602806,0.0026601007429219907,4.190363173554723,4.190363173554723,,,4.8973240050253555,0.057628728449344635,0.9690294489351803,4.8973240050253555,,-0.0,2.311121424016332,1980.1691262602806,2966.7771268767438,4.190363173554723,0.02915178467993263,0.0026601007429219907,4.190363173554723,0.005,19.83133859155285,0.0655393098598044,0.06525284424424171,0.07352310940623284,0.09680891782045364,0.7640370744326413,0.6441137807860122,1.5753519238685207,,,,,,,,,,,,,,,,,,1,update_snr,bayesian,0.1,20,101770,10177,0.1,0.3884637990434878,0.18969075979927053,0.16223374918708686,0.38845688289071856,0.18969075979927053,0.16223374918708686,0.38845688289071856,0.4796852612877118,0.4580314148865994,0.590194491656046,0.1574691485227771,0.14416937807446384,0.31266817007498066,0.4796852612877118,0.4580314148865994,0.590194491656046,0.1574691485227771,0.14416937807446384,0.31266817007498066,3.1458080250976623,3.7533550697248046,0.6423524402039997,0.7664093831393073,0.6423524402039997,814160,203540,81416,122124,0.75,,,,,,,,,0.006118513977110813,708
bayesfl_observability_v1,vi_sparse_bayesian_keep010_seed42,26,vi,118,9,3,,5,256,704.1352024078369,0.39510635534922284,588.4804293537086,588.4804293537086,,,3.78480307088248,0.025106392800807953,0.9810818634273629,3.78480307088248,,-0.0,2.259365973874069,704.1352024078369,1765.4412880611258,588.4804293537086,0.01734736452845756,0.39510635534922284,588.4804293537086,0.005,19.550200140358342,0.06517776898480421,0.06490356102585793,0.07296095713973046,0.09620089083909988,0.7577518794403014,0.6394736380817794,1.5613476209927561,,,,,,,,,,,,,,,,,,1,update_snr,bayesian,0.1,20,101770,10177,0.1,0.2973806662499565,0.1547907869901295,0.1438742686268908,0.2973784882995566,0.1547907869901295,0.1438742686268908,0.2973784882995566,0.33457026493232483,0.3282864689396598,0.3753188923935613,0.1348152894409967,0.12816499809442644,0.25575821676549093,0.33457026493232483,0.3282864689396598,0.3753188923935613,0.1348152894409967,0.12816499809442644,0.25575821676549093,2.104817696050564,3.1455487202956918,0.5561234380312939,0.8310997062159599,0.5561234380312939,814160,203540,81416,122124,0.75,,,,,,,,,0.005945856862324213,3
bayesfl_observability_v1,vi_sparse_bayesian_keep010_seed42,26,vi,5,0,1,,5,256,729.927570605278,0.3010965585708618,1755.360799960087,1755.360799960087,,,3.7743574540676414,0.0250486359000206,0.9811984085181332,3.7743574540676414,,-0.0,2.311121424016332,729.927570605278,1755.360799960087,1755.360799960087,0.01724831286194445,0.3010965585708618,1755.360799960087,0.005,19.55607255889806,0.06517988097717331,0.06491339579224586,0.07293771132826805,0.09832079708576202,0.7578401013676269,0.639018324274633,1.5609531926627873,,,,,,,,,,,,,,,,,,1,update_snr,bayesian,0.1,20,101770,10177,0.1,0.2965294051927208,0.1543179739055079,0.14336559177208685,0.29652788719213585,0.1543179739055079,0.14336559177208685,0.29652788719213585,0.3335061110136,0.3265871504322525,0.37580387052181813,0.13440818089349765,0.12758178053408478,0.25577057637074435,0.3335061110136,0.3265871504322525,0.37580387052181813,0.13440818089349765,0.12758178053408478,0.25577057637074435,2.0987538073582828,3.1370378778674475,0.5560559202193334,0.8311448812265113,0.5560559202193334,814160,203540,81416,122124,0.75,,,,,,,,,0.0059521090758326445,1
bayesfl_observability_v1,vi_sparse_bayesian_keep010_seed42,26,vi,11,0,99,,5,256,786.5820636749268,0.14329885232328166,18.007841880606485,18.007841880606485,,,3.8014122859686212,0.02508775144815445,0.9809244475260495,3.8014122859686212,,0.6778769705348007,1.6507588626958358,786.5820636749268,1782.776346180042,18.007841880606485,0.01751770016881244,0.14329885232328166,18.007841880606485,0.005,19.555612053701836,0.06518080604966472,0.06490972638130188,0.07295618876814843,0.0991734117269516,0.7584098448873113,0.6400215186058015,1.561175236668482,,,,,,,,,,,,,,,,,,1,update_snr,bayesian,0.1,20,101770,10177,0.1,0.29797698443768117,0.1557238688671013,0.1453518412042626,0.297972440385782,0.1557238688671013,0.1453518412042626,0.297972440385782,0.3350216866122012,0.32895426574579456,0.3760782234925754,0.13580188911764574,0.1293662503037117,0.25736709498542476,0.3350216866122012,0.32895426574579456,0.3760782234925754,0.13580188911764574,0.1293662503037117,0.25736709498542476,2.1050985759859575,3.1653270531329127,0.5537674994517378,0.8326713376542817,0.5537674994517378,814160,203540,81416,122124,0.75,,,,,,,,,0.00594261761053559,99
bayesfl_observability_v1,vi_sparse_bayesian_keep010_seed42,26,vi,21,1,1,,5,256,743.822052526474,3.785613536834717,1755.8984539580463,1755.8984539580463,,,3.773442758423867,0.025057392194867134,0.9812221690294713,3.773442758423867,,-0.0,2.3277319754160017,743.822052526474,1755.8984539580463,1755.8984539580463,0.017253595892286984,3.785613536834717,1755.8984539580463,0.005,19.563566730023037,0.06517682506011829,0.06492248177528381,0.07290392816066742,0.09638484567403793,0.7577526423442175,0.6396741513569262,1.5666293912191949,,,,,,,,,,,,,,,,,,1,update_snr,bayesian,0.1,20,101770,10177,0.1,0.2964276575956386,0.1543111431798312,0.14298630822899616,0.29642717323787493,0.1543111431798312,0.14298630822899616,0.29642717323787493,0.3341693553540103,0.327526432474565,0.3762695432444992,0.13432689738270018,0.1276460753101496,0.25567318865800825,0.3341693553540103,0.327526432474565,0.3762695432444992,0.13432689738270018,0.1276460753101496,0.25567318865800825,2.100011223488967,3.1350953912635435,0.5565239379346311,0.830831575294134,0.5565239379346311,814160,203540,81416,122124,0.75,,,,,,,,,0.005941510700118816,1
bayesfl_observability_v1,vi_sparse_bayesian_keep010_seed42,26,vi,140,11,2,,5,256,731.6075165271759,1.6297094821929932,879.4258157613738,879.4258157613738,,,3.777110576481396,0.025086067616939545,0.9811603526157737,3.777110576481396,,-0.0,2.3277319754160017,731.6075165271759,1758.8516315227475,879.4258157613738,0.01728261404660261,1.6297094821929932,879.4258157613738,0.005,19.55070362491944,0.06518183221193677,0.06491263210773468,0.07293370664119721,0.09611354768276215,0.7581266393881064,0.6392549316379119,1.5631680914846824,,,,,,,,,,,,,,,,,,1,update_snr,bayesian,0.1,20,101770,10177,0.1,0.29687808543881206,0.15450076862893186,0.1432927181562423,0.2968759719243064,0.15450076862893186,0.1432927181562423,0.2968759719243064,0.3338931261315206,0.3274835896637831,0.3748624796752745,0.13456828446197755,0.12789722900004336,0.2552838668875908,0.3338931261315206,0.3274835896637831,0.3748624796752745,0.13456828446197755,0.12789722900004336,0.2552838668875908,2.1019312813322237,3.1382238918733503,0.5564918576702879,0.8308530630302048,0.5564918576702879,814160,203540,81416,122124,0.75,,,,,,,,,0.0059463353642273346,2
bayesfl_observability_v1,vi_sparse_bayesian_keep010_seed42,26,vi,32,2,2,,5,256,705.645372235775,1.0761500597000122,884.4618648818528,884.4618648818528,,,3.7900839414457326,0.025103503838181496,0.9810143674740591,3.7900839414457326,,-0.0,2.3292713582565514,705.645372235775,1768.9237297637055,884.4618648818528,0.017381583273692696,1.0761500597000122,884.4618648818528,0.005,19.54280718849058,0.06518128759089417,0.06491464376449585,0.07294913604855538,0.09734775871038437,0.7574438097475168,0.6403341553162771,1.5625248198144774,,,,,,,,,,,,,,,,,,1,update_snr,bayesian,0.1,20,101770,10177,0.1,0.2971398736701764,0.15499818517575994,0.1443465224274873,0.2971392998368683,0.15499818517575994,0.1443465224274873,0.2971392998368683,0.33432140209646705,0.3280813748594966,0.37505239006283475,0.13507338329568142,0.12842083345761518,0.2560916606581516,0.33432140209646705,0.3280813748594966,0.37505239006283475,0.13507338329568142,0.12842083345761518,0.2560916606581516,2.1043760420028277,3.152195704116314,0.55523204090306,0.8316954855923071,0.55523204090306,814160,203540,81416,122124,0.75,,,,,,,,,0.005943109099241554,2
bayesfl_observability_v1,vi_sparse_bayesian_keep010_seed42,26,vi,34,2,1824,,5,256,2386.6253289185465,0.01211080598857319,1.233507595404479,1.233507595404479,,,4.179196166473044,0.059407420456409454,0.9771033714814975,4.179196166473044,,-0.0,2.3163460082440825,2386.6253289185465,2249.9178540177695,1.233507595404479,0.022107869254375252,0.01211080598857319,1.233507595404479,0.005,19.642296651667046,0.0657824111331305,0.06548139080405235,0.07406798675656319,0.1013794019818306,0.7549121242340544,0.6363198238825876,1.5594793667734341,,,,,,,,,,,,,,,,,,1,update_snr,bayesian,0.1,20,101770,10177,0.1,0.32860967321539775,0.1591251548059599,0.13383746722612783,0.3285898828519497,0.1591251548059599,0.13383746722612783,0.3285898828519497,0.4148123304638657,0.3933710052754739,0.5195535469312708,0.13071546862174818,0.11864661481990404,0.2617542972374502,0.4148123304638657,0.3933710052754739,0.5195535469312708,0.13071546862174818,0.11864661481990404,0.2617542972374502,2.7563770968617156,3.1413477836367,0.6595471921070193,0.7516631568620007,0.6595471921070193,814160,203540,81416,122124,0.75,,,,,,,,,0.00634854648938783,1824
bayesfl_observability_v1,vi_sparse_bayesian_keep010_seed42,26,vi,94,7,1,,5,256,685.932692360878,0.6316477656364441,1772.5022707989979,1772.5022707989979,,,3.7929582727584674,0.02507617324590683,0.9810069622314543,3.7929582727584674,,-0.0,2.3292713582565514,685.932692360878,1772.5022707989979,1772.5022707989979,0.017416746298506414,0.6316477656364441,1772.5022707989979,0.005,19.554054551551143,0.06517998333568305,0.06491811946034431,0.07294854819774628,0.09781681001186371,0.7575451790683514,0.6396108140023022,1.5625896780930237,,,,,,,,,,,,,,,,,,1,update_snr,bayesian,0.1,20,101770,10177,0.1,0.29769861663056263,0.15522626579715584,0.14415387627157378,0.2976817986531527,0.15522626579715584,0.14415387627157378,0.2976817986531527,0.33501476558235943,0.3287596940114762,0.37528726622605973,0.1352497658210221,0.12832753983276696,0.25658750214602427,0.33501476558235943,0.3287596940114762,0.37528726622605973,0.1352497658210221,0.12832753983276696,0.25658750214602427,2.104540498343151,3.1555414352723172,0.5548546403629698,0.8319473108723175,0.5548546403629698,814160,203540,81416,122124,0.75,,,,,,,,,0.005948887052876035,1
bayesfl_observability_v1,vi_sparse_bayesian_keep010_seed42,26,vi,193,15,1,,5,256,731.3302089214325,3.8167426586151123,1764.739001476631,1764.739001476631,,,3.783389498092677,0.025030888617038727,0.9811309008915025,3.783389498092677,,-0.0,2.3163460082440825,731.3302089214325,1764.739001476631,1764.739001476631,0.017340463805410544,3.8167426586151123,1764.739001476631,0.005,19.5680672212037,0.06518143031665984,0.06492328643798828,0.07292959094047546,0.09920342266559601,0.759112684253115,0.6400679913083551,1.565076440852326,,,,,,,,,,,,,,,,,,1,update_snr,bayesian,0.1,20,101770,10177,0.1,0.29684596831265186,0.15484088294715082,0.1441986150889104,0.2968454200830946,0.15484088294715082,0.1441986150889104,0.2968454200830946,0.3341813334389524,0.3277770585194471,0.3753872486992603,0.13491416622583954,0.1287209961288017,0.25544269565209093,0.3341813334389524,0.3277770585194471,0.3753872486992603,0.13491416622583954,0.1287209961288017,0.25544269565209093,2.101998839115902,3.1457331378604545,0.5555861589655477,0.8314589707050557,0.5555861589655477,814160,203540,81416,122124,0.75,,,,,,,,,0.005943613388252761,1
bayesfl_observability_v1,vi_sparse_bayesian_keep010_seed42,26,vi,160,12,3221,,5,256,2389.0847524349506,0.09711265860045042,0.6829933206033222,0.6829933206033222,,,4.102172205324782,0.06822074949741364,0.9778993338536993,4.102172205324782,,0.6845683881983222,1.6114184451985936,2389.0847524349506,2199.9214856633007,0.6829933206033222,0.021616601018603722,0.09711265860045042,0.6829933206033222,0.005,19.62044703310193,0.06578740298988145,0.06544872373342514,0.07421547621488571,0.1001250222325325,0.7543337631448769,0.6369585746067932,1.5545492263778116,,,,,,,,,,,,,,,,,,1,update_snr,bayesian,0.1,20,101770,10177,0.1,0.3227743543810758,0.1561190045932119,0.1313693448657028,0.32277391081259216,0.1561190045932119,0.1313693448657028,0.32277391081259216,0.40719047631776695,0.3849045422320699,0.5100934477294774,0.12822217440159464,0.11614795170944504,0.2564789013859979,0.40719047631776695,0.3849045422320699,0.5100934477294774,0.12822217440159464,0.11614795170944504,0.2564789013859979,2.7071026930838817,3.082111583190527,0.6599193202006378,0.7513364697829661,0.6599193202006378,814160,203540,81416,122124,0.75,,,,,,,,,0.0064448261514635785,3221
bayesfl_observability_v1,vi_sparse_bayesian_keep010_seed42,27,vi,16,1,1,,5,256,701.4288712382316,0.04695340618491173,1739.1558213715164,1739.1558213715164,,,3.778590775141616,0.025047894567251205,0.9830919301414952,3.778590775141616,,-0.0,2.311121424016332,701.4288712382316,1739.1558213715164,1739.1558213715164,0.017089081471666663,0.04695340618491173,1739.1558213715164,0.005,20.63523748954613,0.06558297677138553,0.06532280892133713,0.07348592504858971,0.09804436564445496,0.7952437661445461,0.6720320866583737,1.6414916472586385,,,,,,,,,,,,,,,,,,1,update_snr,bayesian,0.1,20,101770,10177,0.1,0.2943103098050121,0.15358185960713833,0.1427808412304155,0.29431023737589435,0.15358185960713833,0.1427808412304155,0.29431023737589435,0.3318367893377165,0.3254133382472983,0.372652207248851,0.13377575630374075,0.127000033695576,0.2540153942017566,0.3318367893377165,0.3254133382472983,0.372652207248851,0.13377575630374075,0.127000033695576,0.2540153942017566,2.0988902815115114,3.142038801823088,0.5554690641070673,0.8315372023066797,0.5554690641070673,814160,203540,81416,122124,0.75,,,,,,,,,0.0060619564077128265,1
bayesfl_observability_v1,vi_sparse_bayesian_keep010_seed42,27,vi,21,1,1,,5,256,699.2093186378479,2.9808285236358643,1750.9501526391916,1750.9501526391916,,,3.791562730111986,0.025071343407034874,0.982938802429181,3.791562730111986,,-0.0,2.3277319754160017,699.2093186378479,1750.9501526391916,1750.9501526391916,0.017204973495521192,2.9808285236358643,1750.9501526391916,0.005,20.613715724310318,0.06557654851140308,0.06531644612550735,0.07350714653730393,0.09868604689836502,0.7946239042988719,0.6697866905837195,1.633499479633397,,,,,,,,,,,,,,,,,,1,update_snr,bayesian,0.1,20,101770,10177,0.1,0.29542421770438915,0.15427959910925315,0.14339354771927385,0.29540086400469157,0.15427959910925315,0.14339354771927385,0.29540086400469157,0.332691228377726,0.3261933779321349,0.37338289338620584,0.13445608474608953,0.12761338747044965,0.25488778571569587,0.332691228377726,0.3261933779321349,0.37338289338620584,0.13445608474608953,0.12761338747044965,0.25488778571569587,2.102955172866121,3.154921152309499,0.5546407438191083,0.8320899262073707,0.5546407438191083,814160,203540,81416,122124,0.75,,,,,,,,,0.0060617667322861585,1
bayesfl_observability_v1,vi_sparse_bayesian_keep010_seed42,27,vi,241,19,265,,5,256,1485.5777786612512,0.0040771186127731545,10.27083742766003,10.27083742766003,,,4.725230551290621,0.04791662096977234,0.9738779177415702,4.725230551290621,,-0.0,2.259365973874069,1485.5777786612512,2721.771918329908,10.27083742766003,0.02674434428937711,0.0040771186127731545,10.27083742766003,0.005,20.809331420048633,0.06580030009175397,0.06552419066429138,0.07381593734025955,0.09750484675168991,0.7991826020308738,0.6733589037321732,1.650288762972433,,,,,,,,,,,,,,,,,,1,update_snr,bayesian,0.1,20,101770,10177,0.1,0.3739496168165299,0.18516057171883532,0.16214719270838665,0.37394936500041587,0.18516057171883532,0.16214719270838665,0.37394936500041587,0.45048467661880415,0.4347240396485939,0.5404540759346746,0.1556801156188388,0.14407673329433934,0.30522770564519786,0.45048467661880415,0.4347240396485939,0.5404540759346746,0.1556801156188388,0.14407673329433934,0.30522770564519786,2.936503928896855,3.7019924957276378,0.6214519899129146,0.7834522475768929,0.6214519899129146,814160,203540,81416,122124,0.75,,,,,,,,,0.006158702335809491,265
bayesfl_observability_v1,vi_sparse_bayesian_keep010_seed42,27,vi,141,11,1,,5,256,708.5515850484371,0.260509729385376,1746.7975424072558,1746.7975424072558,,,3.7854389464027904,0.02500048652291298,0.9829968463591792,3.7854389464027904,,-0.0,2.3096097079310103,708.5515850484371,1746.7975424072558,1746.7975424072558,0.017164169621767277,0.260509729385376,1746.7975424072558,0.005,20.61526366891291,0.06557561694075642,0.06531356275081635,0.07348576262593269,0.09871450811624527,0.7945670448900464,0.6704104981717927,1.6401789697428566,,,,,,,,,,,,,,,,,,1,update_snr,bayesian,0.1,20,101770,10177,0.1,0.29556202997874886,0.15407923193440615,0.14294993936961833,0.2955602720772358,0.15407923193440615,0.14294993936961833,0.2955602720772358,0.33239992943425006,0.3258616182863002,0.37336516152053,0.13426582110109017,0.12740827553787043,0.25439551057761467,0.33239992943425006,0.3258616182863002,0.37336516152053,0.13426582110109017,0.12740827553787043,0.25439551057761467,2.1003723954252247,3.149283064044702,0.5548557050223084,0.8319466008129357,0.5548557050223084,814160,203540,81416,122124,0.75,,,,,,,,,0.00606406130883963,1
bayesfl_observability_v1,vi_sparse_bayesian_keep010_seed42,27,vi,41,3,6,,5,256,716.3175214767456,1.9299535751342773,292.59462491007434,292.59462491007434,,,3.7964687512346065,0.025107694789767265,0.9829169944240448,3.7964687512346065,,-0.0,2.4040642619438994,716.3175214767456,1755.567749460446,292.59462491007434,0.01725034636396233,1.9299535751342773,292.59462491007434,0.005,20.62744419087195,0.06557870641803916,0.06532200798392296,0.07351512238383294,0.09777805209159851,0.7950904513882477,0.6704209758695147,1.6379091885800334,,,,,,,,,,,,,,,,,,1,update_snr,bayesian,0.1,20,101770,10177,0.1,0.29569115978372046,0.15449198695480093,0.1440256501194765,0.2956796294892003,0.15449198695480093,0.1440256501194765,0.2956796294892003,0.3328550349447509,0.3261061777426288,0.37498573469496016,0.13467387051147314,0.12832017811747595,0.2552205604907127,0.3328550349447509,0.3261061777426288,0.37498573469496016,0.13467387051147314,0.12832017811747595,0.2552205604907127,2.1048471367800885,3.159555903903194,0.5544223526390399,0.83223545640293,0.5544223526390399,814160,203540,81416,122124,0.75,,,,,,,,,0.0060629024018901455,6
bayesfl_observability_v1,vi_sparse_bayesian_keep010_seed42,27,vi,45,3,1,,5,256,677.0829671621323,0.13812170922756195,1752.190531682281,1752.190531682281,,,3.791628145370529,0.024993225932121277,0.9829720080762386,3.791628145370529,,-0.0,2.28098669344155,677.0829671621323,1752.190531682281,1752.190531682281,0.01721716155725932,0.13812170922756195,1752.190531682281,0.005,20.634066935047414,0.06558283837057319,0.06530067697167397,0.07352144718170166,0.09824077039957047,0.7952480664625136,0.6701171534583432,1.6395320163240945,,,,,,,,,,,,,,,,,,1,update_snr,bayesian,0.1,20,101770,10177,0.1,0.29563080270064795,0.15422486740331517,0.14344980941856106,0.2956292146011684,0.15422486740331517,0.14344980941856106,0.2956292146011684,0.33258359665517967,0.3259693691995207,0.3732294129268831,0.13440723081977468,0.1273184946354842,0.2551821181208853,0.33258359665517967,0.3259693691995207,0.3732294129268831,0.13440723081977468,0.1273184946354842,0.2551821181208853,2.1019970929822187,3.155638162695507,0.5543784918752378,0.8322646740948086,0.5543784918752378,814160,203540,81416,122124,0.75,,,,,,,,,0.0060643443611894665,1
bayesfl_observability_v1,vi_sparse_bayesian_keep010_seed42,27,vi,47,3,1,,5,256,705.0918163657188,2.8344168663024902,1756.0790098237383,1756.0790098237383,,,3.7943864381983925,0.02502679079771042,0.9829754304299547,3.7943864381983925,,-0.0,2.3292713582565514,705.0918163657188,1756.0790098237383,1756.0790098237383,0.017255370048381038,2.8344168663024902,1756.0790098237383,0.005,20.65075864253665,0.065578748735719,0.06529850140213966,0.07351098060607911,0.09877920150756836,0.7957618272667897,0.6684286994032933,1.6446168298164507,,,,,,,,,,,,,,,,,,1,update_snr,bayesian,0.1,20,101770,10177,0.1,0.29591997006115806,0.15467938137396883,0.14429360178493747,0.2959187216274445,0.15467938137396883,0.14429360178493747,0.2959187216274445,0.33303460019073483,0.32642694968184216,0.3750871850861715,0.13486213483877263,0.12882918998001458,0.25461984426824935,0.33303460019073483,0.32642694968184216,0.3750871850861715,0.13486213483877263,0.12882918998001458,0.25461984426824935,2.103127577153767,3.1581993028621906,0.5542734277092637,0.8323346486452579,0.5542734277092637,814160,203540,81416,122124,0.75,,,,,,,,,0.006063013806523198,1
bayesfl_observability_v1,vi_sparse_bayesian_keep010_seed42,27,vi,272,21,1,,5,256,711.6441666126251,0.3890581429004669,1744.1351899169251,1744.1351899169251,,,3.783988201643009,0.025059089064598083,0.9830586951143737,3.783988201643009,,-0.0,2.28098669344155,711.6441666126251,1744.1351899169251,1744.1351899169251,0.017138009137436624,0.3890581429004669,1744.1351899169251,0.005,20.644420598423846,0.06557869537292131,0.06530184298753738,0.07350119426846505,0.0966264009475708,0.7950979019699588,0.6714687815696581,1.6426640141384798,,,,,,,,,,,,,,,,,,1,update_snr,bayesian,0.1,20,101770,10177,0.1,0.29465252478112547,0.1539436658031872,0.1432885278604648,0.2946453888620908,0.1539436658031872,0.1432885278604648,0.2946453888620908,0.33209989834523895,0.3253278221089878,0.3739839023838966,0.13414852885407033,0.12751758346994457,0.2543415225499627,0.33209989834523895,0.3253278221089878,0.3739839023838966,0.13414852885407033,0.12751758346994457,0.2543415225499627,2.1016537675293616,3.1466836751734593,0.555407061421815,0.8315786169225285,0.555407061421815,814160,203540,81416,122124,0.75,,,,,,,,,0.006064175339529002,1
bayesfl_observability_v1,vi_sparse_bayesian_keep010_seed42,27,vi,98,7,50,,5,256,754.0746510505676,0.0017212022840976714,35.21498352179228,35.21498352179228,,,3.7995957271197343,0.02505788579583168,0.982918185394795,3.7995957271197343,,-0.0,2.185987945410232,754.0746510505676,1760.749176089614,35.21498352179228,0.017301259468307104,0.0017212022840976714,35.21498352179228,0.005,20.644934429484813,0.06557922104359482,0.06530602648854256,0.07349707335233688,0.0965568795800209,0.795298372519813,0.6692169954739393,1.6487067098862342,,,,,,,,,,,,,,,,,,1,update_snr,bayesian,0.1,20,101770,10177,0.1,0.2963420504068919,0.1547023711808848,0.14397416275215752,0.29633807551382046,0.1547023711808848,0.14397416275215752,0.29633807551382046,0.3332846439973037,0.32679110611745543,0.3736611385076826,0.13485989642350496,0.12780838163791236,0.2553432381500955,0.3332846439973037,0.32679110611745543,0.3736611385076826,0.13485989642350496,0.12780838163791236,0.2553432381500955,2.1046489358155296,3.163444411795017,0.5539139126811654,0.8325739470691139,0.5539139126811654,814160,203540,81416,122124,0.75,,,,,,,,,0.006062937504073667,50
bayesfl_observability_v1,vi_sparse_bayesian_keep010_seed42,27,vi,100,8,22,,5,256,732.2489863157273,0.02692737633531744,79.35240689582457,79.35240689582457,,,3.784104930955544,0.02507985755801201,0.9830095158033106,3.784104930955544,,-0.0,2.3163460082440825,732.2489863157273,1745.7529517081407,79.35240689582457,0.017153905391649217,0.02692737633531744,79.35240689582457,0.005,20.615623665118278,0.06558185873745882,0.06531829386949539,0.07349275425076485,0.09867338836193085,0.7948794778613989,0.6692643323053373,1.6413939627448284,,,,,,,,,,,,,,,,,,1,update_snr,bayesian,0.1,20,101770,10177,0.1,0.2954422880534362,0.1539123494784343,0.1427226783394805,0.29543483064336135,0.1539123494784343,0.1427226783394805,0.29543483064336135,0.33225101033430876,0.32551856226748055,0.37456902231590034,0.13409694271667041,0.12705925100447124,0.2549697954056844,0.33225101033430876,0.32551856226748055,0.37456902231590034,0.13409694271667041,0.12705925100447124,0.2549697954056844,2.0997899514287757,3.148068024735301,0.5548973904638915,0.8319187977539423,0.5548973904638915,814160,203540,81416,122124,0.75,,,,,,,,,0.0060599523296562706,22
bayesfl_observability_v1,vi_sparse_bayesian_keep010_seed42,27,vi,30,2,189,,5,256,1038.147180557251,0.006751102745217621,9.696721676886476,9.696721676886476,,,3.879025557934202,0.025083770975470543,0.9822012338874111,3.879025557934202,,-0.0,2.4040642619438994,1038.147180557251,1832.6803969315438,9.696721676886476,0.0180080612845784,0.006751102745217621,9.696721676886476,0.005,20.65155047698015,0.06557631677385778,0.06530844047665596,0.07350712344050407,0.0992957353591919,0.7959630073580537,0.6719697306895194,1.6413696297870883,,,,,,,,,,,,,,,,,,1,update_snr,bayesian,0.1,20,101770,10177,0.1,0.29999917559588507,0.15874677543307908,0.14985241574253416,0.2999980848246003,0.15874677543307908,0.14985241574253416,0.2999980848246003,0.33543898170654013,0.32924242034022716,0.3744793354971449,0.1391143080693612,0.13328923295422315,0.26087173694318916,0.33543898170654013,0.32924242034022716,0.3744793354971449,0.1391143080693612,0.13328923295422315,0.26087173694318916,2.1116410800677574,3.2538917050321503,0.5443741085305775,0.8388425537379108,0.5443741085305775,814160,203540,81416,122124,0.75,,,,,,,,,0.006060268478790969,189
bayesfl_observability_v1,vi_sparse_bayesian_keep010_seed42,27,vi,32,2,2,,5,256,697.5347139358521,3.6413304805755615,873.449040145416,873.449040145416,,,3.7882183730991907,0.025080060586333275,0.9829659662078485,3.7882183730991907,,-0.0,2.3292713582565514,697.5347139358521,1746.898080290832,873.449040145416,0.017165157514894683,3.6413304805755615,873.449040145416,0.005,20.611780674962866,0.06558108727943777,0.06531336903572083,0.07348903417587281,0.09927230328321457,0.7943844355684674,0.6706889081700288,1.6358140746634988,,,,,,,,,,,,,,,,,,1,update_snr,bayesian,0.1,20,101770,10177,0.1,0.29562177007259866,0.15393838961961676,0.14281695207441333,0.29561936453894333,0.15393838961961676,0.14281695207441333,0.29561936453894333,0.3321602805605956,0.3254189441766161,0.3736765345707431,0.1341359572928413,0.1270846116090885,0.2548841187973694,0.3321602805605956,0.3254189441766161,0.3736765345707431,0.1341359572928413,0.1270846116090885,0.2548841187973694,2.1016466235002538,3.1517740896543143,0.5547849718549539,0.8319937710126797,0.5547849718549539,814160,203540,81416,122124,0.75,,,,,,,,,0.006062110768390138,2
bayesfl_observability_v1,vi_sparse_bayesian_keep010_seed42,27,vi,34,2,1824,,5,256,2304.1333449617027,0.0018137438190087938,1.213824998870765,1.213824998870765,,,4.174836315733181,0.07027081400156021,0.9794744565618044,4.174836315733181,,-0.0,2.3163460082440825,2304.1333449617027,2214.0167979402754,1.213824998870765,0.021755102662280392,0.0018137438190087938,1.213824998870765,0.005,20.711688546152388,0.06619134112113444,0.06588378548622131,0.07465158328413964,0.10326173156499863,0.7913277942712741,0.666089425581148,1.6326130147922566,,,,,,,,,,,,,,,,,,1,update_snr,bayesian,0.1,20,101770,10177,0.1,0.32631980692678036,0.15821239156041858,0.13358503426624702,0.3262833389478516,0.15821239156041858,0.13358503426624702,0.3262833389478516,0.40907382839163026,0.38836663117462855,0.510925990252593,0.13033889857917283,0.11838494792502395,0.2600301326390599,0.40907382839163026,0.38836663117462855,0.510925990252593,0.13033889857917283,0.11838494792502395,0.2600301326390599,2.7464233221824688,3.144267354812066,0.657851737044724,0.7531474570542229,0.657851737044724,814160,203540,81416,122124,0.75,,,,,,,,,0.006461553854985264,1824
bayesfl_observability_v1,vi_sparse_bayesian_keep010_seed42,27,vi,132,10,1,,5,256,697.6652146458625,0.3718023896217346,1748.4619353136325,1748.4619353136325,,,3.787428051951208,0.025086984038352966,0.9830080132819334,3.787428051951208,,-0.0,2.311121424016332,697.6652146458625,1748.4619353136325,1748.4619353136325,0.017180524076973888,0.3718023896217346,1748.4619353136325,0.005,20.63285295075577,0.06558011275359868,0.06531836837530136,0.07348917350172997,0.09688568115234375,0.7957101253367621,0.6724906477194463,1.640561541583091,,,,,,,,,,,,,,,,,,1,update_snr,bayesian,0.1,20,101770,10177,0.1,0.2958201014129477,0.15388306113773612,0.14208434025541822,0.2958198768728901,0.15388306113773612,0.14208434025541822,0.2958198768728901,0.3329988402855406,0.32639503754943733,0.374370644667901,0.1339813078990912,0.12663407571886873,0.255123533928679,0.3329988402855406,0.32639503754943733,0.374370644667901,0.1339813078990912,0.12663407571886873,0.255123533928679,2.106469088828495,3.1476021391714983,0.5561740209806186,0.831065856828598,0.5561740209806186,814160,203540,81416,122124,0.75,,,,,,,,,0.006062886520139647,1
bayesfl_observability_v1,vi_sparse_bayesian_keep010_seed42,27,vi,117,9,1,,5,256,700.4311581134796,1.5939970016479492,1748.3359481346736,1748.3359481346736,,,3.787603459987888,0.025080248713493347,0.9830340471762963,3.787603459987888,,-0.0,2.3277319754160017,700.4311581134796,1748.3359481346736,1748.3359481346736,0.017179286117074515,1.5939970016479492,1748.3359481346736,0.005,20.64912877897355,0.06558101274917967,0.0653109923005104,0.07348469123244286,0.09908649325370789,0.7955378327218396,0.6720288576859941,1.6379811259638446,,,,,,,,,,,,,,,,,,1,update_snr,bayesian,0.1,20,101770,10177,0.1,0.295535319270619,0.15400829008195938,0.1431414381482952,0.29553252693682924,0.15400829008195938,0.1431414381482952,0.29553252693682924,0.3327617893239268,0.3263815437062098,0.37391889166108516,0.13414679016618525,0.12737823033062082,0.2548906261513604,0.3327617893239268,0.3263815437062098,0.37391889166108516,0.13414679016618525,0.12737823033062082,0.2548906261513604,2.102668860730076,3.1503529377243313,0.5551449308098372,0.831753632872224,0.5551449308098372,814160,203540,81416,122124,0.75,,,,,,,,,0.006058660586274609,1
bayesfl_observability_v1,vi_sparse_bayesian_keep010_seed42,28,vi,15,1,1,,5,256,703.1042370796204,5.122088432312012,1734.6186430148011,1734.6186430148011,,,3.7907346087026794,0.025052255019545555,0.9843329606233459,3.7907346087026794,,-0.0,2.3277319754160017,703.1042370796204,1734.6186430148011,1734.6186430148011,0.01704449880136387,5.122088432312012,1734.6186430148011,0.005,21.498733361321626,0.06587409989957205,0.06561585143208504,0.07382547035813332,0.09748536348342896,0.8253257557354253,0.6970105193098677,1.7011190653131016,,,,,,,,,,,,,,,,,,1,update_snr,bayesian,0.1,20,101770,10177,0.1,0.2946439380894131,0.15346571042159213,0.14280107540701054,0.29463941088787254,0.15346571042159213,0.14280107540701054,0.29463941088787254,0.33122556423817384,0.32467209002023206,0.37107042684811653,0.133714615553083,0.12706355616130557,0.2536537459983364,0.33122556423817384,0.32467209002023206,0.37107042684811653,0.133714615553083,0.12706355616130557,0.2536537459983364,2.1038996831435606,3.1532958942802525,0.5550110731343411,0.8318429591565154,0.5550110731343411,814160,203540,81416,122124,0.75,,,,,,,,,0.0060958103022525105,1
bayesfl_observability_v1,vi_sparse_bayesian_keep010_seed42,28,vi,159,12,1,,5,256,693.1681645989418,0.02637963369488716,1735.911398863617,1735.911398863617,,,3.791135435823852,0.025060154497623444,0.9842264022118365,3.791135435823852,,-0.0,2.185987945410232,693.1681645989418,1735.911398863617,1735.911398863617,0.017057201521702044,0.02637963369488716,1735.911398863617,0.005,21.42768310485786,0.06587348621489784,0.06562539935112,0.07381745278835297,0.09837955236434937,0.8217468208613155,0.692130398165818,1.7007764539511172,,,,,,,,,,,,,,,,,,1,update_snr,bayesian,0.1,20,101770,10177,0.1,0.2943067009707285,0.15368111657512412,0.1426952614032892,0.2942970472294761,0.15368111657512412,0.1426952614032892,0.2942970472294761,0.3312241966293944,0.3243471578828028,0.3729336689169167,0.1339541076802052,0.1270768179148198,0.2538698793057615,0.3312241966293944,0.3243471578828028,0.3729336689169167,0.1339541076802052,0.1270768179148198,0.2538698793057615,2.1020151819853656,3.1550340834073984,0.5544553122852433,0.8322134982555108,0.5544553122852433,814160,203540,81416,122124,0.75,,,,,,,,,0.00610088006842478,1
bayesfl_observability_v1,vi_sparse_bayesian_keep010_seed42,28,vi,161,12,1,,5,256,697.9706688642502,0.007448757067322731,1737.2762671088533,1737.2762671088533,,,3.7909003181533314,0.025099685415625572,0.9842886924734229,3.7909003181533314,,-0.0,2.3163460082440825,697.9706688642502,1737.2762671088533,1737.2762671088533,0.017070612824101928,0.007448757067322731,1737.2762671088533,0.005,21.470074932552865,0.0658727650524322,0.06564106419682503,0.07380991205573083,0.0984535664319992,0.8239477965922327,0.6942019085653462,1.7003867803873485,,,,,,,,,,,,,,,,,,1,update_snr,bayesian,0.1,20,101770,10177,0.1,0.29440091443522437,0.15375257796780592,0.1432345971943934,0.29440067232554284,0.15375257796780592,0.1432345971943934,0.29440067232554284,0.33148490074924536,0.3250312534097321,0.37274749073032276,0.13400454210320153,0.1279378671186349,0.2535616223580628,0.33148490074924536,0.3250312534097321,0.37274749073032276,0.13400454210320153,0.1279378671186349,0.2535616223580628,2.102639090128542,3.154335758735658,0.5546542809526589,0.8320809026896903,0.5546542809526589,814160,203540,81416,122124,0.75,,,,,,,,,0.006102378419859015,1
bayesfl_observability_v1,vi_sparse_bayesian_keep010_seed42,28,vi,281,22,9,,5,256,704.0595613479614,0.532441775004069,192.50306450116094,192.50306450116094,,,3.7856860437120425,0.025049827992916107,0.9843487733095542,3.7856860437120425,,-0.0,2.3096097079310103,704.0595613479614,1732.5275805104484,192.50306450116094,0.017023951857231486,0.532441775004069,192.50306450116094,0.005,21.48128623951245,0.06587697545345955,0.06563138961791992,0.0738031454384327,0.09866155683994293,0.8242110886928384,0.6959845174757463,1.7025065678640254,,,,,,,,,,,,,,,,,,1,update_snr,bayesian,0.1,20,101770,10177,0.1,0.2946942858016495,0.15331843524069494,0.1423748690806214,0.2946920830873311,0.15331843524069494,0.1423748690806214,0.2946920830873311,0.3314569680171956,0.3247118515108151,0.37326536460404264,0.13352526493219485,0.126415496978633,0.25358329038298405,0.3314569680171956,0.3247118515108151,0.37326536460404264,0.13352526493219485,0.126415496978633,0.25358329038298405,2.1021338728268546,3.148404675747722,0.555284788161042,0.8316602696034887,0.555284788161042,814160,203540,81416,122124,0.75,,,,,,,,,0.0060994100053745415,9
bayesfl_observability_v1,vi_sparse_bayesian_keep010_seed42,28,vi,192,15,1,,5,256,713.1524710416794,0.028096292167901993,1727.471051618443,1727.471051618443,,,3.7810072400571175,0.02496931701898575,0.9843660731014411,3.7810072400571175,,-0.0,2.259365973874069,713.1524710416794,1727.471051618443,1727.471051618443,0.016974266007845563,0.028096292167901993,1727.471051618443,0.005,21.466542737158836,0.06587219404621666,0.06561912223696709,0.07385469377040862,0.09657524526119232,0.8237674969537557,0.695903657999138,1.7011944662865028,,,,,,,,,,,,,,,,,,1,update_snr,bayesian,0.1,20,101770,10177,0.1,0.29357173471464365,0.15318814782063114,0.14236157771636537,0.2935708598997225,0.15318814782063114,0.14236157771636537,0.2935708598997225,0.33077286618167034,0.32402824191070195,0.3725379951059332,0.13345651244718235,0.126961699803226,0.25323088038792024,0.33077286618167034,0.32402824191070195,0.3725379951059332,0.13345651244718235,0.126961699803226,0.25323088038792024,2.0990254001687214,3.144854228547151,0.5551497965756375,0.8317503852491019,0.5551497965756375,814160,203540,81416,122124,0.75,,,,,,,,,0.006097899786425842,1
bayesfl_observability_v1,vi_sparse_bayesian_keep010_seed42,28,vi,113,9,708,,5,256,2072.066264017423,0.00399636578256801,4.190292236697683,4.190292236697683,,,4.948418771335632,0.06752088665962219,0.9736279722459562,4.948418771335632,,-0.0,2.311121424016332,2072.066264017423,2966.72690358196,4.190292236697683,0.02915129118189997,0.00399636578256801,4.190292236697683,0.005,21.68997213122457,0.06622194225477179,0.06595223024487495,0.07437180057168007,0.10013163089752197,0.8275173561202763,0.6974989263465793,1.7081091213662833,,,,,,,,,,,,,,,,,,1,update_snr,bayesian,0.1,20,101770,10177,0.1,0.39021886622794666,0.19016976131102464,0.16322766744047634,0.3902110371522664,0.19016976131102464,0.16322766744047634,0.3902110371522664,0.47848956436527196,0.4592453924050315,0.5836158644379748,0.15813422763833052,0.1445961251796824,0.31357308449528126,0.47848956436527196,0.4592453924050315,0.5836158644379748,0.15813422763833052,0.1445961251796824,0.31357308449528126,3.1654489202740907,3.8035222451883475,0.6396889726896945,0.768633864866238,0.6396889726896945,814160,203540,81416,122124,0.75,,,,,,,,,0.006271915132499308,708
bayesfl_observability_v1,vi_sparse_bayesian_keep010_seed42,28,vi,67,5,1,,5,256,702.8856908738613,0.02944696694612503,1735.2530066837178,1735.2530066837178,,,3.7893210868745455,0.02508571557700634,0.9843112301669618,3.7893210868745455,,-0.0,2.3163460082440825,702.8856908738613,1735.2530066837178,1735.2530066837178,0.017050732108516438,0.02944696694612503,1735.2530066837178,0.005,21.476422057851885,0.06586895668823328,0.06563715264201164,0.07380426079034806,0.09686879813671112,0.8244713947893957,0.697031383455287,1.697707690857085,,,,,,,,,,,,,,,,,,1,update_snr,bayesian,0.1,20,101770,10177,0.1,0.2946569195072656,0.15350420020152616,0.1425350051978789,0.2946557105674971,0.15350420020152616,0.1425350051978789,0.2946557105674971,0.3313551608890382,0.32454111977430583,0.37284585634914647,0.1337429823473582,0.12683643389014834,0.25412455660132055,0.3313551608890382,0.32454111977430583,0.37284585634914647,0.1337429823473582,0.12683643389014834,0.25412455660132055,2.1033113094437246,3.1519891870052836,0.5550628361183687,0.8318084202268178,0.5550628361183687,814160,203540,81416,122124,0.75,,,,,,,,,0.006100608277233911,1
bayesfl_observability_v1,vi_sparse_bayesian_keep010_seed42,28,vi,74,5,1,,5,256,738.719514465332,0.0005474975914694369,1726.9579760439303,1726.9579760439303,,,3.779209846918165,0.02506815269589424,0.9843896482047169,3.779209846918165,,-0.0,2.259365973874069,738.719514465332,1726.9579760439303,1726.9579760439303,0.016969224487019065,0.0005474975914694369,1726.9579760439303,0.005,21.47242909507316,0.06587223530114371,0.06563173979520798,0.07383282333612443,0.09742744266986847,0.8238898204208221,0.6946207904574173,1.7027433104683325,,,,,,,,,,,,,,,,,,1,update_snr,bayesian,0.1,20,101770,10177,0.1,0.2940555784079364,0.15319148585421608,0.1419125798410389,0.2940542212776506,0.15319148585421608,0.1419125798410389,0.2940542212776506,0.33102197987058574,0.32456942877558353,0.37200086224036755,0.13343254207461944,0.1264787775183694,0.25324325311752266,0.33102197987058574,0.32456942877558353,0.37200086224036755,0.13343254207461944,0.1264787775183694,0.25324325311752266,2.099265193500188,3.14253285017068,0.5554772766090449,0.8315317162748513,0.5554772766090449,814160,203540,81416,122124,0.75,,,,,,,,,0.006102437209405827,1
bayesfl_observability_v1,vi_sparse_bayesian_keep010_seed42,28,vi,208,16,1492,,5,256,2445.9388676166536,0.059509092617290586,1.591446754219403,1.591446754219403,,,4.382306899052922,0.06545796245336533,0.9791921331367452,4.382306899052922,,0.2345060748432112,2.0889349747065498,2445.9388676166536,2374.4385572953493,1.591446754219403,0.023331419448711303,0.059509092617290586,1.591446754219403,0.005,21.59455056225123,0.06643125713761053,0.06614883989095688,0.07480203211307526,0.10258077830076218,0.8212797416040324,0.6916459386353382,1.6975026417140828,,,,,,,,,,,,,,,,,,1,update_snr,bayesian,0.1,20,101770,10177,0.1,0.34117940066510033,0.16541209495254466,0.13993020889310576,0.341171229421413,0.16541209495254466,0.13993020889310576,0.341171229421413,0.4278513922571538,0.40670977203433867,0.5319370763521635,0.13625217302981035,0.12427836760476997,0.2713848556774435,0.4278513922571538,0.40670977203433867,0.5319370763521635,0.13625217302981035,0.12427836760476997,0.2713848556774435,2.885560124232398,3.2982050462223884,0.6584568791510262,0.7526184546625836,0.6584568791510262,814160,203540,81416,122124,0.75,,,,,,,,,0.0064411975175528964,1492
bayesfl_observability_v1,vi_sparse_bayesian_keep010_seed42,28,vi,211,16,21,,5,256,734.812425994873,0.379604907262893,82.61335849338117,82.61335849338117,,,3.790669850454976,0.025087594985961914,0.9842917331129584,3.790669850454976,,-0.0,2.311121424016332,734.812425994873,1734.8805283610045,82.61335849338117,0.017047072107310646,0.379604907262893,82.61335849338117,0.005,21.470835004660902,0.0658720158264546,0.06561589241027832,0.07379130795598031,0.09791023284196854,0.8239492144782046,0.6937586670798765,1.7054275707912596,,,,,,,,,,,,,,,,,,1,update_snr,bayesian,0.1,20,101770,10177,0.1,0.294547608580834,0.1535115802535899,0.14269733026424447,0.2945436774994432,0.1535115802535899,0.14269733026424447,0.2945436774994432,0.33095961380643374,0.32443545628635606,0.37147433446511163,0.13379513208105168,0.12701025775845626,0.25406449303424,0.33095961380643374,0.32443545628635606,0.37147433446511163,0.13379513208105168,0.12701025775845626,0.25406449303424,2.101692817126652,3.154689401127566,0.5544383710637305,0.8322247849542802,0.5544383710637305,814160,203540,81416,122124,0.75,,,,,,,,,0.006096638655637302,21
bayesfl_observability_v1,vi_sparse_bayesian_keep010_seed42,28,vi,46,3,2,,5,256,708.8058765888214,1.1879684925079346,867.6525424307596,867.6525424307596,,,3.788302897241952,0.02502131089568138,0.9843079414945203,3.788302897241952,,-0.0,2.4040642619438994,708.8058765888214,1735.3050848615192,867.6525424307596,0.017051243832775072,1.1879684925079346,867.6525424307596,0.005,21.468407410196612,0.06587121396776593,0.06564058735966682,0.07382442057132721,0.09669234603643417,0.8237396877317594,0.6957111377944307,1.7049826822241594,,,,,,,,,,,,,,,,,,1,update_snr,bayesian,0.1,20,101770,10177,0.1,0.2940108949452007,0.15363453945855501,0.14295760076958458,0.2940043485527803,0.15363453945855501,0.14295760076958458,0.2940043485527803,0.33141695018515127,0.32466967140604913,0.3731462902506362,0.133880938266711,0.127097100484431,0.25321713787250183,0.33141695018515127,0.32466967140604913,0.3731462902506362,0.133880938266711,0.127097100484431,0.25321713787250183,2.10198122300661,3.151652547375649,0.554860917942159,0.8319431241018738,0.554860917942159,814160,203540,81416,122124,0.75,,,,,,,,,0.006096770948929194,2
bayesfl_observability_v1,vi_sparse_bayesian_keep010_seed42,28,vi,47,3,1,,5,256,687.9132461071015,3.3165180683135986,1732.1799874901376,1732.1799874901376,,,3.7887114655414176,0.02504398301243782,0.9843237225662782,3.7887114655414176,,-0.0,2.3292713582565514,687.9132461071015,1732.1799874901376,1732.1799874901376,0.017020536380958413,3.3165180683135986,1732.1799874901376,0.005,21.481410256374893,0.06586827690599358,0.06562914699316025,0.07380285114049911,0.09725101292133331,0.8238729991655265,0.6938066424831957,1.700755880537363,,,,,,,,,,,,,,,,,,1,update_snr,bayesian,0.1,20,101770,10177,0.1,0.2941631021275613,0.15342999968849544,0.1424764446203331,0.29414248625927464,0.15342999968849544,0.1424764446203331,0.29414248625927464,0.3312444048498047,0.32453296961597294,0.37289143792209595,0.1336728435594611,0.127032616796599,0.2536885366617618,0.3312444048498047,0.32453296961597294,0.37289143792209595,0.1336728435594611,0.127032616796599,0.2536885366617618,2.104123827598737,3.150713805990042,0.5553666059650841,0.8316056354900586,0.5553666059650841,814160,203540,81416,122124,0.75,,,,,,,,,0.006099855331422589,1
bayesfl_observability_v1,vi_sparse_bayesian_keep010_seed42,28,vi,225,18,45,,5,256,753.7092876434326,0.04237668779161241,38.687402889343936,38.687402889343936,,,3.7966779580607524,0.025080710649490356,0.9842512348074487,3.7966779580607524,,-0.0,2.311121424016332,753.7092876434326,1740.9331300204772,38.687402889343936,0.017106545445813866,0.04237668779161241,38.687402889343936,0.005,21.47741795964996,0.06587724208303211,0.06563820317387581,0.07383330315351486,0.09644103050231934,0.8240076355717235,0.6962745893558911,1.7029547263219478,,,,,,,,,,,,,,,,,,1,update_snr,bayesian,0.1,20,101770,10177,0.1,0.2946002200662335,0.15382607793696995,0.14319288952274767,0.2945991174665202,0.15382607793696995,0.14319288952274767,0.2945991174665202,0.3321127120286031,0.3258616684948256,0.373173835035921,0.13401645192678846,0.1276383642482009,0.25366025113239254,0.3321127120286031,0.3258616684948256,0.373173835035921,0.13401645192678846,0.1276383642482009,0.25366025113239254,2.1087348775033505,3.157214077889763,0.55541578737967,0.8315727888341597,0.55541578737967,814160,203540,81416,122124,0.75,,,,,,,,,0.0061017663346164056,45
bayesfl_observability_v1,vi_sparse_bayesian_keep010_seed42,28,vi,79,6,1614,,5,256,2449.570097773416,0.20440947049317013,1.4144726269489123,1.4144726269489123,,,4.275219865637093,0.060325488448143005,0.9801306264646593,4.275219865637093,,0.227611568069938,2.10471822493949,2449.570097773416,2282.9588198955444,1.4144726269489123,0.022432532375901978,0.20440947049317013,1.4144726269489123,0.005,21.553507079724675,0.06645990713304839,0.06618236005306244,0.07490513399243355,0.1029890775680542,0.8202380179905598,0.6902762582232728,1.6958841694713516,,,,,,,,,,,,,,,,,,1,update_snr,bayesian,0.1,20,101770,10177,0.1,0.33272817719453934,0.16108536235191503,0.13582980725363658,0.33272648983820746,0.16108536235191503,0.13582980725363658,0.33272648983820746,0.41800883825565543,0.39670393113972313,0.5243449352980556,0.13253830947372167,0.1205077592110366,0.2644736221615639,0.41800883825565543,0.39670393113972313,0.5243449352980556,0.13253830947372167,0.1205077592110366,0.2644736221615639,2.816673243639238,3.2161866765013714,0.6588370498272601,0.752285678299751,0.6588370498272601,814160,203540,81416,122124,0.75,,,,,,,,,0.006476854068232866,1614
bayesfl_observability_v1,vi_sparse_bayesian_keep010_seed42,28,vi,7,0,80,,5,256,749.7290594100953,0.03771201372146606,21.740193406682145,21.740193406682145,,,3.793867886574169,0.025057286024093628,0.9842703701368584,3.793867886574169,,-0.0,2.4040642619438994,749.7290594100953,1739.2154725345717,21.740193406682145,0.01708966760867222,0.03771201372146606,21.740193406682145,0.005,21.47447363151084,0.0658782552308376,0.06563441082835197,0.07381419315934182,0.09669021517038345,0.8238832944499371,0.697271407310523,1.7014169925002438,,,,,,,,,,,,,,,,,,1,update_snr,bayesian,0.1,20,101770,10177,0.1,0.29477450566420593,0.15368668953955544,0.14275316841689262,0.29476648860570237,0.15368668953955544,0.14275316841689262,0.29476648860570237,0.3312327024234239,0.3246566972277353,0.3716421050531921,0.13395935477468116,0.12703239932431395,0.25425368844425933,0.3312327024234239,0.3246566972277353,0.3716421050531921,0.13395935477468116,0.12703239932431395,0.25425368844425933,2.101611612443095,3.158585469988599,0.5539496037488097,0.8325502005924554,0.5539496037488097,814160,203540,81416,122124,0.75,,,,,,,,,0.006103532323439698,80
bayesfl_observability_v1,vi_sparse_bayesian_keep010_seed42,29,vi,113,9,708,,5,256,1907.121343612671,0.0018803909589341806,4.095982498958565,4.095982498958565,,,4.918364055338493,0.06033945456147194,0.9759704429060169,4.918364055338493,,-0.0,2.311121424016332,1907.121343612671,2899.955609262664,4.095982498958565,0.02849519120824078,0.0018803909589341806,4.095982498958565,0.005,22.571312750054968,0.06658973575701375,0.0663253553211689,0.07486824989318848,0.09814111888408661,0.8562788722604144,0.7190110872403619,1.7712473947400584,,,,,,,,,,,,,,,,,,1,update_snr,bayesian,0.1,20,101770,10177,0.1,0.383659283250079,0.1874199256144149,0.16073823256603034,0.38365052008137734,0.1874199256144149,0.16073823256603034,0.38365052008137734,0.4760659906729752,0.45358928468674425,0.5923483673159097,0.15534814060790814,0.14285493988228626,0.30746815209168044,0.4760659906729752,0.45358928468674425,0.5923483673159097,0.15534814060790814,0.14285493988228626,0.30746815209168044,3.173685692278783,3.757395921043033,0.6452726265421527,0.7639523790364153,0.6452726265421527,814160,203540,81416,122124,0.75,,,,,,,,,0.0063492040742482775,708
bayesfl_observability_v1,vi_sparse_bayesian_keep010_seed42,29,vi,15,1,1,,5,256,677.4721750259399,0.1201716810464859,1725.3628162916539,1725.3628162916539,,,3.798596298492495,0.025028090924024582,0.9854842544296989,3.798596298492495,,-0.0,2.3277319754160017,677.4721750259399,1725.3628162916539,1725.3628162916539,0.01695355032221336,0.1201716810464859,1725.3628162916539,0.005,22.375251830084572,0.0662278744849751,0.06600736454129219,0.07425405010581017,0.09664949029684067,0.8542357979010397,0.7193884738621337,1.7605171573981935,,,,,,,,,,,,,,,,,,1,update_snr,bayesian,0.1,20,101770,10177,0.1,0.29358358190948736,0.15299138409705523,0.1424527687702307,0.2935790546800715,0.15299138409705523,0.1424527687702307,0.2935790546800715,0.3304607642599133,0.3237380567871743,0.3715628421144748,0.13327256407895988,0.126804771581856,0.2530335197184677,0.3304607642599133,0.3237380567871743,0.3715628421144748,0.13327256407895988,0.126804771581856,0.2530335197184677,2.107033271687391,3.160655727997472,0.5546873387213022,0.8320588658636362,0.5546873387213022,814160,203540,81416,122124,0.75,,,,,,,,,0.00616369880451331,1
bayesfl_observability_v1,vi_sparse_bayesian_keep010_seed42,29,vi,21,1,1,,5,256,693.3447779893875,0.4730827808380127,1718.7820790176484,1718.7820790176484,,,3.791217602914648,0.025066986680030823,0.985489350111023,3.791217602914648,,-0.0,2.3277319754160017,693.3447779893875,1718.7820790176484,1718.7820790176484,0.016888887481749517,0.4730827808380127,1718.7820790176484,0.005,22.335235928284582,0.06623104180794012,0.06599251925945282,0.07424977794289589,0.09769857674837112,0.8523233229335271,0.7180710956255373,1.7578820025483561,,,,,,,,,,,,,,,,,,1,update_snr,bayesian,0.1,20,101770,10177,0.1,0.29244225319754885,0.15296420835365618,0.14260373643496743,0.292439646471688,0.15296420835365618,0.14260373643496743,0.292439646471688,0.3291699509623665,0.32259851372440407,0.3703818315953883,0.13338579250824392,0.12692314533309546,0.2524491228607108,0.3291699509623665,0.32259851372440407,0.3703818315953883,0.13338579250824392,0.12692314533309546,0.2524491228607108,2.1015307054620918,3.1554555307672945,0.5543155064078773,0.8323066258031229,0.5543155064078773,814160,203540,81416,122124,0.75,,,,,,,,,0.006164217109436388,1
bayesfl_observability_v1,vi_sparse_bayesian_keep010_seed42,29,vi,206,16,38,,5,256,681.4981334328652,0.014323764725735313,45.419592834286505,45.419592834286505,,,3.799499227077105,0.02507634460926056,0.9854636387490037,3.799499227077105,,-0.0,2.3277319754160017,681.4981334328652,1725.9445277028872,45.419592834286505,0.016959266264153356,0.014323764725735313,45.419592834286505,0.005,22.36492733414168,0.06623346475395459,0.06597191840410233,0.07424642145633698,0.09713412076234818,0.8535727885863965,0.720009404788624,1.7621033840117217,,,,,,,,,,,,,,,,,,1,update_snr,bayesian,0.1,20,101770,10177,0.1,0.2937568226449702,0.15309812277691148,0.14256554228152196,0.2937559654593662,0.15309812277691148,0.14256554228152196,0.2937559654593662,0.33004013956425293,0.32347016587249233,0.37030205654062287,0.13343789868942907,0.1268370407140713,0.25285021665721724,0.33004013956425293,0.32347016587249233,0.37030205654062287,0.13343789868942907,0.1268370407140713,0.25285021665721724,2.1024261742814017,3.1648062433987967,0.5533429666989997,0.8329535168331729,0.5533429666989997,814160,203540,81416,122124,0.75,,,,,,,,,0.006171844881312476,38
bayesfl_observability_v1,vi_sparse_bayesian_keep010_seed42,29,vi,287,23,1,,5,256,706.7436498999596,0.5123226046562195,1706.6675486139227,1706.6675486139227,,,3.7784954724800395,0.02503051981329918,0.9856204408100152,3.7784954724800395,,-0.0,2.259365973874069,706.7436498999596,1706.6675486139227,1706.6675486139227,0.01676984915607667,0.5123226046562195,1706.6675486139227,0.005,22.361346766429577,0.06623070302124785,0.06600222736597061,0.07425778061151504,0.0979439988732338,0.8536358176093479,0.7174014361318455,1.7636317867420481,,,,,,,,,,,,,,,,,,1,update_snr,bayesian,0.1,20,101770,10177,0.1,0.29218762309831364,0.1520909692098832,0.1408699269975643,0.2921864018828178,0.1520909692098832,0.1408699269975643,0.2921864018828178,0.32940737243117174,0.3229657344473751,0.37037805937818674,0.13238914662974005,0.12547755131440305,0.25124505687636306,0.32940737243117174,0.3229657344473751,0.37037805937818674,0.13238914662974005,0.12547755131440305,0.25124505687636306,2.1012442349777603,3.14035041046774,0.5561060613362586,0.831111333423552,0.5561060613362586,814160,203540,81416,122124,0.75,,,,,,,,,0.0061679110328689895,1
bayesfl_observability_v1,vi_sparse_bayesian_keep010_seed42,29,vi,295,23,1,,5,256,677.3865001678466,0.34680020809173584,1723.077391312341,1723.077391312341,,,3.797018097370587,0.02504481002688408,0.9854688668863872,3.797018097370587,,-0.0,2.3096097079310103,677.3865001678466,1723.077391312341,1723.077391312341,0.016931093557161648,0.34680020809173584,1723.077391312341,0.005,22.354258128711127,0.06623254809559703,0.06600270047783852,0.07424849048256875,0.09771670401096344,0.8528197354698984,0.7177533095402411,1.7618296896158947,,,,,,,,,,,,,,,,,,1,update_snr,bayesian,0.1,20,101770,10177,0.1,0.29294409008975786,0.15302013962829503,0.14247747112927006,0.2929423388887837,0.15302013962829503,0.14247747112927006,0.2929423388887837,0.32978442807950975,0.32313878702403187,0.37141079260236043,0.13337966313371555,0.12700368359042913,0.2528946908849273,0.32978442807950975,0.32313878702403187,0.37141079260236043,0.13337966313371555,0.12700368359042913,0.2528946908849273,2.102712228671047,3.1616368727538924,0.5537798806192583,0.8326631034345893,0.5537798806192583,814160,203540,81416,122124,0.75,,,,,,,,,0.006171346460284598,1
bayesfl_observability_v1,vi_sparse_bayesian_keep010_seed42,29,vi,188,15,1,,5,256,691.3612240791321,2.9110913276672363,1708.5085472643102,1708.5085472643102,,,3.781511932698583,0.02504127472639084,0.9855991433536541,3.781511932698583,,-0.0,2.28098669344155,691.3612240791321,1708.5085472643102,1708.5085472643102,0.016787938953171957,2.9110913276672363,1708.5085472643102,0.005,22.362760690463855,0.06623362029937503,0.0660112276673317,0.0742681086063385,0.09829817712306976,0.8528113279797699,0.7175897676313796,1.761506111204385,,,,,,,,,,,,,,,,,,1,update_snr,bayesian,0.1,20,101770,10177,0.1,0.2923464231247187,0.15216245912240686,0.1410334681751943,0.2923451554369499,0.15216245912240686,0.1410334681751943,0.2923451554369499,0.32916264126049777,0.3225673670928473,0.3705622477393614,0.13249577221817455,0.1252154806292413,0.25167223752469475,0.32916264126049777,0.3225673670928473,0.3705622477393614,0.13249577221817455,0.1252154806292413,0.25167223752469475,2.103013355639409,3.142796099517762,0.5561302973698791,0.8310951163057637,0.5561302973698791,814160,203540,81416,122124,0.75,,,,,,,,,0.006165174757161275,1
bayesfl_observability_v1,vi_sparse_bayesian_keep010_seed42,29,vi,194,15,861,,5,256,2228.1514763355253,0.0011419537244635037,3.2092970909084877,3.2092970909084877,,,4.7898357413167485,0.06084250286221504,0.9772546067372906,4.7898357413167485,,-0.0,2.3163460082440825,2228.1514763355253,2763.204795272208,3.2092970909084877,0.02715146698705127,0.0011419537244635037,3.2092970909084877,0.005,22.585607107465574,0.06667529956744306,0.06639719754457474,0.07501237392425537,0.09990420937538147,0.8563580168123593,0.71979593251036,1.7669261372133263,,,,,,,,,,,,,,,,,,1,update_snr,bayesian,0.1,20,101770,10177,0.1,0.3733182254165485,0.18129079227765066,0.15453989797827797,0.3733172741217352,0.18129079227765066,0.15453989797827797,0.3733172741217352,0.4636370008106674,0.44199306701920077,0.5738578857286631,0.1499189913295377,0.13668509194672035,0.29734620514002874,0.4636370008106674,0.44199306701920077,0.5738578857286631,0.1499189913295377,0.13668509194672035,0.29734620514002874,3.114072472169733,3.6393789397190037,0.6501418086862535,0.7598128905185633,0.6501418086862535,814160,203540,81416,122124,0.75,,,,,,,,,0.006401907445464148,861
bayesfl_observability_v1,vi_sparse_bayesian_keep010_seed42,29,vi,142,11,17,,5,256,721.6078910827637,0.34139234879437613,100.97907208810851,100.97907208810851,,,3.790887214645127,0.025051727890968323,0.9855330432926096,3.790887214645127,,-0.0,2.3096097079310103,721.6078910827637,1716.6442254978447,100.97907208810851,0.01686788076543033,0.34139234879437613,100.97907208810851,0.005,22.367283068781216,0.06622833328820685,0.06599616631865501,0.07422665357589722,0.09740732610225677,0.8537938771678557,0.7189866119053681,1.7596425313838449,,,,,,,,,,,,,,,,,,1,update_snr,bayesian,0.1,20,101770,10177,0.1,0.29328660422967984,0.15272208197792028,0.14172882142303989,0.2932711759709783,0.15272208197792028,0.14172882142303989,0.2932711759709783,0.3294435111519866,0.32288656497038015,0.37046501751574407,0.13308636762524625,0.12626622046436875,0.25201170308765936,0.3294435111519866,0.32288656497038015,0.37046501751574407,0.13308636762524625,0.12626622046436875,0.25201170308765936,2.105065237228863,3.1527014164317073,0.5552961926950714,0.8316526548856554,0.5552961926950714,814160,203540,81416,122124,0.75,,,,,,,,,0.006169360607533468,17
bayesfl_observability_v1,vi_sparse_bayesian_keep010_seed42,29,vi,147,11,1921,,5,256,2401.289919888973,0.08781629946627759,1.1477142426325238,1.1477142426325238,,,4.207489447909207,0.06246562302112579,0.9822442259768565,4.207489447909207,,0.7419061377582201,1.6227932907659905,2401.289919888973,2204.759060097078,1.1477142426325238,0.021664135404314413,0.08781629946627759,1.1477142426325238,0.005,22.427126012250625,0.06682714007145485,0.0665423683822155,0.07537393048405647,0.10061125457286835,0.848783155974967,0.7133695462971339,1.7496646256258328,,,,,,,,,,,,,,,,,,1,update_snr,bayesian,0.1,20,101770,10177,0.1,0.32530593429963767,0.1576462123528534,0.13280729322304893,0.32530488357032983,0.1576462123528534,0.13280729322304893,0.32530488357032983,0.4107718803232371,0.3890037722590826,0.516560681161857,0.12952113813392188,0.11780823421155162,0.25826277262060604,0.4107718803232371,0.3890037722590826,0.516560681161857,0.12952113813392188,0.11780823421155162,0.25826277262060604,2.782893368935644,3.155704667962673,0.6614142241802945,0.7500208157457913,0.6614142241802945,814160,203540,81416,122124,0.75,,,,,,,,,0.006571847680333789,1921
bayesfl_observability_v1,vi_sparse_bayesian_keep010_seed42,29,vi,74,5,1,,5,256,731.4339887142181,0.7395208477973938,1708.0924571075623,1708.0924571075623,,,3.7802876554029274,0.025085631757974625,0.9855919715062633,3.7802876554029274,,-0.0,2.259365973874069,731.4339887142181,1708.0924571075623,1708.0924571075623,0.016783850418665248,0.7395208477973938,1708.0924571075623,0.005,22.34992115996248,0.06623194660602319,0.06599600613117218,0.07424828037619591,0.09678458422422409,0.8525203195689061,0.7156688873287063,1.758654526435015,,,,,,,,,,,,,,,,,,1,update_snr,bayesian,0.1,20,101770,10177,0.1,0.2922612120875594,0.15222740101511145,0.1416566808905662,0.29224618014264847,0.15222740101511145,0.1416566808905662,0.29224618014264847,0.32871954765395484,0.32228102818609505,0.3688279431985494,0.1326171624996844,0.12608129761816267,0.25189719149880696,0.32871954765395484,0.32228102818609505,0.3688279431985494,0.1326171624996844,0.12608129761816267,0.25189719149880696,2.096791784495469,3.145479132034432,0.5546646116992331,0.8320740162560901,0.5546646116992331,814160,203540,81416,122124,0.75,,,,,,,,,0.006165281439865947,1
bayesfl_observability_v1,vi_sparse_bayesian_keep010_seed42,29,vi,258,20,11,,5,256,748.2288682937622,0.8030100735751066,155.25031243652384,155.25031243652384,,,3.7791601386958407,0.02505166083574295,0.9855986569015787,3.7791601386958407,,-0.0,2.259365973874069,748.2288682937622,1707.7534368017623,155.25031243652384,0.016780519178557163,0.8030100735751066,155.25031243652384,0.005,22.34837959143164,0.06623419983557924,0.06600826233625412,0.07424037754535676,0.09860016405582428,0.8524525368640848,0.7174841806422501,1.7622692171631296,,,,,,,,,,,,,,,,,,1,update_snr,bayesian,0.1,20,101770,10177,0.1,0.2922052127523678,0.1520927385924105,0.14115977654920212,0.29220396155292,0.1520927385924105,0.14115977654920212,0.29220396155292,0.32922738411772595,0.322934926338594,0.3701693910987299,0.1324111113118199,0.12520243773280124,0.25188029158384134,0.32922738411772595,0.322934926338594,0.3701693910987299,0.1324111113118199,0.12520243773280124,0.25188029158384134,2.0993091895636016,3.1424436797692015,0.5554962246950608,0.8315190583200941,0.5554962246950608,814160,203540,81416,122124,0.75,,,,,,,,,0.006170046240884712,11
bayesfl_observability_v1,vi_sparse_bayesian_keep010_seed42,29,vi,265,21,1,,5,256,691.6065102696418,0.7156906127929688,1721.6469262002472,1721.6469262002472,,,3.792860524026101,0.025087803602218628,0.9854764189192825,3.792860524026101,,-0.0,2.259365973874069,691.6065102696418,1721.6469262002472,1721.6469262002472,0.016917037694804432,0.7156906127929688,1721.6469262002472,0.005,22.33501711119889,0.06622631040059408,0.06600060313940048,0.07425123825669289,0.09627383947372437,0.8523005132440391,0.719713133543747,1.755549033961939,,,,,,,,,,,,,,,,,,1,update_snr,bayesian,0.1,20,101770,10177,0.1,0.2928251486760296,0.15293558002403376,0.1423436093116797,0.29282168309376694,0.15293558002403376,0.1423436093116797,0.29282168309376694,0.32958655581285035,0.322803764689589,0.370668937045094,0.13330769382527635,0.12682852971340094,0.2523311415037159,0.32958655581285035,0.322803764689589,0.370668937045094,0.13330769382527635,0.12682852971340094,0.2523311415037159,2.1003521837241452,3.1582133650278883,0.5537646771926727,0.8326732145888301,0.5537646771926727,814160,203540,81416,122124,0.75,,,,,,,,,0.006165046954083982,1
bayesfl_observability_v1,vi_sparse_bayesian_keep010_seed42,29,vi,279,22,125,,5,256,858.9821466445923,0.007827885627746582,14.176444563545772,14.176444563545772,,,3.8514820920647956,0.025023147463798523,0.9850533089916239,3.8514820920647956,,-0.0,2.259365973874069,858.9821466445923,1772.0555704432215,14.176444563545772,0.01741235698578384,0.007827885627746582,14.176444563545772,0.005,22.359751555013208,0.06622938766355885,0.06599607691168785,0.07425289526581764,0.09831608086824417,0.853431924952446,0.7188876690039683,1.7629279532642463,,,,,,,,,,,,,,,,,,1,update_snr,bayesian,0.1,20,101770,10177,0.1,0.2951150290390434,0.1558510711807193,0.14633915334710473,0.2951142315786718,0.1558510711807193,0.14633915334710473,0.2951142315786718,0.33138476335472505,0.324932718881783,0.37084022272347866,0.1363473276058298,0.13042698243737968,0.25631630514856896,0.33138476335472505,0.324932718881783,0.37084022272347866,0.1363473276058298,0.13042698243737968,0.25631630514856896,2.10985936338792,3.222174385755704,0.5478045367872437,0.836606352758162,0.5478045367872437,814160,203540,81416,122124,0.75,,,,,,,,,0.0061681340962417355,125
bayesfl_observability_v1,vi_sparse_bayesian_keep010_seed42,29,vi,283,22,9,,5,256,704.2689646720886,0.15280208322736952,190.06590161849826,190.06590161849826,,,3.784107561436635,0.025053780525922775,0.9855852059469736,3.784107561436635,,-0.0,2.185987945410232,704.2689646720886,1710.5931145664842,190.06590161849826,0.016808422074938434,0.15280208322736952,190.06590161849826,0.005,22.36733671490022,0.06623363158015584,0.06601108238101006,0.07424969077110291,0.09636855125427246,0.8536437639738087,0.7202591027917573,1.7640344458744057,,,,,,,,,,,,,,,,,,1,update_snr,bayesian,0.1,20,101770,10177,0.1,0.2924054084714274,0.1523792542773706,0.1413525434873619,0.292389780012633,0.1523792542773706,0.1413525434873619,0.292389780012633,0.3289130106272061,0.3221963689423215,0.3696419720702833,0.1327643924607222,0.12595962479269648,0.2522469867167623,0.3289130106272061,0.3221963689423215,0.3696419720702833,0.1327643924607222,0.12595962479269648,0.2522469867167623,2.100145490354829,3.147834010214676,0.5549909605522708,0.8318563780516857,0.5549909605522708,814160,203540,81416,122124,0.75,,,,,,,,,0.006167603309256351,9
bayesfl_observability_v1,vi_sparse_bayesian_keep010_seed42,30,vi,119,9,1,,5,256,686.8603786468506,0.002795361913740635,1698.1002909505928,1698.1002909505928,,,3.787977798425761,0.025091908872127533,0.9866613099502756,3.787977798425761,,-0.0,2.3163460082440825,686.8603786468506,1698.1002909505928,1698.1002909505928,0.016685666610500076,0.002795361913740635,1698.1002909505928,0.005,23.269579829121337,0.06656142195220534,0.06633690372109413,0.07464428916573525,0.0999525785446167,0.8836462185674078,0.7466940689105235,1.820765907207776,,,,,,,,,,,,,,,,,,1,update_snr,bayesian,0.1,20,101770,10177,0.1,0.2910813487741834,0.15183378798739186,0.14147079981760746,0.2910798599097412,0.15183378798739186,0.14147079981760746,0.2910798599097412,0.32761074788254885,0.3210643526298876,0.3684781350575847,0.13230301466570776,0.126042241195304,0.25057150823030805,0.32761074788254885,0.3210643526298876,0.3684781350575847,0.13230301466570776,0.126042241195304,0.25057150823030805,2.101644983838327,3.1514860246038996,0.5548197734188796,0.8319705637962345,0.5548197734188796,814160,203540,81416,122124,0.75,,,,,,,,,0.006228374849603341,1
bayesfl_observability_v1,vi_sparse_bayesian_keep010_seed42,30,vi,217,17,1,,5,256,663.8935975670814,0.6387952566146851,1708.538560556482,1708.538560556482,,,3.7979048216594675,0.02506442368030548,0.9865819682302254,3.7979048216594675,,-0.0,2.311121424016332,663.8935975670814,1708.538560556482,1708.538560556482,0.016788233866134244,0.6387952566146851,1708.538560556482,0.005,23.261950878425374,0.06656651608320131,0.0663449764251709,0.07464868947863579,0.100631482899189,0.8838180923708626,0.7457196597354558,1.8212445903047618,,,,,,,,,,,,,,,,,,1,update_snr,bayesian,0.1,20,101770,10177,0.1,0.2914046594263224,0.15230556732625683,0.141694829592883,0.29139910012636555,0.15230556732625683,0.141694829592883,0.29139910012636555,0.328456710712716,0.32202200823003085,0.3694066169554784,0.13273321806109473,0.1258360651860231,0.25196480217779904,0.328456710712716,0.32202200823003085,0.3694066169554784,0.13273321806109473,0.1258360651860231,0.25196480217779904,2.10319383251105,3.162381497743706,0.5537773933976772,0.8326647576075711,0.5537773933976772,814160,203540,81416,122124,0.75,,,,,,,,,0.006228455046440611,1
bayesfl_observability_v1,vi_sparse_bayesian_keep010_seed42,30,vi,170,13,1,,5,256,689.9373722553253,2.9510786533355713,1710.3844013223315,1710.3844013223315,,,3.8007417716621514,0.025050461292266846,0.9865637171467267,3.8007417716621514,,-0.0,2.3096097079310103,689.9373722553253,1710.3844013223315,1710.3844013223315,0.016806371242235742,2.9510786533355713,1710.3844013223315,0.005,23.263625353914357,0.06656028565751103,0.0663420781493187,0.07463204860687256,0.10027198493480682,0.8838994987568217,0.7452420411289864,1.826053831427655,,,,,,,,,,,,,,,,,,1,update_snr,bayesian,0.1,20,101770,10177,0.1,0.2913557303807373,0.15263335674578038,0.14228939287754,0.29133600288396144,0.15263335674578038,0.14228939287754,0.29133600288396144,0.32813137648052937,0.3214299135636681,0.3683482195446452,0.13313357677525275,0.12680697882289796,0.2515870745482207,0.32813137648052937,0.3214299135636681,0.3683482195446452,0.13313357677525275,0.12680697882289796,0.2515870745482207,2.1022308358851394,3.166427565492575,0.5531106721217174,0.8331077867749547,0.5531106721217174,814160,203540,81416,122124,0.75,,,,,,,,,0.006225917260205707,1
bayesfl_observability_v1,vi_sparse_bayesian_keep010_seed42,30,vi,77,6,30,,5,256,734.253473854065,0.47255242665608727,56.71322058303552,56.71322058303552,,,3.7904789456735615,0.025037601590156555,0.9866320878101079,3.7904789456735615,,0.8599672810355049,1.5113567186299608,734.253473854065,1701.3966174910656,56.71322058303552,0.016718056573558668,0.47255242665608727,56.71322058303552,0.005,23.259646881614874,0.06655810061482376,0.06633958965539932,0.07462666779756547,0.0986943170428276,0.8837635830229879,0.7456843297772482,1.8245447173292728,,,,,,,,,,,,,,,,,,1,update_snr,bayesian,0.1,20,101770,10177,0.1,0.2919170942591093,0.15205684702916877,0.14089605912834358,0.29190614926442293,0.15205684702916877,0.14089605912834358,0.29190614926442293,0.32812286773667715,0.3217667033843537,0.3685071831752068,0.13249395583944557,0.1258849402898633,0.2512776551246629,0.32812286773667715,0.3217667033843537,0.3685071831752068,0.13249395583944557,0.1258849402898633,0.2512776551246629,2.100507463601526,3.1552494406859273,0.5541535762912065,0.8324144483871404,0.5541535762912065,814160,203540,81416,122124,0.75,,,,,,,,,0.006226949058672924,30
bayesfl_observability_v1,vi_sparse_bayesian_keep010_seed42,30,vi,132,10,1,,5,256,683.8880967020989,1.5367956161499023,1696.8789796576982,1696.8789796576982,,,3.787115011696769,0.025106092914938927,0.9866402357951521,3.787115011696769,,-0.0,2.311121424016332,683.8880967020989,1696.8789796576982,1696.8789796576982,0.016673665909970506,1.5367956161499023,1696.8789796576982,0.005,23.2457746072325,0.06656426940981942,0.06634119525551796,0.0746504470705986,0.09939616918563843,0.8833058231742985,0.7444446435784203,1.8210994252571193,,,,,,,,,,,,,,,,,,1,update_snr,bayesian,0.1,20,101770,10177,0.1,0.2915370843247855,0.15176573075339964,0.14121847386521144,0.29153594760359447,0.15176573075339964,0.14121847386521144,0.29153594760359447,0.3275789950091518,0.3211227560301884,0.3674756244886255,0.13223092361387162,0.12534485687350366,0.25077179974271235,0.3275789950091518,0.3211227560301884,0.3674756244886255,0.13223092361387162,0.12534485687350366,0.25077179974271235,2.100338912393456,3.151319813174301,0.5546013009656198,0.8321162160222835,0.5546013009656198,814160,203540,81416,122124,0.75,,,,,,,,,0.006234981544155608,1
bayesfl_observability_v1,vi_sparse_bayesian_keep010_seed42,30,vi,270,21,1,,5,256,691.8140767812729,0.15752911567687988,1699.6681767126815,1699.6681767126815,,,3.7879578668526426,0.025052063167095184,0.9866625495246836,3.7879578668526426,,-0.0,2.185987945410232,691.8140767812729,1699.6681767126815,1699.6681767126815,0.016701072778939584,0.15752911567687988,1699.6681767126815,0.005,23.270522927653165,0.06656037831679536,0.06634100526571274,0.0746400810778141,0.10045463591814041,0.8840383430088613,0.7455238979701885,1.8218246227606907,,,,,,,,,,,,,,,,,,1,update_snr,bayesian,0.1,20,101770,10177,0.1,0.2912601433409618,0.15195298912444066,0.14076507349719364,0.2912585468129244,0.15195298912444066,0.14076507349719364,0.2912585468129244,0.32781209972146025,0.32082345828843967,0.3686363933442807,0.13241308794699402,0.12523743847711127,0.2512534414785968,0.32781209972146025,0.32082345828843967,0.3686363933442807,0.13241308794699402,0.12523743847711127,0.2512534414785968,2.1005785755837585,3.152172972545978,0.5545411668818528,0.8321562919508055,0.5545411668818528,814160,203540,81416,122124,0.75,,,,,,,,,0.006228898916276036,1
bayesfl_observability_v1,vi_sparse_bayesian_keep010_seed42,30,vi,9,0,1,,5,256,683.415478849411,2.6766200065612793,1705.0345124237585,1705.0345124237585,,,3.793780067957884,0.025087207555770874,0.9866217290188459,3.793780067957884,,-0.0,2.3292713582565514,683.415478849411,1705.0345124237585,1705.0345124237585,0.01675380281442231,2.6766200065612793,1705.0345124237585,0.005,23.270950539749922,0.06656501922674804,0.06634289398789406,0.0746708370745182,0.100187286734581,0.8839825094674644,0.7447804937213677,1.8254321423315534,,,,,,,,,,,,,,,,,,1,update_snr,bayesian,0.1,20,101770,10177,0.1,0.2919871731882856,0.15209403604250057,0.14110716111574895,0.29198219978656986,0.15209403604250057,0.14110716111574895,0.29198219978656986,0.32871941486222767,0.3219088920032397,0.37023947607225344,0.13246899395141978,0.1257597129911649,0.2515773417570285,0.32871941486222767,0.3219088920032397,0.37023947607225344,0.13246899395141978,0.1257597129911649,0.2515773417570285,2.1049293760359022,3.1562698753331673,0.5548369537322556,0.8319591064307859,0.5548369537322556,814160,203540,81416,122124,0.75,,,,,,,,,0.006231466463890604,1
bayesfl_observability_v1,vi_sparse_bayesian_keep010_seed42,30,vi,258,20,11,,5,256,694.364897108078,0.3039212226867676,154.93767804444215,154.93767804444215,,,3.794984458779519,0.02499626949429512,0.9865972052580578,3.794984458779519,,-0.0,2.259365973874069,694.364897108078,1704.3144584888637,154.93767804444215,0.01674672750799709,0.3039212226867676,154.93767804444215,0.005,23.25713666998666,0.06655871318630348,0.06634150072932243,0.07464267536997796,0.0994950383901596,0.8838896372642067,0.7439620451496369,1.8240834535498087,,,,,,,,,,,,,,,,,,1,update_snr,bayesian,0.1,20,101770,10177,0.1,0.2911892955185498,0.15225294022565278,0.14173096182512157,0.2911864209666353,0.15225294022565278,0.14173096182512157,0.2911864209666353,0.328400348749294,0.32178265997530303,0.3693796095512879,0.1326810059452482,0.12638846206651014,0.25095466362508145,0.328400348749294,0.32178265997530303,0.3693796095512879,0.1326810059452482,0.12638846206651014,0.25095466362508145,2.102040817437857,3.159641030908935,0.5538997169210756,0.8325833913757548,0.5538997169210756,814160,203540,81416,122124,0.75,,,,,,,,,0.006229942877142638,11
bayesfl_observability_v1,vi_sparse_bayesian_keep010_seed42,30,vi,108,8,1,,5,256,664.7371115684509,0.014140177518129349,1710.2280350609417,1710.2280350609417,,,3.798827916909996,0.024968769401311874,0.9865917752883843,3.798827916909996,,-0.0,2.3163460082440825,664.7371115684509,1710.2280350609417,1710.2280350609417,0.01680483477509032,0.014140177518129349,1710.2280350609417,0.005,23.27599472404275,0.06656129066356041,0.06634486094117165,0.07464951202273369,0.0988522469997406,0.8840816249929389,0.7463928412953797,1.824651271085813,,,,,,,,,,,,,,,,,,1,update_snr,bayesian,0.1,20,101770,10177,0.1,0.2924376354216964,0.15240336604414667,0.1418339055335618,0.29243436483206925,0.15240336604414667,0.1418339055335618,0.29243436483206925,0.329089742522551,0.32244562348799194,0.36955988724822497,0.13277154643543507,0.1263124345853841,0.2518379015758321,0.329089742522551,0.32244562348799194,0.36955988724822497,0.13277154643543507,0.1263124345853841,0.2518379015758321,2.1038371852526505,3.1630622251613962,0.5538121839864577,0.8326416185059159,0.5538121839864577,814160,203540,81416,122124,0.75,,,,,,,,,0.006231840162858402,1
bayesfl_observability_v1,vi_sparse_bayesian_keep010_seed42,30,vi,109,8,1,,5,256,663.2870315313339,3.280749797821045,1710.111599886719,1710.111599886719,,,3.801082412370148,0.02503901720046997,0.9865470343076614,3.801082412370148,,-0.0,2.28098669344155,663.2870315313339,1710.111599886719,1710.111599886719,0.016803690673938478,3.280749797821045,1710.111599886719,0.005,23.25118435176798,0.06656068031037997,0.06634516641497612,0.07464472725987434,0.09816256165504456,0.8828594417524687,0.7454935276632491,1.8247783232271617,,,,,,,,,,,,,,,,,,1,update_snr,bayesian,0.1,20,101770,10177,0.1,0.2915636501732507,0.15246023268522982,0.14193252711036358,0.29155005989564,0.15246023268522982,0.14193252711036358,0.29155005989564,0.32877215656395753,0.3222603439911633,0.370183378299513,0.13287001892092673,0.1265386804103524,0.2518498668902005,0.32877215656395753,0.3222603439911633,0.370183378299513,0.13287001892092673,0.1265386804103524,0.2518498668902005,2.104189306636752,3.1655354787879455,0.5535763444088796,0.8327984335425367,0.5535763444088796,814160,203540,81416,122124,0.75,,,,,,,,,0.006231462609362147,1
bayesfl_observability_v1,vi_sparse_bayesian_keep010_seed42,30,vi,26,2,1,,5,256,696.1336571693421,2.714934825897217,1696.1819695411577,1696.1819695411577,,,3.7844560771056437,0.025062596425414085,0.9866751981986311,3.7844560771056437,,-0.0,2.3277319754160017,696.1336571693421,1696.1819695411577,1696.1819695411577,0.016666817033911346,2.714934825897217,1696.1819695411577,0.005,23.259982979075613,0.06656130451265746,0.06634660810232162,0.07465794831514358,0.10018866509199142,0.8836578229920685,0.7465305166583347,1.823515101942602,,,,,,,,,,,,,,,,,,1,update_snr,bayesian,0.1,20,101770,10177,0.1,0.29105330304910293,0.15180510648143478,0.14094671620435517,0.2910393964912056,0.15180510648143478,0.14094671620435517,0.2910393964912056,0.32791732605890883,0.3215555421572696,0.3682398864684202,0.13223708208393764,0.12562023055668448,0.2506558436790743,0.32791732605890883,0.3215555421572696,0.3682398864684202,0.13223708208393764,0.12562023055668448,0.2506558436790743,2.09822312766465,3.1495344903771136,0.554431887942368,0.8322291040528818,0.554431887942368,814160,203540,81416,122124,0.75,,,,,,,,,0.006230607164732309,1
bayesfl_observability_v1,vi_sparse_bayesian_keep010_seed42,30,vi,289,23,4615,,5,256,2270.4480614106906,0.11059323587693992,0.46834650455677895,0.46834650455677895,,,4.1422644419096954,0.08674786984920502,0.9840923460017665,4.1422644419096954,,0.8496433488150035,1.4144019597737127,2270.4480614106906,2161.419118529535,0.46834650455677895,0.021238273740095657,0.11059323587693992,0.46834650455677895,0.005,23.31593011453028,0.06709578074020699,0.06682020053267479,0.07586888819932938,0.1033385694026947,0.8797056956905221,0.7394904348527647,1.8150969252184133,,,,,,,,,,,,,,,,,,1,update_snr,bayesian,0.1,20,101770,10177,0.1,0.3185323059831707,0.15478874127940706,0.13059532747038013,0.31852418250096015,0.15478874127940706,0.13059532747038013,0.31852418250096015,0.40246196779883764,0.38072785575608514,0.505458179666441,0.1272694938883592,0.11585121121508625,0.2535329964066092,0.40246196779883764,0.38072785575608514,0.505458179666441,0.1272694938883592,0.11585121121508625,0.2535329964066092,2.734791409439239,3.1111526246018246,0.6602165187161316,0.7510753280559508,0.6602165187161316,814160,203540,81416,122124,0.75,,,,,,,,,0.0067659187707710565,4615
bayesfl_observability_v1,vi_sparse_bayesian_keep010_seed42,30,vi,284,22,369,,5,256,1620.1452039003373,0.008957422199611095,7.422818911485048,7.422818911485048,,,4.807702594760151,0.04646603763103485,0.9787980947681949,4.807702594760151,,-0.0,2.3096097079310103,1620.1452039003373,2739.0201783379825,7.422818911485048,0.026913827044688834,0.008957422199611095,7.422818911485048,0.005,23.471761604855253,0.06678109003273575,0.06656089425086975,0.07501201629638672,0.10084709525108337,0.8883979560233075,0.7471563274008792,1.8342337215902342,,,,,,,,,,,,,,,,,,1,update_snr,bayesian,0.1,20,101770,10177,0.1,0.37328952038204105,0.18655884770616663,0.16480058054499414,0.37327880499724414,0.18655884770616663,0.16480058054499414,0.37327880499724414,0.4487370027230369,0.4334142459341632,0.5377022397722881,0.15742794159318105,0.1460553745762641,0.3066061247471151,0.4487370027230369,0.4334142459341632,0.5377022397722881,0.15742794159318105,0.1460553745762641,0.3066061247471151,2.9571798987605757,3.790658423813736,0.6150921028234079,0.788455265087554,0.6150921028234079,814160,203540,81416,122124,0.75,,,,,,,,,0.006318793478092663,369
bayesfl_observability_v1,vi_sparse_bayesian_keep010_seed42,30,vi,237,19,1,,5,256,703.581066519022,0.2608247995376587,1697.7571197438306,1697.7571197438306,,,3.785795149730422,0.02509465627372265,0.9866785062651379,3.785795149730422,,-0.0,2.3163460082440825,703.581066519022,1697.7571197438306,1697.7571197438306,0.016682294583313655,0.2608247995376587,1697.7571197438306,0.005,23.2710587139336,0.06656445156970649,0.06634986400604248,0.07463504895567895,0.10159575939178467,0.8831635315813415,0.743472549751954,1.8216706982311328,,,,,,,,,,,,,,,,,,1,update_snr,bayesian,0.1,20,101770,10177,0.1,0.2905222288283284,0.15191432892819978,0.1414206720289201,0.2905191210735823,0.15191432892819978,0.1414206720289201,0.2905191210735823,0.3275489417042518,0.3206184032054789,0.3684906141311106,0.13239937195308288,0.12621018149046156,0.25093316703587354,0.3275489417042518,0.3206184032054789,0.3684906141311106,0.13239937195308288,0.12621018149046156,0.25093316703587354,2.097601789966371,3.151557019387764,0.5540716565490176,0.8324689780460465,0.5540716565490176,814160,203540,81416,122124,0.75,,,,,,,,,0.006230646782344808,1
bayesfl_observability_v1,vi_sparse_bayesian_keep010_seed42,30,vi,242,19,1,,5,256,679.4861158132553,0.35111066699028015,1695.9725980624428,1695.9725980624428,,,3.783430049774638,0.025035858154296875,0.9866884024754023,3.783430049774638,,-0.0,2.185987945410232,679.4861158132553,1695.9725980624428,1695.9725980624428,0.016664759733344234,0.35111066699028015,1695.9725980624428,0.005,23.265142570662995,0.06656743605116285,0.06633653119206429,0.07463008239865303,0.0975937470793724,0.8833160494453903,0.7439197859568901,1.8209350756711036,,,,,,,,,,,,,,,,,,1,update_snr,bayesian,0.1,20,101770,10177,0.1,0.2915207656285115,0.1516413663799568,0.14061179453148204,0.29151743907330663,0.1516413663799568,0.14061179453148204,0.29151743907330663,0.32842706525096044,0.32199709023641554,0.36875413856861533,0.13199851094984527,0.12521745463996511,0.2508435312228425,0.32842706525096044,0.32199709023641554,0.36875413856861533,0.13199851094984527,0.12521745463996511,0.2508435312228425,2.1011753033433287,3.146332036857808,0.5553625349749723,0.8316083541825284,0.5553625349749723,814160,203540,81416,122124,0.75,,,,,,,,,0.00622873526434962,1
bayesfl_observability_v1,vi_sparse_bayesian_keep010_seed42,31,vi,1,0,3,,5,256,697.8753396987915,2.756643613179525,561.3871001732518,561.3871001732518,,,3.7871871182359675,0.025085382163524628,0.987507148733222,3.7871871182359675,,-0.0,2.3277319754160017,697.8753396987915,1684.1613005197555,561.3871001732518,0.016548700997541077,2.756643613179525,561.3871001732518,0.005,24.033890129687123,0.06683596783447848,0.06665357947349548,0.07496391758322717,0.09940078854560852,0.9091129416576799,0.7651537612341583,1.875021136981874,,,,,,,,,,,,,,,,,,1,update_snr,bayesian,0.1,20,101770,10177,0.1,0.2898262783694845,0.1510702372495143,0.14051441507804402,0.28981955171258933,0.1510702372495143,0.14051441507804402,0.28981955171258933,0.32662069688180223,0.32028364252421093,0.36702109518540843,0.1315646306237045,0.1252480874993269,0.2500748972401542,0.32662069688180223,0.32028364252421093,0.36702109518540843,0.1315646306237045,0.1252480874993269,0.2500748972401542,2.1016547560051575,3.1505290912945676,0.5549381877344594,0.8318915841586543,0.5549381877344594,814160,203540,81416,122124,0.75,,,,,,,,,0.0062809518184747445,3
bayesfl_observability_v1,vi_sparse_bayesian_keep010_seed42,31,vi,134,10,1,,5,256,658.3472858428955,1.311301275563892e-06,1701.8415857768819,1701.8415857768819,,,3.806131178734025,0.025048956274986267,0.9873497767484217,3.806131178734025,,-0.0,2.3096097079310103,658.3472858428955,1701.8415857768819,1701.8415857768819,0.016722428866825997,1.311301275563892e-06,1701.8415857768819,0.005,24.004679821027704,0.06683522861601357,0.06663388013839722,0.07497689500451088,0.10158241540193558,0.9080082459447546,0.7636336419479515,1.876176514560696,,,,,,,,,,,,,,,,,,1,update_snr,bayesian,0.1,20,101770,10177,0.1,0.29073425509737655,0.15232095430081752,0.14246030267157223,0.29073344660661116,0.15232095430081752,0.14246030267157223,0.29073344660661116,0.3272245545208018,0.32055842167402476,0.3677532672201518,0.13288722094304148,0.12710311357657048,0.2508611502993274,0.3272245545208018,0.32055842167402476,0.3677532672201518,0.13288722094304148,0.12710311357657048,0.2508611502993274,2.1019561535164115,3.1730765635934106,0.5522553098696805,0.8336750402409469,0.5522553098696805,814160,203540,81416,122124,0.75,,,,,,,,,0.006276147059503319,1
bayesfl_observability_v1,vi_sparse_bayesian_keep010_seed42,31,vi,136,10,1,,5,256,680.5699974060059,0.04767051339149475,1691.438592669014,1691.438592669014,,,3.794820037303698,0.025082910433411598,0.9874230007854409,3.794820037303698,,-0.0,2.3155014849272724,680.5699974060059,1691.438592669014,1691.438592669014,0.016620208240827494,0.04767051339149475,1691.438592669014,0.005,24.002461480490613,0.06683788204416845,0.06664883345365524,0.07498749643564225,0.10143711417913437,0.9078679501545716,0.7622219003779889,1.874937111928097,,,,,,,,,,,,,,,,,,1,update_snr,bayesian,0.1,20,101770,10177,0.1,0.2904427614264683,0.15151496663640243,0.140911626041189,0.29043887934797114,0.15151496663640243,0.140911626041189,0.29043887934797114,0.32691389522085923,0.320182500711801,0.36828100819097076,0.132026196793685,0.1253283858256367,0.2503141491394747,0.32691389522085923,0.320182500711801,0.36828100819097076,0.132026196793685,0.1253283858256367,0.2503141491394747,2.099796892605903,3.160935324445006,0.5533324036356291,0.8329605339311212,0.5533324036356291,814160,203540,81416,122124,0.75,,,,,,,,,0.0062811895873288335,1
bayesfl_observability_v1,vi_sparse_bayesian_keep010_seed42,31,vi,64,5,1,,5,256,689.896458530426,0.06545323133468628,1684.3808056687105,1684.3808056687105,,,3.7879914208346808,0.02506455034017563,0.9874807080177093,3.7879914208346808,,-0.0,2.185987945410232,689.896458530426,1684.3808056687105,1684.3808056687105,0.016550857872346572,0.06545323133468628,1684.3808056687105,0.005,24.014169196922126,0.06684325019817719,0.06665071099996567,0.07498216852545739,0.09905168414115906,0.9083493089064514,0.764540996405441,1.8754268668885297,,,,,,,,,,,,,,,,,,1,update_snr,bayesian,0.1,20,101770,10177,0.1,0.289899422904702,0.15119355433100368,0.14046544984251313,0.2898962545091195,0.15119355433100368,0.14046544984251313,0.2898962545091195,0.32633004557947326,0.32010735862278217,0.36632175244319026,0.1317339441922848,0.12527049222066422,0.24994301694454024,0.32633004557947326,0.32010735862278217,0.36632175244319026,0.1317339441922848,0.12527049222066422,0.24994301694454024,2.103174156339286,3.150482101587579,0.5552214677075096,0.8317025440605071,0.5552214677075096,814160,203540,81416,122124,0.75,,,,,,,,,0.006285877156821492,1
bayesfl_observability_v1,vi_sparse_bayesian_keep010_seed42,31,vi,74,5,1,,5,256,665.1180455207825,1.5616295058862306e-05,1689.2046248136523,1689.2046248136523,,,3.791287662174536,0.025053661316633224,0.9874553295440301,3.791287662174536,,-0.0,2.259365973874069,665.1180455207825,1689.2046248136523,1689.2046248136523,0.016598257097510585,1.5616295058862306e-05,1689.2046248136523,0.005,24.01089684280841,0.06684011789597918,0.06664593890309334,0.07497970089316368,0.10016173869371414,0.9088953232614141,0.7662295603400859,1.8723166321162887,,,,,,,,,,,,,,,,,,1,update_snr,bayesian,0.1,20,101770,10177,0.1,0.29014008385261325,0.15146643928506567,0.14093276302413035,0.29013920008980726,0.15146643928506567,0.14093276302413035,0.29013920008980726,0.3268715606478552,0.3202288560594485,0.3686869421120502,0.13197698135586683,0.1254548466411525,0.2503431416739966,0.3268715606478552,0.3202288560594485,0.3686869421120502,0.13197698135586683,0.1254548466411525,0.2503431416739966,2.1012835853419327,3.155704268674336,0.5542400821510647,0.8323568533610942,0.5542400821510647,814160,203540,81416,122124,0.75,,,,,,,,,0.006279811609847328,1
bayesfl_observability_v1,vi_sparse_bayesian_keep010_seed42,31,vi,34,2,1824,,5,256,2366.727942109108,0.05159734790785271,1.184298552998264,1.184298552998264,,,4.199862917667486,0.05910031124949455,0.9846565954940378,4.199862917667486,,-0.0,2.3163460082440825,2366.727942109108,2160.1605606688336,1.184298552998264,0.021225907051870233,0.05159734790785271,1.184298552998264,0.005,24.067414111773594,0.06743971963919215,0.06717680022120476,0.07612173855304719,0.10504524409770966,0.903539690259758,0.7601799627733173,1.862900129907219,,,,,,,,,,,,,,,,,,1,update_snr,bayesian,0.1,20,101770,10177,0.1,0.32261268608155,0.15622771066928412,0.13191977351590428,0.32260795372273726,0.15622771066928412,0.13191977351590428,0.32260795372273726,0.4050411341129082,0.38409168021708123,0.5057238706375977,0.12858177473110363,0.11702736352012282,0.2566596820268782,0.4050411341129082,0.38409168021708123,0.5057238706375977,0.12858177473110363,0.11702736352012282,0.2566596820268782,2.7629625638395434,3.163050173174578,0.657869701464931,0.7531317652937273,0.657869701464931,814160,203540,81416,122124,0.75,,,,,,,,,0.006679512420445177,1824
bayesfl_observability_v1,vi_sparse_bayesian_keep010_seed42,31,vi,223,17,1,,5,256,688.4733324289322,2.112684488296509,1688.2639463159862,1688.2639463159862,,,3.7911491213471655,0.02501797489821911,0.9874320370699328,3.7911491213471655,,-0.0,2.311121424016332,688.4733324289322,1688.2639463159862,1688.2639463159862,0.016589013916831936,2.112684488296509,1688.2639463159862,0.005,23.987364128794084,0.06684017957045338,0.06664659082889557,0.07496936395764352,0.09949880838394165,0.9072525172248651,0.7643240487984044,1.8752288678158657,,,,,,,,,,,,,,,,,,1,update_snr,bayesian,0.1,20,101770,10177,0.1,0.28984278382555745,0.15145457947150973,0.140844236331583,0.289841794380718,0.15145457947150973,0.140844236331583,0.289841794380718,0.3264267562023862,0.31978293044461714,0.3667423939756907,0.1320132265014123,0.12538133974680665,0.25008484492720573,0.3264267562023862,0.31978293044461714,0.3667423939756907,0.1320132265014123,0.12538133974680665,0.25008484492720573,2.1011637679267055,3.1556176068471062,0.5542287313615529,0.8323644113808358,0.5542287313615529,814160,203540,81416,122124,0.75,,,,,,,,,0.006285104976924501,1
bayesfl_observability_v1,vi_sparse_bayesian_keep010_seed42,31,vi,56,4,308,,5,256,1588.2863883078098,0.001039572035917988,8.903103256894857,8.903103256894857,,,4.833161514628966,0.04760386049747467,0.9798067867859045,4.833161514628966,,-0.0,2.3292713582565514,1588.2863883078098,2742.155803123616,8.903103256894857,0.02694463793970341,0.001039572035917988,8.903103256894857,0.005,24.171863782920884,0.06706201376976738,0.06685653701424599,0.07530491799116135,0.10352744907140732,0.9118236187481599,0.7660633286761946,1.879585930075714,,,,,,,,,,,,,,,,,,1,update_snr,bayesian,0.1,20,101770,10177,0.1,0.37401696618016567,0.18665316682382682,0.16504684872017616,0.3740125695457795,0.18665316682382682,0.16504684872017616,0.3740125695457795,0.4490100780630279,0.43354283877557276,0.5365289841603398,0.15750239890836007,0.14679188816464125,0.3068323945909391,0.4490100780630279,0.43354283877557276,0.5365289841603398,0.15750239890836007,0.14679188816464125,0.3068323945909391,2.971373990543846,3.811874451606487,0.6147888874704726,0.7886917166059406,0.6147888874704726,814160,203540,81416,122124,0.75,,,,,,,,,0.006376420546685889,308
bayesfl_observability_v1,vi_sparse_bayesian_keep010_seed42,31,vi,110,8,1,,5,256,677.9253297805786,9.894321920000948e-06,1687.2777890778523,1687.2777890778523,,,3.7896219160735622,0.025054892525076866,0.9874829457300555,3.7896219160735622,,-0.0,2.3096097079310103,677.9253297805786,1687.2777890778523,1687.2777890778523,0.016579323858483368,9.894321920000948e-06,1687.2777890778523,0.005,24.02646958021587,0.06683668587373279,0.06663940101861954,0.07498616129159928,0.10115175694227219,0.9090797278897536,0.7642087973175994,1.874821047013659,,,,,,,,,,,,,,,,,,1,update_snr,bayesian,0.1,20,101770,10177,0.1,0.2900413760855959,0.15140132630192296,0.14067042201753277,0.2900362623938451,0.15140132630192296,0.14067042201753277,0.2900362623938451,0.32697622318609015,0.3200378659543516,0.3675622305590797,0.13189300442590438,0.1251245794811002,0.24999842769046823,0.32697622318609015,0.3200378659543516,0.3675622305590797,0.13189300442590438,0.1251245794811002,0.24999842769046823,2.1029970472660775,3.1525604967986314,0.5549358468575141,0.8318931457059463,0.5549358468575141,814160,203540,81416,122124,0.75,,,,,,,,,0.006280472295803496,1
bayesfl_observability_v1,vi_sparse_bayesian_keep010_seed42,31,vi,177,14,1,,5,256,659.5027089476586,0.13859495520591736,1697.7507532145114,1697.7507532145114,,,3.8038637335283685,0.025067798793315887,0.9873707003831899,3.8038637335283685,,-0.0,2.259365973874069,659.5027089476586,1697.7507532145114,1697.7507532145114,0.01668223202529735,0.13859495520591736,1697.7507532145114,0.005,24.01018982241843,0.06683610638548111,0.06664730608463287,0.07497542575001717,0.10025335848331451,0.9081792627609567,0.7645902634983881,1.8735532391617762,,,,,,,,,,,,,,,,,,1,update_snr,bayesian,0.1,20,101770,10177,0.1,0.29072399469323085,0.15198312503567266,0.14121269532092745,0.29070758391089174,0.15198312503567266,0.14121269532092745,0.29070758391089174,0.32690474961625426,0.32032391314080183,0.36722983714780716,0.13254738897116364,0.12624418113954147,0.25106692706330364,0.32690474961625426,0.32032391314080183,0.36722983714780716,0.13254738897116364,0.12624418113954147,0.25106692706330364,2.1025800064742746,3.169942683965601,0.5527485088231523,0.8333481181317822,0.5527485088231523,814160,203540,81416,122124,0.75,,,,,,,,,0.006280878593439583,1
bayesfl_observability_v1,vi_sparse_bayesian_keep010_seed42,31,vi,178,14,1,,5,256,690.2867122650147,4.938338279724121,1684.5072058524665,1684.5072058524665,,,3.788241120616313,0.025026336312294006,0.9874693000384686,3.788241120616313,,-0.0,2.28098669344155,690.2867122650147,1684.5072058524665,1684.5072058524665,0.01655209989046346,4.938338279724121,1684.5072058524665,0.005,24.004846829109546,0.06683776022479637,0.06664654612541199,0.07495264038443565,0.10111366957426071,0.9083034619135296,0.7670542343172457,1.8721097019503363,,,,,,,,,,,,,,,,,,1,update_snr,bayesian,0.1,20,101770,10177,0.1,0.28950760252951574,0.15132475858910457,0.14095559926251244,0.2895074143141896,0.15132475858910457,0.14095559926251244,0.2895074143141896,0.32578951629366637,0.3189369146695161,0.36702458370703733,0.13193978551081995,0.125056993771998,0.24973839037463713,0.32578951629366637,0.3189369146695161,0.36702458370703733,0.13193978551081995,0.125056993771998,0.24973839037463713,2.096928749513493,3.154942251039174,0.5535362408959706,0.8328250896885605,0.5535362408959706,814160,203540,81416,122124,0.75,,,,,,,,,0.006278892284121238,1
bayesfl_observability_v1,vi_sparse_bayesian_keep010_seed42,31,vi,46,3,2,,5,256,653.5486177384853,1.1365418434143066,845.1209968135998,845.1209968135998,,,3.792247647831599,0.02502441592514515,0.9874537996444346,3.792247647831599,,-0.0,2.4040642619438994,653.5486177384853,1690.2419936271997,845.1209968135998,0.016608450364814776,1.1365418434143066,845.1209968135998,0.005,24.015516528204696,0.06683972908958677,0.06664157286286354,0.07500494346022606,0.10099993646144867,0.9088638828087813,0.7648912256453526,1.875759081929674,,,,,,,,,,,,,,,,,,1,update_snr,bayesian,0.1,20,101770,10177,0.1,0.2905763233324365,0.151423304065796,0.14051045567323092,0.29057248652099865,0.151423304065796,0.14051045567323092,0.29057248652099865,0.32736715863906096,0.32061042220236885,0.36839349755381373,0.13187398689098878,0.12523359232874093,0.25059366701597,0.32736715863906096,0.32061042220236885,0.36839349755381373,0.13187398689098878,0.12523359232874093,0.25059366701597,2.1045605911809444,3.1546738247451875,0.5549639123342403,0.8318744232194395,0.5549639123342403,814160,203540,81416,122124,0.75,,,,,,,,,0.006282530219846093,2
bayesfl_observability_v1,vi_sparse_bayesian_keep010_seed42,31,vi,115,9,1,,5,256,672.2852172851562,0.04258793592453003,1692.0650649401637,1692.0650649401637,,,3.79505033613752,0.025048166513442993,0.9874316493905765,3.79505033613752,,-0.0,2.185987945410232,672.2852172851562,1692.0650649401637,1692.0650649401637,0.01662636400648682,0.04258793592453003,1692.0650649401637,0.005,24.01221839247337,0.06683418594401044,0.06662854924798012,0.0749780334532261,0.10141272842884064,0.909288284048217,0.7669540616478837,1.8733389141471164,,,,,,,,,,,,,,,,,,1,update_snr,bayesian,0.1,20,101770,10177,0.1,0.29076862295542616,0.15145207041419192,0.14060605054787412,0.2907652336239568,0.15145207041419192,0.14060605054787412,0.2907652336239568,0.3272628335793069,0.32076411802782384,0.3681179447297726,0.1319175411736236,0.1251574756761678,0.25101272864591884,0.3272628335793069,0.32076411802782384,0.3681179447297726,0.1319175411736236,0.1251574756761678,0.25101272864591884,2.1028377838691514,3.159189818379041,0.5541001034545835,0.8324500437573544,0.5541001034545835,814160,203540,81416,122124,0.75,,,,,,,,,0.0062866327154905205,1
bayesfl_observability_v1,vi_sparse_bayesian_keep010_seed42,31,vi,119,9,1,,5,256,659.4563514471054,2.4429118633270264,1696.184844092056,1696.184844092056,,,3.799789294577177,0.02506117708981037,0.9874119503591632,3.799789294577177,,-0.0,2.3163460082440825,659.4563514471054,1696.184844092056,1696.184844092056,0.01666684527947387,2.4429118633270264,1696.184844092056,0.005,24.023424858385827,0.06683196887802935,0.06662565469741821,0.07497624307870865,0.09939056634902954,0.9090715400902428,0.7648511834265489,1.880395509192697,,,,,,,,,,,,,,,,,,1,update_snr,bayesian,0.1,20,101770,10177,0.1,0.29067217447497545,0.15175187504097723,0.14116181817475149,0.2906678676005003,0.15175187504097723,0.14116181817475149,0.2906678676005003,0.32748756119178535,0.320666899868006,0.3683959380589231,0.13222568769088744,0.1255921469810157,0.25094714362828247,0.32748756119178535,0.320666899868006,0.3683959380589231,0.13222568769088744,0.1255921469810157,0.25094714362828247,2.1032175780873406,3.16462865158106,0.5535090014304008,0.8328431937258788,0.5535090014304008,814160,203540,81416,122124,0.75,,,,,,,,,0.00628025011640777,1
bayesfl_observability_v1,vi_sparse_bayesian_keep010_seed42,31,vi,253,20,1,,5,256,673.5525382518769,0.0005697772721759975,1680.3062010009235,1680.3062010009235,,,3.7835690630244865,0.025060713291168213,0.9875209648102605,3.7835690630244865,,-0.0,2.259365973874069,673.5525382518769,1680.3062010009235,1680.3062010009235,0.016510820487382564,0.0005697772721759975,1680.3062010009235,0.005,24.024403656922555,0.06684164773682702,0.06665064021945,0.07497486174106598,0.09908703714609146,0.9083355957624066,0.763640762031297,1.8724333441962342,,,,,,,,,,,,,,,,,,1,update_snr,bayesian,0.1,20,101770,10177,0.1,0.28997830184072143,0.15100657644814203,0.13954754676221287,0.289966642616082,0.15100657644814203,0.13954754676221287,0.289966642616082,0.32635766039409975,0.3198428343293737,0.36581620959632644,0.13152312267636895,0.12477033767318609,0.24959944374837614,0.32635766039409975,0.3198428343293737,0.36581620959632644,0.13152312267636895,0.12477033767318609,0.24959944374837614,2.0999568674980695,3.147312505825201,0.5550200967705923,0.8318369384565486,0.5550200967705923,814160,203540,81416,122124,0.75,,,,,,,,,0.006280895735447119,1
bayesfl_observability_v1,vi_sparse_bayesian_keep010_seed42,32,vi,40,3,110,,5,256,716.0000905990601,0.014706609465859152,15.28514220350428,15.28514220350428,,,3.798333040496,0.025057664141058922,0.9880856470036516,3.798333040496,,-0.0,2.3096097079310103,716.0000905990601,1681.365642385471,15.28514220350428,0.016521230641500156,0.014706609465859152,15.28514220350428,0.005,24.679652994387716,0.06712678671498143,0.06695638597011566,0.07529263347387313,0.10473113507032394,0.9298555347547176,0.7832682471745727,1.9173945762217568,,,,,,,,,,,,,,,,,,1,update_snr,bayesian,0.1,20,101770,10177,0.1,0.28944476158133586,0.1510779914067143,0.14037392215205355,0.2894428047282239,0.1510779914067143,0.14037392215205355,0.2894428047282239,0.3259032113714074,0.3193849128340515,0.36682799741258876,0.13165296696619283,0.12501542902790735,0.24952274310043016,0.3259032113714074,0.3193849128340515,0.36682799741258876,0.13165296696619283,0.12501542902790735,0.24952274310043016,2.100209427159754,3.1648782359820573,0.5529292467954576,0.8332282088588988,0.5529292467954576,814160,203540,81416,122124,0.75,,,,,,,,,0.006308871658059773,110
bayesfl_observability_v1,vi_sparse_bayesian_keep010_seed42,32,vi,76,6,70,,5,256,768.3037651062011,0.04286838259015765,24.134704941798123,24.134704941798123,,,3.8080055256185648,0.025042060762643814,0.988025628307868,3.8080055256185648,,-0.0,2.311121424016332,768.3037651062011,1689.4293459258686,24.134704941798123,0.016600465224780078,0.04286838259015765,24.134704941798123,0.005,24.680792305737,0.06712821037418408,0.06695723533630371,0.07530398964881897,0.10590405017137527,0.9301724168930571,0.7851288293646697,1.9142353894988222,,,,,,,,,,,,,,,,,,1,update_snr,bayesian,0.1,20,101770,10177,0.1,0.2891813585200386,0.1517370727554718,0.14143360998681156,0.2891768471264837,0.1517370727554718,0.14143360998681156,0.2891768471264837,0.32552668233451626,0.31910181520018166,0.3661269731024527,0.13242711613557795,0.12619950282276032,0.2501989717748509,0.32552668233451626,0.31910181520018166,0.3661269731024527,0.13242711613557795,0.12619950282276032,0.2501989717748509,2.1022706037729852,3.1751164374954035,0.552066059156124,0.8338003755862838,0.552066059156124,814160,203540,81416,122124,0.75,,,,,,,,,0.006319138867345954,70
bayesfl_observability_v1,vi_sparse_bayesian_keep010_seed42,32,vi,20,1,271,,5,256,1576.9990422606468,0.07477652419588746,9.88447965551547,9.88447965551547,,,4.797305673898692,0.04697326570749283,0.9811748049989131,4.797305673898692,,0.1565717533105691,2.1543325248754965,1576.9990422606468,2678.6939866446924,9.88447965551547,0.026321057154806843,0.07477652419588746,9.88447965551547,0.005,24.840832190437897,0.06735228343160381,0.0671476386487484,0.07567411735653877,0.104407399892807,0.9325418671501968,0.7842252433036945,1.9256138068308528,,,,,,,,,,,,,,,,,,1,update_snr,bayesian,0.1,20,101770,10177,0.1,0.3706563567574913,0.18446832888659817,0.16285222548727235,0.3706540098645913,0.18446832888659817,0.16285222548727235,0.3706540098645913,0.443726274388963,0.4277753070401096,0.5299470217962603,0.15566189049744658,0.14459405552618704,0.3030753154116932,0.443726274388963,0.4277753070401096,0.5299470217962603,0.15566189049744658,0.14459405552618704,0.3030753154116932,2.952499518791033,3.7811226269931377,0.6154495292753744,0.788176298117831,0.6154495292753744,814160,203540,81416,122124,0.75,,,,,,,,,0.006412527014388285,271
bayesfl_observability_v1,vi_sparse_bayesian_keep010_seed42,32,vi,184,14,1,,5,256,656.5392909049988,0.23754341900348663,1680.6467346962668,1680.6467346962668,,,3.7974842359362024,0.025043927133083344,0.9880821818770308,3.7974842359362024,,-0.0,2.3163460082440825,656.5392909049988,1680.6467346962668,1680.6467346962668,0.01651416659817497,0.23754341900348663,1680.6467346962668,0.005,24.670641164063785,0.06712655135280955,0.06693416461348534,0.07531390339136124,0.10749036818742752,0.9300226946443597,0.7857755339604705,1.9118301683961128,,,,,,,,,,,,,,,,,,1,update_snr,bayesian,0.1,20,101770,10177,0.1,0.28980190689651725,0.1510651929628415,0.14031719236316556,0.28980101779023015,0.1510651929628415,0.14031719236316556,0.28980101779023015,0.3263484781823177,0.32001028584051916,0.367513938044489,0.13158927238289966,0.125186667427904,0.24948152919137517,0.3263484781823177,0.32001028584051916,0.367513938044489,0.13158927238289966,0.125186667427904,0.24948152919137517,2.1065245780038517,3.159658324004303,0.5547158189807536,0.8320398789556384,0.5547158189807536,814160,203540,81416,122124,0.75,,,,,,,,,0.0063177349498427775,1
bayesfl_observability_v1,vi_sparse_bayesian_keep010_seed42,32,vi,185,14,41,,5,256,695.6156757354736,0.06618008962491663,40.8609576608466,40.8609576608466,,,3.7932564720180695,0.02503884583711624,0.988102112495778,3.7932564720180695,,-0.0,2.185987945410232,695.6156757354736,1675.2992640947107,40.8609576608466,0.01646162193273765,0.06618008962491663,40.8609576608466,0.005,24.663647958022217,0.06712714997866485,0.066934734582901,0.07530629038810731,0.10672455281019211,0.9292782097131033,0.7824592268523191,1.9141303250593162,,,,,,,,,,,,,,,,,,1,update_snr,bayesian,0.1,20,101770,10177,0.1,0.28892003088204654,0.15075577507747287,0.14034735747296762,0.2889141771181425,0.15075577507747287,0.14034735747296762,0.2889141771181425,0.3255871770348382,0.31912856610006274,0.3655480395891699,0.1313300637488767,0.12473060893484021,0.24940350038941048,0.3255871770348382,0.31912856610006274,0.3655480395891699,0.1313300637488767,0.12473060893484021,0.24940350038941048,2.1030622000004446,3.1568851809079588,0.5544213040995838,0.8322361549226985,0.5544213040995838,814160,203540,81416,122124,0.75,,,,,,,,,0.006317095561328537,41
bayesfl_observability_v1,vi_sparse_bayesian_keep010_seed42,32,vi,253,20,1,,5,256,699.3554668962955,0.0022044898942112923,1677.8873110363318,1677.8873110363318,,,3.794729532394523,0.025081560015678406,0.98807426046069,3.794729532394523,,-0.0,2.259365973874069,699.3554668962955,1677.8873110363318,1677.8873110363318,0.01648705228492023,0.0022044898942112923,1677.8873110363318,0.005,24.644003486493883,0.06712250467139078,0.06694171205163002,0.07531567141413689,0.10741019994020462,0.928820188339699,0.7821007670147653,1.911201539056607,,,,,,,,,,,,,,,,,,1,update_snr,bayesian,0.1,20,101770,10177,0.1,0.2896488166986856,0.15088679780383554,0.13987593138324672,0.28962249517498984,0.15088679780383554,0.13987593138324672,0.28962249517498984,0.32618993788039824,0.31961272265690793,0.3660120468874052,0.13140867112866192,0.12426146948902211,0.24910912199104837,0.32618993788039824,0.31961272265690793,0.3660120468874052,0.13140867112866192,0.12426146948902211,0.24910912199104837,2.1053088599705037,3.157158030279268,0.5547981330416524,0.8319849948006863,0.5547981330416524,814160,203540,81416,122124,0.75,,,,,,,,,0.006319303926485393,1
bayesfl_observability_v1,vi_sparse_bayesian_keep010_seed42,32,vi,264,21,1,,5,256,701.5320744991302,0.0034985069651156664,1667.016920267972,1667.016920267972,,,3.7843799345040745,0.025084182620048523,0.9881582898553696,3.7843799345040745,,-0.0,2.259365973874069,701.5320744991302,1667.016920267972,1667.016920267972,0.016380238972860096,0.0034985069651156664,1667.016920267972,0.005,24.663896594172346,0.06712563853219285,0.06694135814905167,0.07529733777046203,0.10338657349348068,0.9293308448508736,0.7835823936731654,1.911670196429089,,,,,,,,,,,,,,,,,,1,update_snr,bayesian,0.1,20,101770,10177,0.1,0.2884045013346527,0.15036055518594785,0.13967922794199628,0.2884031879999416,0.15036055518594785,0.13967922794199628,0.2884031879999416,0.32497938493246353,0.3182534416804706,0.36566278355827164,0.1309584629918905,0.12438196975908239,0.24844607652864265,0.32497938493246353,0.3182534416804706,0.36566278355827164,0.1309584629918905,0.12438196975908239,0.24844607652864265,2.09999629632627,3.1482609555265624,0.55491159256489,0.831909324648485,0.55491159256489,814160,203540,81416,122124,0.75,,,,,,,,,0.006312137296809532,1
bayesfl_observability_v1,vi_sparse_bayesian_keep010_seed42,32,vi,203,16,1,,5,256,654.7193239212036,2.779956579208374,1678.689408845874,1678.689408845874,,,3.7983873172184524,0.025049500167369843,0.9880652175653395,3.7983873172184524,,-0.0,2.311121424016332,654.7193239212036,1678.689408845874,1678.689408845874,0.016494933760890968,2.779956579208374,1678.689408845874,0.005,24.658946694187424,0.06712927931488304,0.06695485860109329,0.07531699612736702,0.10476093739271164,0.9290784247555304,0.7829443952275498,1.912016519342039,,,,,,,,,,,,,,,,,,1,update_snr,bayesian,0.1,20,101770,10177,0.1,0.28931208556756827,0.15103624601495771,0.14059137693512924,0.2893114378838925,0.15103624601495771,0.14059137693512924,0.2893114378838925,0.32546142493220637,0.31896548628803767,0.36559730895155346,0.1316556705797079,0.12531011090270092,0.24956294322522557,0.32546142493220637,0.31896548628803767,0.36559730895155346,0.1316556705797079,0.12531011090270092,0.24956294322522557,2.102929814321158,3.16313648261424,0.5536375410660141,0.8327577517636078,0.5536375410660141,814160,203540,81416,122124,0.75,,,,,,,,,0.006319756010900809,1
bayesfl_observability_v1,vi_sparse_bayesian_keep010_seed42,32,vi,31,2,1,,5,256,679.6529246807098,0.007619248703122139,1676.0078511892857,1676.0078511892857,,,3.793646103474871,0.025087282061576843,0.9881153233811479,3.793646103474871,,-0.0,2.3163460082440825,679.6529246807098,1676.0078511892857,1676.0078511892857,0.01646858456509075,0.007619248703122139,1676.0078511892857,0.005,24.67975748421314,0.06712914687512085,0.06695780158042908,0.07530757039785385,0.10492705553770065,0.9297346174042899,0.7840201819370645,1.9142743837968736,,,,,,,,,,,,,,,,,,1,update_snr,bayesian,0.1,20,101770,10177,0.1,0.2891533145303971,0.15084155209790004,0.14075169750996253,0.28915084065076385,0.15084155209790004,0.14075169750996253,0.28915084065076385,0.32529150396046724,0.31836672820974926,0.36644504182155885,0.13145822411317037,0.12496806972207734,0.24925571043327024,0.32529150396046724,0.31836672820974926,0.36644504182155885,0.13145822411317037,0.12496806972207734,0.24925571043327024,2.0998232527232967,3.159508358231173,0.5535105793869172,0.8328421450111421,0.5535105793869172,814160,203540,81416,122124,0.75,,,,,,,,,0.006318437057139904,1
bayesfl_observability_v1,vi_sparse_bayesian_keep010_seed42,32,vi,222,17,107,,5,256,686.5066925287247,0.002280679818625762,15.682158943528327,15.682158943528327,,,3.7967320529883923,0.025010554119944572,0.9880958171737927,3.7967320529883923,,-0.0,2.185987945410232,686.5066925287247,1677.991006957531,15.682158943528327,0.01648807120917295,0.002280679818625762,15.682158943528327,0.005,24.67971812630676,0.06712495213436907,0.06694867461919785,0.07531570345163345,0.10618478804826736,0.9304587217011675,0.7838574613791407,1.914431347760268,,,,,,,,,,,,,,,,,,1,update_snr,bayesian,0.1,20,101770,10177,0.1,0.28954544469476334,0.1510196495083321,0.14037099383260548,0.2895442339807118,0.1510196495083321,0.14037099383260548,0.2895442339807118,0.32577731870783305,0.3194343138604056,0.3660071778931307,0.13160213070838753,0.12518363350445372,0.24930926887784305,0.32577731870783305,0.3194343138604056,0.3660071778931307,0.13160213070838753,0.12518363350445372,0.24930926887784305,2.1027595050880468,3.161261891389472,0.5538340540605107,0.8326270717211282,0.5538340540605107,814160,203540,81416,122124,0.75,,,,,,,,,0.006316316717784423,107
bayesfl_observability_v1,vi_sparse_bayesian_keep010_seed42,32,vi,188,15,1,,5,256,687.2247081756592,2.0838563442230225,1674.0623987872557,1674.0623987872557,,,3.791338586343142,0.02506547048687935,0.9881408000451914,3.791338586343142,,-0.0,2.28098669344155,687.2247081756592,1674.0623987872557,1674.0623987872557,0.016449468397241384,2.0838563442230225,1674.0623987872557,0.005,24.690758842405714,0.06712991496185851,0.06694086268544197,0.07532065957784653,0.10325297713279724,0.9297496637181707,0.7831730651466017,1.9203787664659473,,,,,,,,,,,,,,,,,,1,update_snr,bayesian,0.1,20,101770,10177,0.1,0.28887268613819345,0.15077002139069076,0.1401781713018032,0.28886597838845546,0.15077002139069076,0.1401781713018032,0.28886597838845546,0.32508160152267296,0.31833610280237223,0.3661772513707073,0.13140206804269278,0.12476377730855652,0.24963558380477097,0.32508160152267296,0.31833610280237223,0.3661772513707073,0.13140206804269278,0.12476377730855652,0.24963558380477097,2.1008902343519082,3.156027328699676,0.5541288878602316,0.832430883400408,0.5541288878602316,814160,203540,81416,122124,0.75,,,,,,,,,0.006321003405767175,1
bayesfl_observability_v1,vi_sparse_bayesian_keep010_seed42,32,vi,150,12,1,,5,256,669.2493163108826,0.891059398651123,1681.7867259885013,1681.7867259885013,,,3.7984787609643895,0.02507675811648369,0.9880684757708851,3.7984787609643895,,-0.0,2.3155014849272724,669.2493163108826,1681.7867259885013,1681.7867259885013,0.016525368242001584,0.891059398651123,1681.7867259885013,0.005,24.662955634296164,0.06712902933088269,0.0669545903801918,0.0752995677292347,0.10747401416301727,0.929431430052792,0.7844194615161015,1.9156985262176254,,,,,,,,,,,,,,,,,,1,update_snr,bayesian,0.1,20,101770,10177,0.1,0.2890454530503549,0.15126950667455435,0.14106305308428857,0.2890442984952449,0.15126950667455435,0.14106305308428857,0.2890442984952449,0.32577257937094567,0.3188305689355796,0.3665900617222524,0.1318802763749553,0.12567560814435058,0.2495747798308747,0.32577257937094567,0.3188305689355796,0.3665900617222524,0.1318802763749553,0.12567560814435058,0.2495747798308747,2.1009549686363727,3.1645582815394193,0.5531043085529758,0.8331120115927606,0.5531043085529758,814160,203540,81416,122124,0.75,,,,,,,,,0.0063186761533972225,1
bayesfl_observability_v1,vi_sparse_bayesian_keep010_seed42,32,vi,153,12,19,,5,256,672.9795003890991,0.2055004270453202,88.46435912761442,88.46435912761442,,,3.7981644003089996,0.025037050247192383,0.9880535820124782,3.7981644003089996,,-0.0,2.259365973874069,672.9795003890991,1680.822823424674,88.46435912761442,0.016515896859827787,0.2055004270453202,88.46435912761442,0.005,24.645108698403597,0.06712873550134663,0.06693563237786293,0.0753146842122078,0.10746007412672043,0.9284314539556517,0.7814459661109552,1.9138939898868639,,,,,,,,,,,,,,,,,,1,update_snr,bayesian,0.1,20,101770,10177,0.1,0.28990264102680324,0.15100429934658974,0.140326378398866,0.28990111899210974,0.15100429934658974,0.140326378398866,0.28990111899210974,0.32641755080097495,0.3198886980535365,0.3665945206793016,0.13151393807388023,0.12481799253652215,0.24931556552906883,0.32641755080097495,0.3198886980535365,0.3665945206793016,0.13151393807388023,0.12481799253652215,0.24931556552906883,2.1081345815545123,3.1594020633386664,0.5550403719709986,0.8318234100350246,0.5550403719709986,814160,203540,81416,122124,0.75,,,,,,,,,0.006320893325729066,19
bayesfl_observability_v1,vi_sparse_bayesian_keep010_seed42,32,vi,1,0,3,,5,256,675.5893451690674,1.4692835807800293,561.12542224192,561.12542224192,,,3.8016392887294908,0.024977371096611023,0.9880843449530821,3.8016392887294908,,-0.0,2.3277319754160017,675.5893451690674,1683.37626672576,561.12542224192,0.016540987193925126,1.4692835807800293,561.12542224192,0.005,24.699180946691197,0.06713202237648018,0.06695660948753357,0.07530854791402816,0.10581091046333313,0.9302830037196061,0.7827281929227476,1.916822817819309,,,,,,,,,,,,,,,,,,1,update_snr,bayesian,0.1,20,101770,10177,0.1,0.28929892617264613,0.15128869352076282,0.14113743507999088,0.2892979663977759,0.15128869352076282,0.14113743507999088,0.2892979663977759,0.3260377929390932,0.319297325926123,0.3667541359769342,0.1318721269187261,0.12568641945534476,0.24930341964823424,0.3260377929390932,0.319297325926123,0.3667541359769342,0.1318721269187261,0.12568641945534476,0.24930341964823424,2.1056557952695085,3.1652290522898374,0.5538810064153192,0.8325958387671383,0.5538810064153192,814160,203540,81416,122124,0.75,,,,,,,,,0.006316385528422357,3
bayesfl_observability_v1,vi_sparse_bayesian_keep010_seed42,32,vi,5,0,1,,5,256,691.86446839571,0.5694133639335632,1666.5297507601392,1666.5297507601392,,,3.7838261942555675,0.025045087561011314,0.988175367729444,3.7838261942555675,,-0.0,2.311121424016332,691.86446839571,1666.5297507601392,1666.5297507601392,0.016375452007076144,0.5694133639335632,1666.5297507601392,0.005,24.677925333022493,0.0671295218263764,0.06693937256932259,0.07532461434602737,0.10486176609992981,0.9300001461652231,0.7823442319635873,1.9157864615780333,,,,,,,,,,,,,,,,,,1,update_snr,bayesian,0.1,20,101770,10177,0.1,0.28816029068914023,0.1502167808501764,0.13933975280452315,0.28815843492311893,0.1502167808501764,0.13933975280452315,0.28815843492311893,0.32507006579823194,0.3187472415097985,0.3668154755318946,0.13078863807817026,0.12430779235941482,0.24894356856424035,0.32507006579823194,0.3187472415097985,0.3668154755318946,0.13078863807817026,0.12430779235941482,0.24894356856424035,2.1016414922704154,3.1464970532803562,0.5554275974570481,0.831564900644016,0.5554275974570481,814160,203540,81416,122124,0.75,,,,,,,,,0.0063170186747728545,1
bayesfl_observability_v1,vi_sparse_bayesian_keep010_seed42,33,vi,148,11,2,,5,256,680.5758862018586,3.123056411743164,832.2358581771831,832.2358581771831,,,3.793534062357706,0.025105252861976624,0.9886790714636345,3.793534062357706,,-0.0,2.3277319754160017,680.5758862018586,1664.4717163543662,832.2358581771831,0.01635522959963021,3.123056411743164,832.2358581771831,0.005,25.282470684179476,0.06735626270906143,0.06719191372394562,0.07550449818372727,0.10599145293235779,0.9495174012215237,0.7995515164281188,1.9564822663987789,,,,,,,,,,,,,,,,,,1,update_snr,bayesian,0.1,20,101770,10177,0.1,0.28826981060701035,0.15020159094011923,0.13966744116985336,0.288264218444283,0.15020159094011923,0.13966744116985336,0.288264218444283,0.32429757387013775,0.3176546560141764,0.3644127696616885,0.13085759283678383,0.12429186595951129,0.24867393457680245,0.32429757387013775,0.3176546560141764,0.3644127696616885,0.13085759283678383,0.12429186595951129,0.24867393457680245,2.099841552485204,3.159361666021271,0.5535317511239477,0.832828073792939,0.5535317511239477,814160,203540,81416,122124,0.75,,,,,,,,,0.006315456239780901,2
bayesfl_observability_v1,vi_sparse_bayesian_keep010_seed42,33,vi,218,17,1,,5,256,681.5408662319184,0.006579285021871328,1666.6448131858756,1666.6448131858756,,,3.7976578142602393,0.025076651945710182,0.9886660064459435,3.7976578142602393,,-0.0,2.185987945410232,681.5408662319184,1666.6448131858756,1666.6448131858756,0.016376582619493717,0.006579285021871328,1666.6448131858756,0.005,25.29549500366958,0.06735616930032644,0.06721343100070953,0.07555355504155159,0.10669134557247162,0.9493199512646743,0.7984035508637812,1.9606006705810686,,,,,,,,,,,,,,,,,,1,update_snr,bayesian,0.1,20,101770,10177,0.1,0.2881638035755337,0.15046344290996874,0.1401060584689845,0.2881603902947612,0.15046344290996874,0.1401060584689845,0.2881603902947612,0.3244402811254636,0.31800458956325134,0.36430818867336173,0.13113268310824708,0.12463972411200087,0.24891138725653608,0.3244402811254636,0.31800458956325134,0.36430818867336173,0.13113268310824708,0.12463972411200087,0.24891138725653608,2.105818792080812,3.160337337869359,0.5545046170756731,0.832180647240587,0.5545046170756731,814160,203540,81416,122124,0.75,,,,,,,,,0.006317538551311643,1
bayesfl_observability_v1,vi_sparse_bayesian_keep010_seed42,33,vi,224,17,73,,5,256,823.1357772827148,0.15563717933550272,23.32056356682916,23.32056356682916,,,3.8339193081999325,0.025027930736541748,0.9884531049308405,3.8339193081999325,,0.6276116833595444,1.622881584788002,823.1357772827148,1702.4011403785287,23.32056356682916,0.016727927094217634,0.15563717933550272,23.32056356682916,0.005,25.30185286423467,0.06734944137110332,0.0672091543674469,0.07550114542245864,0.10573022812604904,0.9500119329815515,0.7994009262408474,1.960249867846206,,,,,,,,,,,,,,,,,,1,update_snr,bayesian,0.1,20,101770,10177,0.1,0.29122823000451653,0.15230641477600068,0.14188252278892105,0.29122556386434434,0.15230641477600068,0.14188252278892105,0.29122556386434434,0.3271095245355917,0.3206015765310467,0.36686869590944376,0.13288384702493505,0.12648868876552194,0.25143169272247273,0.3271095245355917,0.3206015765310467,0.36686869590944376,0.13288384702493505,0.12648868876552194,0.25143169272247273,2.1119195999298577,3.1998020040653103,0.5508513430141615,0.8346033775989022,0.5508513430141615,814160,203540,81416,122124,0.75,,,,,,,,,0.0063180609274947385,73
bayesfl_observability_v1,vi_sparse_bayesian_keep010_seed42,33,vi,277,22,783,,5,256,2336.171912431717,0.3881262356598563,3.509466888326591,3.509466888326591,,,4.855443977620949,0.06316788494586945,0.9816337201028997,4.855443977620949,,1.0837153259927952,1.2034482275163363,2336.171912431717,2747.912573559721,3.509466888326591,0.027001204417409067,0.3881262356598563,3.509466888326591,0.005,25.450859431795628,0.06781447488414499,0.06764694303274155,0.07628869563341141,0.10281047224998474,0.9498003603805585,0.8004993901720627,1.9555627260226176,,,,,,,,,,,,,,,,,,1,update_snr,bayesian,0.1,20,101770,10177,0.1,0.37120409665658427,0.1804560354974364,0.15316414130699607,0.37120090461888844,0.1804560354974364,0.15316414130699607,0.37120090461888844,0.4642176783552765,0.442144338093331,0.5785471796339716,0.14892696406878755,0.13576710084657784,0.2960301525461424,0.4642176783552765,0.442144338093331,0.5785471796339716,0.14892696406878755,0.13576710084657784,0.2960301525461424,3.1694070695671246,3.6783413445728033,0.6527532979836909,0.757570545871091,0.6527532979836909,814160,203540,81416,122124,0.75,,,,,,,,,0.00656562124327748,783
bayesfl_observability_v1,vi_sparse_bayesian_keep010_seed42,33,vi,279,22,125,,5,256,817.945871925354,0.004709772109985352,13.716786667532169,13.716786667532169,,,3.851517153671912,0.025091126561164856,0.9883451409925464,3.851517153671912,,-0.0,2.259365973874069,817.945871925354,1714.5983334415212,13.716786667532169,0.01684777766966219,0.004709772109985352,13.716786667532169,0.005,25.30069333731403,0.06735247199403387,0.06718584895133972,0.07554571554064751,0.10494822263717651,0.9500044184175873,0.7992032387557775,1.9556961910681336,,,,,,,,,,,,,,,,,,1,update_snr,bayesian,0.1,20,101770,10177,0.1,0.28962072434243835,0.15351791484450036,0.14484675571076203,0.2896193106090724,0.15351791484450036,0.14484675571076203,0.2896193106090724,0.3248858404144296,0.3180767157713446,0.36436348618760017,0.13447703422561932,0.12950542753349414,0.25184219269712155,0.3248858404144296,0.3180767157713446,0.36436348618760017,0.13447703422561932,0.12950542753349414,0.25184219269712155,2.100480624888137,3.2283378896110837,0.5453644735518332,0.8381990163365339,0.5453644735518332,814160,203540,81416,122124,0.75,,,,,,,,,0.006314454829776307,125
bayesfl_observability_v1,vi_sparse_bayesian_keep010_seed42,33,vi,160,12,3221,,5,256,2301.490769092853,0.057237165901683866,0.6723110050838405,0.6723110050838405,,,4.202189078708559,0.08818840980529785,0.9861933015018219,4.202189078708559,,0.6845683881983222,1.6114184451985936,2301.490769092853,2165.51374737505,0.6723110050838405,0.02127850788420016,0.057237165901683866,0.6723110050838405,0.005,25.37551168063775,0.06797273551084894,0.06775412708520889,0.07683363109827042,0.10709197074174881,0.945003013804562,0.795987427601347,1.9480152841880083,,,,,,,,,,,,,,,,,,1,update_snr,bayesian,0.1,20,101770,10177,0.1,0.3189631114703173,0.15490396687847477,0.1303699026903511,0.3189237286554309,0.15490396687847477,0.1303699026903511,0.3189237286554309,0.40426628067657455,0.38220009658798987,0.5055125958533856,0.1271970431231304,0.11567639983501997,0.2537009159223044,0.40426628067657455,0.38220009658798987,0.5055125958533856,0.1271970431231304,0.11567639983501997,0.2537009159223044,2.776355060842508,3.154400993746948,0.6606925601966852,0.7506566065124267,0.6606925601966852,814160,203540,81416,122124,0.75,,,,,,,,,0.006821498985409093,3221
bayesfl_observability_v1,vi_sparse_bayesian_keep010_seed42,33,vi,93,7,45,,5,256,704.6389757156372,0.04523463779025608,37.07028453962174,37.07028453962174,,,3.7974695941566408,0.02504412829875946,0.9886574765859728,3.7974695941566408,,-0.0,2.3096097079310103,704.6389757156372,1668.1628042829782,37.07028453962174,0.016391498519042726,0.04523463779025608,37.07028453962174,0.005,25.2847560803834,0.06735063472423558,0.06720305606722832,0.07550484016537666,0.10436643660068512,0.9498526029695553,0.8008479068021062,1.95536249578903,,,,,,,,,,,,,,,,,,1,update_snr,bayesian,0.1,20,101770,10177,0.1,0.2884462675994859,0.15064989350646638,0.1404788037212866,0.28842563600115306,0.15064989350646638,0.1404788037212866,0.28842563600115306,0.3244589449906281,0.3176603522293579,0.3645589196135052,0.13133777667489288,0.1254231287981776,0.24825432769905936,0.3244589449906281,0.3176603522293579,0.3645589196135052,0.13133777667489288,0.1254231287981776,0.24825432769905936,2.1026176151080684,3.162242002627484,0.5536891245537483,0.8327234555066316,0.5536891245537483,814160,203540,81416,122124,0.75,,,,,,,,,0.006312314604376657,45
bayesfl_observability_v1,vi_sparse_bayesian_keep010_seed42,33,vi,111,8,11,,5,256,690.3764693379402,0.006410850719972091,150.75559224329865,150.75559224329865,,,3.786091997671028,0.02505451813340187,0.9887158301443233,3.786091997671028,,-0.0,2.3096097079310103,690.3764693379402,1658.311514676285,150.75559224329865,0.016294698974906995,0.006410850719972091,150.75559224329865,0.005,25.27352924010312,0.06735331169679619,0.0672004222869873,0.07551868557929993,0.10352250188589096,0.9498074348570025,0.8002883909821438,1.9607515473826425,,,,,,,,,,,,,,,,,,1,update_snr,bayesian,0.1,20,101770,10177,0.1,0.28784730680552734,0.1500515212269832,0.13950435510840836,0.28784328252334823,0.1500515212269832,0.13950435510840836,0.28784328252334823,0.32351871612749605,0.3168116998274881,0.36330092244604045,0.13077738846025952,0.12430860147745047,0.24814609719099293,0.32351871612749605,0.3168116998274881,0.36330092244604045,0.13077738846025952,0.12430860147745047,0.24814609719099293,2.098519458197509,3.1513026986303685,0.5542705933950864,0.8323365360822867,0.5542705933950864,814160,203540,81416,122124,0.75,,,,,,,,,0.006315323449101951,11
bayesfl_observability_v1,vi_sparse_bayesian_keep010_seed42,33,vi,226,18,1,,5,256,670.0282803416252,0.2755639851093292,1663.3406453635541,1663.3406453635541,,,3.7922592414070557,0.025091342628002167,0.9886939180747689,3.7922592414070557,,-0.0,2.259365973874069,670.0282803416252,1663.3406453635541,1663.3406453635541,0.01634411560738483,0.2755639851093292,1663.3406453635541,0.005,25.290532926554434,0.06735564800098479,0.06719619780778885,0.0755101703107357,0.10601455718278885,0.9497374791201963,0.7997931577508349,1.9594973887971554,,,,,,,,,,,,,,,,,,1,update_snr,bayesian,0.1,20,101770,10177,0.1,0.288039936441991,0.15036096064436172,0.1398032357148285,0.2880280838733771,0.15036096064436172,0.1398032357148285,0.2880280838733771,0.3241337925322394,0.31718085181630623,0.36402994359924046,0.1310528682123753,0.12438995298982344,0.24828345191465906,0.3241337925322394,0.31718085181630623,0.36402994359924046,0.1310528682123753,0.12438995298982344,0.24828345191465906,2.100775753298676,3.157209430555663,0.5539641726917428,0.8325405067466412,0.5539641726917428,814160,203540,81416,122124,0.75,,,,,,,,,0.006318799857946075,1
bayesfl_observability_v1,vi_sparse_bayesian_keep010_seed42,33,vi,112,9,234,,5,256,830.0629455566407,0.0023275944921705457,7.33792728574939,7.33792728574939,,,3.854274021897654,0.025066496804356575,0.9883316277569821,3.854274021897654,,-0.0,2.3155014849272724,830.0629455566407,1717.0749848653572,7.33792728574939,0.01687211344075226,0.0023275944921705457,7.33792728574939,0.005,25.304210172643828,0.06735376737440067,0.06716658920049667,0.07551321908831597,0.10699610412120819,0.9504697369382992,0.8004184566509122,1.9572280960621076,,,,,,,,,,,,,,,,,,1,update_snr,bayesian,0.1,20,101770,10177,0.1,0.29048665155781506,0.1535898990882632,0.14482003013541517,0.2904865710506411,0.1535898990882632,0.14482003013541517,0.2904865710506411,0.325436498860987,0.3186686931568392,0.3645603759387151,0.13449583244684946,0.12924016797681412,0.2519896652184387,0.325436498860987,0.3186686931568392,0.3645603759387151,0.13449583244684946,0.12924016797681412,0.2519896652184387,2.104809982980483,3.2288083206379454,0.546097649264745,0.8377215273988847,0.546097649264745,814160,203540,81416,122124,0.75,,,,,,,,,0.006318106913698595,234
bayesfl_observability_v1,vi_sparse_bayesian_keep010_seed42,33,vi,116,9,1,,5,256,683.2820808887482,3.0249969959259033,1660.757061075211,1660.757061075211,,,3.7892906768197143,0.025076337158679962,0.9887141240663676,3.7892906768197143,,-0.0,2.3292713582565514,683.2820808887482,1660.757061075211,1660.757061075211,0.016318729105583286,3.0249969959259033,1660.757061075211,0.005,25.29321135226112,0.06735469016662056,0.06719760969281197,0.07552319765090942,0.10419555753469467,0.9494262413710789,0.7992854867110637,1.9587246085868182,,,,,,,,,,,,,,,,,,1,update_snr,bayesian,0.1,20,101770,10177,0.1,0.2880321467311716,0.14995320113822458,0.13923246874565132,0.28802219605201246,0.14995320113822458,0.13923246874565132,0.28802219605201246,0.32470556755414903,0.3180274705805628,0.36623714486226727,0.1305362715364552,0.12390974472449469,0.2480692064195689,0.32470556755414903,0.3180274705805628,0.36623714486226727,0.1305362715364552,0.12390974472449469,0.2480692064195689,2.1045904805501374,3.1510986564388253,0.5554048659883974,0.8315800832369734,0.5554048659883974,814160,203540,81416,122124,0.75,,,,,,,,,0.006314090699146853,1
bayesfl_observability_v1,vi_sparse_bayesian_keep010_seed42,33,vi,199,15,1,,5,256,658.5700086355209,3.42366099357605,1672.5184191825003,1672.5184191825003,,,3.8019922032896756,0.025060098618268967,0.9886443729335908,3.8019922032896756,,-0.0,2.3277319754160017,658.5700086355209,1672.5184191825003,1672.5184191825003,0.016434297132578365,3.42366099357605,1672.5184191825003,0.005,25.30032378885625,0.06735243604899073,0.0672060139477253,0.07550883069634437,0.1075005978345871,0.9501299329349625,0.7992572805516318,1.958353269505216,,,,,,,,,,,,,,,,,,1,update_snr,bayesian,0.1,20,101770,10177,0.1,0.2881708022641432,0.15076886955868363,0.1405778875927728,0.28816830574611907,0.15076886955868363,0.1405778875927728,0.28816830574611907,0.3249420145124352,0.3185827491123994,0.36555687128701914,0.13141629789715573,0.12526140748572923,0.248734068946826,0.3249420145124352,0.3185827491123994,0.36555687128701914,0.13141629789715573,0.12526140748572923,0.248734068946826,2.1041507460031634,3.1666534941432776,0.5534337351303735,0.8328932109338175,0.5534337351303735,814160,203540,81416,122124,0.75,,,,,,,,,0.006317467287830592,1
bayesfl_observability_v1,vi_sparse_bayesian_keep010_seed42,33,vi,245,19,178,,5,256,695.1784411191941,0.0003998849247948507,9.392605217015365,9.392605217015365,,,3.800172308255311,0.025013264268636703,0.9886407072515608,3.800172308255311,,-0.0,2.185987945410232,695.1784411191941,1671.883728628735,9.392605217015365,0.016428060613429645,0.0003998849247948507,9.392605217015365,0.005,25.28416159597579,0.06735771618204384,0.0671849325299263,0.07554490342736245,0.1042996346950531,0.9496482771066075,0.8001836050195379,1.9613770105911363,,,,,,,,,,,,,,,,,,1,update_snr,bayesian,0.1,20,101770,10177,0.1,0.2878623464672893,0.15077518218203492,0.14069935624247587,0.2878607207817028,0.15077518218203492,0.14069935624247587,0.2878607207817028,0.32432897911976466,0.3180466963480559,0.3644844565941681,0.13149142696673163,0.12509532158401454,0.24880434970291124,0.32432897911976466,0.3180466963480559,0.3644844565941681,0.13149142696673163,0.12509532158401454,0.24880434970291124,2.1004390906618085,3.166933090365237,0.5527220663386542,0.8333656564691934,0.5527220663386542,814160,203540,81416,122124,0.75,,,,,,,,,0.006315962144158428,178
bayesfl_observability_v1,vi_sparse_bayesian_keep010_seed42,33,vi,291,23,1,,5,256,673.5063424587249,0.00015567521040793508,1663.9040048176403,1663.9040048176403,,,3.7919097735582254,0.02505890093743801,0.9886856264883911,3.7919097735582254,,-0.0,2.3096097079310103,673.5063424587249,1663.9040048176403,1663.9040048176403,0.016349651221554882,0.00015567521040793508,1663.9040048176403,0.005,25.278862014179225,0.06735429688878164,0.0672144927084446,0.07553029730916024,0.10459260642528534,0.9496178751158171,0.8011566624682328,1.9520138412424342,,,,,,,,,,,,,,,,,,1,update_snr,bayesian,0.1,20,101770,10177,0.1,0.2881828652525568,0.1503396962410977,0.13948459228308108,0.28818084839512803,0.1503396962410977,0.13948459228308108,0.28818084839512803,0.32438410823358954,0.3177724471188156,0.3650599284210748,0.13100142824193192,0.12445113071643042,0.24830404979941292,0.32438410823358954,0.3177724471188156,0.3650599284210748,0.13100142824193192,0.12445113071643042,0.24830404979941292,2.102733534545712,3.155485923515316,0.5545315316330862,0.832162712709879,0.5545315316330862,814160,203540,81416,122124,0.75,,,,,,,,,0.006318853738128178,1
bayesfl_observability_v1,vi_sparse_bayesian_keep010_seed42,33,vi,75,6,1,,5,256,677.0326243937016,0.0007588367443531752,1658.0766831605501,1658.0766831605501,,,3.7869245824540894,0.025032781064510345,0.9887282331506763,3.7869245824540894,,-0.0,2.3096097079310103,677.0326243937016,1658.0766831605501,1658.0766831605501,0.016292391502019752,0.0007588367443531752,1658.0766831605501,0.005,25.293141713548902,0.06735155341014379,0.06718830019235611,0.07552450075745583,0.10658996552228928,0.9505750302461766,0.8030790182461593,1.9613356834164983,,,,,,,,,,,,,,,,,,1,update_snr,bayesian,0.1,20,101770,10177,0.1,0.28786450775355865,0.15006603777751942,0.13920985084753953,0.28786267019975276,0.15006603777751942,0.13920985084753953,0.28786267019975276,0.32420810429070923,0.3178271557679459,0.3646132999200214,0.13071691927605394,0.12420303969832594,0.24782319730008595,0.32420810429070923,0.3178271557679459,0.3646132999200214,0.13071691927605394,0.12420303969832594,0.24782319730008595,2.1001083451754714,3.151244632160353,0.554568304556652,0.8321382070192197,0.554568304556652,814160,203540,81416,122124,0.75,,,,,,,,,0.006317901334979736,1
bayesfl_observability_v1,vi_sparse_bayesian_keep010_seed42,34,vi,142,11,17,,5,256,727.4482992172241,0.22427828171673944,97.36464126352014,97.36464126352014,,,3.799106817608834,0.025087671354413033,0.9892836632769086,3.799106817608834,,-0.0,2.3096097079310103,727.4482992172241,1655.1989014798423,97.36464126352014,0.016264114193572196,0.22427828171673944,97.36464126352014,0.005,26.02016008547791,0.06766732077332907,0.06753093004226685,0.075892274081707,0.10309039056301117,0.972142241237286,0.820533119761546,2.0102661494995346,,,,,,,,,,,,,,,,,,1,update_snr,bayesian,0.1,20,101770,10177,0.1,0.2867019773846087,0.1499970779304084,0.1394347282906454,0.28669945002168434,0.1499970779304084,0.1394347282906454,0.28669945002168434,0.3230053360874984,0.31609934970251863,0.36407690075623145,0.1307739381351762,0.12432952915017659,0.24763170742494806,0.3230053360874984,0.31609934970251863,0.36407690075623145,0.1307739381351762,0.12432952915017659,0.24763170742494806,2.1021004527398452,3.164551516122448,0.5533143851066845,0.8329725032880816,0.5533143851066845,814160,203540,81416,122124,0.75,,,,,,,,,0.006376760979429505,17
bayesfl_observability_v1,vi_sparse_bayesian_keep010_seed42,34,vi,52,4,14,,5,256,739.3483634948731,1.4242662702287947,118.3713051132612,118.3713051132612,,,3.801189349715575,0.025058355182409286,0.9892622036614905,3.801189349715575,,-0.0,2.4040642619438994,739.3483634948731,1657.1982715856568,118.3713051132612,0.016283760161006747,1.4242662702287947,118.3713051132612,0.005,26.00841682982468,0.06767180951474527,0.06754133105278015,0.07588131353259087,0.10462165623903275,0.9719538689189519,0.8184558364240533,2.0090217254733305,,,,,,,,,,,,,,,,,,1,update_snr,bayesian,0.1,20,101770,10177,0.1,0.28741280042875583,0.14994930344602,0.1392049972157376,0.28741043599285876,0.14994930344602,0.1392049972157376,0.28741043599285876,0.3239658320045119,0.317381416196992,0.36459740521898726,0.13061413360618757,0.12401926070968852,0.2478987456207163,0.3239658320045119,0.317381416196992,0.36459740521898726,0.13061413360618757,0.12401926070968852,0.2478987456207163,2.1062501160005644,3.1642931155692167,0.5541029194344568,0.8324481693620408,0.5541029194344568,814160,203540,81416,122124,0.75,,,,,,,,,0.00638054224433552,14
bayesfl_observability_v1,vi_sparse_bayesian_keep010_seed42,34,vi,76,6,70,,5,256,692.5872806549072,0.023682781628199985,23.934065921956837,23.934065921956837,,,3.8237358967498807,0.02506530098617077,0.9891427247290819,3.8237358967498807,,-0.0,2.311121424016332,692.5872806549072,1675.3846145369785,23.934065921956837,0.016462460592875882,0.023682781628199985,23.934065921956837,0.005,26.019219296775056,0.06766330362291646,0.06752230226993561,0.07590967416763306,0.10401681065559387,0.9716552849531414,0.8181561002464136,2.009477272370821,,,,,,,,,,,,,,,,,,1,update_snr,bayesian,0.1,20,101770,10177,0.1,0.288326449117141,0.15117453342359963,0.14130832462229548,0.2883243871654547,0.15117453342359963,0.14130832462229548,0.2883243871654547,0.32352882527021254,0.3171562376029107,0.3629035369312583,0.13202405655175373,0.12599221150461481,0.24917012186712184,0.32352882527021254,0.3171562376029107,0.3629035369312583,0.13202405655175373,0.12599221150461481,0.24917012186712184,2.102531350520713,3.193793689043044,0.5498631200726581,0.8352547810003619,0.5498631200726581,814160,203540,81416,122124,0.75,,,,,,,,,0.0063760636141119015,70
bayesfl_observability_v1,vi_sparse_bayesian_keep010_seed42,34,vi,186,14,12,,5,256,714.3369340896606,1.4909276962280273,138.45714803545974,138.45714803545974,,,3.8072624441300476,0.025105252861976624,0.9892321522550899,3.8072624441300476,,-0.0,2.3277319754160017,714.3369340896606,1661.4857764255169,138.45714803545974,0.016325889519755495,1.4909276962280273,138.45714803545974,0.005,26.013866910905648,0.06766389989832845,0.06751672923564911,0.07590361833572387,0.10465638339519501,0.9716257465789225,0.819014738034306,2.0090882704281112,,,,,,,,,,,,,,,,,,1,update_snr,bayesian,0.1,20,101770,10177,0.1,0.2871267175548525,0.1502573965131453,0.14007078090978164,0.28712647246981615,0.1502573965131453,0.14007078090978164,0.28712647246981615,0.32355434022985896,0.3169615104739655,0.3648927589798497,0.13100218054462154,0.12475063011384831,0.24839957363493012,0.32355434022985896,0.3169615104739655,0.3648927589798497,0.13100218054462154,0.12475063011384831,0.24839957363493012,2.1038817212523466,3.1731575790469946,0.552596978045489,0.8334486066069068,0.552596978045489,814160,203540,81416,122124,0.75,,,,,,,,,0.006372571035524289,12
bayesfl_observability_v1,vi_sparse_bayesian_keep010_seed42,34,vi,109,8,1,,5,256,656.0528398513794,0.0010483728256076574,1655.3270547793572,1655.3270547793572,,,3.8014168532040045,0.025076352059841156,0.9892772920747741,3.8014168532040045,,-0.0,2.28098669344155,656.0528398513794,1655.3270547793572,1655.3270547793572,0.016265373437942,0.0010483728256076574,1655.3270547793572,0.005,26.028222750505886,0.06766844637720526,0.06753045320510864,0.07591343447566033,0.10436443239450455,0.9720214971130183,0.8189413943960828,2.0100842033976076,,,,,,,,,,,,,,,,,,1,update_snr,bayesian,0.1,20,101770,10177,0.1,0.28686896939106804,0.14997609443145427,0.1396961450825785,0.2868686922463557,0.14997609443145427,0.1396961450825785,0.2868686922463557,0.3230096130713272,0.3165713391782352,0.3625873268831114,0.13075014791591283,0.1245023997881961,0.24767304137649723,0.3230096130713272,0.3165713391782352,0.3625873268831114,0.13075014791591283,0.1245023997881961,0.24767304137649723,2.105518422827763,3.165053279639434,0.5538772789553815,0.8325983184327143,0.5538772789553815,814160,203540,81416,122124,0.75,,,,,,,,,0.006374726918000802,1
bayesfl_observability_v1,vi_sparse_bayesian_keep010_seed42,34,vi,250,20,1,,5,256,686.6509360074997,0.2942969501018524,1646.4766633902832,1646.4766633902832,,,3.7884634186046444,0.025047414004802704,0.9893334735802136,3.7884634186046444,,-0.0,2.311121424016332,686.6509360074997,1646.4766633902832,1646.4766633902832,0.016178408798175132,0.2942969501018524,1646.4766633902832,0.005,26.007347474329865,0.06766750766931676,0.06752876564860344,0.0759127661585808,0.10506517440080643,0.9718590037251188,0.8219366822654195,2.008670941621542,,,,,,,,,,,,,,,,,,1,update_snr,bayesian,0.1,20,101770,10177,0.1,0.28639615374633615,0.14950969335007197,0.1391274728488333,0.28638673895644634,0.14950969335007197,0.1391274728488333,0.28638673895644634,0.3226766859580226,0.31604052307013897,0.36296581982260345,0.130268916393633,0.12392307285121598,0.24706523678097464,0.3226766859580226,0.31604052307013897,0.36296581982260345,0.130268916393633,0.12392307285121598,0.24706523678097464,2.100082835787882,3.153110711176303,0.5543363109894772,0.8322927695940766,0.5543363109894772,814160,203540,81416,122124,0.75,,,,,,,,,0.006378424085982399,1
bayesfl_observability_v1,vi_sparse_bayesian_keep010_seed42,34,vi,251,20,1,,5,256,650.8810653448105,0.5884627103805542,1659.0840605004605,1659.0840605004605,,,3.8029899529529607,0.025089509785175323,0.9892522487219102,3.8029899529529607,,-0.0,2.3163460082440825,650.8810653448105,1659.0840605004605,1659.0840605004605,0.01630229007075229,0.5884627103805542,1659.0840605004605,0.005,26.008750085052974,0.06766458929384506,0.06752649694681168,0.07591150999069214,0.10356013476848602,0.9719438922018385,0.818313569666395,2.0096917510186865,,,,,,,,,,,,,,,,,,1,update_snr,bayesian,0.1,20,101770,10177,0.1,0.2871210315241822,0.15011949723228857,0.14025441280914544,0.2871165742827988,0.15011949723228857,0.14025441280914544,0.2871165742827988,0.32343651268257917,0.31693446618540666,0.3637584682223693,0.13086205107114518,0.12452494287974991,0.24819279416453202,0.32343651268257917,0.31693446618540666,0.3637584682223693,0.13086205107114518,0.12452494287974991,0.24819279416453202,2.1039899148637264,3.167958178450737,0.5532462459518233,0.8330177617195302,0.5532462459518233,814160,203540,81416,122124,0.75,,,,,,,,,0.0063714087890681175,1
bayesfl_observability_v1,vi_sparse_bayesian_keep010_seed42,34,vi,277,22,783,,5,256,2168.5120283424853,0.20767456057123448,3.467987329887119,3.467987329887119,,,4.841882189566795,0.06415309011936188,0.9827662691486038,4.841882189566795,,1.0837153259927952,1.2034482275163363,2168.5120283424853,2715.434079301614,3.467987329887119,0.026682068186121784,0.20767456057123448,3.467987329887119,0.005,26.193214030434884,0.06813927948664499,0.06792733073234558,0.07670747041702272,0.10324937850236893,0.9721810266905992,0.8163459573863165,2.013044686725714,,,,,,,,,,,,,,,,,,1,update_snr,bayesian,0.1,20,101770,10177,0.1,0.3694330019289961,0.1791182812970956,0.1518578870635699,0.36942512393634624,0.1791182812970956,0.1518578870635699,0.36942512393634624,0.46181756763725323,0.439032423855563,0.5742729442078807,0.1477072494815225,0.13442005720885886,0.2940466517721124,0.46181756763725323,0.439032423855563,0.5742729442078807,0.1477072494815225,0.13442005720885886,0.2940466517721124,3.1626519109418627,3.666259132666445,0.6531864649157906,0.7571970959075455,0.6531864649157906,814160,203540,81416,122124,0.75,,,,,,,,,0.006625755173373477,783
bayesfl_observability_v1,vi_sparse_bayesian_keep010_seed42,34,vi,226,18,1,,5,256,641.7357870340347,0.0025467602536082268,1657.7570184037663,1657.7570184037663,,,3.802739833051966,0.02504078857600689,0.9892634469710047,3.802739833051966,,-0.0,2.259365973874069,641.7357870340347,1657.7570184037663,1657.7570184037663,0.01628925045105401,0.0025467602536082268,1657.7570184037663,0.005,26.02064275637336,0.06766949106658285,0.0675196498632431,0.07590427920222283,0.10281604528427124,0.9723725984254769,0.8188465181571296,2.0111513996204087,,,,,,,,,,,,,,,,,,1,update_snr,bayesian,0.1,20,101770,10177,0.1,0.2872319419457066,0.15010084083008127,0.1396833411308071,0.28722642066281484,0.15010084083008127,0.1396833411308071,0.28722642066281484,0.323588167866448,0.31700086202256295,0.3641296876187991,0.13082447115937385,0.12441599262737352,0.2479329694093404,0.323588167866448,0.31700086202256295,0.3641296876187991,0.13082447115937385,0.12441599262737352,0.2479329694093404,2.1057204508072207,3.1665077958110794,0.5537377110327403,0.8326911476533314,0.5537377110327403,814160,203540,81416,122124,0.75,,,,,,,,,0.006377123046728216,1
bayesfl_observability_v1,vi_sparse_bayesian_keep010_seed42,34,vi,17,1,202,,5,256,906.4609682559967,0.0005536247966903271,8.597681823366393,8.597681823366393,,,3.89390787991353,0.02503243088722229,0.9887412918774179,3.89390787991353,,-0.0,2.3292713582565514,906.4609682559967,1736.7317283200114,8.597681823366393,0.017065262143264336,0.0005536247966903271,8.597681823366393,0.005,26.022588896143873,0.06766331914427608,0.06753353774547577,0.07588701993227005,0.10407871007919312,0.9722744632987755,0.8171248579563775,2.0107089315866884,,,,,,,,,,,,,,,,,,1,update_snr,bayesian,0.1,20,101770,10177,0.1,0.29067336133174293,0.1546397197311972,0.14671509263665983,0.29067270167582393,0.1546397197311972,0.14671509263665983,0.29067270167582393,0.3256471379667425,0.3188494305711278,0.364762034790892,0.1356388954828033,0.13071151777094728,0.25327895691219265,0.3256471379667425,0.3188494305711278,0.364762034790892,0.1356388954828033,0.13071151777094728,0.25327895691219265,2.1105815623738677,3.272302560250225,0.542021441560332,0.8403646570917059,0.542021441560332,814160,203540,81416,122124,0.75,,,,,,,,,0.006376044160189533,202
bayesfl_observability_v1,vi_sparse_bayesian_keep010_seed42,34,vi,31,2,1,,5,256,680.7547903060913,0.3107290267944336,1649.9360103650517,1649.9360103650517,,,3.7934589571389528,0.025027262046933174,0.9893147485570145,3.7934589571389528,,-0.0,2.3163460082440825,680.7547903060913,1649.9360103650517,1649.9360103650517,0.01621240061280389,0.3107290267944336,1649.9360103650517,0.005,26.019039665240694,0.06766431380154442,0.06752318143844604,0.07588846012949943,0.10178688913583755,0.9722696841281546,0.8215436596318981,2.008737779057483,,,,,,,,,,,,,,,,,,1,update_snr,bayesian,0.1,20,101770,10177,0.1,0.28635096898507434,0.1496756673275214,0.1393168779232497,0.2863418580780869,0.1496756673275214,0.1393168779232497,0.2863418580780869,0.32265269367496047,0.3163332850435804,0.3628672748876644,0.1304559977333615,0.12417080952555067,0.24747407602251092,0.32265269367496047,0.3163332850435804,0.3628672748876644,0.1304559977333615,0.12417080952555067,0.24747407602251092,2.0989606109195473,3.1598568343053155,0.5533104838183341,0.8329750947637764,0.5533104838183341,814160,203540,81416,122124,0.75,,,,,,,,,0.0063769354807519645,1
bayesfl_observability_v1,vi_sparse_bayesian_keep010_seed42,34,vi,199,15,1,,5,256,639.7267293930054,2.4001471996307373,1660.9269788370948,1660.9269788370948,,,3.8049461760376246,0.025070395320653915,0.9892582595354319,3.8049461760376246,,-0.0,2.3277319754160017,639.7267293930054,1660.9269788370948,1660.9269788370948,0.016320398730835167,2.4001471996307373,1660.9269788370948,0.005,26.02941136790195,0.06766909639757111,0.06750236451625824,0.075898527354002,0.10296539217233658,0.9720423790619697,0.818206517625322,2.010529881800088,,,,,,,,,,,,,,,,,,1,update_snr,bayesian,0.1,20,101770,10177,0.1,0.28759762813586204,0.15008525593531713,0.13939196767308393,0.2875944316379289,0.15008525593531713,0.13939196767308393,0.2875944316379289,0.3243208713070232,0.3181855036030998,0.3648713325400391,0.1307257431162387,0.12406123764530287,0.2480287067938693,0.3243208713070232,0.3181855036030998,0.3648713325400391,0.1307257431162387,0.12406123764530287,0.2480287067938693,2.105895194847072,3.1690409954532557,0.5534625451758949,0.8328740667636501,0.5534625451758949,814160,203540,81416,122124,0.75,,,,,,,,,0.006374491587989174,1
bayesfl_observability_v1,vi_sparse_bayesian_keep010_seed42,34,vi,202,16,1,,5,256,666.9025783538818,0.0015835139201954007,1652.9845405361273,1652.9845405361273,,,3.795694424922154,0.025042805820703506,0.9893016588478035,3.795694424922154,,-0.0,2.28098669344155,666.9025783538818,1652.9845405361273,1652.9845405361273,0.016242355709306548,0.0015835139201954007,1652.9845405361273,0.005,26.01852632930092,0.06766591412867698,0.06752513721585274,0.07590878680348397,0.10134037584066391,0.9727879660221639,0.8210067752596354,2.006514817642457,,,,,,,,,,,,,,,,,,1,update_snr,bayesian,0.1,20,101770,10177,0.1,0.2870016448565048,0.14977882175876073,0.1393813234557909,0.28699907583071627,0.14977882175876073,0.1393813234557909,0.28699907583071627,0.32337456580282414,0.31669727570846945,0.36437765023737256,0.13049040575386478,0.12397949684911012,0.2474964268532121,0.32337456580282414,0.31669727570846945,0.36437765023737256,0.13049040575386478,0.12397949684911012,0.2474964268532121,2.101884762380951,3.1605975088669402,0.5537549989746761,0.8326796509526082,0.5537549989746761,814160,203540,81416,122124,0.75,,,,,,,,,0.006375452717984635,1
bayesfl_observability_v1,vi_sparse_bayesian_keep010_seed42,34,vi,244,19,1,,5,256,662.2985008597374,0.1202249526977539,1651.3606727851563,1651.3606727851563,,,3.7948557843242483,0.025035493075847626,0.9893063959018193,3.7948557843242483,,-0.0,2.28098669344155,662.2985008597374,1651.3606727851563,1651.3606727851563,0.01622639945745462,0.1202249526977539,1651.3606727851563,0.005,26.018507696057267,0.06766969513122811,0.0675358958542347,0.07591735571622849,0.10521271824836731,0.971985512709076,0.8175538777037792,2.008626364924881,,,,,,,,,,,,,,,,,,1,update_snr,bayesian,0.1,20,101770,10177,0.1,0.28667569622623823,0.1497323473711766,0.13947193698815524,0.2866754415183082,0.1497323473711766,0.13947193698815524,0.2866754415183082,0.32272452474423713,0.31624727667194996,0.3628376840746998,0.13051099432972543,0.12410284891487885,0.24724723438067603,0.32272452474423713,0.31624727667194996,0.3628376840746998,0.13051099432972543,0.12410284891487885,0.24724723438067603,2.1008520687513634,3.160277046248057,0.5536052456669215,0.8327792216248369,0.5536052456669215,814160,203540,81416,122124,0.75,,,,,,,,,0.0063707762431642915,1
bayesfl_observability_v1,vi_sparse_bayesian_keep010_seed42,34,vi,160,12,3221,,5,256,2202.1352078822943,0.03722462392082795,0.6516109671782546,0.6516109671782546,,,4.159141024838266,0.057782962918281555,0.9871867945262468,4.159141024838266,,0.6845683881983222,1.6114184451985936,2202.1352078822943,2098.838925281158,0.6516109671782546,0.020623355854192376,0.03722462392082795,0.6516109671782546,0.005,26.06478758864239,0.0683060459243173,0.06808673217892647,0.07720374464988708,0.10576529800891876,0.9656884939154201,0.8125981190176477,1.9944468773315636,,,,,,,,,,,,,,,,,,1,update_snr,bayesian,0.1,20,101770,10177,0.1,0.31533441510862464,0.1528279365823178,0.12976448096387588,0.3153316193941137,0.1528279365823178,0.12976448096387588,0.3153316193941137,0.3952983381533491,0.3751604287229289,0.49550251691839464,0.1258867808522032,0.11495092195296391,0.2502338704858332,0.3952983381533491,0.3751604287229289,0.49550251691839464,0.1258867808522032,0.11495092195296391,0.2502338704858332,2.736788628824612,3.1318432377162573,0.6580177523389066,0.7530024154057252,0.6580177523389066,814160,203540,81416,122124,0.75,,,,,,,,,0.006872631354176137,3221
bayesfl_observability_v1,vi_sparse_bayesian_keep010_seed42,35,vi,14,1,7,,5,256,671.4346159934997,1.7795861107962472,234.4453449990023,234.4453449990023,,,3.8006192565752928,0.025089677423238754,0.989824353362369,3.8006192565752928,,0.410116318288409,1.9178355689619568,671.4346159934997,1641.117414993016,234.4453449990023,0.016125748403193634,1.7795861107962472,234.4453449990023,0.005,26.709478486214135,0.0679947076411657,0.06786919012665749,0.0762592040002346,0.10522052645683289,0.9925729256469613,0.8372263127387706,2.0451166505652023,,,,,,,,,,,,,,,,,,1,update_snr,bayesian,0.1,20,101770,10177,0.1,0.2861222233021755,0.14929540434008495,0.1386780899653768,0.2861155605994996,0.14929540434008495,0.1386780899653768,0.2861155605994996,0.3219830496054121,0.3152641868238574,0.3620787400374315,0.13010788819949304,0.12344496367536435,0.24652808579069765,0.3219830496054121,0.3152641868238574,0.3620787400374315,0.13010788819949304,0.12344496367536435,0.24652808579069765,2.103937137801788,3.1651469560874053,0.5535774556111754,0.832797694904986,0.5535774556111754,814160,203540,81416,122124,0.75,,,,,,,,,0.006433137949624551,7
bayesfl_observability_v1,vi_sparse_bayesian_keep010_seed42,35,vi,69,5,63,,5,256,692.2216613769531,0.17624061826675658,26.14219177884086,26.14219177884086,,,3.8071150629871138,0.025073111057281494,0.9897813915161249,3.8071150629871138,,0.6915136378174996,1.579280430685095,692.2216613769531,1646.9580820669742,26.14219177884086,0.01618313925584135,0.17624061826675658,26.14219177884086,0.005,26.69912538736412,0.06799109370165013,0.06785819679498672,0.07627623677253724,0.10258949548006058,0.9924883036060447,0.837573784433518,2.0546326318530954,,,,,,,,,,,,,,,,,,1,update_snr,bayesian,0.1,20,101770,10177,0.1,0.2869013931337289,0.1495018534621905,0.13854225502021134,0.28689938998985104,0.1495018534621905,0.13854225502021134,0.28689938998985104,0.3226582432635217,0.3159036974317497,0.36308369619710223,0.13026225459537594,0.12350318317115533,0.24762611761283673,0.3226582432635217,0.3159036974317497,0.36308369619710223,0.13026225459537594,0.12350318317115533,0.24762611761283673,2.1057422560414514,3.1717463098338823,0.5531070695796774,0.8331101785364184,0.5531070695796774,814160,203540,81416,122124,0.75,,,,,,,,,0.006435885564548571,63
bayesfl_observability_v1,vi_sparse_bayesian_keep010_seed42,35,vi,162,13,1,,5,256,671.6904428720475,0.3125343918800354,1637.085311679563,1637.085311679563,,,3.7954967612356008,0.025022612884640694,0.9898325517912591,3.7954967612356008,,-0.0,2.185987945410232,671.6904428720475,1637.085311679563,1637.085311679563,0.01608612863986993,0.3125343918800354,1637.085311679563,0.005,26.683879801458257,0.06799334251946242,0.06787202134728432,0.0763142578303814,0.10334807634353638,0.9920169823343553,0.8352034276961795,2.0490813784002353,,,,,,,,,,,,,,,,,,1,update_snr,bayesian,0.1,20,101770,10177,0.1,0.2853002469591717,0.14915709298698493,0.1389699304084657,0.28529991167703944,0.14915709298698493,0.1389699304084657,0.28529991167703944,0.32121482039634003,0.31429715591465823,0.3615037783637894,0.13003956771927883,0.12356830125385024,0.24615738642566923,0.32121482039634003,0.31429715591465823,0.3615037783637894,0.13003956771927883,0.12356830125385024,0.24615738642566923,2.0969531818004246,3.163634463380217,0.5524845135469894,0.8335231624200662,0.5524845135469894,814160,203540,81416,122124,0.75,,,,,,,,,0.006440446822564318,1
bayesfl_observability_v1,vi_sparse_bayesian_keep010_seed42,35,vi,172,13,1,,5,256,657.1395719528198,0.3593412935733795,1639.2346655597457,1639.2346655597457,,,3.7979126269627357,0.025097906589508057,0.9898474818696489,3.7979126269627357,,-0.0,2.185987945410232,657.1395719528198,1639.2346655597457,1639.2346655597457,0.01610724835963197,0.3593412935733795,1639.2346655597457,0.005,26.72043323017975,0.06799121344189513,0.06785144284367561,0.07628540769219398,0.10449327528476715,0.99361142017004,0.8362587054512118,2.0560253073621397,,,,,,,,,,,,,,,,,,1,update_snr,bayesian,0.1,20,101770,10177,0.1,0.2855327178753252,0.14927733536307122,0.13912992123330903,0.2855312090544372,0.14927733536307122,0.13912992123330903,0.2855312090544372,0.3214069068880547,0.31522845640020314,0.3607527115905785,0.13015182741585085,0.12405639687410434,0.24655851901009113,0.3214069068880547,0.31522845640020314,0.3607527115905785,0.13015182741585085,0.12405639687410434,0.24655851901009113,2.0995587921324104,3.1648053969276684,0.5528191399735987,0.8333012651369562,0.5528191399735987,814160,203540,81416,122124,0.75,,,,,,,,,0.0064358049962403106,1
bayesfl_observability_v1,vi_sparse_bayesian_keep010_seed42,35,vi,224,17,73,,5,256,688.5062772750855,0.18668506570058327,22.573872277480373,22.573872277480373,,,3.808439859431031,0.025017574429512024,0.9897903180017512,3.808439859431031,,0.6276116833595444,1.622881584788002,688.5062772750855,1647.8926762560673,22.573872277480373,0.016192322651626876,0.18668506570058327,22.573872277480373,0.005,26.719832156576008,0.06799306853993639,0.0678652711212635,0.07629945799708367,0.10404136776924133,0.993026398805178,0.8351728820987687,2.04952569674976,,,,,,,,,,,,,,,,,,1,update_snr,bayesian,0.1,20,101770,10177,0.1,0.2856999449873197,0.14961979071389458,0.13926466967016415,0.2856975616497432,0.14961979071389458,0.13926466967016415,0.2856975616497432,0.3221671018890015,0.3158400230402877,0.3627621156524473,0.1304478672499938,0.12405823882266646,0.24735628025266412,0.3221671018890015,0.3158400230402877,0.3627621156524473,0.1304478672499938,0.12405823882266646,0.24735628025266412,2.105103052762423,3.1737604352177233,0.5527468282187653,0.8333492328514472,0.5527468282187653,814160,203540,81416,122124,0.75,,,,,,,,,0.006432038431374344,73
bayesfl_observability_v1,vi_sparse_bayesian_keep010_seed42,35,vi,141,11,1,,5,256,666.0753135442734,0.08704692125320435,1642.3662342717882,1642.3662342717882,,,3.8008072654707266,0.025071103125810623,0.9897991912243884,3.8008072654707266,,-0.0,2.3096097079310103,666.0753135442734,1642.3662342717882,1642.3662342717882,0.016138019399349397,0.08704692125320435,1642.3662342717882,0.005,26.677404941043115,0.06799498828151956,0.06787308678030968,0.07629717513918877,0.10385635495185852,0.9913203048053179,0.8335246654734743,2.0502073767518882,,,,,,,,,,,,,,,,,,1,update_snr,bayesian,0.1,20,101770,10177,0.1,0.28558315647974364,0.14938291227860084,0.13891347497392112,0.2855821869878793,0.14938291227860084,0.13891347497392112,0.2855821869878793,0.3216004900890975,0.31565665269411514,0.36170713900359713,0.13024762585521235,0.12383774174601071,0.24704896821641595,0.3216004900890975,0.31565665269411514,0.36170713900359713,0.13024762585521235,0.12383774174601071,0.24704896821641595,2.1007247818643573,3.167505526453904,0.5527048953386444,0.8333770447214748,0.5527048953386444,814160,203540,81416,122124,0.75,,,,,,,,,0.006435362812287297,1
bayesfl_observability_v1,vi_sparse_bayesian_keep010_seed42,35,vi,228,18,5,,5,256,667.9632963895798,0.5576518058776856,328.66703258160214,328.66703258160214,,,3.8012098359335615,0.02507125772535801,0.9898241978287452,3.8012098359335615,,0.6730116670092565,1.5651195035345156,667.9632963895798,1643.3351629080107,328.66703258160214,0.016147540168104654,0.5576518058776856,328.66703258160214,0.005,26.713368070721955,0.06799400260180917,0.06787114962935448,0.07630009353160858,0.10172057151794434,0.9932063111227579,0.8385751452322255,2.057196690957044,,,,,,,,,,,,,,,,,,1,update_snr,bayesian,0.1,20,101770,10177,0.1,0.28617769034525864,0.14926434758359106,0.13861554860811687,0.2861767521792827,0.14926434758359106,0.13861554860811687,0.2861767521792827,0.3218898918812375,0.31548695421161266,0.3614407317187832,0.13008373155051925,0.12317150230789532,0.24736537969417183,0.3218898918812375,0.31548695421161266,0.3614407317187832,0.13008373155051925,0.12317150230789532,0.24736537969417183,2.099059020648545,3.16909252699129,0.552208141946214,0.8337062839923369,0.552208141946214,814160,203540,81416,122124,0.75,,,,,,,,,0.006435049568872626,5
bayesfl_observability_v1,vi_sparse_bayesian_keep010_seed42,35,vi,232,18,259,,5,256,1453.1311249256134,0.000726680174239814,10.103252503831927,10.103252503831927,,,4.79650323902634,0.04710685461759567,0.9839469180903022,4.79650323902634,,-0.0,2.311121424016332,1453.1311249256134,2616.742398492469,10.103252503831927,0.025712315991868614,0.000726680174239814,10.103252503831927,0.005,26.87686933873156,0.0682197161843925,0.06807796657085419,0.07665803357958793,0.10174693167209625,0.996145439480033,0.8414722084954032,2.053859530365996,,,,,,,,,,,,,,,,,,1,update_snr,bayesian,0.1,20,101770,10177,0.1,0.3664309571901271,0.18175229144834154,0.15959571736858738,0.3664297120514997,0.18175229144834154,0.15959571736858738,0.3664297120514997,0.43984388425197307,0.42468842918253535,0.5266819243857629,0.15307544780349355,0.1417107551172253,0.2996554378459296,0.43984388425197307,0.42468842918253535,0.5266819243857629,0.15307544780349355,0.1417107551172253,0.2996554378459296,2.9578208347430697,3.7759421647517533,0.6166619070903596,0.787228106931967,0.6166619070903596,814160,203540,81416,122124,0.75,,,,,,,,,0.0065307618802208514,259
bayesfl_observability_v1,vi_sparse_bayesian_keep010_seed42,35,vi,258,20,11,,5,256,685.2250629425049,0.6547506072304465,149.01170662239068,149.01170662239068,,,3.8003720646734336,0.025052741169929504,0.9898368728393039,3.8003720646734336,,-0.0,2.259365973874069,685.2250629425049,1639.1287728462976,149.01170662239068,0.01610620784952636,0.6547506072304465,149.01170662239068,0.005,26.72374323676762,0.06799060318663305,0.06785867735743523,0.07629848793148995,0.10467267036437988,0.993521494393079,0.8392543154387333,2.04743747999961,,,,,,,,,,,,,,,,,,1,update_snr,bayesian,0.1,20,101770,10177,0.1,0.285289329509076,0.14939313044819114,0.13898058975936475,0.2852843819991035,0.14939313044819114,0.13898058975936475,0.2852843819991035,0.3213152897502198,0.3151502312920344,0.36123952389549596,0.1302906683035213,0.12396548275393411,0.2460855073614535,0.3213152897502198,0.3151502312920344,0.36123952389549596,0.1302906683035213,0.12396548275393411,0.2460855073614535,2.1025463924576187,3.1657742335033436,0.553247512790117,0.8330169203512917,0.553247512790117,814160,203540,81416,122124,0.75,,,,,,,,,0.0064375994503954185,11
bayesfl_observability_v1,vi_sparse_bayesian_keep010_seed42,35,vi,134,10,1,,5,256,667.6770634770394,0.053546253591775894,1640.9234683513007,1640.9234683513007,,,3.799934998333838,0.025043491274118423,0.9898264263426599,3.799934998333838,,-0.0,2.3096097079310103,667.6770634770394,1640.9234683513007,1640.9234683513007,0.016123842668284375,0.053546253591775894,1640.9234683513007,0.005,26.707395635900404,0.06799212439064223,0.06785581260919571,0.07626489251852035,0.10280904918909073,0.9926415877677093,0.8335197043737748,2.0479935696882787,,,,,,,,,,,,,,,,,,1,update_snr,bayesian,0.1,20,101770,10177,0.1,0.2854011361686164,0.14920677946689273,0.13893130566876796,0.2853993730025824,0.14920677946689273,0.13893130566876796,0.2853993730025824,0.322145834884919,0.31546467656262817,0.36360295602978665,0.12999132886488982,0.12384352299081963,0.24671920853420837,0.322145834884919,0.31546467656262817,0.36360295602978665,0.12999132886488982,0.12384352299081963,0.24671920853420837,2.1034402060018964,3.164655635505561,0.5535463651152439,0.8328183605491071,0.5535463651152439,814160,203540,81416,122124,0.75,,,,,,,,,0.006432358562221632,1
bayesfl_observability_v1,vi_sparse_bayesian_keep010_seed42,35,vi,135,10,1,,5,256,699.6974617823959,0.29474830627441406,1624.8046113541145,1624.8046113541145,,,3.7813230571866687,0.025042608380317688,0.9899222723998394,3.7813230571866687,,-0.0,2.311121424016332,699.6974617823959,1624.8046113541145,1624.8046113541145,0.015965457515516503,0.29474830627441406,1624.8046113541145,0.005,26.702036620179648,0.06799402020156378,0.06785468757152557,0.07628912404179573,0.10418043285608292,0.9926370873096467,0.8369399626818036,2.0503780116956305,,,,,,,,,,,,,,,,,,1,update_snr,bayesian,0.1,20,101770,10177,0.1,0.2846724439307841,0.14844064610209312,0.13782219591929262,0.2846719826130471,0.14844064610209312,0.13782219591929262,0.2846719826130471,0.32073941458543836,0.313706638378521,0.36232122704718406,0.12929633849283256,0.1224919832883792,0.24532154716123958,0.32073941458543836,0.313706638378521,0.36232122704718406,0.12929633849283256,0.1224919832883792,0.24532154716123958,2.0967430707583947,3.1467558783671494,0.5544998507264245,0.8321838231691207,0.5544998507264245,814160,203540,81416,122124,0.75,,,,,,,,,0.006436799294461132,1
bayesfl_observability_v1,vi_sparse_bayesian_keep010_seed42,35,vi,290,23,1103,,5,256,2256.6694023013115,0.024598289379074913,2.2610086135145417,2.2610086135145417,,,4.649129119208923,0.06344959884881973,0.9848894825582241,4.649129119208923,,-0.0,2.3096097079310103,2256.6694023013115,2493.8925007065395,2.2610086135145417,0.0245051832633049,0.024598289379074913,2.2610086135145417,0.005,26.844984422175937,0.06854113594621458,0.06837395206093788,0.07727056369185448,0.10348159074783325,0.990287653450582,0.834560372530369,2.0480175629554926,,,,,,,,,,,,,,,,,,1,update_snr,bayesian,0.1,20,101770,10177,0.1,0.35123395254042356,0.17052635534862212,0.14440009990342334,0.3512320589751292,0.17052635534862212,0.14440009990342334,0.3512320589751292,0.43879581655135,0.416753799562369,0.5462744834311344,0.14071863743720792,0.12820056684671058,0.28048225736363663,0.43879581655135,0.416753799562369,0.5462744834311344,0.14071863743720792,0.12820056684671058,0.28048225736363663,3.0434833166248807,3.514485861189728,0.654635145332928,0.7559449890666273,0.654635145332928,814160,203540,81416,122124,0.75,,,,,,,,,0.006742628649226542,1103
bayesfl_observability_v1,vi_sparse_bayesian_keep010_seed42,35,vi,35,2,1,,5,256,646.5689601361752,0.34588971734046936,1637.440579743276,1637.440579743276,,,3.7966026399110793,0.02505405806005001,0.9898492385785835,3.7966026399110793,,-0.0,2.3163460082440825,646.5689601361752,1637.440579743276,1637.440579743276,0.01608961953172129,0.34588971734046936,1637.440579743276,0.005,26.713692109149978,0.06799426420079394,0.06786027550697327,0.07627949044108391,0.10155657678842545,0.9927951234067894,0.8371888652518541,2.052089969605027,,,,,,,,,,,,,,,,,,1,update_snr,bayesian,0.1,20,101770,10177,0.1,0.2856322460227895,0.14909423432384425,0.13852056486253406,0.28562792985156465,0.14909423432384425,0.13852056486253406,0.28562792985156465,0.32179832027696137,0.31531061027283264,0.36180795437858754,0.12990489144016454,0.12328525741442672,0.24623057927546715,0.32179832027696137,0.31531061027283264,0.36180795437858754,0.12990489144016454,0.12328525741442672,0.24623057927546715,2.103781609635608,3.1604263231941987,0.5541221479224596,0.8324353699728291,0.5541221479224596,814160,203540,81416,122124,0.75,,,,,,,,,0.0064348755655453385,1
bayesfl_observability_v1,vi_sparse_bayesian_keep010_seed42,35,vi,277,22,783,,5,256,2152.799320602417,0.20954707786345694,3.4259524872126463,3.4259524872126463,,,4.838965668129469,0.06568242609500885,0.9836427789263406,4.838965668129469,,1.0837153259927952,1.2034482275163363,2152.799320602417,2682.520797487502,3.4259524872126463,0.02635865969821659,0.20954707786345694,3.4259524872126463,0.005,26.863683466996154,0.06846670076859405,0.06829288229346275,0.07710768803954125,0.10582922399044037,0.9921686014924963,0.836160163423384,2.04964516148229,,,,,,,,,,,,,,,,,,1,update_snr,bayesian,0.1,20,101770,10177,0.1,0.36476677134114915,0.17839343551786163,0.15208198308610998,0.36476156311433744,0.17839343551786163,0.15208198308610998,0.36476156311433744,0.456653504693499,0.43418254738472223,0.570646844396753,0.14747565005390192,0.13458861134032596,0.293023264504512,0.456653504693499,0.43418254738472223,0.570646844396753,0.14747565005390192,0.13458861134032596,0.293023264504512,3.1492446843853594,3.673941569378372,0.6508094705294156,0.759241090213925,0.6508094705294156,814160,203540,81416,122124,0.75,,,,,,,,,0.006686842149485061,783
bayesfl_observability_v1,vi_sparse_bayesian_keep010_seed42,35,vi,280,22,9,,5,256,655.0906148314476,0.08006844255659315,182.36012546495067,182.36012546495067,,,3.8008275658051667,0.0251004658639431,0.9898090587084796,3.8008275658051667,,-0.0,2.259365973874069,655.0906148314476,1641.241129184556,182.36012546495067,0.016126964028540396,0.08006844255659315,182.36012546495067,0.005,26.690881710318934,0.06799377024326013,0.06786659732460976,0.07627763226628304,0.10350517928600311,0.9918119189655841,0.8352205399054826,2.050307927854403,,,,,,,,,,,,,,,,,,1,update_snr,bayesian,0.1,20,101770,10177,0.1,0.28561411993459107,0.14932657994453283,0.13858589491904078,0.28561118244213735,0.14932657994453283,0.13858589491904078,0.28561118244213735,0.32190195498939395,0.31535410694919125,0.36263893080338444,0.13015153827288153,0.1234334524834552,0.24649163788741382,0.32190195498939395,0.31535410694919125,0.36263893080338444,0.13015153827288153,0.1234334524834552,0.24649163788741382,2.103131782902525,3.165932230596494,0.5533352267342331,0.8329586585509368,0.5533352267342331,814160,203540,81416,122124,0.75,,,,,,,,,0.00643911871102908,9
bayesfl_observability_v1,vi_sparse_bayesian_keep010_seed42,36,vi,216,17,1,,5,256,655.6895216226578,0.0033279056660830975,1623.4225028439068,1623.4225028439068,,,3.7967503620941665,0.025073353201150894,0.9903991350681458,3.7967503620941665,,-0.0,2.3096097079310103,655.6895216226578,1623.4225028439068,1623.4225028439068,0.015951876808921163,0.0033279056660830975,1623.4225028439068,0.005,27.465426510525372,0.06830979916373708,0.0681852251291275,0.07664374932646752,0.10339940339326859,1.0156254628650363,0.85493149509329,2.1042429460120333,,,,,,,,,,,,,,,,,,1,update_snr,bayesian,0.1,20,101770,10177,0.1,0.2847430314560796,0.14835108704454758,0.13794765804012254,0.2847365920469034,0.14835108704454758,0.13794765804012254,0.2847365920469034,0.3204446477734347,0.3138277204740668,0.36021027094788005,0.12922958029689344,0.12259602377606058,0.24543669970829204,0.3204446477734347,0.3138277204740668,0.36021027094788005,0.12922958029689344,0.12259602377606058,0.24543669970829204,2.1004342016987407,3.162829346707845,0.553218937612798,0.833035897825879,0.553218937612798,814160,203540,81416,122124,0.75,,,,,,,,,0.006478123463266097,1
bayesfl_observability_v1,vi_sparse_bayesian_keep010_seed42,36,vi,121,9,1,,5,256,661.5335433244705,0.0009567927336320281,1630.8050935033316,1630.8050935033316,,,3.8050612349863235,0.02504114806652069,0.9903775219572925,3.8050612349863235,,-0.0,2.28098669344155,661.5335433244705,1630.8050935033316,1630.8050935033316,0.01602441872362515,0.0009567927336320281,1630.8050935033316,0.005,27.494304977585067,0.06830871142326199,0.06818041577935219,0.07665376514196397,0.10260812938213348,1.0167910403301574,0.854770971724637,2.103520572218343,,,,,,,,,,,,,,,,,,1,update_snr,bayesian,0.1,20,101770,10177,0.1,0.2843457301449627,0.1489837427711862,0.13875710612048173,0.2843447824559734,0.1489837427711862,0.13875710612048173,0.2843447824559734,0.3210529929909891,0.3145889584701773,0.3607787352726818,0.1298649371912081,0.1239968126484786,0.24522951834890963,0.3210529929909891,0.3145889584701773,0.3607787352726818,0.1298649371912081,0.1239968126484786,0.24522951834890963,2.1055463724640253,3.169410903527538,0.5533541360922654,0.8329460967371081,0.5533541360922654,814160,203540,81416,122124,0.75,,,,,,,,,0.00647817846123451,1
bayesfl_observability_v1,vi_sparse_bayesian_keep010_seed42,36,vi,124,9,63,,5,256,692.4168375492096,0.018810124624343144,25.987869486467517,25.987869486467517,,,3.8129364977744995,0.025072354823350906,0.9903283236865223,3.8129364977744995,,0.12974069471942834,2.1312291508990175,692.4168375492096,1637.2357776474535,25.987869486467517,0.01608760713026878,0.018810124624343144,25.987869486467517,0.005,27.481797895968455,0.06831175055088716,0.06820560991764069,0.07666177973151207,0.1022786796092987,1.0161298471748548,0.8541843586912432,2.1011863118813427,,,,,,,,,,,,,,,,,,1,update_snr,bayesian,0.1,20,101770,10177,0.1,0.28487035667774135,0.14924224419241897,0.1394613007251099,0.2848693504323362,0.14924224419241897,0.1394613007251099,0.2848693504323362,0.3209477614840425,0.3141810015558193,0.36133789166632757,0.13016385338223854,0.12435472114338844,0.24617559065984723,0.3209477614840425,0.3141810015558193,0.36133789166632757,0.13016385338223854,0.12435472114338844,0.24617559065984723,2.10351945504874,3.1802029240745533,0.5516796454062383,0.834056094543076,0.5516796454062383,814160,203540,81416,122124,0.75,,,,,,,,,0.0064749275573956116,63
bayesfl_observability_v1,vi_sparse_bayesian_keep010_seed42,36,vi,231,18,2,,5,256,670.7574375391007,0.060980651527643204,814.8309053000595,814.8309053000595,,,3.8035483635622915,0.025075294077396393,0.9903717352711572,3.8035483635622915,,-0.0,2.3096097079310103,670.7574375391007,1629.661810600119,814.8309053000595,0.016013184736170964,0.060980651527643204,814.8309053000595,0.005,27.475625713550457,0.06831138943394023,0.06818728521466255,0.0766493834555149,0.10136055201292038,1.0161710216723545,0.8551596763835115,2.102728715382375,,,,,,,,,,,,,,,,,,1,update_snr,bayesian,0.1,20,101770,10177,0.1,0.28412675515830416,0.14903421671622452,0.139032827050769,0.2841219459912889,0.14903421671622452,0.139032827050769,0.2841219459912889,0.32018770234040245,0.3136866127116191,0.3608588901526931,0.13001716275798253,0.1243240601370456,0.24544294583351853,0.32018770234040245,0.3136866127116191,0.3608588901526931,0.13001716275798253,0.1243240601370456,0.24544294583351853,2.0979792720159365,3.1726114051596177,0.5515847496812242,0.8341188547917512,0.5515847496812242,814160,203540,81416,122124,0.75,,,,,,,,,0.006477404167847529,2
bayesfl_observability_v1,vi_sparse_bayesian_keep010_seed42,36,vi,127,10,1062,,5,256,2208.6193158614637,0.017420222642507033,2.324571511415007,2.324571511415007,,,4.651053054099362,0.07014191895723343,0.9857175617205353,4.651053054099362,,-0.0,2.28098669344155,2208.6193158614637,2468.6949451227374,2.324571511415007,0.024257590106345067,0.017420222642507033,2.324571511415007,0.005,27.61777727606208,0.06883712543081831,0.06866467744112015,0.07756700515747071,0.11035557836294174,1.01449087339009,0.8520160969768932,2.099239806147518,,,,,,,,,,,,,,,,,,1,update_snr,bayesian,0.1,20,101770,10177,0.1,0.34913630802020945,0.16958683953036008,0.14358266827267993,0.34912564417695646,0.16958683953036008,0.14358266827267993,0.34912564417695646,0.43857235318079496,0.4165959363876029,0.5474724235859457,0.1396995602358673,0.12731122354661917,0.27825103759275976,0.43857235318079496,0.4165959363876029,0.5474724235859457,0.1396995602358673,0.12731122354661917,0.27825103759275976,3.0544046296452283,3.50754998117617,0.6567124894335759,0.7541410386804065,0.6567124894335759,814160,203540,81416,122124,0.75,,,,,,,,,0.00677185362675988,1062
bayesfl_observability_v1,vi_sparse_bayesian_keep010_seed42,36,vi,51,4,126,,5,256,758.3076272964478,0.059587675427633616,13.190559237673128,13.190559237673128,,,3.841713735896169,0.025082115083932877,0.9901787645638036,3.841713735896169,,-0.0,2.185987945410232,758.3076272964478,1662.010463946814,13.190559237673128,0.016331045140481615,0.059587675427633616,13.190559237673128,0.005,27.478679010196988,0.06830770160047119,0.0681772418320179,0.07662070021033288,0.10237370431423187,1.0165280918327853,0.8576291064284228,2.1017142732960568,,,,,,,,,,,,,,,,,,1,update_snr,bayesian,0.1,20,101770,10177,0.1,0.2859899397178764,0.1507905300804311,0.14172065126365663,0.28598871849982566,0.1507905300804311,0.14172065126365663,0.28598871849982566,0.32141751687310266,0.3150778014781492,0.360865109348868,0.1318319759923565,0.12683503109633326,0.2475295601421968,0.32141751687310266,0.3150778014781492,0.360865109348868,0.1318319759923565,0.12683503109633326,0.2475295601421968,2.10452069075852,3.213993946905095,0.54780778460777,0.836604226096861,0.54780778460777,814160,203540,81416,122124,0.75,,,,,,,,,0.0064783780566975225,126
bayesfl_observability_v1,vi_sparse_bayesian_keep010_seed42,36,vi,203,16,1,,5,256,652.7508143544197,0.012059398926794529,1629.6401283832529,1629.6401283832529,,,3.803349217442416,0.02508358284831047,0.9903725114982646,3.803349217442416,,-0.0,2.311121424016332,652.7508143544197,1629.6401283832529,1629.6401283832529,0.016012971685007888,0.012059398926794529,1629.6401283832529,0.005,27.475291601954538,0.0683069807822755,0.06817415356636047,0.07664166614413262,0.10277567058801651,1.0161563019199016,0.8537149524318015,2.1022183265991745,,,,,,,,,,,,,,,,,,1,update_snr,bayesian,0.1,20,101770,10177,0.1,0.28436864130873285,0.1488860872551941,0.13858321513511923,0.2843545871787905,0.1488860872551941,0.13858321513511923,0.2843545871787905,0.3205771143672147,0.31367442020801495,0.36172898145782023,0.12980930646496958,0.12382221134931932,0.24544456459650452,0.3205771143672147,0.31367442020801495,0.36172898145782023,0.12980930646496958,0.12382221134931932,0.24544456459650452,2.1000896160488174,3.1709760128994646,0.5521684957083784,0.8337325424542019,0.5521684957083784,814160,203540,81416,122124,0.75,,,,,,,,,0.006484528748687133,1
bayesfl_observability_v1,vi_sparse_bayesian_keep010_seed42,36,vi,206,16,38,,5,256,781.030330657959,0.15383135645013107,42.96881158351072,42.96881158351072,,,3.8088952934634546,0.0250406414270401,0.9903441017683642,3.8088952934634546,,-0.0,2.3277319754160017,781.030330657959,1632.8148401734074,42.96881158351072,0.016044166651993784,0.15383135645013107,42.96881158351072,0.005,27.475050728732583,0.06830331049288486,0.06817646324634552,0.07663474977016449,0.10314618796110153,1.0162200524945664,0.8549661365346223,2.106303064887743,,,,,,,,,,,,,,,,,,1,update_snr,bayesian,0.1,20,101770,10177,0.1,0.28552683210113133,0.1488404125523823,0.13795827189137502,0.28552611883321005,0.1488404125523823,0.13795827189137502,0.28552611883321005,0.32165349415484257,0.31513546448861635,0.36209362274903806,0.12963895904099784,0.12292323697730909,0.24606957215383965,0.32165349415484257,0.31513546448861635,0.36209362274903806,0.12963895904099784,0.12292323697730909,0.24606957215383965,2.1103959838895268,3.1707904610287683,0.5540703593273443,0.8324698414446428,0.5540703593273443,814160,203540,81416,122124,0.75,,,,,,,,,0.006477572560996872,38
bayesfl_observability_v1,vi_sparse_bayesian_keep010_seed42,36,vi,274,21,69,,5,256,699.5852823257446,0.04108042647873146,23.648335605773564,23.648335605773564,,,3.8076787294072743,0.025032352656126022,0.9903445614947127,3.8076787294072743,,-0.0,2.259365973874069,699.5852823257446,1631.735156798376,23.648335605773564,0.01603355759849048,0.04108042647873146,23.648335605773564,0.005,27.46690542975594,0.06831131197198811,0.06817140057682991,0.07668061554431915,0.1034989207983017,1.0152991247606442,0.8544869027860549,2.099924345849994,,,,,,,,,,,,,,,,,,1,update_snr,bayesian,0.1,20,101770,10177,0.1,0.2847413766075219,0.14902467043519782,0.1388773659568259,0.28473385163984155,0.14902467043519782,0.1388773659568259,0.28473385163984155,0.3202781614305809,0.31374729854406297,0.3605132027457321,0.12999650476904412,0.12382639487729247,0.24596057553890024,0.3202781614305809,0.31374729854406297,0.3605132027457321,0.12999650476904412,0.12382639487729247,0.24596057553890024,2.1008348719904655,3.1756747546008883,0.5517363783255669,0.834018566239498,0.5517363783255669,814160,203540,81416,122124,0.75,,,,,,,,,0.006479761870914934,69
bayesfl_observability_v1,vi_sparse_bayesian_keep010_seed42,36,vi,243,19,1,,5,256,678.9296337604522,0.6426054239273071,1620.0715285474798,1620.0715285474798,,,3.791590043900155,0.025099091231822968,0.9904437261207244,3.791590043900155,,-0.0,2.185987945410232,678.9296337604522,1620.0715285474798,1620.0715285474798,0.01591894987272752,0.6426054239273071,1620.0715285474798,0.005,27.4912913072075,0.06830971800431447,0.0681946873664856,0.07665164172649384,0.10057506710290909,1.0169085060036809,0.8559370070318659,2.1020055468748478,,,,,,,,,,,,,,,,,,1,update_snr,bayesian,0.1,20,101770,10177,0.1,0.2840230846194963,0.14834339842590974,0.13779830673733356,0.2840136942096307,0.14834339842590974,0.13779830673733356,0.2840136942096307,0.32048301172878213,0.3141533889332416,0.3612426333507699,0.12921677472559054,0.12287988718598294,0.2447243970940727,0.32048301172878213,0.3141533889332416,0.3612426333507699,0.12921677472559054,0.12287988718598294,0.2447243970940727,2.100662631275278,3.1564808839222236,0.5540321097358055,0.8324952981138655,0.5540321097358055,814160,203540,81416,122124,0.75,,,,,,,,,0.006476058568353128,1
bayesfl_observability_v1,vi_sparse_bayesian_keep010_seed42,36,vi,47,3,1,,5,256,651.3706439733505,2.079301118850708,1620.6870229831045,1620.6870229831045,,,3.793721813949885,0.02507960796356201,0.9904220474501931,3.793721813949885,,-0.0,2.3292713582565514,651.3706439733505,1620.6870229831045,1620.6870229831045,0.015924997769314185,2.079301118850708,1620.6870229831045,0.005,27.476159219261177,0.06830980812156494,0.06818743050098419,0.07665315866470337,0.10156158357858658,1.015975547943704,0.8542704321767449,2.103499338756312,,,,,,,,,,,,,,,,,,1,update_snr,bayesian,0.1,20,101770,10177,0.1,0.2838750002768506,0.1481985578882251,0.1379753675386678,0.28386928049274673,0.1481985578882251,0.1379753675386678,0.28386928049274673,0.3204780121053142,0.3137638745615336,0.36195435521981956,0.1290563963085485,0.1226961757405962,0.24493466705544004,0.3204780121053142,0.3137638745615336,0.36195435521981956,0.1290563963085485,0.1226961757405962,0.24493466705544004,2.1038655948024294,3.156909051690568,0.5545650677564998,0.832140364135901,0.5545650677564998,814160,203540,81416,122124,0.75,,,,,,,,,0.006474159278824789,1
bayesfl_observability_v1,vi_sparse_bayesian_keep010_seed42,36,vi,48,3,1,,5,256,665.9209993362426,3.3062620162963867,1624.0186660712955,1624.0186660712955,,,3.7966356466089697,0.025058504194021225,0.9903963907020442,3.7966356466089697,,-0.0,2.3292713582565514,665.9209993362426,1624.0186660712955,1624.0186660712955,0.0159577347555399,3.3062620162963867,1624.0186660712955,0.005,27.460619711662044,0.06831069706730604,0.06818611919879913,0.07668210864067078,0.10094563663005829,1.015636146313947,0.8563077463318471,2.1006913976690003,,,,,,,,,,,,,,,,,,1,update_snr,bayesian,0.1,20,101770,10177,0.1,0.28448921524807697,0.14844527033971158,0.13772458086754896,0.2844845073782073,0.14844527033971158,0.13772458086754896,0.2844845073782073,0.32058873022938816,0.31394775796367835,0.360936436300499,0.12931821924085862,0.12283238454238438,0.24533438740679453,0.32058873022938816,0.31394775796367835,0.360936436300499,0.12931821924085862,0.12283238454238438,0.24533438740679453,2.1024980336156247,3.161320017294098,0.5537792480807335,0.8326635241171181,0.5537792480807335,814160,203540,81416,122124,0.75,,,,,,,,,0.006474094934210888,1
bayesfl_observability_v1,vi_sparse_bayesian_keep010_seed42,36,vi,17,1,202,,5,256,956.8592059135437,0.002362423309005133,8.444259918185415,8.444259918185415,,,3.8963773037362888,0.025048457086086273,0.9898866294577424,3.8963773037362888,,-0.0,2.3292713582565514,956.8592059135437,1705.7405034734536,8.444259918185415,0.01676073993783486,0.002362423309005133,8.444259918185415,0.005,27.465894286959053,0.0683000701470188,0.06817181408405304,0.07664606124162675,0.10168435424566269,1.015435938088575,0.8533989237543846,2.099668544964402,,,,,,,,,,,,,,,,,,1,update_snr,bayesian,0.1,20,101770,10177,0.1,0.28640423217008465,0.15390145556142554,0.14749770666781045,0.2864022419543628,0.15390145556142554,0.14749770666781045,0.2864022419543628,0.32094932366221246,0.31434451692660736,0.36043305832058603,0.13534058132800478,0.13165008193529623,0.2499175875742992,0.32094932366221246,0.31434451692660736,0.36043305832058603,0.13534058132800478,0.13165008193529623,0.2499175875742992,2.1030434336201713,3.2800860368865896,0.5397432716804748,0.8418296743852991,0.5397432716804748,814160,203540,81416,122124,0.75,,,,,,,,,0.006478554163352129,202
bayesfl_observability_v1,vi_sparse_bayesian_keep010_seed42,36,vi,7,0,80,,5,256,887.1772417068481,0.055597758293151854,20.957497553947118,20.957497553947118,,,3.860863475086331,0.025074876844882965,0.990077649724303,3.860863475086331,,-0.0,2.4040642619438994,887.1772417068481,1676.5998043157695,20.957497553947118,0.01647440114292787,0.055597758293151854,20.957497553947118,0.005,27.475263838329365,0.06830778809701182,0.06819312646985054,0.07666811496019363,0.10274709016084671,1.0162061619799245,0.8563961251363772,2.099865389226359,,,,,,,,,,,,,,,,,,1,update_snr,bayesian,0.1,20,101770,10177,0.1,0.28758598009088104,0.151419744227434,0.141919691959159,0.28758569246507454,0.151419744227434,0.141919691959159,0.28758569246507454,0.3228747592536044,0.3162580869652906,0.36255413469755876,0.13236918700230402,0.12655853364951591,0.24914192772012522,0.3228747592536044,0.3162580869652906,0.36255413469755876,0.13236918700230402,0.12655853364951591,0.24914192772012522,2.1127935554905255,3.2314656373128003,0.5472334282535806,0.8369800326183622,0.5472334282535806,814160,203540,81416,122124,0.75,,,,,,,,,0.006479599168346048,80
bayesfl_observability_v1,vi_sparse_bayesian_keep010_seed42,36,vi,9,0,1,,5,256,674.3627838373184,3.783811330795288,1626.7503561434617,1626.7503561434617,,,3.8025072702060427,0.02502627670764923,0.9903752147719973,3.8025072702060427,,-0.0,2.3292713582565514,674.3627838373184,1626.7503561434617,1626.7503561434617,0.015984576556386573,3.783811330795288,1626.7503561434617,0.005,27.473058757798476,0.06831009685403854,0.06818900257349014,0.07667828351259232,0.10350657999515533,1.015350292607771,0.8536526083286264,2.100196709488881,,,,,,,,,,,,,,,,,,1,update_snr,bayesian,0.1,20,101770,10177,0.1,0.2848784768236043,0.1484875489085872,0.13819486443385343,0.28486462251486927,0.1484875489085872,0.13819486443385343,0.28486462251486927,0.32080837085420916,0.3141319337528607,0.36078028981854676,0.1293407909146292,0.12273591085352284,0.2458145960819578,0.32080837085420916,0.3141319337528607,0.36078028981854676,0.1293407909146292,0.12273591085352284,0.2458145960819578,2.1038345569084442,3.1674819174113176,0.5532756172204362,0.8329982541334324,0.5532756172204362,814160,203540,81416,122124,0.75,,,,,,,,,0.006476688006150118,1
bayesfl_observability_v1,vi_sparse_bayesian_keep010_seed42,37,vi,266,21,1,,5,256,652.5431554913521,0.825770378112793,1617.1866411667777,1617.1866411667777,,,3.803332617292946,0.0250617116689682,0.9907941383617683,3.803332617292946,,-0.0,2.185987945410232,652.5431554913521,1617.1866411667777,1617.1866411667777,0.015890602743114646,0.825770378112793,1617.1866411667777,0.005,28.09424746335707,0.06857543311265675,0.06846413761377335,0.07694854438304902,0.10280618071556091,1.035062575768098,0.8701408631094869,2.1380444550666438,,,,,,,,,,,,,,,,,,1,update_snr,bayesian,0.1,20,101770,10177,0.1,0.2839367608283048,0.14821719088480215,0.13775310487087714,0.2839314005422705,0.14821719088480215,0.13775310487087714,0.2839314005422705,0.3197268027341331,0.3129887384315009,0.3593197742783269,0.12916056734598763,0.12272588723906934,0.2446216245246347,0.3197268027341331,0.3129887384315009,0.3593197742783269,0.12916056734598763,0.12272588723906934,0.2446216245246347,2.1051304694615594,3.1676118298031692,0.5534962837302154,0.8328516457910389,0.5534962837302154,814160,203540,81416,122124,0.75,,,,,,,,,0.006504513274304451,1
bayesfl_observability_v1,vi_sparse_bayesian_keep010_seed42,37,vi,222,17,107,,5,256,702.3053665161133,0.0005891289666434315,15.266379615451,15.266379615451,,,3.8221753136689487,0.025089235976338387,0.9906957576457981,3.8221753136689487,,-0.0,2.185987945410232,702.3053665161133,1633.502618853257,15.266379615451,0.01605092481923216,0.0005891289666434315,15.266379615451,0.005,28.084556406265573,0.06857120472602155,0.0684531182050705,0.07693633213639259,0.10247005522251129,1.0347529302593905,0.8705971861952575,2.135666698415046,,,,,,,,,,,,,,,,,,1,update_snr,bayesian,0.1,20,101770,10177,0.1,0.28445815848125433,0.14894459053553327,0.13897715685161055,0.28444973504777443,0.14894459053553327,0.13897715685161055,0.28444973504777443,0.3203212051827278,0.3132778473930096,0.3609219860707579,0.12990274446362277,0.1236433891161352,0.24629462210522446,0.3203212051827278,0.3132778473930096,0.3609219860707579,0.12990274446362277,0.1236433891161352,0.24629462210522446,2.1061908284788746,3.1895116119010773,0.5510450608967798,0.8344754884724086,0.5510450608967798,814160,203540,81416,122124,0.75,,,,,,,,,0.006497859209127841,107
bayesfl_observability_v1,vi_sparse_bayesian_keep010_seed42,37,vi,96,7,1,,5,256,637.9438184320927,0.0028166405390948057,1618.3629467059257,1618.3629467059257,,,3.8054651455958206,0.02505422756075859,0.990782445956086,3.8054651455958206,,-0.0,2.259365973874069,637.9438184320927,1618.3629467059257,1618.3629467059257,0.01590216121357891,0.0028166405390948057,1618.3629467059257,0.005,28.092287297799487,0.068571139512064,0.06847207248210907,0.07692037969827652,0.10285588353872299,1.0356138231994363,0.8717068780513122,2.140527211034157,,,,,,,,,,,,,,,,,,1,update_snr,bayesian,0.1,20,101770,10177,0.1,0.28342525928982376,0.1482319307587458,0.1382284780271092,0.28342098692864853,0.1482319307587458,0.1382284780271092,0.28342098692864853,0.31983809683766096,0.31328674672997714,0.3607761382510874,0.12916457897219963,0.1230231052976901,0.24485504077625853,0.31983809683766096,0.31328674672997714,0.3607761382510874,0.12916457897219963,0.1230231052976901,0.24485504077625853,2.1067514317964697,3.1690950410122065,0.5536120687466226,0.8327746858172899,0.5536120687466226,814160,203540,81416,122124,0.75,,,,,,,,,0.006499716729434212,1
bayesfl_observability_v1,vi_sparse_bayesian_keep010_seed42,37,vi,119,9,1,,5,256,642.0449640750885,0.27774104475975037,1622.3036358218808,1622.3036358218808,,,3.810645646090176,0.025019414722919464,0.9907504787889055,3.810645646090176,,-0.0,2.3163460082440825,642.0449640750885,1622.3036358218808,1622.3036358218808,0.015940882733830018,0.27774104475975037,1622.3036358218808,0.005,28.08215111232056,0.06856870889799867,0.06844395399093628,0.07694546282291412,0.10173798352479935,1.0352027269213315,0.8714320556027477,2.13771303958094,,,,,,,,,,,,,,,,,,1,update_snr,bayesian,0.1,20,101770,10177,0.1,0.28319996574594225,0.14859766529386767,0.13844130715708539,0.28318314187208543,0.14859766529386767,0.13844130715708539,0.28318314187208543,0.31921667175665225,0.31250276187477805,0.359324986856648,0.12963999790911385,0.12362998018090993,0.24509167379229724,0.31921667175665225,0.31250276187477805,0.359324986856648,0.12963999790911385,0.12362998018090993,0.24509167379229724,2.1021620737203124,3.178354111152178,0.5516550918024054,0.8340723348058494,0.5516550918024054,814160,203540,81416,122124,0.75,,,,,,,,,0.0064953359869249295,1
bayesfl_observability_v1,vi_sparse_bayesian_keep010_seed42,37,vi,108,8,1,,5,256,620.9391416549682,1.029793620109558,1619.5381842590066,1619.5381842590066,,,3.8074883308991008,0.024998385459184647,0.9907694252272716,3.8074883308991008,,-0.0,2.3163460082440825,620.9391416549682,1619.5381842590066,1619.5381842590066,0.015913709189928335,1.029793620109558,1619.5381842590066,0.005,28.08753461989792,0.06857623182869682,0.06847049668431282,0.07694476470351219,0.10285238921642303,1.0355222363602539,0.8701907773216918,2.1369682292813796,,,,,,,,,,,,,,,,,,1,update_snr,bayesian,0.1,20,101770,10177,0.1,0.2838719030762727,0.14833899738669626,0.13790886140334663,0.2838708400355216,0.14833899738669626,0.13790886140334663,0.2838708400355216,0.3195287372814374,0.31315097019190097,0.359485245859864,0.12931791517616942,0.12287739237706016,0.24505134987030125,0.3195287372814374,0.31315097019190097,0.359485245859864,0.12931791517616942,0.12287739237706016,0.24505134987030125,2.105917243711292,3.1720781756716327,0.5530988044325799,0.8331156657603145,0.5530988044325799,814160,203540,81416,122124,0.75,,,,,,,,,0.006499512667997506,1
bayesfl_observability_v1,vi_sparse_bayesian_keep010_seed42,37,vi,293,23,2,,5,256,629.5692160129547,2.103724956512451,810.8449732524351,810.8449732524351,,,3.809037020555902,0.0250866562128067,0.9907525363971825,3.809037020555902,,-0.0,2.3096097079310103,629.5692160129547,1621.6899465048702,810.8449732524351,0.0159348525744804,2.103724956512451,810.8449732524351,0.005,28.07327692188808,0.06856564744553638,0.06846784800291061,0.0769398920238018,0.10337704420089722,1.0345802323934297,0.8691545305758708,2.1396346200535175,,,,,,,,,,,,,,,,,,1,update_snr,bayesian,0.1,20,101770,10177,0.1,0.28403383907119606,0.1483864028531014,0.13820402183155606,0.2840332928918179,0.1483864028531014,0.13820402183155606,0.2840332928918179,0.3200994460142712,0.31383508461198245,0.3604971769779253,0.1293071758351936,0.12299352119531709,0.24528756581170436,0.3200994460142712,0.31383508461198245,0.3604971769779253,0.1293071758351936,0.12299352119531709,0.24528756581170436,2.1071391349170105,3.1731258547474273,0.5531947112998887,0.8330519860067761,0.5531947112998887,814160,203540,81416,122124,0.75,,,,,,,,,0.0064984898710816336,2
bayesfl_observability_v1,vi_sparse_bayesian_keep010_seed42,37,vi,299,23,1,,5,256,642.3631170511246,0.01476280391216278,1613.5201633654133,1613.5201633654133,,,3.8018237669457493,0.02505629137158394,0.9907774393038815,3.8018237669457493,,-0.0,2.3096097079310103,642.3631170511246,1613.5201633654133,1613.5201633654133,0.015854575644742196,0.01476280391216278,1613.5201633654133,0.005,28.057162900493385,0.06856969198296402,0.06846889480948448,0.07692308500409126,0.09926781803369522,1.033717559153326,0.8681882156116063,2.138508499017594,,,,,,,,,,,,,,,,,,1,update_snr,bayesian,0.1,20,101770,10177,0.1,0.2836359671252287,0.14792125051337457,0.13739696309366978,0.2836205913081449,0.14792125051337457,0.13739696309366978,0.2836205913081449,0.31926836288287436,0.312558779498398,0.35921496456730156,0.12888268247231904,0.12217364105111972,0.24474317324811246,0.31926836288287436,0.312558779498398,0.35921496456730156,0.12888268247231904,0.12217364105111972,0.24474317324811246,2.105307468092701,3.1656822992376674,0.5537625090349809,0.8326746565059392,0.5537625090349809,814160,203540,81416,122124,0.75,,,,,,,,,0.00649074611153603,1
bayesfl_observability_v1,vi_sparse_bayesian_keep010_seed42,37,vi,187,15,29,,5,256,622.7939691185951,0.038430900409303866,56.168808617827736,56.168808617827736,,,3.8185863719150834,0.025075703859329224,0.9907085957995642,3.8185863719150834,,-0.0,2.28098669344155,622.7939691185951,1628.8954499170043,56.168808617827736,0.016005654416006723,0.038430900409303866,56.168808617827736,0.005,28.07739864326652,0.0685703974815668,0.06846905872225761,0.07693509757518768,0.10351204127073288,1.0348665181654177,0.8687350501614903,2.138973455228975,,,,,,,,,,,,,,,,,,1,update_snr,bayesian,0.1,20,101770,10177,0.1,0.2838303330014189,0.14886904696557296,0.13885660942666783,0.283827700662994,0.14886904696557296,0.13885660942666783,0.283827700662994,0.31997404901341076,0.31355260412459246,0.3602855270017481,0.12985738007136874,0.12344880802842434,0.2454228813078743,0.31997404901341076,0.31355260412459246,0.3602855270017481,0.12985738007136874,0.12344880802842434,0.2454228813078743,2.106444784280933,3.1850419542843182,0.5516294720405961,0.8340892791399577,0.5516294720405961,814160,203540,81416,122124,0.75,,,,,,,,,0.0064933870822134025,29
bayesfl_observability_v1,vi_sparse_bayesian_keep010_seed42,37,vi,196,15,1,,5,256,649.3134272515774,0.42941412329673767,1611.5034421818193,1611.5034421818193,,,3.7979830711785305,0.02508305013179779,0.990807308007876,3.7979830711785305,,-0.0,2.185987945410232,649.3134272515774,1611.5034421818193,1611.5034421818193,0.015834759184256846,0.42941412329673767,1611.5034421818193,0.005,28.07474726332909,0.068568185756108,0.06846604123711586,0.07693213298916816,0.10166199505329132,1.034695389209384,0.8695249330752615,2.1382638867075485,,,,,,,,,,,,,,,,,,1,update_snr,bayesian,0.1,20,101770,10177,0.1,0.2828617453599468,0.14791671594944483,0.13748864558139368,0.2828615341046011,0.14791671594944483,0.13748864558139368,0.2828615341046011,0.3189488383600137,0.31252521686697227,0.35996660981409423,0.1289131467927149,0.12242066578020573,0.2445164553571306,0.3189488383600137,0.31252521686697227,0.35996660981409423,0.1289131467927149,0.12242066578020573,0.2445164553571306,2.1011359370455844,3.1638431034130456,0.5532241449390117,0.8330324396183503,0.5532241449390117,814160,203540,81416,122124,0.75,,,,,,,,,0.006499093681469558,1
bayesfl_observability_v1,vi_sparse_bayesian_keep010_seed42,37,vi,198,15,1,,5,256,676.291670024395,0.06156259775161743,1607.4150981674372,1607.4150981674372,,,3.792106009728914,0.025050237774848938,0.9908421080941079,3.792106009728914,,-0.0,2.3096097079310103,676.291670024395,1607.4150981674372,1607.4150981674372,0.015794586795395867,0.06156259775161743,1607.4150981674372,0.005,28.084342961068458,0.06856789491269757,0.06847894564270973,0.07692080289125443,0.10152729600667953,1.0348659720416502,0.8688820039806211,2.13862312278583,,,,,,,,,,,,,,,,,,1,update_snr,bayesian,0.1,20,101770,10177,0.1,0.28293685797433915,0.14768096509723008,0.13736106758360012,0.2829335721307687,0.14768096509723008,0.13736106758360012,0.2829335721307687,0.3189463143616301,0.3120823480871156,0.3589233622731368,0.12865148184563005,0.12216088429282324,0.24429996476478105,0.3189463143616301,0.3120823480871156,0.3589233622731368,0.12865148184563005,0.12216088429282324,0.24429996476478105,2.1016536299289204,3.1564410352212753,0.5542180583920863,0.8323715178645335,0.5542180583920863,814160,203540,81416,122124,0.75,,,,,,,,,0.006495887182080231,1
bayesfl_observability_v1,vi_sparse_bayesian_keep010_seed42,37,vi,54,4,1,,5,256,648.2219154119491,1.2035105228424072,1611.1648233023543,1611.1648233023543,,,3.796963463245562,0.02507069706916809,0.9908302598114308,3.796963463245562,,-0.0,2.3096097079310103,648.2219154119491,1611.1648233023543,1611.1648233023543,0.015831431888595406,1.2035105228424072,1611.1648233023543,0.005,28.101892727135752,0.06857461050845345,0.06846143305301666,0.0769514910876751,0.10280793905258179,1.0354484220525753,0.8715962583720608,2.1384632767160823,,,,,,,,,,,,,,,,,,1,update_snr,bayesian,0.1,20,101770,10177,0.1,0.28316158443153616,0.14792354499101548,0.13766708789312115,0.28315868508860687,0.14792354499101548,0.13766708789312115,0.28315868508860687,0.31947008328160453,0.31285287025064606,0.35891081659627583,0.12886281851428336,0.12273519305202649,0.2439111195771556,0.31947008328160453,0.31285287025064606,0.35891081659627583,0.12886281851428336,0.12273519305202649,0.2439111195771556,2.10449403773559,3.1603854806585074,0.554257121014463,0.8323455074695605,0.554257121014463,814160,203540,81416,122124,0.75,,,,,,,,,0.006498430977776103,1
bayesfl_observability_v1,vi_sparse_bayesian_keep010_seed42,37,vi,160,12,3221,,5,256,2188.9555913705094,0.04399325913503577,0.6503634916861425,0.6503634916861425,,,4.205164357840123,0.06349803507328033,0.9887635527431813,4.205164357840123,,0.6845683881983222,1.6114184451985936,2188.9555913705094,2094.820806721065,0.6503634916861425,0.020583873506151762,0.04399325913503577,0.6503634916861425,0.005,28.130361642412964,0.06920470757563854,0.06900522112846375,0.07825494408607483,0.10450837016105652,1.0287466219525707,0.8641081207857032,2.12813436633638,,,,,,,,,,,,,,,,,,1,update_snr,bayesian,0.1,20,101770,10177,0.1,0.3150940876638434,0.15248520010921596,0.12882701308324435,0.3150759746643516,0.15248520010921596,0.12882701308324435,0.3150759746643516,0.3964631499593519,0.3759039982800181,0.4953642574610714,0.12537653901475643,0.11397354599897577,0.24948175015781324,0.3964631499593519,0.3759039982800181,0.4953642574610714,0.12537653901475643,0.11397354599897577,0.24948175015781324,2.771366122695341,3.162742020846086,0.659038716888294,0.7521090144668089,0.659038716888294,814160,203540,81416,122124,0.75,,,,,,,,,0.007002660710777314,3221
bayesfl_observability_v1,vi_sparse_bayesian_keep010_seed42,37,vi,140,11,2,,5,256,651.7055639266968,0.651491641998291,803.2287856717853,803.2287856717853,,,3.792074549797385,0.02507350593805313,0.9908330596478647,3.792074549797385,,-0.0,2.3277319754160017,651.7055639266968,1606.4575713435706,803.2287856717853,0.015785178061742858,0.651491641998291,803.2287856717853,0.005,28.070153136435344,0.06857359221749981,0.06847520545125008,0.07695193514227867,0.10214892774820328,1.034493223809155,0.870070370799362,2.135411539301165,,,,,,,,,,,,,,,,,,1,update_snr,bayesian,0.1,20,101770,10177,0.1,0.2829146598076843,0.14758831637126368,0.13702790331830486,0.2829021703011079,0.14758831637126368,0.13702790331830486,0.2829021703011079,0.31918191287297354,0.3126213046794392,0.36004282739135174,0.12852236120440702,0.12215348501313864,0.24395266597852638,0.31918191287297354,0.3126213046794392,0.36004282739135174,0.12852236120440702,0.12215348501313864,0.24395266597852638,2.102803245356205,3.155637479581657,0.5545258189791021,0.8321665194452115,0.5545258189791021,814160,203540,81416,122124,0.75,,,,,,,,,0.006501019098265973,2
bayesfl_observability_v1,vi_sparse_bayesian_keep010_seed42,37,vi,226,18,1,,5,256,642.8549365520478,0.00011443436960689723,1618.4847472770373,1618.4847472770373,,,3.80610357527337,0.0250503309071064,0.9907630110502372,3.80610357527337,,-0.0,2.259365973874069,642.8549365520478,1618.4847472770373,1618.4847472770373,0.01590335803554129,0.00011443436960689723,1618.4847472770373,0.005,28.067323545027623,0.06857319906993806,0.06846507638692856,0.07696762681007385,0.10241148620843887,1.0344422888452287,0.869906794947882,2.1381775026560006,,,,,,,,,,,,,,,,,,1,update_snr,bayesian,0.1,20,101770,10177,0.1,0.2839361811718222,0.14824356106586498,0.13829824584203193,0.2839361619176765,0.14824356106586498,0.13829824584203193,0.2839361619176765,0.31926448726793777,0.3126071858596651,0.35836279150447503,0.1292412359323013,0.12308875204002773,0.24496682019455418,0.31926448726793777,0.3126071858596651,0.35836279150447503,0.1292412359323013,0.12308875204002773,0.24496682019455418,2.102690220811991,3.1725570540197334,0.5524521808792255,0.8335445925934549,0.5524521808792255,814160,203540,81416,122124,0.75,,,,,,,,,0.006502462955774106,1
bayesfl_observability_v1,vi_sparse_bayesian_keep010_seed42,37,vi,231,18,2,,5,256,654.4459552407264,0.44189727306365967,805.8020806379877,805.8020806379877,,,3.7970312923990517,0.02506164088845253,0.990809763183524,3.7970312923990517,,-0.0,2.3096097079310103,654.4459552407264,1611.6041612759755,805.8020806379877,0.015835748857973623,0.44189727306365967,805.8020806379877,0.005,28.0713759203289,0.06857577257482098,0.06847283989191055,0.0769270345568657,0.10089828819036484,1.0343859884523243,0.8707377051915579,2.1363571785440922,,,,,,,,,,,,,,,,,,1,update_snr,bayesian,0.1,20,101770,10177,0.1,0.2836789628718359,0.14784150055638723,0.13743471980076527,0.2836778016140403,0.14784150055638723,0.13743471980076527,0.2836778016140403,0.3194295589901834,0.3127971618078775,0.3593353195944511,0.1287761607304099,0.12223683950046199,0.24417180245423423,0.3194295589901834,0.3127971618078775,0.3593353195944511,0.1287761607304099,0.12223683950046199,0.24417180245423423,2.101752652615792,3.162290692311526,0.55352523873667,0.8328324021563484,0.55352523873667,814160,203540,81416,122124,0.75,,,,,,,,,0.00650131667734225,2
bayesfl_observability_v1,vi_sparse_bayesian_keep010_seed42,38,vi,88,7,140,,5,256,652.2862571239472,0.0028107762336730957,11.50292311772434,11.50292311772434,,,3.8100263626269433,0.025050828233361244,0.9910745292915585,3.8100263626269433,,-0.0,2.3155014849272724,652.2862571239472,1610.4092364814076,11.50292311772434,0.015824007433245628,0.0028107762336730957,11.50292311772434,0.005,28.580422715911297,0.06885876993607436,0.0687628798186779,0.07726112902164459,0.10272357612848282,1.0482877280234109,0.8819622877405293,2.164644857541362,,,,,,,,,,,,,,,,,,1,update_snr,bayesian,0.1,20,101770,10177,0.1,0.28289435440836164,0.14805487674913773,0.13822414334075112,0.2828855252343461,0.14805487674913773,0.13822414334075112,0.2828855252343461,0.3183886046927321,0.311526422030249,0.3579051671151808,0.12912890697762724,0.12343820258240772,0.24390972697314103,0.3183886046927321,0.311526422030249,0.3579051671151808,0.12912890697762724,0.12343820258240772,0.24390972697314103,2.1022452033821204,3.177556606697854,0.5517665767364037,0.8339985880063535,0.5517665767364037,814160,203540,81416,122124,0.75,,,,,,,,,0.006536095722451653,140
bayesfl_observability_v1,vi_sparse_bayesian_keep010_seed42,38,vi,98,7,50,,5,256,656.6313987731934,0.0088883638381958,32.0846496630849,32.0846496630849,,,3.803612543071597,0.025018777698278427,0.9911050862518702,3.803612543071597,,-0.0,2.185987945410232,656.6313987731934,1604.2324831542453,32.0846496630849,0.015763314170720695,0.0088883638381958,32.0846496630849,0.005,28.581053251734797,0.06885779579660098,0.06876470148563385,0.07726771384477617,0.1020779013633728,1.048695966593485,0.8810144906460438,2.165597376641737,,,,,,,,,,,,,,,,,,1,update_snr,bayesian,0.1,20,101770,10177,0.1,0.2822536757715272,0.14756131327628386,0.1375151699410429,0.2822474731874045,0.14756131327628386,0.1375151699410429,0.2822474731874045,0.3181077746299368,0.3116698642796405,0.3581129871494072,0.12861170645921133,0.12247813063822333,0.24348323677872016,0.3181077746299368,0.3116698642796405,0.3581129871494072,0.12861170645921133,0.12247813063822333,0.24348323677872016,2.104857648839331,3.168129204425565,0.5533838226171057,0.8329263742166416,0.5533838226171057,814160,203540,81416,122124,0.75,,,,,,,,,0.006541217318725625,50
bayesfl_observability_v1,vi_sparse_bayesian_keep010_seed42,38,vi,152,12,1,,5,256,652.0818259239197,0.34653371572494507,1604.0531044325182,1604.0531044325182,,,3.8015801730912413,0.02508535608649254,0.9911087011621672,3.8015801730912413,,-0.0,2.3277319754160017,652.0818259239197,1604.0531044325182,1604.0531044325182,0.015761551581335544,0.34653371572494507,1604.0531044325182,0.005,28.57151845060522,0.0688571395999476,0.0687703862786293,0.07727345228195191,0.10328882187604904,1.0481847523804708,0.8809974877026883,2.169616106792685,,,,,,,,,,,,,,,,,,1,update_snr,bayesian,0.1,20,101770,10177,0.1,0.28249896500110416,0.1474297483835251,0.1371494615280066,0.2824929866797284,0.1474297483835251,0.1371494615280066,0.2824929866797284,0.31842482912384185,0.31165632437224333,0.35877826925921835,0.12843029496793432,0.12196625132281584,0.2440156300626576,0.31842482912384185,0.31165632437224333,0.35877826925921835,0.12843029496793432,0.12196625132281584,0.2440156300626576,2.1024566318060036,3.1672839979729317,0.5530480842381915,0.8331493362659944,0.5530480842381915,814160,203540,81416,122124,0.75,,,,,,,,,0.006535284538392687,1
bayesfl_observability_v1,vi_sparse_bayesian_keep010_seed42,38,vi,57,4,1,,5,256,621.201347899437,1.0552079677581787,1605.9503771224804,1605.9503771224804,,,3.804648269797918,0.02509215474128723,0.991107891077151,3.804648269797918,,-0.0,2.259365973874069,621.201347899437,1605.9503771224804,1605.9503771224804,0.01578019433155626,1.0552079677581787,1605.9503771224804,0.005,28.593125934741167,0.06885919216612127,0.06877881288528442,0.07728404924273491,0.10248409956693649,1.0493183822898835,0.8836300651451527,2.1675973826487884,,,,,,,,,,,,,,,,,,1,update_snr,bayesian,0.1,20,101770,10177,0.1,0.28305074705393274,0.14761184263037241,0.1371754580114546,0.283036472025435,0.14761184263037241,0.1371754580114546,0.283036472025435,0.3186788959746949,0.3121199419774056,0.3584510310688463,0.12860439225878104,0.12221939086699485,0.2441691407941171,0.3186788959746949,0.3121199419774056,0.3584510310688463,0.12860439225878104,0.12221939086699485,0.2441691407941171,2.1047996410916903,3.1694111326454,0.5532179302355026,0.8330365668240186,0.5532179302355026,814160,203540,81416,122124,0.75,,,,,,,,,0.006538278795104284,1
bayesfl_observability_v1,vi_sparse_bayesian_keep010_seed42,38,vi,146,11,1,,5,256,654.455326962471,0.36226773262023926,1597.8286908055595,1597.8286908055595,,,3.798619974520613,0.025043796747922897,0.9911278946099771,3.798619974520613,,-0.0,2.3292713582565514,654.455326962471,1597.8286908055595,1597.8286908055595,0.015700390004967667,0.36226773262023926,1597.8286908055595,0.005,28.580042167630594,0.06885973146322365,0.06876536458730698,0.07726201564073563,0.10154826939105988,1.048753940671798,0.8829628017848796,2.1680706868738593,,,,,,,,,,,,,,,,,,1,update_snr,bayesian,0.1,20,101770,10177,0.1,0.28180368391609817,0.1471820668632958,0.13706646367257563,0.2818024576233339,0.1471820668632958,0.13706646367257563,0.2818024576233339,0.31770987793027883,0.31125033734867397,0.35822010552742656,0.12823453230029772,0.1219114582895631,0.24332201516334503,0.31770987793027883,0.31125033734867397,0.35822010552742656,0.12823453230029772,0.1219114582895631,0.24332201516334503,2.1028768454720894,3.1634510717892184,0.5535896877227033,0.8327895638437606,0.5535896877227033,814160,203540,81416,122124,0.75,,,,,,,,,0.006538001019806637,1
bayesfl_observability_v1,vi_sparse_bayesian_keep010_seed42,38,vi,108,8,1,,5,256,641.5971963882446,0.49970316886901855,1606.758895713878,1606.758895713878,,,3.8080169048964114,0.025088034570217133,0.9910774798057322,3.8080169048964114,,-0.0,2.3163460082440825,641.5971963882446,1606.758895713878,1606.758895713878,0.015788138898632977,0.49970316886901855,1606.758895713878,0.005,28.56996283554499,0.06886222640189157,0.0687791220843792,0.07726250290870666,0.10262957960367203,1.0487750299953047,0.8832745069614087,2.164146656878561,,,,,,,,,,,,,,,,,,1,update_snr,bayesian,0.1,20,101770,10177,0.1,0.2824347840437988,0.14775947425352395,0.1378739797030078,0.28242624725403764,0.14775947425352395,0.1378739797030078,0.28242624725403764,0.3181081678647673,0.3113690570729286,0.3577483010845853,0.1288318416300525,0.12275669197418038,0.243532063148735,0.3181081678647673,0.3113690570729286,0.3577483010845853,0.1288318416300525,0.12275669197418038,0.243532063148735,2.104120008885127,3.1739048089358497,0.552550070400059,0.8334797056322912,0.552550070400059,814160,203540,81416,122124,0.75,,,,,,,,,0.006533383484380477,1
bayesfl_observability_v1,vi_sparse_bayesian_keep010_seed42,38,vi,111,8,11,,5,256,676.7474086284637,0.16331690007990057,145.96960030721687,145.96960030721687,,,3.8064779535243543,0.02506643533706665,0.9910998364690574,3.8064779535243543,,-0.0,2.3096097079310103,676.7474086284637,1605.6656033793854,145.96960030721687,0.015777396122426898,0.16331690007990057,145.96960030721687,0.005,28.593969605483707,0.06885582463843445,0.06875566393136978,0.07727733775973321,0.10316827893257141,1.0492484745385124,0.8828084320858427,2.1652583425316108,,,,,,,,,,,,,,,,,,1,update_snr,bayesian,0.1,20,101770,10177,0.1,0.2824257391025551,0.1476591448291306,0.13712492998220183,0.2824243600835563,0.1476591448291306,0.13712492998220183,0.2824243600835563,0.3185320596691386,0.3120997508625128,0.3581639223685282,0.12867326540246302,0.12228940217791388,0.24381799199304485,0.3185320596691386,0.3120997508625128,0.3581639223685282,0.12867326540246302,0.12228940217791388,0.24381799199304485,2.1087539367224477,3.1689795273912,0.553990844678343,0.8325227588556227,0.553990844678343,814160,203540,81416,122124,0.75,,,,,,,,,0.006535158659225323,11
bayesfl_observability_v1,vi_sparse_bayesian_keep010_seed42,38,vi,119,9,1,,5,256,643.2356632232666,0.12339372932910919,1603.0565062947794,1603.0565062947794,,,3.8021826285367726,0.02506512776017189,0.9911121992698265,3.8021826285367726,,-0.0,2.3163460082440825,643.2356632232666,1603.0565062947794,1603.0565062947794,0.015751758929888764,0.12339372932910919,1603.0565062947794,0.005,28.581683389020526,0.06886186779114221,0.06876726821064949,0.07726709172129632,0.1022799015045166,1.0488898548597367,0.8803208916364589,2.161159149242234,,,,,,,,,,,,,,,,,,1,update_snr,bayesian,0.1,20,101770,10177,0.1,0.2827919448035235,0.14743257034567714,0.13710000453334925,0.2827890463363133,0.14743257034567714,0.13710000453334925,0.2827890463363133,0.3187264881137127,0.31212418881612414,0.35971997427933766,0.12839991281589544,0.12196865766572765,0.24377193821625912,0.3187264881137127,0.31212418881612414,0.35971997427933766,0.12839991281589544,0.12196865766572765,0.24377193821625912,2.107333021931887,3.1647654376623606,0.5542429777348361,0.8323549252762446,0.5542429777348361,814160,203540,81416,122124,0.75,,,,,,,,,0.006536770804118227,1
bayesfl_observability_v1,vi_sparse_bayesian_keep010_seed42,38,vi,38,3,2,,5,256,663.1901167392731,0.7351524829864502,800.0729751694835,800.0729751694835,,,3.7982479066053783,0.025054659694433212,0.9911237520966746,3.7982479066053783,,-0.0,2.311121424016332,663.1901167392731,1600.145950338967,800.0729751694835,0.01572315957884413,0.7351524829864502,800.0729751694835,0.005,28.570550474609814,0.06886125121602782,0.06875631213188171,0.07726441398262977,0.10342919826507568,1.0482999955007104,0.8831023188629372,2.1662022792273823,,,,,,,,,,,,,,,,,,1,update_snr,bayesian,0.1,20,101770,10177,0.1,0.2819818411060856,0.14737004922353403,0.13731078164751653,0.2819808912173134,0.14737004922353403,0.13731078164751653,0.2819808912173134,0.31791562601391304,0.31149215234109645,0.35778200827877504,0.12842054069126968,0.12219472869949911,0.24340862944677277,0.31791562601391304,0.31149215234109645,0.35778200827877504,0.12842054069126968,0.12219472869949911,0.24340862944677277,2.101199149912331,3.1641190389174443,0.5532022136465135,0.8330470039659217,0.5532022136465135,814160,203540,81416,122124,0.75,,,,,,,,,0.006542010048324908,2
bayesfl_observability_v1,vi_sparse_bayesian_keep010_seed42,38,vi,258,20,11,,5,256,669.6185052871704,0.7451942617242987,145.3779326620741,145.3779326620741,,,3.7991037956779943,0.02502530813217163,0.9911172887568523,3.7991037956779943,,-0.0,2.259365973874069,669.6185052871704,1599.1572592828152,145.3779326620741,0.015713444623001033,0.7451942617242987,145.3779326620741,0.005,28.566557252219088,0.06885819849565038,0.06876371428370476,0.07726292610168457,0.10252775251865387,1.0479983916961615,0.8786394748500476,2.167427185040757,,,,,,,,,,,,,,,,,,1,update_snr,bayesian,0.1,20,101770,10177,0.1,0.2825737230910112,0.14729675276286455,0.13719175033149267,0.2825713127938942,0.14729675276286455,0.13719175033149267,0.2825713127938942,0.3178689343487769,0.3115843970711073,0.35687615474169204,0.12834428814220758,0.12192980587528844,0.24355154444537525,0.3178689343487769,0.3115843970711073,0.35687615474169204,0.12834428814220758,0.12192980587528844,0.24355154444537525,2.103334936414385,3.1637275160155074,0.5536397659909211,0.832756272575307,0.5536397659909211,814160,203540,81416,122124,0.75,,,,,,,,,0.006533110754035499,11
bayesfl_observability_v1,vi_sparse_bayesian_keep010_seed42,38,vi,266,21,1,,5,256,653.2039226338268,0.12844540178775787,1602.2409731134824,1602.2409731134824,,,3.8008115365021853,0.025056757032871246,0.9911203122591764,3.8008115365021853,,-0.0,2.185987945410232,653.2039226338268,1602.2409731134824,1602.2409731134824,0.015743745436901664,0.12844540178775787,1602.2409731134824,0.005,28.58434170059679,0.06885773139684834,0.0687665268778801,0.07726970016956329,0.1024344190955162,1.0491521520402984,0.8830240029611496,2.164570138961056,,,,,,,,,,,,,,,,,,1,update_snr,bayesian,0.1,20,101770,10177,0.1,0.28258801702012576,0.14756207303376068,0.13739370371570303,0.2825844107224345,0.14756207303376068,0.13739370371570303,0.2825844107224345,0.31845108030270713,0.3117531774212272,0.35880099489542033,0.12857440555943328,0.12250757521347617,0.2431631282362466,0.31845108030270713,0.3117531774212272,0.35880099489542033,0.12857440555943328,0.12250757521347617,0.2431631282362466,2.1036330524898936,3.1655799336741084,0.5534694452190142,0.8328694814969256,0.5534694452190142,814160,203540,81416,122124,0.75,,,,,,,,,0.0065341477442965945,1
bayesfl_observability_v1,vi_sparse_bayesian_keep010_seed42,38,vi,74,5,1,,5,256,634.3790636539459,9.560128091834486e-05,1599.1536175623069,1599.1536175623069,,,3.799361667846851,0.02501990646123886,0.9911253993197235,3.799361667846851,,-0.0,2.259365973874069,634.3790636539459,1599.1536175623069,1599.1536175623069,0.015713408839169763,9.560128091834486e-05,1599.1536175623069,0.005,28.581613445722002,0.06886398023543656,0.0687849372625351,0.0772601991891861,0.10182681679725647,1.0489694828556555,0.8831345904734165,2.1671492836840542,,,,,,,,,,,,,,,,,,1,update_snr,bayesian,0.1,20,101770,10177,0.1,0.2820863040692569,0.14741631630285235,0.1373276885781055,0.2820840623344409,0.14741631630285235,0.1373276885781055,0.2820840623344409,0.3178705777097921,0.311265225282479,0.35762195309470296,0.1284769539243035,0.12243037054969497,0.24314522762229043,0.3178705777097921,0.311265225282479,0.35762195309470296,0.1284769539243035,0.12243037054969497,0.24314522762229043,2.1019891696251554,3.1649313758567605,0.5532479804209797,0.8330166097744439,0.5532479804209797,814160,203540,81416,122124,0.75,,,,,,,,,0.006534219694486299,1
bayesfl_observability_v1,vi_sparse_bayesian_keep010_seed42,38,vi,166,13,9,,5,256,675.9155535697937,0.8627883593241373,178.65634619563224,178.65634619563224,,,3.808016531670997,0.025070659816265106,0.9910740649379465,3.808016531670997,,-0.0,2.3277319754160017,675.9155535697937,1607.9071157606902,178.65634619563224,0.015799421398847303,0.8627883593241373,178.65634619563224,0.005,28.564382739613276,0.06885627950143139,0.0687788538634777,0.07723813876509666,0.10298696905374527,1.0483320353543075,0.882034345864608,2.1630243621086684,,,,,,,,,,,,,,,,,,1,update_snr,bayesian,0.1,20,101770,10177,0.1,0.28215813516094584,0.1479378459995203,0.13771890649556853,0.28215434179309773,0.1479378459995203,0.13771890649556853,0.28215434179309773,0.3177007405299226,0.31099810429361174,0.3573240616611462,0.12907530216280896,0.1226193732174078,0.244480005765,0.3177007405299226,0.31099810429361174,0.3573240616611462,0.12907530216280896,0.1226193732174078,0.244480005765,2.098705716177054,3.177487092399493,0.5511283101641684,0.8344205089375437,0.5511283101641684,814160,203540,81416,122124,0.75,,,,,,,,,0.006533798937266112,9
bayesfl_observability_v1,vi_sparse_bayesian_keep010_seed42,38,vi,169,13,456,,5,256,1476.3702646493912,9.936674216173982e-05,5.652095295192112,5.652095295192112,,,4.818314049266088,0.047113753855228424,0.9858324636462773,4.818314049266088,,-0.0,2.3163460082440825,1476.3702646493912,2577.355454607603,5.652095295192112,0.025325296792842712,9.936674216173982e-05,5.652095295192112,0.005,28.72607951132454,0.0690768335595503,0.06897289305925369,0.07761613875627518,0.10250367969274521,1.05086509455756,0.8834976785189064,2.1730559697278884,,,,,,,,,,,,,,,,,,1,update_snr,bayesian,0.1,20,101770,10177,0.1,0.36302605414986955,0.18070796034782685,0.1592664995996932,0.3630202442947048,0.18070796034782685,0.1592664995996932,0.3630202442947048,0.435512222650184,0.4204822112424447,0.519298918206217,0.15239637564756492,0.1417363176094575,0.2973352879933811,0.435512222650184,0.4204822112424447,0.519298918206217,0.15239637564756492,0.1417363176094575,0.2973352879933811,2.9608011485714063,3.801290154141537,0.6144890346079428,0.7889253617083218,0.6144890346079428,814160,203540,81416,122124,0.75,,,,,,,,,0.0066297399236575644,456
bayesfl_observability_v1,vi_sparse_bayesian_keep010_seed42,38,vi,36,2,1,,5,256,629.0253233075142,0.042367201298475266,1598.4696993895957,1598.4696993895957,,,3.7980894785437957,0.025058120489120483,0.9911276010940978,3.7980894785437957,,-0.0,2.185987945410232,629.0253233075142,1598.4696993895957,1598.4696993895957,0.01570668860557724,0.042367201298475266,1598.4696993895957,0.005,28.57557802523309,0.06885776651048223,0.06876904144883156,0.07726134434342384,0.10146027058362961,1.048098908955867,0.88368712818761,2.167285567868245,,,,,,,,,,,,,,,,,,1,update_snr,bayesian,0.1,20,101770,10177,0.1,0.28207247816659503,0.14723502520930634,0.1369058650434114,0.28206544133870487,0.14723502520930634,0.1369058650434114,0.28206544133870487,0.3176420594668543,0.3113915866990896,0.3576377166004058,0.128300910291801,0.12181109054326013,0.243350409210871,0.3176420594668543,0.3113915866990896,0.3576377166004058,0.128300910291801,0.12181109054326013,0.243350409210871,2.1021423551787906,3.163302262760937,0.5534736258990826,0.8328667032809771,0.5534736258990826,814160,203540,81416,122124,0.75,,,,,,,,,0.006535115964054085,1
bayesfl_observability_v1,vi_sparse_bayesian_keep010_seed42,39,vi,92,7,1,,5,256,639.8911433637143,0.004175991285592318,1593.8035882253755,1593.8035882253755,,,3.8038589675294383,0.025079652667045593,0.9914334002994292,3.8038589675294383,,-0.0,2.3163460082440825,639.8911433637143,1593.8035882253755,1593.8035882253755,0.015660839031398012,0.004175991285592318,1593.8035882253755,0.005,29.123048435136944,0.06908826080342255,0.06899598985910416,0.07748441994190217,0.10171900689601898,1.0645485201013096,0.8920028274507477,2.1999417245195256,,,,,,,,,,,,,,,,,,1,update_snr,bayesian,0.1,20,101770,10177,0.1,0.2815066862891517,0.14710435014898177,0.13702248770219047,0.2815045937981825,0.14710435014898177,0.13702248770219047,0.2815045937981825,0.31711335341315033,0.31044309993979213,0.35637455034088095,0.12821446089740748,0.12197342691557127,0.24304196688631663,0.31711335341315033,0.31044309993979213,0.35637455034088095,0.12821446089740748,0.12197342691557127,0.24304196688631663,2.1018779116388493,3.1704025437503747,0.5525646270224351,0.8334700552290754,0.5525646270224351,814160,203540,81416,122124,0.75,,,,,,,,,0.006534590608750191,1
bayesfl_observability_v1,vi_sparse_bayesian_keep010_seed42,39,vi,238,19,72,,5,256,642.9759506165981,0.005690955039527681,22.07416563559695,22.07416563559695,,,3.8014380099356413,0.02504366636276245,0.9914458074759294,3.8014380099356413,,-0.0,2.3163460082440825,642.9759506165981,1589.3399257629806,22.07416563559695,0.015616978734037345,0.005690955039527681,22.07416563559695,0.005,29.12554459212608,0.06909271629355716,0.06901261955499649,0.0774969294667244,0.10195567458868027,1.0642345259260764,0.8928106162316702,2.201432825877188,,,,,,,,,,,,,,,,,,1,update_snr,bayesian,0.1,20,101770,10177,0.1,0.2815318379399252,0.14672124455057395,0.1362438266423117,0.2815302081664084,0.14672124455057395,0.1362438266423117,0.2815302081664084,0.3171846270033163,0.31076885864015497,0.3565332272386576,0.1277808687224915,0.12123654396892733,0.24282471794127666,0.3171846270033163,0.31076885864015497,0.3565332272386576,0.1277808687224915,0.12123654396892733,0.24282471794127666,2.106130616184973,3.1646713527555694,0.5540352389491234,0.8324932155895257,0.5540352389491234,814160,203540,81416,122124,0.75,,,,,,,,,0.006532615822479265,72
bayesfl_observability_v1,vi_sparse_bayesian_keep010_seed42,39,vi,245,19,178,,5,256,630.3030159711838,0.0003964262648244922,9.051601093003338,9.051601093003338,,,3.825960495437248,0.02509167604148388,0.9913426141542426,3.825960495437248,,-0.0,2.185987945410232,630.3030159711838,1611.1849945545941,9.051601093003338,0.015831630092901585,0.0003964262648244922,9.051601093003338,0.005,29.138905526496224,0.0690938765812148,0.06901179254055023,0.07749182060360908,0.10312584787607193,1.065073059039215,0.8930775990463375,2.2001151554092933,,,,,,,,,,,,,,,,,,1,update_snr,bayesian,0.1,20,101770,10177,0.1,0.28284738853536845,0.1479792158779302,0.13771202670621024,0.2828461491770122,0.1479792158779302,0.13771202670621024,0.2828461491770122,0.31808686223446486,0.3115340009347505,0.35753768094792465,0.1290783662827597,0.1226380187916097,0.24484253734792974,0.31808686223446486,0.3115340009347505,0.35753768094792465,0.1290783662827597,0.1226380187916097,0.24484253734792974,2.113644517435173,3.1891190894293486,0.5524480767524538,0.833547312689877,0.5524480767524538,814160,203540,81416,122124,0.75,,,,,,,,,0.006535633816724423,178
bayesfl_observability_v1,vi_sparse_bayesian_keep010_seed42,39,vi,27,2,1,,5,256,648.2166321396828,0.636509120464325,1589.561660021284,1589.561660021284,,,3.8005079677531035,0.02506640926003456,0.9914581170849897,3.8005079677531035,,-0.0,2.3163460082440825,648.2166321396828,1589.561660021284,1589.561660021284,0.015619157512246086,0.636509120464325,1589.561660021284,0.005,29.13918093023423,0.06909149809247872,0.06900396943092346,0.07749269977211952,0.10349535197019577,1.0651545800847662,0.8942602542597431,2.2027361023590304,,,,,,,,,,,,,,,,,,1,update_snr,bayesian,0.1,20,101770,10177,0.1,0.28107709752107185,0.14691569460283865,0.13671215689958113,0.2810766397194264,0.14691569460283865,0.13671215689958113,0.2810766397194264,0.31649156043120624,0.3097020239561134,0.3559276320241834,0.12807393173302006,0.1218168954798999,0.24291259469364265,0.31649156043120624,0.3097020239561134,0.3559276320241834,0.12807393173302006,0.1218168954798999,0.24291259469364265,2.102950823233702,3.1656687520989197,0.553334144034695,0.8329593777882521,0.553334144034695,814160,203540,81416,122124,0.75,,,,,,,,,0.006533974794310767,1
bayesfl_observability_v1,vi_sparse_bayesian_keep010_seed42,39,vi,276,22,1,,5,256,646.6121935069561,1.1616638898849487,1592.9351132603724,1592.9351132603724,,,3.8048299985692444,0.02508242055773735,0.9914292671894578,3.8048299985692444,,-0.0,2.311121424016332,646.6121935069561,1592.9351132603724,1592.9351132603724,0.01565230532829294,1.1616638898849487,1592.9351132603724,0.005,29.123491732549812,0.0690933244479488,0.06902386248111725,0.07748968452215195,0.10057814419269562,1.0643934849995467,0.8913793097080898,2.1997915215942028,,,,,,,,,,,,,,,,,,1,update_snr,bayesian,0.1,20,101770,10177,0.1,0.2815601222661993,0.1470915229827782,0.13700370578500742,0.2815600916324896,0.1470915229827782,0.13700370578500742,0.2815600916324896,0.3166889886485084,0.31008483279573323,0.3570647649414407,0.12824736013103044,0.12175834749166826,0.24298158722802965,0.3166889886485084,0.31008483279573323,0.3570647649414407,0.12824736013103044,0.12175834749166826,0.24298158722802965,2.103443091344919,3.1705296843722786,0.5528349734773671,0.8332907608393841,0.5528349734773671,814160,203540,81416,122124,0.75,,,,,,,,,0.006531583625043225,1
bayesfl_observability_v1,vi_sparse_bayesian_keep010_seed42,39,vi,121,9,1,,5,256,640.6824026107788,0.004676714073866606,1595.4792563124338,1595.4792563124338,,,3.8064572694340355,0.025052737444639206,0.9914151459095767,3.8064572694340355,,-0.0,2.28098669344155,640.6824026107788,1595.4792563124338,1595.4792563124338,0.01567730427741411,0.004676714073866606,1595.4792563124338,0.005,29.11181001756205,0.06909920753250601,0.06900659948587418,0.07750642821192742,0.10224022716283798,1.0641088870389162,0.8912445063740424,2.1982076194605358,,,,,,,,,,,,,,,,,,1,update_snr,bayesian,0.1,20,101770,10177,0.1,0.28158706424339636,0.14710593201208774,0.13699874429818604,0.2815857514159152,0.14710593201208774,0.13699874429818604,0.2815857514159152,0.31719604297204984,0.31076938007796306,0.3563451081684899,0.12820703079431411,0.12200170233416598,0.24329880787840247,0.31719604297204984,0.31076938007796306,0.3563451081684899,0.12820703079431411,0.12200170233416598,0.24329880787840247,2.1040980695218483,3.1720479595777955,0.5527707053006526,0.8333333950835162,0.5527707053006526,814160,203540,81416,122124,0.75,,,,,,,,,0.006537334482137097,1
bayesfl_observability_v1,vi_sparse_bayesian_keep010_seed42,39,vi,12,1,1,,5,256,649.8040605664253,0.2411142736673355,1591.761597024315,1591.761597024315,,,3.8031532811397906,0.02501063048839569,0.9914455463061531,3.8031532811397906,,-0.0,2.3277319754160017,649.8040605664253,1591.761597024315,1591.761597024315,0.015640774265739562,0.2411142736673355,1591.761597024315,0.005,29.13815192310592,0.06909395026238345,0.06903386116027832,0.07752223759889602,0.1030704453587532,1.065136744430802,0.8945321190396176,2.204660139207327,,,,,,,,,,,,,,,,,,1,update_snr,bayesian,0.1,20,101770,10177,0.1,0.28114033518096465,0.14700908754920355,0.13691604157662107,0.2811394755626088,0.14700908754920355,0.13691604157662107,0.2811394755626088,0.31716515347507707,0.31057585483889844,0.3567710366614061,0.12810285800188428,0.12180945601398738,0.24294653007713152,0.31716515347507707,0.31057585483889844,0.3567710366614061,0.12810285800188428,0.12180945601398738,0.24294653007713152,2.1052373586770696,3.1673254558814716,0.5535504890421188,0.8328156194988376,0.5535504890421188,814160,203540,81416,122124,0.75,,,,,,,,,0.006537673455976529,1
bayesfl_observability_v1,vi_sparse_bayesian_keep010_seed42,39,vi,66,5,62,,5,256,814.4968677520752,0.20361932631461852,25.986014595821086,25.986014595821086,,,3.8248579187824703,0.025052815675735474,0.9913416423339529,3.8248579187824703,,0.5614271145662422,1.826949466466651,814.4968677520752,1611.1329049409073,25.986014595821086,0.01583111825627304,0.20361932631461852,25.986014595821086,0.005,29.12893332004816,0.06908798670708999,0.06899569556117058,0.07751070186495781,0.10158059746026993,1.065076822886647,0.892960485425045,2.1980662701315103,,,,,,,,,,,,,,,,,,1,update_snr,bayesian,0.1,20,101770,10177,0.1,0.2825180149498136,0.14810781785019547,0.1381512721848272,0.2825152640865461,0.14810781785019547,0.1381512721848272,0.2825152640865461,0.3178154541835988,0.3112416607206835,0.35733466391784435,0.12925141381315064,0.12333257916580065,0.24416686050747402,0.3178154541835988,0.3112416607206835,0.35733466391784435,0.12925141381315064,0.12333257916580065,0.24416686050747402,2.106028728291254,3.192832769577027,0.550616198826451,0.8347585289111524,0.550616198826451,814160,203540,81416,122124,0.75,,,,,,,,,0.006530784127774267,62
bayesfl_observability_v1,vi_sparse_bayesian_keep010_seed42,39,vi,72,5,1,,5,256,644.2981008648873,0.27846482396125793,1591.2375987294067,1591.2375987294067,,,3.803356003912524,0.02506260573863983,0.9914388247547795,3.803356003912524,,-0.0,2.28098669344155,644.2981008648873,1591.2375987294067,1591.2375987294067,0.01563562541740598,0.27846482396125793,1591.2375987294067,0.005,29.128411410169168,0.06909060034711656,0.06901384145021439,0.07748844921588899,0.10240078717470169,1.065216006442605,0.8946923898295598,2.1977329764701943,,,,,,,,,,,,,,,,,,1,update_snr,bayesian,0.1,20,101770,10177,0.1,0.2817627741275261,0.14703201821420253,0.13678783574905015,0.2817619215460066,0.14703201821420253,0.13678783574905015,0.2817619215460066,0.31692293622222356,0.3101998749993894,0.3564189892907963,0.12815524954664465,0.12194617668088138,0.24279910646041378,0.31692293622222356,0.3101998749993894,0.3564189892907963,0.12815524954664465,0.12194617668088138,0.24279910646041378,2.105075298957966,3.1676765741177695,0.5534783745703712,0.8328635475772372,0.5534783745703712,814160,203540,81416,122124,0.75,,,,,,,,,0.006534669445295879,1
bayesfl_observability_v1,vi_sparse_bayesian_keep010_seed42,39,vi,272,21,1,,5,256,620.6507884979249,0.14174897968769073,1596.3398217814945,1596.3398217814945,,,3.8075952258701866,0.02507653832435608,0.991419631768519,3.8075952258701866,,-0.0,2.28098669344155,620.6507884979249,1596.3398217814945,1596.3398217814945,0.01568576026119185,0.14174897968769073,1596.3398217814945,0.005,29.128385516022362,0.06908967601774313,0.06900898739695549,0.07751358672976494,0.10106619447469711,1.0647167875617398,0.8925594135119181,2.1996545293112733,,,,,,,,,,,,,,,,,,1,update_snr,bayesian,0.1,20,101770,10177,0.1,0.2814514384785028,0.14727007227033398,0.13731988057421673,0.2814440152880143,0.14727007227033398,0.13731988057421673,0.2814440152880143,0.31732343263216173,0.3110613222953606,0.3562287757185019,0.12837525445235315,0.12229619976895337,0.24290386053184979,0.31732343263216173,0.3110613222953606,0.3562287757185019,0.12837525445235315,0.12229619976895337,0.24290386053184979,2.103908349229,3.17353920128836,0.552555674756151,0.8334759902329377,0.552555674756151,814160,203540,81416,122124,0.75,,,,,,,,,0.006530065420860113,1
bayesfl_observability_v1,vi_sparse_bayesian_keep010_seed42,39,vi,129,10,54,,5,256,662.5823942184448,0.08494156378286856,29.563746675907364,29.563746675907364,,,3.8076851608546733,0.025080978870391846,0.9914241574868424,3.8076851608546733,,-0.0,2.28098669344155,662.5823942184448,1596.4423204989976,29.563746675907364,0.015686767421627175,0.08494156378286856,29.563746675907364,0.005,29.136664820707306,0.0690963200726976,0.06901945918798447,0.07750132381916046,0.10160263627767563,1.06445884256354,0.8917261641969458,2.198200244690824,,,,,,,,,,,,,,,,,,1,update_snr,bayesian,0.1,20,101770,10177,0.1,0.2812737847533294,0.1472051016318402,0.13706010821992348,0.2812725959278127,0.1472051016318402,0.13706010821992348,0.2812725959278127,0.31725188583768743,0.310744226681008,0.357758790273701,0.12831101449785717,0.12211388671832114,0.2432705806448814,0.31725188583768743,0.310744226681008,0.357758790273701,0.12831101449785717,0.12211388671832114,0.2432705806448814,2.106306362072525,3.1720560829351214,0.5531724060924573,0.833066797524594,0.5531724060924573,814160,203540,81416,122124,0.75,,,,,,,,,0.006533785068073847,54
bayesfl_observability_v1,vi_sparse_bayesian_keep010_seed42,39,vi,78,6,1,,5,256,646.0746519088746,2.253030106658116e-05,1591.247226677162,1591.247226677162,,,3.8007497788008777,0.025070711970329285,0.9914488639091065,3.8007497788008777,,-0.0,2.3155014849272724,646.0746519088746,1591.247226677162,1591.247226677162,0.015635720022375572,2.253030106658116e-05,1591.247226677162,0.005,29.125452958304045,0.06909370133037404,0.06901257112622261,0.07749552056193353,0.10302755236625671,1.0643518182268914,0.8929997507495018,2.199676957101518,,,,,,,,,,,,,,,,,,1,update_snr,bayesian,0.1,20,101770,10177,0.1,0.2817715192134228,0.14697447351564424,0.13666702022716795,0.28176741299228075,0.14697447351564424,0.13666702022716795,0.28176741299228075,0.3172556489239994,0.3108270145625446,0.35728614201620595,0.12805434291471587,0.12177985820125278,0.24220457646468024,0.3172556489239994,0.3108270145625446,0.35728614201620595,0.12805434291471587,0.12177985820125278,0.24220457646468024,2.1064736725013224,3.1636162137834813,0.5542258225601757,0.8323663481950108,0.5542258225601757,814160,203540,81416,122124,0.75,,,,,,,,,0.0065324979074509945,1
bayesfl_observability_v1,vi_sparse_bayesian_keep010_seed42,39,vi,80,6,1188,,5,256,2165.0402359986306,0.01573733829890036,2.0609117294204617,2.0609117294204617,,,4.679087002389903,0.06914778798818588,0.987135235671378,4.679087002389903,,-0.0,2.28098669344155,2165.0402359986306,2448.3631345515087,2.0609117294204617,0.024057808141412094,0.01573733829890036,2.0609117294204617,0.005,29.264804668053046,0.06964042923544354,0.06952770799398422,0.07852718159556389,0.10396194458007812,1.0612083925264644,0.8882988614529759,2.1973667501067005,,,,,,,,,,,,,,,,,,1,update_snr,bayesian,0.1,20,101770,10177,0.1,0.3477258033082419,0.16910853272950913,0.1436864595034032,0.34771588993818087,0.16910853272950913,0.1436864595034032,0.34771588993818087,0.43493323675053913,0.4129969666947321,0.5403859693878372,0.1395724545049502,0.12750537847975124,0.277320619287802,0.43493323675053913,0.4129969666947321,0.5403859693878372,0.1395724545049502,0.12750537847975124,0.277320619287802,3.0614984150944538,3.538514183991417,0.6542939709244034,0.7562403054664458,0.6542939709244034,814160,203540,81416,122124,0.75,,,,,,,,,0.006842191296179662,1188
bayesfl_observability_v1,vi_sparse_bayesian_keep010_seed42,39,vi,102,8,341,,5,256,1544.3421916365623,0.003554240306101936,7.656266972494408,7.656266972494408,,,4.868646491614979,0.0476575531065464,0.986071210322224,4.868646491614979,,-0.0,2.4040642619438994,1544.3421916365623,2610.7870376205933,7.656266972494408,0.02565379814896918,0.003554240306101936,7.656266972494408,0.005,29.271983587851423,0.06931715199471815,0.06921669840812683,0.07783355340361596,0.10251769423484802,1.065890079484914,0.8909195882635839,2.213210309123311,,,,,,,,,,,,,,,,,,1,update_snr,bayesian,0.1,20,101770,10177,0.1,0.3647815554479177,0.18255035593698896,0.16216490072643816,0.3647788996598166,0.18255035593698896,0.16216490072643816,0.3647788996598166,0.4354561925292101,0.4211264531343121,0.5186984047104566,0.1544497074267422,0.14435592509529296,0.299623289270199,0.4354561925292101,0.4211264531343121,0.5186984047104566,0.1544497074267422,0.14435592509529296,0.299623289270199,2.969762840650091,3.8580082076907147,0.6099770944069901,0.7924190458960545,0.6099770944069901,814160,203540,81416,122124,0.75,,,,,,,,,0.006632914124433909,341
bayesfl_observability_v1,vi_sparse_bayesian_keep010_seed42,39,vi,106,8,1,,5,256,635.0050348579883,0.012162450700998306,1595.8450028104583,1595.8450028104583,,,3.807429394211298,0.025042731314897537,0.9914279015492804,3.807429394211298,,-0.0,2.3155014849272724,635.0050348579883,1595.8450028104583,1595.8450028104583,0.01568089813118265,0.012162450700998306,1595.8450028104583,0.005,29.14095474950195,0.06909039298981542,0.06900474801659584,0.07751265987753869,0.1020699292421341,1.0650904134043138,0.8919148443883527,2.2044176974737346,,,,,,,,,,,,,,,,,,1,update_snr,bayesian,0.1,20,101770,10177,0.1,0.281947438625014,0.14720706837993186,0.1370227663337339,0.2819468371981632,0.14720706837993186,0.1370227663337339,0.2819468371981632,0.3172032579935432,0.3101402210180813,0.3572997137968802,0.12831860286730834,0.12184882970772642,0.243193773803478,0.3172032579935432,0.3101402210180813,0.3572997137968802,0.12831860286730834,0.12184882970772642,0.243193773803478,2.1040991349128007,3.173213737264389,0.552629849974844,0.8334268107739171,0.552629849974844,814160,203540,81416,122124,0.75,,,,,,,,,0.006532434888045008,1
bayesfl_observability_v1,vi_sparse_bayesian_keep010_seed42,40,vi,99,7,4,,5,256,643.7224723815918,2.114915370941162,394.4892956566358,394.4892956566358,,,3.800768533472964,0.02507491037249565,0.9917999000632716,3.800768533472964,,-0.0,2.311121424016332,643.7224723815918,1577.9571826265433,394.4892956566358,0.015505131007433854,2.114915370941162,394.4892956566358,0.005,29.739637238747463,0.0693706364722199,0.06929045915603638,0.07781274169683457,0.10264227539300919,1.0823954985466084,0.9074119475873912,2.2451170804087077,,,,,,,,,,,,,,,,,,1,update_snr,bayesian,0.1,20,101770,10177,0.1,0.28039988709446456,0.14626674319674152,0.13588671856514173,0.2803980769134431,0.14626674319674152,0.13588671856514173,0.2803980769134431,0.31616072872461,0.3095636335023219,0.35622978897579777,0.127389633693645,0.1210222303936405,0.2417253174829125,0.31616072872461,0.3095636335023219,0.35622978897579777,0.127389633693645,0.1210222303936405,0.2417253174829125,2.1084816492707423,3.162300836373221,0.5547513958562772,0.8320161589750005,0.5547513958562772,814160,203540,81416,122124,0.75,,,,,,,,,0.006560811487475343,4
bayesfl_observability_v1,vi_sparse_bayesian_keep010_seed42,40,vi,211,16,21,,5,256,707.1808844566345,0.4482905978248233,75.49184097162068,75.49184097162068,,,3.808445890265444,0.025072496384382248,0.9917806072822375,3.808445890265444,,-0.0,2.311121424016332,707.1808844566345,1585.328660404034,75.49184097162068,0.015577563726088572,0.4482905978248233,75.49184097162068,0.005,29.76499188032978,0.06936909018621219,0.06929983198642731,0.07778601050376892,0.10062581300735474,1.0823718819251014,0.9088669904881781,2.2437567936813725,,,,,,,,,,,,,,,,,,1,update_snr,bayesian,0.1,20,101770,10177,0.1,0.28078696787440227,0.14674794340091188,0.1362795132784696,0.280783519759516,0.14674794340091188,0.1362795132784696,0.280783519759516,0.3161799617866802,0.3102027503584878,0.35550178068049837,0.12792216358027092,0.1215522077185685,0.24269992448805752,0.3161799617866802,0.3102027503584878,0.35550178068049837,0.12792216358027092,0.1215522077185685,0.24269992448805752,2.1038039380587628,3.1746289687596887,0.552404838791639,0.833575967791529,0.552404838791639,814160,203540,81416,122124,0.75,,,,,,,,,0.006561397318694235,21
bayesfl_observability_v1,vi_sparse_bayesian_keep010_seed42,40,vi,217,17,1,,5,256,631.6396109104156,1.9356108903884888,1581.0371692292697,1581.0371692292697,,,3.8050042130541946,0.025068409740924835,0.9917876562910056,3.8050042130541946,,-0.0,2.311121424016332,631.6396109104156,1581.0371692292697,1581.0371692292697,0.015535395197300478,1.9356108903884888,1581.0371692292697,0.005,29.750879793319314,0.06937191573796993,0.06930147483944893,0.07778263837099075,0.10173173248767853,1.0828153305277095,0.9062204015656734,2.237619583379021,,,,,,,,,,,,,,,,,,1,update_snr,bayesian,0.1,20,101770,10177,0.1,0.28066406787423875,0.14647214424961824,0.13660955813619405,0.28066175415375366,0.14647214424961824,0.13660955813619405,0.28066175415375366,0.3157702582426663,0.3094588335369337,0.355411596418539,0.12766124269483514,0.12167716310776121,0.2420547319856177,0.3157702582426663,0.3094588335369337,0.355411596418539,0.12766124269483514,0.12167716310776121,0.2420547319856177,2.1046477602467255,3.1699392528325565,0.5531262627847053,0.8330974357287544,0.5531262627847053,814160,203540,81416,122124,0.75,,,,,,,,,0.006559905525712666,1
bayesfl_observability_v1,vi_sparse_bayesian_keep010_seed42,40,vi,220,17,1,,5,256,657.246413230896,4.412688255310059,1580.2791936623694,1580.2791936623694,,,3.804564690765022,0.02505878359079361,0.9917891823061593,3.804564690765022,,-0.0,2.3096097079310103,657.246413230896,1580.2791936623694,1580.2791936623694,0.015527947269945656,4.412688255310059,1580.2791936623694,0.005,29.750190243418725,0.06936505494220699,0.06929074227809906,0.0777660109102726,0.1021193191409111,1.0824899082265291,0.910146276038797,2.2404116863976173,,,,,,,,,,,,,,,,,,1,update_snr,bayesian,0.1,20,101770,10177,0.1,0.28005392132224677,0.14654287028859628,0.13676345434671355,0.2800501178114287,0.14654287028859628,0.13676345434671355,0.2800501178114287,0.3154993972232052,0.30915155626987045,0.35502101025827737,0.1277699228514175,0.12155911559011513,0.24190193427745638,0.3154993972232052,0.30915155626987045,0.35502101025827737,0.1277699228514175,0.12155911559011513,0.24190193427745638,2.1025927705181817,3.1707753196309327,0.5526500247510293,0.8334134329027149,0.5526500247510293,814160,203540,81416,122124,0.75,,,,,,,,,0.006561555287811031,1
bayesfl_observability_v1,vi_sparse_bayesian_keep010_seed42,40,vi,294,23,1,,5,256,635.9489701986313,0.0343889556825161,1582.3064427501413,1582.3064427501413,,,3.80555349645086,0.025042496621608734,0.9917733336301262,3.80555349645086,,-0.0,2.3096097079310103,635.9489701986313,1582.3064427501413,1582.3064427501413,0.015547867178442972,0.0343889556825161,1582.3064427501413,0.005,29.728661506801203,0.06937355956559953,0.06930486857891083,0.07779819667339326,0.1023007482290268,1.0817948956024803,0.9092508326017368,2.239993775891801,,,,,,,,,,,,,,,,,,1,update_snr,bayesian,0.1,20,101770,10177,0.1,0.28082579046495226,0.1465647418127306,0.13625477724901947,0.2808250253244714,0.1465647418127306,0.13625477724901947,0.2808250253244714,0.3162538936580994,0.3094462598866194,0.3556015524227548,0.1277103916076896,0.12130991907330796,0.24189839052965206,0.3162538936580994,0.3094462598866194,0.3556015524227548,0.1277103916076896,0.12130991907330796,0.24189839052965206,2.1046321879453167,3.170608895435369,0.5530423340279256,0.8331531532515168,0.5530423340279256,814160,203540,81416,122124,0.75,,,,,,,,,0.006561895100814088,1
bayesfl_observability_v1,vi_sparse_bayesian_keep010_seed42,40,vi,57,4,1,,5,256,639.9062339067459,0.599704921245575,1580.6986661864523,1580.6986661864523,,,3.8034403311708473,0.02503213658928871,0.9917962423334439,3.8034403311708473,,-0.0,2.259365973874069,639.9062339067459,1580.6986661864523,1580.6986661864523,0.015532069039859018,0.599704921245575,1580.6986661864523,0.005,29.754162896927372,0.06937083831457594,0.0693250223994255,0.07780114188790321,0.10211542993783951,1.0828333300851791,0.9070245783623267,2.2413146755173456,,,,,,,,,,,,,,,,,,1,update_snr,bayesian,0.1,20,101770,10177,0.1,0.28090112310471294,0.14644315119828874,0.13578617430760026,0.28089928312625795,0.14644315119828874,0.13578617430760026,0.28089928312625795,0.31610849352360704,0.3095712258105007,0.35588816790924194,0.1275914464954756,0.12105502434734618,0.2421230342660913,0.31610849352360704,0.3095712258105007,0.35588816790924194,0.1275914464954756,0.12105502434734618,0.2421230342660913,2.105146342714491,3.167730611736551,0.5534847820437464,0.832859289463705,0.5534847820437464,814160,203540,81416,122124,0.75,,,,,,,,,0.006565428397540742,1
bayesfl_observability_v1,vi_sparse_bayesian_keep010_seed42,40,vi,58,4,1,,5,256,635.0179120063782,0.31466010212898254,1580.7693528901077,1580.7693528901077,,,3.806858236803502,0.025067239999771118,0.9917685044205466,3.806858236803502,,-0.0,2.3292713582565514,635.0179120063782,1580.7693528901077,1580.7693528901077,0.01553276361295183,0.31466010212898254,1580.7693528901077,0.005,29.730241231691185,0.06936874194807373,0.06929287314414978,0.07780152559280396,0.10160146653652191,1.081549212747599,0.9083047403377271,2.2385939776213246,,,,,,,,,,,,,,,,,,1,update_snr,bayesian,0.1,20,101770,10177,0.1,0.280255070983161,0.14653928658751214,0.1365515166378744,0.2802543409621304,0.14653928658751214,0.1365515166378744,0.2802543409621304,0.3156834110975696,0.30940473708980176,0.3548858960078789,0.1277454949752835,0.12178601152557429,0.2420164655409527,0.3156834110975696,0.30940473708980176,0.3548858960078789,0.1277454949752835,0.12178601152557429,0.2420164655409527,2.106411048665643,3.1709938708830694,0.5533200654286327,0.8329687300217546,0.5533200654286327,814160,203540,81416,122124,0.75,,,,,,,,,0.006562289700861595,1
bayesfl_observability_v1,vi_sparse_bayesian_keep010_seed42,40,vi,255,20,1,,5,256,630.4833300590515,0.0008254220010712743,1585.4407035027866,1585.4407035027866,,,3.8095852981110245,0.025038879364728928,0.9917748506543177,3.8095852981110245,,-0.0,2.28098669344155,630.4833300590515,1585.4407035027866,1585.4407035027866,0.01557866467036245,0.0008254220010712743,1585.4407035027866,0.005,29.76354831744779,0.06937184219450927,0.06931600719690323,0.07778476029634476,0.10350281000137329,1.082367407917289,0.9110253563915809,2.2430291223276604,,,,,,,,,,,,,,,,,,1,update_snr,bayesian,0.1,20,101770,10177,0.1,0.2806336104232188,0.14669877388326902,0.13654643992838633,0.28063247747745146,0.14669877388326902,0.13654643992838633,0.28063247747745146,0.3163562992147638,0.3097706752994362,0.35617403252609636,0.12784793773532518,0.12157953638365973,0.24208629078830338,0.3163562992147638,0.3097706752994362,0.35617403252609636,0.12784793773532518,0.12157953638365973,0.24208629078830338,2.1057502328198425,3.174705671485604,0.5527505143050543,0.8333467879193506,0.5527505143050543,814160,203540,81416,122124,0.75,,,,,,,,,0.006560305572360192,1
bayesfl_observability_v1,vi_sparse_bayesian_keep010_seed42,40,vi,181,14,2031,,5,256,2314.2078484773638,0.19092374808209567,1.050928440284048,1.050928440284048,,,4.328132463256362,0.07062822580337524,0.9894221947331402,4.328132463256362,,1.0649000763602765,1.25432875177699,2314.2078484773638,2134.4356622169016,1.050928440284048,0.02097313218253809,0.19092374808209567,1.050928440284048,0.005,29.835836289015894,0.07001810813654122,0.06987905502319336,0.07902741804718971,0.1043723076581955,1.0760613329278605,0.9021381952186357,2.232439964154969,,,,,,,,,,,,,,,,,,1,update_snr,bayesian,0.1,20,101770,10177,0.1,0.3195194661924201,0.15466991671657543,0.1299148206195616,0.31951938593701235,0.15466991671657543,0.1299148206195616,0.31951938593701235,0.40308611644458336,0.38208778643362007,0.5060285372603741,0.12706811674679677,0.11538236682821724,0.25408431758519595,0.40308611644458336,0.38208778643362007,0.5060285372603741,0.12706811674679677,0.11538236682821724,0.25408431758519595,2.861090141207886,3.2475981622387815,0.661044957726475,0.7503462959623427,0.661044957726475,814160,203540,81416,122124,0.75,,,,,,,,,0.006988689775360202,2031
bayesfl_observability_v1,vi_sparse_bayesian_keep010_seed42,40,vi,78,6,1,,5,256,616.549174118042,0.006073945201933384,1591.4874317821475,1591.4874317821475,,,3.8189131616261407,0.02509024553000927,0.9917251938777083,3.8189131616261407,,-0.0,2.3155014849272724,616.549174118042,1591.4874317821475,1591.4874317821475,0.015638080296572147,0.006073945201933384,1591.4874317821475,0.005,29.747108787030495,0.06937217211865648,0.06933033466339111,0.0777686059474945,0.10338588804006577,1.0821512165562122,0.9096441773455082,2.2374407547160273,,,,,,,,,,,,,,,,,,1,update_snr,bayesian,0.1,20,101770,10177,0.1,0.281015665594515,0.14710529403872716,0.13748080782048672,0.2810128943792843,0.14710529403872716,0.13748080782048672,0.2810128943792843,0.3160142291038867,0.30908658292614355,0.3556755590241973,0.12833763458704275,0.12251290959028598,0.24293618827697228,0.3160142291038867,0.30908658292614355,0.3556755590241973,0.12833763458704275,0.12251290959028598,0.24293618827697228,2.1073476044058923,3.184836543724988,0.5518186759472052,0.8339641172591746,0.5518186759472052,814160,203540,81416,122124,0.75,,,,,,,,,0.006561499881139755,1
bayesfl_observability_v1,vi_sparse_bayesian_keep010_seed42,40,vi,225,18,45,,5,256,692.6497272491455,0.07573596636454265,35.38938679239378,35.38938679239378,,,3.818776279489355,0.02510019950568676,0.9917401016555868,3.818776279489355,,-0.0,2.311121424016332,692.6497272491455,1592.5224056577201,35.38938679239378,0.015648250031028006,0.07573596636454265,35.38938679239378,0.005,29.772596183091977,0.06937478534087364,0.06933566182851791,0.07782489582896232,0.1026134267449379,1.083510766717824,0.9118945974424537,2.2430551885268035,,,,,,,,,,,,,,,,,,1,update_snr,bayesian,0.1,20,101770,10177,0.1,0.28101908798052044,0.14714240868185524,0.13741672013180117,0.2810124628201984,0.14714240868185524,0.13741672013180117,0.2810124628201984,0.31658853729436176,0.3098834362764405,0.35660830519420755,0.12831506105824345,0.12219460697896001,0.24237738055553074,0.31658853729436176,0.3098834362764405,0.35660830519420755,0.12831506105824345,0.12219460697896001,0.24237738055553074,2.1079469948442795,3.184275700958939,0.551995414386033,0.8338471457628146,0.551995414386033,814160,203540,81416,122124,0.75,,,,,,,,,0.0065648796966973275,45
bayesfl_observability_v1,vi_sparse_bayesian_keep010_seed42,40,vi,139,11,6,,5,256,623.352583360672,0.021957943836847942,264.2679195823852,264.2679195823852,,,3.8097853082740154,0.02505493350327015,0.9917707743772638,3.8097853082740154,,-0.0,2.28098669344155,623.352583360672,1585.6075174943112,264.2679195823852,0.015580303797723408,0.021957943836847942,264.2679195823852,0.005,29.75783020163461,0.06937379207437547,0.06932856887578964,0.07780682519078255,0.1024371087551117,1.0826930287685734,0.9108380873383384,2.243037931294578,,,,,,,,,,,,,,,,,,1,update_snr,bayesian,0.1,20,101770,10177,0.1,0.28068128216106664,0.14675860031373889,0.13627397371013003,0.28067952587762335,0.14675860031373889,0.13627397371013003,0.28067952587762335,0.31611419453468476,0.30932139684668425,0.3561024643064532,0.12794131206696713,0.12159346114324948,0.24281349289489312,0.31611419453468476,0.30932139684668425,0.3561024643064532,0.12794131206696713,0.12159346114324948,0.24281349289489312,2.1065515926786653,3.174414037664829,0.5529318379446996,0.8332264893695454,0.5529318379446996,814160,203540,81416,122124,0.75,,,,,,,,,0.00655999126373148,6
bayesfl_observability_v1,vi_sparse_bayesian_keep010_seed42,40,vi,141,11,1,,5,256,630.3909252494574,0.1995106190443039,1575.8764140333599,1575.8764140333599,,,3.798157558790177,0.025084570050239563,0.9918144444422091,3.798157558790177,,-0.0,2.3096097079310103,630.3909252494574,1575.8764140333599,1575.8764140333599,0.015484685212079786,0.1995106190443039,1575.8764140333599,0.005,29.74564372515603,0.0693723030914735,0.06932161375880241,0.0777735985815525,0.10228827595710754,1.0817889796717224,0.9082938516760636,2.2407078659557245,,,,,,,,,,,,,,,,,,1,update_snr,bayesian,0.1,20,101770,10177,0.1,0.2800480593811177,0.14617062164818467,0.1359382385620937,0.2800350963999217,0.14617062164818467,0.1359382385620937,0.2800350963999217,0.3155770253249004,0.3088008940256884,0.3559193786098684,0.1273476879063274,0.12100086042643438,0.24153357752791801,0.3155770253249004,0.3088008940256884,0.3559193786098684,0.1273476879063274,0.12100086042643438,0.24153357752791801,2.101626715784439,3.1637265983166256,0.5533279447348328,0.8329634959441662,0.5533279447348328,814160,203540,81416,122124,0.75,,,,,,,,,0.006565170574155014,1
bayesfl_observability_v1,vi_sparse_bayesian_keep010_seed42,40,vi,144,11,1,,5,256,631.4580237388611,0.007070165127515793,1578.0496707119653,1578.0496707119653,,,3.799150314865144,0.02506246417760849,0.9918177878485203,3.799150314865144,,-0.0,2.185987945410232,631.4580237388611,1578.0496707119653,1578.0496707119653,0.015506039802613395,0.007070165127515793,1578.0496707119653,0.005,29.75951660562321,0.06936917475334017,0.06931019946932793,0.07778465151786805,0.10346361994743347,1.0831395987026562,0.9088455511265339,2.2407665302643816,,,,,,,,,,,,,,,,,,1,update_snr,bayesian,0.1,20,101770,10177,0.1,0.2801834045550402,0.14636141585102186,0.13616259024023877,0.2801820660926738,0.14636141585102186,0.13616259024023877,0.2801820660926738,0.31560556422841224,0.3091309792790712,0.3553977626046409,0.1275565104757563,0.12098491774356754,0.24182613696366492,0.31560556422841224,0.3091309792790712,0.3553977626046409,0.1275565104757563,0.12098491774356754,0.24182613696366492,2.101199760413036,3.1652018390270373,0.5530709727887196,0.8331341422955492,0.5530709727887196,814160,203540,81416,122124,0.75,,,,,,,,,0.006563685137810527,1
bayesfl_observability_v1,vi_sparse_bayesian_keep010_seed42,40,vi,105,8,1,,5,256,668.591373538971,4.985518932342529,1572.0067158141362,1572.0067158141362,,,3.794161464663583,0.024968035519123077,0.9918349025150224,3.794161464663583,,-0.0,2.3096097079310103,668.591373538971,1572.0067158141362,1572.0067158141362,0.015446661253946508,4.985518932342529,1572.0067158141362,0.005,29.751467039420966,0.06937198817431253,0.06931140273809433,0.07779586464166642,0.1028493121266365,1.083303125781087,0.910627979188271,2.2456416731210953,,,,,,,,,,,,,,,,,,1,update_snr,bayesian,0.1,20,101770,10177,0.1,0.2796088819907404,0.14590982852501583,0.13531877476203452,0.2795985740016146,0.14590982852501583,0.13531877476203452,0.2795985740016146,0.3158648095471814,0.3091885360743866,0.355714804350862,0.12702594174477524,0.12074019584738628,0.24139635285724026,0.3158648095471814,0.3091885360743866,0.355714804350862,0.12702594174477524,0.12074019584738628,0.24139635285724026,2.106698132603029,3.155548161258997,0.5552473589285752,0.8316852592194017,0.5552473589285752,814160,203540,81416,122124,0.75,,,,,,,,,0.006561239182248701,1
bayesfl_observability_v1,vi_sparse_bayesian_keep010_seed42,41,vi,166,13,9,,5,256,645.7544900894165,1.4488978915744357,175.14505277976136,175.14505277976136,,,3.8153014195490744,0.025072935968637466,0.9920320275281833,3.8153014195490744,,-0.0,2.3277319754160017,645.7544900894165,1576.3054750178521,175.14505277976136,0.015488901198956982,1.4488978915744357,175.14505277976136,0.005,30.283543793951594,0.06967032162932547,0.06963271647691727,0.07812493443489076,0.10186539590358734,1.0973247167870146,0.9221549365353432,2.2711407701994037,,,,,,,,,,,,,,,,,,1,update_snr,bayesian,0.1,20,101770,10177,0.1,0.27981655303268566,0.14625156508882617,0.13574826091416986,0.27980571632057677,0.14625156508882617,0.13574826091416986,0.27980571632057677,0.315114945643674,0.3084870687862785,0.35510900942783247,0.12748896724939862,0.1209679029248557,0.24187923075260054,0.315114945643674,0.3084870687862785,0.35510900942783247,0.12748896724939862,0.1209679029248557,0.24187923075260054,2.10752739161861,3.1803857023308435,0.5523881758908831,0.8335870099371413,0.5523881758908831,814160,203540,81416,122124,0.75,,,,,,,,,0.0065922134248951655,9
bayesfl_observability_v1,vi_sparse_bayesian_keep010_seed42,41,vi,173,13,1,,5,256,635.4106033921241,1.6184163093566895,1568.1009999694534,1568.1009999694534,,,3.804531784753903,0.02499973773956299,0.9920664326385036,3.804531784753903,,-0.0,2.3292713582565514,635.4106033921241,1568.1009999694534,1568.1009999694534,0.015408283383801251,1.6184163093566895,1568.1009999694534,0.005,30.262705290300637,0.06967084650292522,0.06963231414556503,0.07813987359404564,0.10298562049865723,1.096349732965067,0.9187037121177337,2.27033807042658,,,,,,,,,,,,,,,,,,1,update_snr,bayesian,0.1,20,101770,10177,0.1,0.27932085727749495,0.14587315336658357,0.13589921295299645,0.27931940063512867,0.14587315336658357,0.13589921295299645,0.27931940063512867,0.31466000735028227,0.30824156424330545,0.3549843339447641,0.12711905847950591,0.12107705709491255,0.24076430450790917,0.31466000735028227,0.30824156424330545,0.3549843339447641,0.12711905847950591,0.12107705709491255,0.24076430450790917,2.1034037072911356,3.170197934728468,0.5528679549268622,0.8332688788230305,0.5528679549268622,814160,203540,81416,122124,0.75,,,,,,,,,0.0065949499453513815,1
bayesfl_observability_v1,vi_sparse_bayesian_keep010_seed42,41,vi,82,6,1,,5,256,625.4264562606811,0.00021598390594590455,1571.8363176571759,1571.8363176571759,,,3.8074637037092,0.025048425421118736,0.9920616620883715,3.8074637037092,,-0.0,2.3155014849272724,625.4264562606811,1571.8363176571759,1571.8363176571759,0.015444986908294938,0.00021598390594590455,1571.8363176571759,0.005,30.277410071499215,0.0696658217312194,0.06961766630411148,0.07814721539616584,0.10362794995307922,1.0978981983035,0.9233180040362337,2.2733102783406025,,,,,,,,,,,,,,,,,,1,update_snr,bayesian,0.1,20,101770,10177,0.1,0.27914787090076126,0.1461983003888427,0.13666944688650243,0.27913631639485686,0.1461983003888427,0.13666944688650243,0.27913631639485686,0.3149684271442147,0.308280591222004,0.35609117872637513,0.1274460640826903,0.12164718009357901,0.24075879606926223,0.3149684271442147,0.308280591222004,0.35609117872637513,0.1274460640826903,0.12164718009357901,0.24075879606926223,2.1033121394091854,3.173776598829374,0.5524181720656078,0.8335671317726566,0.5524181720656078,814160,203540,81416,122124,0.75,,,,,,,,,0.006595117220347347,1
bayesfl_observability_v1,vi_sparse_bayesian_keep010_seed42,41,vi,85,6,1,,5,256,630.4963687896728,3.0744056701660156,1564.6652743297957,1564.6652743297957,,,3.8003254411246066,0.02505786344408989,0.9920882184402443,3.8003254411246066,,-0.0,2.3277319754160017,630.4963687896728,1564.6652743297957,1564.6652743297957,0.015374523674263493,3.0744056701660156,1564.6652743297957,0.005,30.270998834680004,0.0696690644131796,0.06961614266037941,0.07813331112265587,0.10253939032554626,1.0968051981594917,0.9199992484709243,2.270709583219113,,,,,,,,,,,,,,,,,,1,update_snr,bayesian,0.1,20,101770,10177,0.1,0.2787560769871655,0.14555941819000914,0.13549347092202396,0.27875367846700794,0.14555941819000914,0.13549347092202396,0.27875367846700794,0.31444274508331954,0.307714241816828,0.3550895736490784,0.12679460409075238,0.12045941087437687,0.24101115946308255,0.31444274508331954,0.307714241816828,0.3550895736490784,0.12679460409075238,0.12045941087437687,0.24101115946308255,2.1039402201933557,3.164792095590433,0.5536210655608352,0.8327687048438399,0.5536210655608352,814160,203540,81416,122124,0.75,,,,,,,,,0.006592943279185445,1
bayesfl_observability_v1,vi_sparse_bayesian_keep010_seed42,41,vi,44,3,2,,5,256,630.5134400606155,0.008889772929251194,782.5675933930205,782.5675933930205,,,3.8001017178573417,0.0250227153301239,0.9920999213992079,3.8001017178573417,,-0.0,2.185987945410232,630.5134400606155,1565.135186786041,782.5675933930205,0.015379141070905385,0.008889772929251194,782.5675933930205,0.005,30.29165976405222,0.06966787606929443,0.0696224607527256,0.07815358340740204,0.1019819900393486,1.0982110323188954,0.9206692427783811,2.2704818378761686,,,,,,,,,,,,,,,,,,1,update_snr,bayesian,0.1,20,101770,10177,0.1,0.27893026948629424,0.14573160265188342,0.1354951051894953,0.2789276254240724,0.14573160265188342,0.1354951051894953,0.2789276254240724,0.3141877976824004,0.308117985201605,0.35337333497526724,0.12701424764849267,0.12090797661581419,0.24106468866056738,0.3141877976824004,0.308117985201605,0.35337333497526724,0.12701424764849267,0.12090797661581419,0.24106468866056738,2.1001512824133792,3.167039257262179,0.5526565966759261,0.8334090749149446,0.5526565966759261,814160,203540,81416,122124,0.75,,,,,,,,,0.006593315298623558,2
bayesfl_observability_v1,vi_sparse_bayesian_keep010_seed42,41,vi,268,21,1,,5,256,634.6422076463699,0.13518887758255005,1568.4968707247,1568.4968707247,,,3.8072836320210177,0.025091983377933502,0.9920719527904286,3.8072836320210177,,-0.0,2.3096097079310103,634.6422076463699,1568.4968707247,1568.4968707247,0.015412173240883365,0.13518887758255005,1568.4968707247,0.005,30.29548548635886,0.06966869474980836,0.06959892809391022,0.07813019081950189,0.10255388915538788,1.0977014850474196,0.9209793665541235,2.2709975939390423,,,,,,,,,,,,,,,,,,1,update_snr,bayesian,0.1,20,101770,10177,0.1,0.27928961051726847,0.14604603523270462,0.1358129357597409,0.27928746138624094,0.14604603523270462,0.1358129357597409,0.27928746138624094,0.3144073844923694,0.3080549902247654,0.3535990724273397,0.12733921864829745,0.12108629652453631,0.24111979882310763,0.3144073844923694,0.3080549902247654,0.3535990724273397,0.12733921864829745,0.12108629652453631,0.24111979882310763,2.1029092378225216,3.173827561814894,0.5523384756880422,0.8336199423445984,0.5523384756880422,814160,203540,81416,122124,0.75,,,,,,,,,0.00659672732722326,1
bayesfl_observability_v1,vi_sparse_bayesian_keep010_seed42,41,vi,285,22,3,,5,256,641.6516369342804,0.4849032163619995,523.6281097983981,523.6281097983981,,,3.8066282531394626,0.025033190846443176,0.9920783609750082,3.8066282531394626,,-0.0,2.259365973874069,641.6516369342804,1570.8843293951943,523.6281097983981,0.015435632596985303,0.4849032163619995,523.6281097983981,0.005,30.302266939231707,0.06966884217883997,0.06961008533835411,0.07813921496272087,0.10345667600631714,1.0982632177119618,0.922284582364435,2.272843375641637,,,,,,,,,,,,,,,,,,1,update_snr,bayesian,0.1,20,101770,10177,0.1,0.2793044346214997,0.14603625785717583,0.13623557169889805,0.27929950235439166,0.14603625785717583,0.13623557169889805,0.27929950235439166,0.31442058229888015,0.3079673639323338,0.35314353561454803,0.1273268884747643,0.12141614650580876,0.24129896308708632,0.31442058229888015,0.3079673639323338,0.35314353561454803,0.1273268884747643,0.12141614650580876,0.24129896308708632,2.0998050000957074,3.175096473994559,0.5516180883604599,0.8340968076869454,0.5516180883604599,814160,203540,81416,122124,0.75,,,,,,,,,0.006596807892844109,3
bayesfl_observability_v1,vi_sparse_bayesian_keep010_seed42,41,vi,15,1,1,,5,256,589.736688041687,3.3631529808044434,1584.3435255803565,1584.3435255803565,,,3.824931181228678,0.025059059262275696,0.9919964371310406,3.824931181228678,,-0.0,2.3277319754160017,589.736688041687,1584.3435255803565,1584.3435255803565,0.015567883714064621,3.3631529808044434,1584.3435255803565,0.005,30.29264632564764,0.06966473615186657,0.0696135051548481,0.07812742814421654,0.10337181389331818,1.0978497139374215,0.918294501318238,2.2687308662798586,,,,,,,,,,,,,,,,,,1,update_snr,bayesian,0.1,20,101770,10177,0.1,0.2800752691473754,0.14685692620593585,0.13715258660234442,0.2800748817281242,0.14685692620593585,0.13715258660234442,0.2800748817281242,0.31579455314472593,0.30951804572271924,0.3558163771620687,0.12808607876829245,0.12225113909519429,0.24190815703424118,0.31579455314472593,0.30951804572271924,0.3558163771620687,0.12808607876829245,0.12225113909519429,0.24190815703424118,2.108264353139286,3.1914448073588266,0.551190139965355,0.834379667540487,0.551190139965355,814160,203540,81416,122124,0.75,,,,,,,,,0.006594714677127959,1
bayesfl_observability_v1,vi_sparse_bayesian_keep010_seed42,41,vi,23,1,73,,5,256,651.5358635902405,0.0020689762210192746,21.527250857665106,21.527250857665106,,,3.8088766867153403,0.025047000497579575,0.9920653310906616,3.8088766867153403,,-0.0,2.185987945410232,651.5358635902405,1571.4893126095526,21.527250857665106,0.015441577209487595,0.0020689762210192746,21.527250857665106,0.005,30.295565793779843,0.0696711524648207,0.06962664425373077,0.07814025059342385,0.10267777740955353,1.0978198988451935,0.9199877593136768,2.2703659861067216,,,,,,,,,,,,,,,,,,1,update_snr,bayesian,0.1,20,101770,10177,0.1,0.2794354740666377,0.14600499508188702,0.13609972200697487,0.27943156471331304,0.14600499508188702,0.13609972200697487,0.27943156471331304,0.3145301475801702,0.3078990504881028,0.355014621148577,0.12727997813763336,0.12100447639108956,0.24094917495801427,0.3145301475801702,0.3078990504881028,0.355014621148577,0.12727997813763336,0.12100447639108956,0.24094917495801427,2.1033600355537168,3.1754398396819163,0.5522258157870662,0.8336945773952895,0.5522258157870662,814160,203540,81416,122124,0.75,,,,,,,,,0.006595861644334516,73
bayesfl_observability_v1,vi_sparse_bayesian_keep010_seed42,41,vi,99,7,4,,5,256,634.7349791765213,0.5114538669586182,392.0582579071815,392.0582579071815,,,3.80573649996539,0.02507035620510578,0.9920756631049636,3.80573649996539,,-0.0,2.311121424016332,634.7349791765213,1568.233031628726,392.0582579071815,0.015409580737238145,0.5114538669586182,392.0582579071815,0.005,30.290320101243857,0.0696742650828659,0.0696234293282032,0.07816124111413955,0.10243086516857147,1.0978699955039042,0.9218544553569182,2.2724098155550965,,,,,,,,,,,,,,,,,,1,update_snr,bayesian,0.1,20,101770,10177,0.1,0.2789645818623784,0.14601229143821326,0.13588191569465605,0.2789617054434373,0.14601229143821326,0.13588191569465605,0.2789617054434373,0.3140799040338267,0.307360663311384,0.3534680917908573,0.1273381122609229,0.12151994094586968,0.2408162087949495,0.3140799040338267,0.307360663311384,0.3534680917908573,0.1273381122609229,0.12151994094586968,0.2408162087949495,2.1013679847625473,3.1729927355390886,0.5521580342679157,0.8337394708141103,0.5521580342679157,814160,203540,81416,122124,0.75,,,,,,,,,0.006601507014742759,4
bayesfl_observability_v1,vi_sparse_bayesian_keep010_seed42,41,vi,100,8,22,,5,256,632.7140145778656,0.02042053775353865,71.63610146755246,71.63610146755246,,,3.8129021584445324,0.025041647255420685,0.9920394679384147,3.8129021584445324,,-0.0,2.3163460082440825,632.7140145778656,1575.994232286154,71.63610146755246,0.01548584290347012,0.02042053775353865,71.63610146755246,0.005,30.2785361695312,0.06966607227787512,0.06962879002094269,0.07813912481069565,0.10312965512275696,1.0974293423771866,0.9202213924732948,2.2717770178938075,,,,,,,,,,,,,,,,,,1,update_snr,bayesian,0.1,20,101770,10177,0.1,0.2794781389981857,0.14635846636407712,0.13624807062096173,0.279474656311705,0.14635846636407712,0.13624807062096173,0.279474656311705,0.31511346383794653,0.308443309121095,0.35501464480209477,0.12760791108920275,0.1213079697464436,0.24181323213999023,0.31511346383794653,0.308443309121095,0.35501464480209477,0.12760791108920275,0.1213079697464436,0.24181323213999023,2.104622938504821,3.1794315775921835,0.5519740216369461,0.8338613070756654,0.5519740216369461,814160,203540,81416,122124,0.75,,,,,,,,,0.006592032510918371,22
bayesfl_observability_v1,vi_sparse_bayesian_keep010_seed42,41,vi,102,8,341,,5,256,1371.3628039121627,0.004129191560129966,7.358464193736671,7.358464193736671,,,4.811923626911951,0.04800520837306976,0.9873990112813316,4.811923626911951,,-0.0,2.4040642619438994,1371.3628039121627,2509.2362900642047,7.358464193736671,0.02465595254067215,0.004129191560129966,7.358464193736671,0.005,30.406728987018965,0.06989489140246534,0.06983532756567001,0.07854536101222039,0.1049978956580162,1.0987776967119864,0.920845381867504,2.2769684786401396,,,,,,,,,,,,,,,,,,1,update_snr,bayesian,0.1,20,101770,10177,0.1,0.3581463890300841,0.1779102112406627,0.15642089907422418,0.3581457185702784,0.1779102112406627,0.15642089907422418,0.3581457185702784,0.4310386979327735,0.4151037883835012,0.5162892179129825,0.14978482383042815,0.13883589550195494,0.2931720172277584,0.4310386979327735,0.4151037883835012,0.5162892179129825,0.14978482383042815,0.13883589550195494,0.2931720172277584,2.974537045733809,3.782424930489808,0.6181596543008137,0.78605256935825,0.6181596543008137,814160,203540,81416,122124,0.75,,,,,,,,,0.006697037543197389,341
bayesfl_observability_v1,vi_sparse_bayesian_keep010_seed42,41,vi,132,10,1,,5,256,634.8718511462212,0.03539764881134033,1565.8330625751137,1565.8330625751137,,,3.802073486155607,0.02507532387971878,0.9920903810048944,3.802073486155607,,-0.0,2.311121424016332,634.8718511462212,1565.8330625751137,1565.8330625751137,0.015385998453130724,0.03539764881134033,1565.8330625751137,0.005,30.289202402804044,0.06967247346238764,0.06962165609002113,0.0781206376850605,0.1034756675362587,1.0968972137138087,0.9206496909368003,2.275033466080249,,,,,,,,,,,,,,,,,,1,update_snr,bayesian,0.1,20,101770,10177,0.1,0.27888249962949385,0.14570859361164304,0.13540834102371774,0.2788805369036834,0.14570859361164304,0.13540834102371774,0.2788805369036834,0.3143459544438344,0.30789949382805637,0.35328142470585727,0.12697110907473289,0.12059792015807094,0.24082283915114736,0.3143459544438344,0.30789949382805637,0.35328142470585727,0.12697110907473289,0.12059792015807094,0.24082283915114736,2.1051001228335036,3.1661200651544843,0.5536716032708865,0.8327351053795242,0.5536716032708865,814160,203540,81416,122124,0.75,,,,,,,,,0.006592229343886036,1
bayesfl_observability_v1,vi_sparse_bayesian_keep010_seed42,41,vi,227,18,1,,5,256,623.468866276741,0.10243590176105499,1575.2320280366644,1575.2320280366644,,,3.8119552949850215,0.025065120309591293,0.9920587209398116,3.8119552949850215,,-0.0,2.3163460082440825,623.468866276741,1575.2320280366644,1575.2320280366644,0.015478353424748594,0.10243590176105499,1575.2320280366644,0.005,30.307103545681112,0.06966645817779436,0.06961323320865631,0.07812987789511681,0.10329756885766983,1.098137436452911,0.9217569647166854,2.2720964352861053,,,,,,,,,,,,,,,,,,1,update_snr,bayesian,0.1,20,101770,10177,0.1,0.2798986619558765,0.146103742843151,0.13617668679514017,0.2798967267743883,0.146103742843151,0.13617668679514017,0.2798967267743883,0.3152005794134797,0.30845389659312084,0.35406423535193116,0.1273152054464478,0.12107448353262137,0.24174111708208126,0.3152005794134797,0.30845389659312084,0.35406423535193116,0.1273152054464478,0.12107448353262137,0.24174111708208126,2.1052235245881166,3.177898217766759,0.5522686814710897,0.8336661822733276,0.5522686814710897,814160,203540,81416,122124,0.75,,,,,,,,,0.0065949129594075895,1
bayesfl_observability_v1,vi_sparse_bayesian_keep010_seed42,41,vi,249,19,1,,5,256,641.9142253160477,0.16480372846126556,1568.6220620896272,1568.6220620896272,,,3.805420480417259,0.025038231164216995,0.9920871445527076,3.805420480417259,,-0.0,2.3163460082440825,641.9142253160477,1568.6220620896272,1568.6220620896272,0.015413403381051658,0.16480372846126556,1568.6220620896272,0.005,30.30908404751467,0.06966843466070642,0.06964677199721336,0.07814650759100915,0.10304632037878036,1.0982654526460927,0.9221467287718412,2.2740727449025093,,,,,,,,,,,,,,,,,,1,update_snr,bayesian,0.1,20,101770,10177,0.1,0.2792977752711578,0.14593322178768167,0.1359921825740582,0.27929550296064887,0.14593322178768167,0.1359921825740582,0.27929550296064887,0.3142510798740019,0.30742472391526454,0.35354032856954426,0.12723123755586832,0.12109873649226463,0.24102278093895044,0.3142510798740019,0.30742472391526454,0.35354032856954426,0.12723123755586832,0.12109873649226463,0.24102278093895044,2.1015777713945476,3.172474728592722,0.5522590163713295,0.8336725849136294,0.5522590163713295,814160,203540,81416,122124,0.75,,,,,,,,,0.00659725433349579,1
bayesfl_observability_v1,vi_sparse_bayesian_keep010_seed42,42,vi,125,10,1,,5,256,644.2456525802612,0.16373062133789062,1554.9343051968829,1554.9343051968829,,,3.7999602517027946,0.02510032430291176,0.9923338135670375,3.7999602517027946,,-0.0,2.311121424016332,644.2456525802612,1554.9343051968829,1554.9343051968829,0.01527890640853771,0.16373062133789062,1554.9343051968829,0.005,30.747272945472716,0.06990184166251887,0.06987184286117554,0.07838114500045777,0.10271459072828293,1.1110927589592132,0.929062270844784,2.305305938540359,,,,,,,,,,,,,,,,,,1,update_snr,bayesian,0.1,20,101770,10177,0.1,0.2779613816166569,0.14523062605919557,0.13489437552108643,0.2779541397743821,0.14523062605919557,0.13489437552108643,0.2779541397743821,0.31377644681839234,0.3070797606400779,0.3540161074393968,0.12650331264150702,0.12058507642701935,0.23974360101561126,0.31377644681839234,0.3070797606400779,0.3540161074393968,0.12650331264150702,0.12058507642701935,0.23974360101561126,2.104312891049454,3.164105745875803,0.5537723427781892,0.832668116583046,0.5537723427781892,814160,203540,81416,122124,0.75,,,,,,,,,0.00659133612800263,1
bayesfl_observability_v1,vi_sparse_bayesian_keep010_seed42,42,vi,103,8,1,,5,256,628.7630767703056,0.009392833337187767,1565.1338850308132,1565.1338850308132,,,3.8117337554348127,0.025083675980567932,0.9922817499112337,3.8117337554348127,,-0.0,2.311121424016332,628.7630767703056,1565.1338850308132,1565.1338850308132,0.015379128279756443,0.009392833337187767,1565.1338850308132,0.005,30.73839003514317,0.06989909081906592,0.06987229734659195,0.07835666164755821,0.10295898467302322,1.1104916810507997,0.9316896692352629,2.3050354764411454,,,,,,,,,,,,,,,,,,1,update_snr,bayesian,0.1,20,101770,10177,0.1,0.2792867603525458,0.14553025374960957,0.13552347752463245,0.27928098695851034,0.14553025374960957,0.13552347752463245,0.27928098695851034,0.31478258103221207,0.3084709632713477,0.3543410230460428,0.1267244396070982,0.12032358632946023,0.2411642612464225,0.31478258103221207,0.3084709632713477,0.3543410230460428,0.1267244396070982,0.12032358632946023,0.2411642612464225,2.1087292975849636,3.175307067328768,0.5532205114216894,0.8330348526576337,0.5532205114216894,814160,203540,81416,122124,0.75,,,,,,,,,0.006594530139105766,1
bayesfl_observability_v1,vi_sparse_bayesian_keep010_seed42,42,vi,3,0,1,,5,256,629.1015944957733,0.04234229028224945,1551.3808076605433,1551.3808076605433,,,3.7963876681289266,0.025031007826328278,0.992362899822498,3.7963876681289266,,-0.0,2.185987945410232,629.1015944957733,1551.3808076605433,1551.3808076605433,0.015243989463108414,0.04234229028224945,1551.3808076605433,0.005,30.776314975292056,0.06990476681350186,0.06988522410392761,0.07834507972002029,0.10341240465641022,1.1113975189150658,0.9315871974042501,2.302141314572293,,,,,,,,,,,,,,,,,,1,update_snr,bayesian,0.1,20,101770,10177,0.1,0.278422232070386,0.14484997486726855,0.13412597875191046,0.27841285847128644,0.14484997486726855,0.13412597875191046,0.27841285847128644,0.31410229212034624,0.3073213780244326,0.35419413553874696,0.1260441618391488,0.11963909802656002,0.2397037069918174,0.31410229212034624,0.3073213780244326,0.35419413553874696,0.1260441618391488,0.11963909802656002,0.2397037069918174,2.1052099065218477,3.159216766257687,0.5545297505297749,0.8321638995879277,0.5545297505297749,814160,203540,81416,122124,0.75,,,,,,,,,0.006595322610372503,1
bayesfl_observability_v1,vi_sparse_bayesian_keep010_seed42,42,vi,241,19,265,,5,256,1386.0985920786857,0.0008496773060200349,9.396440546176331,9.396440546176331,,,4.806936542950429,0.04809048771858215,0.987836975293284,4.806936542950429,,-0.0,2.259365973874069,1386.0985920786857,2490.0567447367275,9.396440546176331,0.02446749282437582,0.0008496773060200349,9.396440546176331,0.005,30.913977125694156,0.07013433677080931,0.0700993575155735,0.07870256900787354,0.10234823822975159,1.113429901091479,0.9314285910704628,2.3050916075819354,,,,,,,,,,,,,,,,,,1,update_snr,bayesian,0.1,20,101770,10177,0.1,0.35717262147479323,0.17739793924208452,0.1554452313167219,0.35716800658041375,0.17739793924208452,0.1554452313167219,0.35716800658041375,0.42879174529876946,0.4134256138407754,0.5134398434188594,0.1494652941246751,0.13834609063361425,0.2921242507007842,0.42879174529876946,0.4134256138407754,0.5134398434188594,0.1494652941246751,0.13834609063361425,0.2921242507007842,2.963217271781338,3.7849679428192196,0.6164460972814418,0.7873971101969365,0.6164460972814418,814160,203540,81416,122124,0.75,,,,,,,,,0.006685913726234931,265
bayesfl_observability_v1,vi_sparse_bayesian_keep010_seed42,42,vi,62,5,333,,5,256,1307.586028432846,0.00606900086632004,7.438001437321362,7.438001437321362,,,4.797380103705538,0.04813572019338608,0.9878672115284585,4.797380103705538,,-0.0,2.4040642619438994,1307.586028432846,2476.8544786280136,7.438001437321362,0.024337766322374114,0.00606900086632004,7.438001437321362,0.005,30.890843872465986,0.07013400635209201,0.07008862495422363,0.07873641923069954,0.10523294657468796,1.1123706039901984,0.9336625033338087,2.302626179171011,,,,,,,,,,,,,,,,,,1,update_snr,bayesian,0.1,20,101770,10177,0.1,0.35686986749236344,0.17637347590114671,0.15416185620153122,0.3568604656327674,0.17637347590114671,0.15416185620153122,0.3568604656327674,0.4301633535029026,0.4147887005016343,0.5180805080603205,0.1481746006120627,0.13715376009986194,0.29096959438592024,0.4301633535029026,0.4147887005016343,0.5180805080603205,0.1481746006120627,0.13715376009986194,0.29096959438592024,2.9806907703489243,3.759034236474399,0.6213163655818335,0.7835598087320387,0.6213163655818335,814160,203540,81416,122124,0.75,,,,,,,,,0.006690285675432071,333
bayesfl_observability_v1,vi_sparse_bayesian_keep010_seed42,42,vi,74,5,1,,5,256,630.1259263753891,0.001190192298963666,1561.1625692880498,1561.1625692880498,,,3.810370129811706,0.025091689079999924,0.9923018579542576,3.810370129811706,,-0.0,2.259365973874069,630.1259263753891,1561.1625692880498,1561.1625692880498,0.01534010581986882,0.001190192298963666,1561.1625692880498,0.005,30.767734010179673,0.06990174556551308,0.06987443566322327,0.07835568487644196,0.10300055891275406,1.1117860181514814,0.9322871365637956,2.3032501428470895,,,,,,,,,,,,,,,,,,1,update_snr,bayesian,0.1,20,101770,10177,0.1,0.2786657297998583,0.14562656552812503,0.1355346138223496,0.27866280831548756,0.14562656552812503,0.1355346138223496,0.27866280831548756,0.3130239117204972,0.30622487189907865,0.3522717255507135,0.1270268603956392,0.12068189439690867,0.2407021508580847,0.3130239117204972,0.30622487189907865,0.3522717255507135,0.1270268603956392,0.12068189439690867,0.2407021508580847,2.102434549412122,3.177843528495312,0.5517664892874898,0.8339986458618258,0.5517664892874898,814160,203540,81416,122124,0.75,,,,,,,,,0.006592251077401064,1
bayesfl_observability_v1,vi_sparse_bayesian_keep010_seed42,42,vi,81,6,9,,5,256,667.4405717611313,0.005686128718985451,172.74200885763076,172.74200885763076,,,3.80275104381748,0.025094665586948395,0.9923295870094345,3.80275104381748,,-0.0,2.3155014849272724,667.4405717611313,1554.6780797186768,172.74200885763076,0.015276388716897678,0.005686128718985451,172.74200885763076,0.005,30.761517802499277,0.06990756741591758,0.069879911839962,0.07836306169629097,0.10278452932834625,1.1110241317702625,0.930200786614356,2.304322367159369,,,,,,,,,,,,,,,,,,1,update_snr,bayesian,0.1,20,101770,10177,0.1,0.27690787223921437,0.14550317514990588,0.13602154540008296,0.27690445957763216,0.14550317514990588,0.13602154540008296,0.27690445957763216,0.312440068970451,0.3056913168003139,0.352503219007138,0.12695463139206756,0.12130425843788512,0.23936751326897177,0.312440068970451,0.3056913168003139,0.352503219007138,0.12695463139206756,0.12130425843788512,0.23936751326897177,2.098850180232459,3.171079220422146,0.5519294205821792,0.8338908290033061,0.5519294205821792,814160,203540,81416,122124,0.75,,,,,,,,,0.006591510085813009,9
bayesfl_observability_v1,vi_sparse_bayesian_keep010_seed42,42,vi,85,6,1,,5,256,657.331622505188,3.2190935611724854,1554.7046687157554,1554.7046687157554,,,3.799398380460641,0.02508193999528885,0.9923441505535051,3.799398380460641,,-0.0,2.3277319754160017,657.331622505188,1554.7046687157554,1554.7046687157554,0.015276649982467872,3.2190935611724854,1554.7046687157554,0.005,30.763480302703762,0.06989890583180908,0.06987179443240166,0.07835420742630958,0.1028321161866188,1.1116429595555315,0.9320576120743804,2.3027963273932066,,,,,,,,,,,,,,,,,,1,update_snr,bayesian,0.1,20,101770,10177,0.1,0.2783688623154372,0.14515666736915828,0.13469544745574324,0.2783634649561356,0.14515666736915828,0.13469544745574324,0.2783634649561356,0.31357738906295624,0.3072280487050712,0.3526727084851021,0.12644325384762517,0.12011825871741885,0.24021757334030314,0.31357738906295624,0.3072280487050712,0.3526727084851021,0.12644325384762517,0.12011825871741885,0.24021757334030314,2.1042788278435816,3.1634535982271332,0.5538452715738795,0.832619610119325,0.5538452715738795,814160,203540,81416,122124,0.75,,,,,,,,,0.0065913484623890935,1
bayesfl_observability_v1,vi_sparse_bayesian_keep010_seed42,42,vi,222,17,107,,5,256,669.6773081541062,0.0011649566276051174,14.576067090621246,14.576067090621246,,,3.805264610248511,0.025096511468291283,0.9923125071480622,3.805264610248511,,-0.0,2.185987945410232,669.6773081541062,1559.6391786964732,14.576067090621246,0.015325136864463724,0.0011649566276051174,14.576067090621246,0.005,30.747653214760607,0.06990267596351875,0.06986849382519722,0.07839450240135193,0.10294316709041595,1.1114825055583368,0.9323951170277405,2.302324349444727,,,,,,,,,,,,,,,,,,1,update_snr,bayesian,0.1,20,101770,10177,0.1,0.2782701192817504,0.14554527066539508,0.1352922062752015,0.27826954692517875,0.14554527066539508,0.1352922062752015,0.27826954692517875,0.31341734451457426,0.30650401301869273,0.352946938966313,0.12689281801548627,0.12051456789718296,0.2403830604689427,0.31341734451457426,0.30650401301869273,0.352946938966313,0.12689281801548627,0.12051456789718296,0.2403830604689427,2.1028189480647876,3.1714651544151433,0.5526078113993388,0.8334414237248073,0.5526078113993388,814160,203540,81416,122124,0.75,,,,,,,,,0.0065894690451501,107
bayesfl_observability_v1,vi_sparse_bayesian_keep010_seed42,42,vi,224,17,73,,5,256,706.9907506942749,0.1774125817703874,21.548599168284067,21.548599168284067,,,3.822828558389085,0.02500276267528534,0.9922492932212039,3.822828558389085,,0.6276116833595444,1.622881584788002,706.9907506942749,1573.047739284737,21.548599168284067,0.015456890432197475,0.1774125817703874,21.548599168284067,0.005,30.763954928098865,0.06989919676028951,0.0698750950396061,0.07837163805961608,0.1025589108467102,1.112031781000873,0.9344786923466929,2.2997506718776584,,,,,,,,,,,,,,,,,,1,update_snr,bayesian,0.1,20,101770,10177,0.1,0.27910461433324246,0.14628679826737023,0.13617319963019742,0.27910310259359533,0.14628679826737023,0.13617319963019742,0.27910310259359533,0.31427004059751773,0.30772494830556746,0.3537683130084839,0.1276219935640205,0.12152470072478833,0.24122366627192987,0.31427004059751773,0.30772494830556746,0.3537683130084839,0.1276219935640205,0.12152470072478833,0.24122366627192987,2.1064167413579176,3.1901452472516483,0.5510099940881334,0.8344986437466488,0.5510099940881334,814160,203540,81416,122124,0.75,,,,,,,,,0.006592520986323938,73
bayesfl_observability_v1,vi_sparse_bayesian_keep010_seed42,42,vi,282,22,9,,5,256,638.8005254507065,0.03275311324331495,172.95542778863097,172.95542778863097,,,3.805326386870262,0.0250557754188776,0.9923163738706509,3.805326386870262,,-0.0,2.185987945410232,638.8005254507065,1556.5988500976787,172.95542778863097,0.015295262357253401,0.03275311324331495,172.95542778863097,0.005,30.75597858407955,0.0698975322077539,0.06987304240465164,0.07837320342659951,0.10329532623291016,1.1112110331682432,0.9324122180393031,2.2999914721054546,,,,,,,,,,,,,,,,,,1,update_snr,bayesian,0.1,20,101770,10177,0.1,0.27827879250203164,0.14533567260428754,0.1351029748395575,0.27827833020411386,0.14533567260428754,0.1351029748395575,0.27827833020411386,0.3128205290727776,0.30645398072092506,0.3515231934738032,0.12672624410778863,0.12053519512579972,0.24033969664656468,0.3128205290727776,0.30645398072092506,0.3515231934738032,0.12672624410778863,0.12053519512579972,0.24033969664656468,2.1043188456617075,3.170544291821844,0.5529929976367758,0.8331859003635947,0.5529929976367758,814160,203540,81416,122124,0.75,,,,,,,,,0.006592602875999105,9
bayesfl_observability_v1,vi_sparse_bayesian_keep010_seed42,42,vi,117,9,1,,5,256,628.6996386289596,1.0724928379058838,1557.2403524390015,1557.2403524390015,,,3.8045957217314323,0.025075703859329224,0.9923310420642213,3.8045957217314323,,-0.0,2.3277319754160017,628.6996386289596,1557.2403524390015,1557.2403524390015,0.01530156580956079,1.0724928379058838,1557.2403524390015,0.005,30.77890696804627,0.06989852579816966,0.06986834108829498,0.07837661355733871,0.10314376652240753,1.1126945224332592,0.932332343696976,2.3040617440024276,,,,,,,,,,,,,,,,,,1,update_snr,bayesian,0.1,20,101770,10177,0.1,0.2783595765919784,0.14525731444981418,0.13513480574174563,0.2783548990834411,0.14525731444981418,0.13513480574174563,0.2783548990834411,0.31374335339133114,0.3073958910079224,0.352786797188602,0.1265366434563123,0.12016974520577138,0.24003651816245658,0.31374335339133114,0.3073958910079224,0.352786797188602,0.1265366434563123,0.12016974520577138,0.24003651816245658,2.1041260256698053,3.1697953047343805,0.553048518046548,0.8331490483019939,0.553048518046548,814160,203540,81416,122124,0.75,,,,,,,,,0.006595439235615308,1
bayesfl_observability_v1,vi_sparse_bayesian_keep010_seed42,42,vi,120,9,935,,5,256,1994.7528556585312,0.02215676651918952,2.8308767171424067,2.8308767171424067,,,4.934809305533022,0.0732998251914978,0.9871575350322811,4.934809305533022,,0.007653727565891914,2.2517606506762466,1994.7528556585312,2646.8697305281503,2.8308767171424067,0.026008349518798764,0.02215676651918952,2.8308767171424067,0.005,30.890344035364702,0.07039951225816823,0.07032293826341629,0.07919006645679474,0.10393214225769043,1.108380226611148,0.9282636882734003,2.295349274266159,,,,,,,,,,,,,,,,,,1,update_snr,bayesian,0.1,20,101770,10177,0.1,0.363648979079342,0.1768586002696997,0.14986211498946114,0.36364511201589855,0.1768586002696997,0.14986211498946114,0.36364511201589855,0.45480120935010243,0.43245713651278206,0.5659211156784452,0.145976088149655,0.13304590672414757,0.29103688371712283,0.45480120935010243,0.43245713651278206,0.5659211156784452,0.145976088149655,0.13304590672414757,0.29103688371712283,3.2134747123119576,3.7451199120064342,0.6511851853543632,0.7589188720640774,0.6511851853543632,814160,203540,81416,122124,0.75,,,,,,,,,0.006852610366106706,935
bayesfl_observability_v1,vi_sparse_bayesian_keep010_seed42,42,vi,231,18,2,,5,256,662.398051738739,1.2898399829864502,778.6643328999525,778.6643328999525,,,3.803397999878071,0.025049660354852676,0.9923297580473971,3.803397999878071,,-0.0,2.3096097079310103,662.398051738739,1557.328665799905,778.6643328999525,0.015302433583569863,1.2898399829864502,778.6643328999525,0.005,30.767022248442068,0.06990141715421369,0.06987054646015167,0.07835584133863449,0.10283980518579483,1.1118581673920196,0.9336967961148166,2.298025269876139,,,,,,,,,,,,,,,,,,1,update_snr,bayesian,0.1,20,101770,10177,0.1,0.27809975066385584,0.1454073497721155,0.1361379911986976,0.2780977414335987,0.1454073497721155,0.1361379911986976,0.2780977414335987,0.3135365565856594,0.30699209192335003,0.35328291627449515,0.12672632679283286,0.121048161130532,0.23982111779637627,0.3135365565856594,0.30699209192335003,0.35328291627449515,0.12672632679283286,0.121048161130532,0.23982111779637627,2.1035796934006976,3.1687203756388405,0.5530790344497563,0.8331287905552938,0.5530790344497563,814160,203540,81416,122124,0.75,,,,,,,,,0.006591786316726308,2
bayesfl_observability_v1,vi_sparse_bayesian_keep010_seed42,42,vi,43,3,1,,5,256,631.6367937922478,0.08327630162239075,1564.4392102422753,1564.4392102422753,,,3.8114646678177238,0.0250486321747303,0.9922990807059291,3.8114646678177238,,-0.0,2.311121424016332,631.6367937922478,1564.4392102422753,1564.4392102422753,0.015372302350813357,0.08327630162239075,1564.4392102422753,0.005,30.77097568353307,0.06989859435387037,0.0698566846549511,0.07836940735578538,0.10370981693267822,1.1115875126143784,0.9304643932327883,2.3013944873134355,,,,,,,,,,,,,,,,,,1,update_snr,bayesian,0.1,20,101770,10177,0.1,0.27929288833121346,0.1457335932943419,0.13530307118967858,0.27928762571293675,0.1457335932943419,0.13530307118967858,0.27928762571293675,0.3143127499881558,0.3077546674773473,0.3532013624768891,0.12700257588391814,0.12074183512863564,0.24097345228974934,0.3143127499881558,0.3077546674773473,0.3532013624768891,0.12700257588391814,0.12074183512863564,0.24097345228974934,2.1072126862606573,3.1759908074308143,0.5528616607817473,0.8332730549091634,0.5528616607817473,814160,203540,81416,122124,0.75,,,,,,,,,0.006594510566721448,1
bayesfl_observability_v1,vi_sparse_bayesian_keep010_seed42,43,vi,101,8,1,,5,256,622.4592681407928,0.08017170429229736,1552.6964882672482,1552.6964882672482,,,3.813822999705853,0.02507677674293518,0.9925853787856107,3.813822999705853,,-0.0,2.185987945410232,622.4592681407928,1552.6964882672482,1552.6964882672482,0.015256917443915184,0.08017170429229736,1552.6964882672482,0.005,31.376716729510054,0.07018910241371389,0.07014705240726471,0.07868366613984108,0.10349103808403015,1.12954162114793,0.95215297817164,2.33754498411765,,,,,,,,,,,,,,,,,,1,update_snr,bayesian,0.1,20,101770,10177,0.1,0.27720533229048894,0.14528952090078764,0.1355013549290691,0.2772030111783811,0.14528952090078764,0.1355013549290691,0.2772030111783811,0.3124847158425093,0.3058769234605332,0.35115258023065404,0.12671227701837412,0.12062416967605265,0.23955840409049053,0.3124847158425093,0.3058769234605332,0.35115258023065404,0.12671227701837412,0.12062416967605265,0.23955840409049053,2.106308976735333,3.179419501671574,0.5522828345462769,0.8336568062851348,0.5522828345462769,814160,203540,81416,122124,0.75,,,,,,,,,0.006614116633149067,1
bayesfl_observability_v1,vi_sparse_bayesian_keep010_seed42,43,vi,162,13,1,,5,256,607.0690454483032,0.028155170381069183,1556.6370824290652,1556.6370824290652,,,3.821667666930343,0.024998527020215988,0.9925477868026201,3.821667666930343,,-0.0,2.185987945410232,607.0690454483032,1556.6370824290652,1556.6370824290652,0.015295638031139484,0.028155170381069183,1556.6370824290652,0.005,31.361794907329717,0.07018709108233452,0.07017676904797554,0.07867334932088851,0.10273756831884384,1.1287054545049002,0.9465332643509086,2.3405033685766736,,,,,,,,,,,,,,,,,,1,update_snr,bayesian,0.1,20,101770,10177,0.1,0.27781832664739975,0.1454971873646278,0.13597995478044278,0.27781795663312475,0.1454971873646278,0.13597995478044278,0.27781795663312475,0.3127869714747638,0.30647769698855537,0.35160394561204245,0.1269094335746127,0.12107599514452382,0.23970783773801063,0.3127869714747638,0.30647769698855537,0.35160394561204245,0.1269094335746127,0.12107599514452382,0.23970783773801063,2.108523202253782,3.187361551819668,0.5517285609366969,0.8340237376997865,0.5517285609366969,814160,203540,81416,122124,0.75,,,,,,,,,0.006612199830315977,1
bayesfl_observability_v1,vi_sparse_bayesian_keep010_seed42,43,vi,171,13,11,,5,256,622.0459419250489,0.3712329864501953,141.28284474340234,141.28284474340234,,,3.8152047251100547,0.025057272985577583,0.9925798166193767,3.8152047251100547,,0.6791932659915256,1.6161745905690754,622.0459419250489,1554.1112921774256,141.28284474340234,0.01527081941807434,0.3712329864501953,141.28284474340234,0.005,31.37635869044631,0.07019081937731736,0.07016758993268013,0.07865919396281243,0.10353844612836838,1.129522078307391,0.9472717069120102,2.3411018359688844,,,,,,,,,,,,,,,,,,1,update_snr,bayesian,0.1,20,101770,10177,0.1,0.2780064446240379,0.14522094401864588,0.1348578750325567,0.27800018409263977,0.14522094401864588,0.1348578750325567,0.27800018409263977,0.3128715574149384,0.3063357965064898,0.35208290454861796,0.12659309808572447,0.11995816970683076,0.24001793912229968,0.3128715574149384,0.3063357965064898,0.35208290454861796,0.12659309808572447,0.11995816970683076,0.24001793912229968,2.107507446001075,3.1802829213062362,0.5523969479620209,0.8335811969341951,0.5523969479620209,814160,203540,81416,122124,0.75,,,,,,,,,0.006619438622581281,11
bayesfl_observability_v1,vi_sparse_bayesian_keep010_seed42,43,vi,149,11,1,,5,256,616.6244663476944,4.1039299964904785,1557.4141986044733,1557.4141986044733,,,3.8174094991821823,0.025080997496843338,0.9925739928028333,3.8174094991821823,,-0.0,2.3277319754160017,616.6244663476944,1557.4141986044733,1557.4141986044733,0.015303274035614359,4.1039299964904785,1557.4141986044733,0.005,31.382224463983086,0.070184655934704,0.07015525177121162,0.0786897286772728,0.10263363271951675,1.1297614228615935,0.9469515623912146,2.3439187785180433,,,,,,,,,,,,,,,,,,1,update_snr,bayesian,0.1,20,101770,10177,0.1,0.27812762499745775,0.14540481285404894,0.13575822631741843,0.2781251562344917,0.14540481285404894,0.13575822631741843,0.2781251562344917,0.3130575376697982,0.30653390964433985,0.35263534465981483,0.1267767323189657,0.12097849505430858,0.24004302853152443,0.3130575376697982,0.30653390964433985,0.35263534465981483,0.1267767323189657,0.12097849505430858,0.24004302853152443,2.106874285634634,3.1833466711902316,0.5519120456126065,0.8339023287578164,0.5519120456126065,814160,203540,81416,122124,0.75,,,,,,,,,0.006615067649809853,1
bayesfl_observability_v1,vi_sparse_bayesian_keep010_seed42,43,vi,198,15,1,,5,256,616.7111835479736,0.43842485547065735,1554.2911908171727,1554.2911908171727,,,3.815792009374061,0.02510661445558071,0.9925749603876783,3.815792009374061,,-0.0,2.3096097079310103,616.7111835479736,1554.2911908171727,1554.2911908171727,0.015272587116214726,0.43842485547065735,1554.2911908171727,0.005,31.370894846260825,0.07018483401968646,0.07016540318727493,0.07866049334406852,0.10282596945762634,1.1298524886597845,0.9500601661473013,2.3382931737806434,,,,,,,,,,,,,,,,,,1,update_snr,bayesian,0.1,20,101770,10177,0.1,0.2779379798999059,0.1454136991428049,0.13593590103041786,0.2779342967157526,0.1454136991428049,0.13593590103041786,0.2779342967157526,0.3124515133785342,0.3060435170174573,0.3517347924795338,0.1268539420055016,0.1213856385931936,0.2398938187404014,0.3124515133785342,0.3060435170174573,0.3517347924795338,0.1268539420055016,0.1213856385931936,0.2398938187404014,2.104152267873559,3.1832077991242596,0.551432641691265,0.834219420582735,0.551432641691265,814160,203540,81416,122124,0.75,,,,,,,,,0.0066167927522812605,1
bayesfl_observability_v1,vi_sparse_bayesian_keep010_seed42,43,vi,31,2,1,,5,256,603.7717347204685,0.2234080731868744,1559.4640972232746,1559.4640972232746,,,3.8211356243106644,0.02508268877863884,0.9925543644379984,3.8211356243106644,,-0.0,2.3163460082440825,603.7717347204685,1559.4640972232746,1559.4640972232746,0.015323416500179567,0.2234080731868744,1559.4640972232746,0.005,31.371508580768275,0.07018346880460384,0.0701729841530323,0.07868720814585686,0.10349643975496292,1.1297479370772938,0.9465518406853577,2.341645613481101,,,,,,,,,,,,,,,,,,1,update_snr,bayesian,0.1,20,101770,10177,0.1,0.27839381925969614,0.1456471566376558,0.13569034404668814,0.27839085983304007,0.1456471566376558,0.13569034404668814,0.27839085983304007,0.31282402492686234,0.30624600996970003,0.35192788899575006,0.12707194904996624,0.12113572126043841,0.24030609357203028,0.31282402492686234,0.30624600996970003,0.35192788899575006,0.12707194904996624,0.12113572126043841,0.24030609357203028,2.106679980684061,3.1879424270775454,0.5513230065117376,0.8342918808731508,0.5513230065117376,814160,203540,81416,122124,0.75,,,,,,,,,0.006614572160689233,1
bayesfl_observability_v1,vi_sparse_bayesian_keep010_seed42,43,vi,35,2,1,,5,256,615.4657938122749,0.08896617591381073,1550.3302058404304,1550.3302058404304,,,3.8127027296707516,0.02509939856827259,0.9925729066292739,3.8127027296707516,,-0.0,2.3163460082440825,615.4657938122749,1550.3302058404304,1550.3302058404304,0.015233666167244083,0.08896617591381073,1550.3302058404304,0.005,31.339563924287226,0.07018839394604338,0.0701684020459652,0.07866943553090096,0.10293101519346237,1.1285374559071886,0.946088771954372,2.335348465977826,,,,,,,,,,,,,,,,,,1,update_snr,bayesian,0.1,20,101770,10177,0.1,0.2773209284419306,0.1449756934564056,0.13445444548199798,0.2773149771970014,0.1449756934564056,0.13445444548199798,0.2773149771970014,0.31282987241053545,0.3061037689675261,0.35292838284978956,0.12632522912816896,0.11981535300651627,0.24017326577829282,0.31282987241053545,0.3061037689675261,0.35292838284978956,0.12632522912816896,0.11981535300651627,0.24017326577829282,2.1074243623889664,3.177336095166558,0.5527376540501898,0.8333553178537313,0.5527376540501898,814160,203540,81416,122124,0.75,,,,,,,,,0.006621479653318961,1
bayesfl_observability_v1,vi_sparse_bayesian_keep010_seed42,43,vi,255,20,1,,5,256,595.249051618576,0.03450700640678406,1561.1181190618927,1561.1181190618927,,,3.82594224881712,0.025071337819099426,0.992541333657655,3.82594224881712,,-0.0,2.28098669344155,595.249051618576,1561.1181190618927,1561.1181190618927,0.015339669048461164,0.03450700640678406,1561.1181190618927,0.005,31.383689584378963,0.0701888343159516,0.07016437128186226,0.0786968432366848,0.10361278802156448,1.1301568337345966,0.947780284752432,2.340973470155904,,,,,,,,,,,,,,,,,,1,update_snr,bayesian,0.1,20,101770,10177,0.1,0.27759392217018375,0.14584490552672905,0.13626153244171474,0.27759391411956136,0.14584490552672905,0.13626153244171474,0.27759391411956136,0.3129103393902773,0.3065305294369225,0.3529593695061698,0.12728207954189036,0.12142799399995696,0.24016368403468824,0.3129103393902773,0.3065305294369225,0.3529593695061698,0.12728207954189036,0.12142799399995696,0.24016368403468824,2.108579345454306,3.1924484702509,0.5511268096391738,0.8344215000207911,0.5511268096391738,814160,203540,81416,122124,0.75,,,,,,,,,0.006615956089360156,1
bayesfl_observability_v1,vi_sparse_bayesian_keep010_seed42,43,vi,53,4,1,,5,256,594.927422273159,0.0016782497987151146,1559.0044234686122,1559.0044234686122,,,3.8210079238300954,0.025090407580137253,0.9925489185779659,3.8210079238300954,,-0.0,2.3155014849272724,594.927422273159,1559.0044234686122,1559.0044234686122,0.015318899709822267,0.0016782497987151146,1559.0044234686122,0.005,31.358620013055297,0.07018615644982648,0.07016333937644958,0.07870536223053932,0.10283733159303665,1.1286634262136621,0.9451089511891245,2.3382054763857147,,,,,,,,,,,,,,,,,,1,update_snr,bayesian,0.1,20,101770,10177,0.1,0.27895639077326845,0.1454432553775737,0.13574181840812155,0.2789496062039957,0.1454432553775737,0.13574181840812155,0.2789496062039957,0.31348359333480763,0.30721349345422455,0.35237275722426525,0.12677210671565886,0.12046694901250393,0.240458914605931,0.31348359333480763,0.30721349345422455,0.35237275722426525,0.12677210671565886,0.12046694901250393,0.240458914605931,2.1095448716281178,3.1858942211818486,0.552091205692543,0.8337837253130785,0.552091205692543,814160,203540,81416,122124,0.75,,,,,,,,,0.006618176922581157,1
bayesfl_observability_v1,vi_sparse_bayesian_keep010_seed42,43,vi,60,4,51,,5,256,635.3102553367614,0.05231505749272365,30.586976749170898,30.586976749170898,,,3.8237293321353127,0.025098588317632675,0.9925469272749234,3.8237293321353127,,0.15407610367102942,2.157614259471844,635.3102553367614,1559.9358142077158,30.586976749170898,0.01532805162825701,0.05231505749272365,30.586976749170898,0.005,31.377262368723095,0.07019268807590776,0.07019093260169029,0.07870028093457222,0.10313095897436142,1.129006261933208,0.947841141664514,2.3377299243000813,,,,,,,,,,,,,,,,,,1,update_snr,bayesian,0.1,20,101770,10177,0.1,0.27806146826140465,0.14561766078888824,0.13537188137841333,0.27805058044332204,0.14561766078888824,0.13537188137841333,0.27805058044332204,0.3130668596134013,0.3064889285807913,0.3520832943268847,0.12701219425283125,0.12067253769528348,0.2407123235222191,0.3130668596134013,0.3064889285807913,0.3520832943268847,0.12701219425283125,0.12067253769528348,0.2407123235222191,2.105856080018195,3.191594613305765,0.5507335632572629,0.8346811021593571,0.5507335632572629,814160,203540,81416,122124,0.75,,,,,,,,,0.006619585966187615,51
bayesfl_observability_v1,vi_sparse_bayesian_keep010_seed42,43,vi,61,4,19,,5,256,622.3355751633644,0.04506753620348478,81.90013475167541,81.90013475167541,,,3.8184682945097492,0.02504684217274189,0.992559942661959,3.8184682945097492,,0.19144408195771734,2.068951449990993,622.3355751633644,1556.1025602818327,81.90013475167541,0.015290385774607769,0.04506753620348478,81.90013475167541,0.005,31.361016152187467,0.07019245171815323,0.07017878443002701,0.07865340188145638,0.10366028547286987,1.1290934774097112,0.9477988273713838,2.3347934064379,,,,,,,,,,,,,,,,,,1,update_snr,bayesian,0.1,20,101770,10177,0.1,0.2775968608615003,0.14549955577123194,0.13541502507173583,0.2775934995298739,0.14549955577123194,0.13541502507173583,0.2775934995298739,0.3127008841278921,0.30586008524652475,0.3523045171847235,0.12692163039826967,0.12072155836777737,0.2399285772434358,0.3127008841278921,0.30586008524652475,0.3523045171847235,0.12692163039826967,0.12072155836777737,0.2399285772434358,2.1073161766196575,3.184323891807069,0.5518747346022457,0.8339270215718532,0.5518747346022457,814160,203540,81416,122124,0.75,,,,,,,,,0.00661540917563187,19
bayesfl_observability_v1,vi_sparse_bayesian_keep010_seed42,43,vi,85,6,1,,5,256,613.4744423389435,4.2619309425354,1550.3172747445135,1550.3172747445135,,,3.8109461458793086,0.0250621996819973,0.9925986670099618,3.8109461458793086,,-0.0,2.3277319754160017,613.4744423389435,1550.3172747445135,1550.3172747445135,0.01523353910528165,4.2619309425354,1550.3172747445135,0.005,31.38107638531517,0.07018137313096096,0.07015303522348404,0.07866708412766457,0.10201290994882584,1.1296043217162397,0.9468016216305207,2.334782091747241,,,,,,,,,,,,,,,,,,1,update_snr,bayesian,0.1,20,101770,10177,0.1,0.27771750793776884,0.14505403341573736,0.13536416621141056,0.2777158614356711,0.14505403341573736,0.13536416621141056,0.2777158614356711,0.31259638702520254,0.3060339644724893,0.3517814332709781,0.126438216348019,0.12024198235593675,0.23967124035844178,0.31259638702520254,0.3060339644724893,0.3517814332709781,0.126438216348019,0.12024198235593675,0.23967124035844178,2.106436052118739,3.1758837644231868,0.5527330934330787,0.8333583427457245,0.5527330934330787,814160,203540,81416,122124,0.75,,,,,,,,,0.006613338319065489,1
bayesfl_observability_v1,vi_sparse_bayesian_keep010_seed42,43,vi,0,0,1,,5,256,630.9179518938065,0.11328781396150589,1552.3602017493317,1552.3602017493317,,,3.8127539208666503,0.025087609887123108,0.992594250476334,3.8127539208666503,,-0.0,2.28098669344155,630.9179518938065,1552.3602017493317,1552.3602017493317,0.015253613066221201,0.11328781396150589,1552.3602017493317,0.005,31.386575998670892,0.07018685574721374,0.07016859576106071,0.07866225987672806,0.10262937098741531,1.1292044827255086,0.9465257411940602,2.3409790571970728,,,,,,,,,,,,,,,,,,1,update_snr,bayesian,0.1,20,101770,10177,0.1,0.27797413828278134,0.1451806481478799,0.13511907049916888,0.2779616788499472,0.1451806481478799,0.13511907049916888,0.2779616788499472,0.3126714115503892,0.30650613954728945,0.3505944817104535,0.12657056332537886,0.12049218247455461,0.24003215580149245,0.3126714115503892,0.30650613954728945,0.3505944817104535,0.12657056332537886,0.12049218247455461,0.24003215580149245,2.1060469801120285,3.1783106485435058,0.5523689762892743,0.8335997325054396,0.5523689762892743,814160,203540,81416,122124,0.75,,,,,,,,,0.006613580917164276,1
bayesfl_observability_v1,vi_sparse_bayesian_keep010_seed42,43,vi,8,0,25,,5,256,642.8985252380371,0.15389822006225587,62.320230840896016,62.320230840896016,,,3.818602979982801,0.025075986981391907,0.9925643985523526,3.818602979982801,,0.34883209584303193,1.9674200764769605,642.8985252380371,1558.0057710224005,62.320230840896016,0.01530908687257935,0.15389822006225587,62.320230840896016,0.005,31.37179329086168,0.0701875931587463,0.07015230879187584,0.07867777645587921,0.10225851088762283,1.128790649464601,0.9466394548945387,2.337205534037749,,,,,,,,,,,,,,,,,,1,update_snr,bayesian,0.1,20,101770,10177,0.1,0.2777707519409412,0.1455327031753494,0.13581457461661378,0.2777659838073343,0.1455327031753494,0.13581457461661378,0.2777659838073343,0.3130465432796768,0.30592682067588933,0.35260693893553813,0.12692005427486858,0.12100673812430358,0.2402019397669851,0.3130465432796768,0.30592682067588933,0.35260693893553813,0.12692005427486858,0.12100673812430358,0.2402019397669851,2.1072899666241214,3.1845027422344687,0.5518484057312533,0.8339444448474221,0.5518484057312533,814160,203540,81416,122124,0.75,,,,,,,,,0.006619423794746519,25
bayesfl_observability_v1,vi_sparse_bayesian_keep010_seed42,43,vi,44,3,2,,5,256,620.6507041692734,0.019784145057201385,773.9580405974095,773.9580405974095,,,3.809300932020372,0.02505342662334442,0.9926041684504413,3.809300932020372,,-0.0,2.185987945410232,620.6507041692734,1547.916081194819,773.9580405974095,0.01520994478917971,0.019784145057201385,773.9580405974095,0.005,31.37915566742199,0.07018839013114406,0.07016794756054878,0.0786982111632824,0.10173387825489044,1.1294694997988892,0.9486472617235102,2.336973758570952,,,,,,,,,,,,,,,,,,1,update_snr,bayesian,0.1,20,101770,10177,0.1,0.2770286248366584,0.14488377789647175,0.13495833672959429,0.2770167944748535,0.14488377789647175,0.13495833672959429,0.2770167944748535,0.31228025526469616,0.30593280123596395,0.35186292327578855,0.12628416930000236,0.12018932690716401,0.2396848149923549,0.31228025526469616,0.30593280123596395,0.35186292327578855,0.12628416930000236,0.12018932690716401,0.2396848149923549,2.1052057010734315,3.174725586071844,0.552648829442014,0.8334142255303619,0.552648829442014,814160,203540,81416,122124,0.75,,,,,,,,,0.006618525487560048,2
bayesfl_observability_v1,vi_sparse_bayesian_keep010_seed42,44,vi,270,21,1,,5,256,639.8686051130295,0.02923465706408024,1535.348792021518,1535.348792021518,,,3.8055132777336276,0.025047078728675842,0.9927979883126478,3.8055132777336276,,-0.0,2.185987945410232,639.8686051130295,1535.348792021518,1535.348792021518,0.015086457620335246,0.02923465706408024,1535.348792021518,0.005,31.765318195870684,0.07040869775616673,0.0704132616519928,0.07888847813010216,0.10367383807897568,1.139521800919978,0.9563705462361403,2.3539202882721595,,,,,,,,,,,,,,,,,,1,update_snr,bayesian,0.1,20,101770,10177,0.1,0.2764275363474959,0.14425836427598207,0.1342046820360918,0.2764259372787893,0.14425836427598207,0.1342046820360918,0.2764259372787893,0.31135106850376554,0.30438134685946416,0.35113523677956343,0.12569250825067285,0.11943024333772291,0.2389699872012399,0.31135106850376554,0.30438134685946416,0.35113523677956343,0.12569250825067285,0.11943024333772291,0.2389699872012399,2.10535629248057,3.1700798394866054,0.5532384566358456,0.8330229349178742,0.5532384566358456,814160,203540,81416,122124,0.75,,,,,,,,,0.0066075259108385985,1
bayesfl_observability_v1,vi_sparse_bayesian_keep010_seed42,44,vi,8,0,25,,5,256,613.2544950485229,0.118624267578125,61.42103420743156,61.42103420743156,,,3.8058698712875128,0.025077052414417267,0.9928014410801443,3.8058698712875128,,0.34883209584303193,1.9674200764769605,613.2544950485229,1535.525855185789,61.42103420743156,0.015088197456871268,0.118624267578125,61.42103420743156,0.005,31.77599292425352,0.07040860101238729,0.07042790949344635,0.07885375693440437,0.10370206087827682,1.1395119060115608,0.956303914931865,2.3614765788543144,,,,,,,,,,,,,,,,,,1,update_snr,bayesian,0.1,20,101770,10177,0.1,0.2764750117260316,0.1442154687075478,0.133924283983323,0.27647443165907615,0.1442154687075478,0.133924283983323,0.27647443165907615,0.31131383121834627,0.3047150057944253,0.3509157378051135,0.1256489839841258,0.11904139341919641,0.238686578657845,0.31131383121834627,0.3047150057944253,0.3509157378051135,0.1256489839841258,0.11904139341919641,0.238686578657845,2.1057318199080832,3.1702585036240554,0.5532852911746353,0.8329918286332706,0.5532852911746353,814160,203540,81416,122124,0.75,,,,,,,,,0.0066048260221622905,25
bayesfl_observability_v1,vi_sparse_bayesian_keep010_seed42,44,vi,9,0,1,,5,256,628.2517904281616,0.7039093375205994,1540.5549707922241,1540.5549707922241,,,3.811224390182295,0.025090649724006653,0.9927763410861709,3.811224390182295,,-0.0,2.3292713582565514,628.2517904281616,1540.5549707922241,1540.5549707922241,0.015137613941163645,0.7039093375205994,1540.5549707922241,0.005,31.765447293875017,0.07041202735591787,0.07042518630623817,0.07887178137898446,0.10194261372089386,1.1394921218648368,0.9550747215244791,2.357827110868811,,,,,,,,,,,,,,,,,,1,update_snr,bayesian,0.1,20,101770,10177,0.1,0.2766354794444734,0.14464350851969626,0.1345696656478947,0.27663285756085376,0.14464350851969626,0.1345696656478947,0.27663285756085376,0.31121321918294126,0.30488438747637076,0.3500964718560548,0.1261357628904468,0.12006012300952656,0.2386139527621157,0.31121321918294126,0.30488438747637076,0.3500964718560548,0.1261357628904468,0.12006012300952656,0.2386139527621157,2.1067304961606452,3.176022350183818,0.5527699973760606,0.8333338646670199,0.5527699973760606,814160,203540,81416,122124,0.75,,,,,,,,,0.006602339036771802,1
bayesfl_observability_v1,vi_sparse_bayesian_keep010_seed42,44,vi,176,14,41,,5,256,651.557303237915,0.2803345889579959,37.78302105859301,37.78302105859301,,,3.820284444683252,0.02510732412338257,0.9927504512741702,3.820284444683252,,-0.0,2.185987945410232,651.557303237915,1549.1038634023132,37.78302105859301,0.015221616030287051,0.2803345889579959,37.78302105859301,0.005,31.784321004564205,0.07040232751704076,0.0704026110470295,0.07885741367936135,0.10255526006221771,1.1408924760608197,0.9563758882923006,2.3568313549491706,,,,,,,,,,,,,,,,,,1,update_snr,bayesian,0.1,20,101770,10177,0.1,0.2773561597344134,0.14505678286874835,0.13505462114203254,0.2773542722236248,0.14505678286874835,0.13505462114203254,0.2773542722236248,0.31269228297392887,0.30667160017205863,0.3517391577596731,0.12643061619039495,0.12002312508893206,0.2396327591655355,0.31269228297392887,0.30667160017205863,0.3517391577596731,0.12643061619039495,0.12002312508893206,0.2396327591655355,2.110570428359449,3.1843469825418604,0.5524642101707274,0.8335366197597052,0.5524642101707274,814160,203540,81416,122124,0.75,,,,,,,,,0.006606310936628232,41
bayesfl_observability_v1,vi_sparse_bayesian_keep010_seed42,44,vi,154,12,211,,5,256,932.8708271980286,0.06562735571115502,7.700669633326651,7.700669633326651,,,3.915872759141354,0.02508796751499176,0.9923841918135518,3.915872759141354,,0.08650308759353696,2.224707645554893,932.8708271980286,1624.8412926319234,7.700669633326651,0.01596581794862851,0.06562735571115502,7.700669633326651,0.005,31.789523410293636,0.07040110944433602,0.07041049748659134,0.0788617767393589,0.10296989232301712,1.1406297355023651,0.9568742495530291,2.3589248381551546,,,,,,,,,,,,,,,,,,1,update_snr,bayesian,0.1,20,101770,10177,0.1,0.27973266180612727,0.14969856736512394,0.14279166421440168,0.2797291032044121,0.14969856736512394,0.14279166421440168,0.2797291032044121,0.31366805364909073,0.30692318559333376,0.35212454754532646,0.13147973555579426,0.12716083418159757,0.24488183546440734,0.31366805364909073,0.30692318559333376,0.35212454754532646,0.13147973555579426,0.12716083418159757,0.24488183546440734,2.1116816904300046,3.2977052482124614,0.5392620803371149,0.842137998614531,0.5392620803371149,814160,203540,81416,122124,0.75,,,,,,,,,0.0066001310128005215,211
bayesfl_observability_v1,vi_sparse_bayesian_keep010_seed42,44,vi,195,15,1,,5,256,648.9835911631584,0.06964128464460373,1532.916654354612,1532.916654354612,,,3.8014871446261265,0.0250420980155468,0.992808107737627,3.8014871446261265,,-0.0,2.185987945410232,648.9835911631584,1532.916654354612,1532.916654354612,0.015062559244911193,0.06964128464460373,1532.916654354612,0.005,31.75355707308903,0.07041007742949011,0.07040956616401672,0.07887879610061646,0.10251790285110474,1.1391829660517077,0.9549225470935284,2.358457436012179,,,,,,,,,,,,,,,,,,1,update_snr,bayesian,0.1,20,101770,10177,0.1,0.27600135066276926,0.14417913252103176,0.13402662207829275,0.27599688054330856,0.14417913252103176,0.13402662207829275,0.27599688054330856,0.31112098105479646,0.3046256036528231,0.3505092428807778,0.12563003823950233,0.11942554860438184,0.2380374080733121,0.31112098105479646,0.3046256036528231,0.3505092428807778,0.12563003823950233,0.11942554860438184,0.2380374080733121,2.105059921366057,3.165442660705773,0.5537464264062606,0.8326853518840696,0.5537464264062606,814160,203540,81416,122124,0.75,,,,,,,,,0.006601874417172336,1
bayesfl_observability_v1,vi_sparse_bayesian_keep010_seed42,44,vi,43,3,1,,5,256,638.2202364206314,0.5498635172843933,1539.295075653559,1539.295075653559,,,3.809056852854458,0.02503783255815506,0.9927920153242398,3.809056852854458,,-0.0,2.311121424016332,638.2202364206314,1539.295075653559,1539.295075653559,0.015125234112740091,0.5498635172843933,1539.295075653559,0.005,31.781833873199187,0.0704047384126544,0.07040869072079659,0.07886959761381149,0.10197378695011139,1.1397199679841377,0.9538205334264059,2.362787153815428,,,,,,,,,,,,,,,,,,1,update_snr,bayesian,0.1,20,101770,10177,0.1,0.2766167858650762,0.14466252330123078,0.13435513975215446,0.27661588093360895,0.14466252330123078,0.13435513975215446,0.27661588093360895,0.31156012591570903,0.30530107133924994,0.3503507528167359,0.1261183452329554,0.12017270362456685,0.23848030202250678,0.31156012591570903,0.30530107133924994,0.3503507528167359,0.1261183452329554,0.12017270362456685,0.23848030202250678,2.103627790578074,3.1754785823533966,0.5522699901424791,0.8336653153322544,0.5522699901424791,814160,203540,81416,122124,0.75,,,,,,,,,0.006606776816621178,1
bayesfl_observability_v1,vi_sparse_bayesian_keep010_seed42,44,vi,46,3,2,,5,256,617.52185729146,0.3284360468387604,772.7109913512896,772.7109913512896,,,3.8183960362575013,0.02506273239850998,0.9927549274228429,3.8183960362575013,,-0.0,2.4040642619438994,617.52185729146,1545.4219827025793,772.7109913512896,0.015185437581827447,0.3284360468387604,772.7109913512896,0.005,31.778442682740483,0.07040611645756799,0.07041514292359352,0.07888075113296508,0.10336490720510483,1.1397755105391352,0.9551231750543536,2.3584124297503157,,,,,,,,,,,,,,,,,,1,update_snr,bayesian,0.1,20,101770,10177,0.1,0.27699237149038636,0.14487469540675205,0.13507102146913869,0.2769914086638131,0.14487469540675205,0.13507102146913869,0.2769914086638131,0.3115614235854809,0.3052572313708126,0.3497923898650963,0.12635394783133774,0.12017720107708271,0.23965235551498257,0.3115614235854809,0.3052572313708126,0.3497923898650963,0.12635394783133774,0.12017720107708271,0.23965235551498257,2.108361398217543,3.1835452728386295,0.552158911280454,0.8337388899970932,0.552158911280454,814160,203540,81416,122124,0.75,,,,,,,,,0.006603138039095803,2
bayesfl_observability_v1,vi_sparse_bayesian_keep010_seed42,44,vi,134,10,1,,5,256,627.040390253067,0.053347136825323105,1533.159740962221,1533.159740962221,,,3.8031207437648233,0.02507561817765236,0.992809392086523,3.8031207437648233,,-0.0,2.3096097079310103,627.040390253067,1533.159740962221,1533.159740962221,0.01506494783297849,0.053347136825323105,1533.159740962221,0.005,31.770506186358734,0.07040542516591268,0.07039740309119225,0.07886267825961113,0.10180329531431198,1.1402417966622007,0.9568285918414834,2.3608535309514647,,,,,,,,,,,,,,,,,,1,update_snr,bayesian,0.1,20,101770,10177,0.1,0.2763756278637455,0.1442653902050433,0.13403801475555638,0.27637405926288205,0.1442653902050433,0.13403801475555638,0.27637405926288205,0.31085722917860803,0.3045534852610391,0.34886884691068576,0.12575518587464718,0.11937419939529802,0.23857235196732993,0.31085722917860803,0.3045534852610391,0.34886884691068576,0.12575518587464718,0.11937419939529802,0.23857235196732993,2.102243861171774,3.1692740714270684,0.5527681088270417,0.8333351173830229,0.5527681088270417,814160,203540,81416,122124,0.75,,,,,,,,,0.006602068267370251,1
bayesfl_observability_v1,vi_sparse_bayesian_keep010_seed42,44,vi,164,13,1,,5,256,632.3172649472951,0.09580512344837189,1535.5077349070268,1535.5077349070268,,,3.8058937873015717,0.02507108263671398,0.9928009384110176,3.8058937873015717,,-0.0,2.185987945410232,632.3172649472951,1535.5077349070268,1535.5077349070268,0.015088019405591301,0.09580512344837189,1535.5077349070268,0.005,31.7750878295594,0.07040748234962338,0.07040933147072792,0.0788403645157814,0.10361402481794357,1.1400961426540044,0.9557689971900778,2.3600285094837394,,,,,,,,,,,,,,,,,,1,update_snr,bayesian,0.1,20,101770,10177,0.1,0.2763253880317509,0.14441350950761908,0.1342861724493672,0.27632412686905244,0.14441350950761908,0.1342861724493672,0.27632412686905244,0.3110330266622392,0.3042840519247336,0.3507121969877538,0.1259002298237724,0.11988411989232238,0.2384193429660809,0.3110330266622392,0.3042840519247336,0.3507121969877538,0.1259002298237724,0.11988411989232238,0.2384193429660809,2.103806250228577,3.171565351954755,0.5527758702168626,0.8333299690434703,0.5527758702168626,814160,203540,81416,122124,0.75,,,,,,,,,0.006597205044568653,1
bayesfl_observability_v1,vi_sparse_bayesian_keep010_seed42,44,vi,18,1,9,,5,256,639.2085578918457,1.0245849821302626,172.05397640086082,172.05397640086082,,,3.821599249611735,0.025087624788284302,0.9927406683351152,3.821599249611735,,-0.0,2.3096097079310103,639.2085578918457,1548.4857876077474,172.05397640086082,0.015215542769065024,1.0245849821302626,172.05397640086082,0.005,31.773955296384425,0.07040803062256326,0.07041861116886139,0.07886020317673684,0.1029987782239914,1.1398518095077073,0.9570741670876997,2.3625874093741244,,,,,,,,,,,,,,,,,,1,update_snr,bayesian,0.1,20,101770,10177,0.1,0.2765804014810447,0.14506630881259422,0.13531026877782554,0.27657707743407844,0.14506630881259422,0.13531026877782554,0.27657707743407844,0.3117980676476934,0.30505595805351826,0.3520839383696033,0.12654055783091653,0.12084467693453621,0.23958528263934675,0.3117980676476934,0.30505595805351826,0.3520839383696033,0.12654055783091653,0.12084467693453621,0.23958528263934675,2.1081287992313227,3.1875403982513677,0.5516352347634315,0.8340854679033167,0.5516352347634315,814160,203540,81416,122124,0.75,,,,,,,,,0.006602913483649752,9
bayesfl_observability_v1,vi_sparse_bayesian_keep010_seed42,44,vi,282,22,9,,5,256,598.4111634373664,0.03639169202910529,171.87600375634975,171.87600375634975,,,3.8215802299349324,0.02506176382303238,0.9927467275082312,3.8215802299349324,,-0.0,2.185987945410232,598.4111634373664,1546.8840338071477,171.87600375634975,0.015199803810623443,0.03639169202910529,171.87600375634975,0.005,31.78692245626886,0.07040862330772078,0.07042695209383965,0.07885912954807282,0.10224488377571106,1.14028214527287,0.9558683812299461,2.358419672711295,,,,,,,,,,,,,,,,,,1,update_snr,bayesian,0.1,20,101770,10177,0.1,0.27659607217967147,0.1451389369506214,0.13521503106859453,0.2765937979569884,0.1451389369506214,0.13521503106859453,0.2765937979569884,0.31127046391424457,0.30468256122730103,0.35040998708520865,0.12667987839910777,0.12087242099458212,0.23938025196491577,0.31127046391424457,0.30468256122730103,0.35040998708520865,0.12667987839910777,0.12087242099458212,0.23938025196491577,2.1046007217476803,3.189848155610027,0.5507147816136557,0.8346934942314004,0.5507147816136557,814160,203540,81416,122124,0.75,,,,,,,,,0.006604450259628366,9
bayesfl_observability_v1,vi_sparse_bayesian_keep010_seed42,44,vi,91,7,1,,5,256,633.1188069343567,1.1221375465393066,1541.6041529139575,1541.6041529139575,,,3.8112586655861675,0.025098875164985657,0.9927855248382107,3.8112586655861675,,-0.0,2.3277319754160017,633.1188069343567,1541.6041529139575,1541.6041529139575,0.015147923286960376,1.1221375465393066,1541.6041529139575,0.005,31.78588121500291,0.07040778825884426,0.07039890438318253,0.07888294458389282,0.10264574736356735,1.1406368054530505,0.9559553446119236,2.3596280190932823,,,,,,,,,,,,,,,,,,1,update_snr,bayesian,0.1,20,101770,10177,0.1,0.27681941333666393,0.14462281592671328,0.13400310522852882,0.27681926816399893,0.14462281592671328,0.13400310522852882,0.27681926816399893,0.31200549889900686,0.30540183906293544,0.351001851472983,0.12602474004090286,0.11956310757802902,0.23908333519277028,0.31200549889900686,0.30540183906293544,0.351001851472983,0.12602474004090286,0.11956310757802902,0.23908333519277028,2.1088507597066037,3.174656058424368,0.5533213420407572,0.8329678819991897,0.5533213420407572,814160,203540,81416,122124,0.75,,,,,,,,,0.006598439685990857,1
bayesfl_observability_v1,vi_sparse_bayesian_keep010_seed42,44,vi,93,7,45,,5,256,738.1078245162964,0.2560835944281684,34.5828227277188,34.5828227277188,,,3.830875396253951,0.025061942636966705,0.9927025446707711,3.830875396253951,,-0.0,2.3096097079310103,738.1078245162964,1556.227022747346,34.5828227277188,0.015291608752553266,0.2560835944281684,34.5828227277188,0.005,31.767971436964068,0.0704050485178692,0.07040472701191902,0.0788698635995388,0.10336831957101822,1.1403976639316786,0.958698788873269,2.3623613169140136,,,,,,,,,,,,,,,,,,1,update_snr,bayesian,0.1,20,101770,10177,0.1,0.27788057220012174,0.14543174650062826,0.1354597492106492,0.2778766261419732,0.14543174650062826,0.1354597492106492,0.2778766261419732,0.3126981317406068,0.3062620319500749,0.3513840742143413,0.1268465925850751,0.12059177211115873,0.24043300274335835,0.3126981317406068,0.3062620319500749,0.3513840742143413,0.1268465925850751,0.12059177211115873,0.24043300274335835,2.1109035574673394,3.1968253741322212,0.551023810257964,0.8344895209221005,0.551023810257964,814160,203540,81416,122124,0.75,,,,,,,,,0.006599758183845998,45
bayesfl_observability_v1,vi_sparse_bayesian_keep010_seed42,44,vi,119,9,1,,5,256,598.8667167663574,0.00267350603826344,1552.2830493810307,1552.2830493810307,,,3.82415519928516,0.025013335049152374,0.9927296695306171,3.82415519928516,,-0.0,2.3163460082440825,598.8667167663574,1552.2830493810307,1552.2830493810307,0.015252854961000597,0.00267350603826344,1552.2830493810307,0.005,31.771202726460757,0.07040836408714556,0.07041266933083534,0.07887472659349441,0.10357097536325455,1.1398930415483155,0.958811094842029,2.358708860266201,,,,,,,,,,,,,,,,,,1,update_snr,bayesian,0.1,20,101770,10177,0.1,0.27797233006986743,0.14524900762273016,0.1350937311709706,0.2779694541750374,0.14524900762273016,0.1350937311709706,0.2779694541750374,0.3121829147346202,0.3056802461107258,0.35073375437227267,0.12670079572140905,0.12038091210894811,0.24003056143606646,0.3121829147346202,0.3056802461107258,0.35073375437227267,0.12670079572140905,0.12038091210894811,0.24003056143606646,2.10802107618928,3.1906754975336376,0.5512383693484321,0.8343478052695306,0.5512383693484321,814160,203540,81416,122124,0.75,,,,,,,,,0.006602429042385961,1
bayesfl_observability_v1,vi_sparse_bayesian_keep010_seed42,45,vi,256,20,1979,,5,256,2162.295663613081,0.06550094031998459,1.0553860407166895,1.0553860407166895,,,4.356626220896523,0.06995297223329544,0.9908601048724295,4.356626220896523,,1.070915936878561,1.1916887974754844,2162.295663613081,2088.6089745783283,1.0553860407166895,0.020522835556434395,0.06550094031998459,1.0553860407166895,0.005,32.2967848202063,0.07128934524836229,0.07121686264872551,0.08031402304768563,0.10930846631526947,1.1462216168638868,0.9630634520352166,2.369881213199051,,,,,,,,,,,,,,,,,,1,update_snr,bayesian,0.1,20,101770,10177,0.1,0.31554018711673476,0.15343921194495416,0.12999693815207547,0.31552470626407414,0.15343921194495416,0.12999693815207547,0.31552470626407414,0.39757087219385406,0.37728969330738393,0.497585438954426,0.1263134719172986,0.11528262414774679,0.25101516432086435,0.39757087219385406,0.37728969330738393,0.497585438954426,0.1263134719172986,0.11528262414774679,0.25101516432086435,2.8704857575263256,3.2772707462829094,0.6588781345891148,0.7522496950882558,0.6588781345891148,814160,203540,81416,122124,0.75,,,,,,,,,0.007026154256675137,1979
bayesfl_observability_v1,vi_sparse_bayesian_keep010_seed42,45,vi,20,1,271,,5,256,1324.3322968006134,0.029749766706980464,8.963628565486747,8.963628565486747,,,4.798531514540912,0.047393493354320526,0.9889575809112157,4.798531514540912,,0.1565717533105691,2.1543325248754965,1324.3322968006134,2429.1433412469087,8.963628565486747,0.023868952945336627,0.029749766706980464,8.963628565486747,0.005,32.37877695155345,0.07086806923994396,0.07088546827435493,0.07944928482174873,0.10420187562704086,1.1536414612545518,0.9667091233360201,2.3852804841376374,,,,,,,,,,,,,,,,,,1,update_snr,bayesian,0.1,20,101770,10177,0.1,0.35349163638406517,0.17467789903384381,0.15242037563948235,0.3534912162281081,0.17467789903384381,0.15242037563948235,0.3534912162281081,0.4253706606512642,0.41063518911366026,0.5088788198974611,0.14682314774301933,0.1357870070100601,0.28802614563595896,0.4253706606512642,0.41063518911366026,0.5088788198974611,0.14682314774301933,0.1357870070100601,0.28802614563595896,2.979266276688843,3.761632245266286,0.6208704199734483,0.783913210503562,0.6208704199734483,814160,203540,81416,122124,0.75,,,,,,,,,0.006694453022967282,271
bayesfl_observability_v1,vi_sparse_bayesian_keep010_seed42,45,vi,114,9,1,,5,256,625.8932891368866,6.474946975708008,1529.8253593314907,1529.8253593314907,,,3.8114089657320944,0.025067180395126343,0.9929945484518697,3.8114089657320944,,-0.0,2.3277319754160017,625.8932891368866,1529.8253593314907,1529.8253593314907,0.01503218393761905,6.474946975708008,1529.8253593314907,0.005,32.25552473950625,0.07062513047313689,0.07063336297869682,0.07907724827528,0.102939173579216,1.1546058470004659,0.9690298256548404,2.387652459391117,,,,,,,,,,,,,,,,,,1,update_snr,bayesian,0.1,20,101770,10177,0.1,0.2757877509575941,0.14402095307009902,0.13393237432862948,0.2757842409606296,0.14402095307009902,0.13393237432862948,0.2757842409606296,0.3102755501237979,0.30374481792831737,0.3485923077988665,0.12554822006413244,0.11926240893622563,0.2382986502545482,0.3102755501237979,0.30374481792831737,0.3485923077988665,0.12554822006413244,0.11926240893622563,0.2382986502545482,2.1070434212456934,3.1760362600336056,0.5528253305247114,0.833297158239631,0.5528253305247114,814160,203540,81416,122124,0.75,,,,,,,,,0.006596926169542541,1
bayesfl_observability_v1,vi_sparse_bayesian_keep010_seed42,45,vi,133,10,129,,5,256,650.5372444152832,0.02810130378072576,11.931172013314557,11.931172013314557,,,3.8200807434063733,0.025060564279556274,0.9929490005523118,3.8200807434063733,,-0.0,2.259365973874069,650.5372444152832,1539.1211897175779,11.931172013314557,0.015123525495898377,0.02810130378072576,11.931172013314557,0.005,32.225430335812774,0.07062694328003692,0.07064183801412582,0.07909535765647888,0.1036868691444397,1.1532000093043926,0.9676226558838408,2.3831621089405073,,,,,,,,,,,,,,,,,,1,update_snr,bayesian,0.1,20,101770,10177,0.1,0.27645887421339216,0.1447046130905743,0.1346280726355257,0.27643333685994914,0.1447046130905743,0.1346280726355257,0.27643333685994914,0.3109179489124451,0.3039218422144914,0.35042734433409395,0.12623646466592195,0.12048117178624426,0.23862725871864632,0.3109179489124451,0.3039218422144914,0.35042734433409395,0.12623646466592195,0.12048117178624426,0.23862725871864632,2.107436088817318,3.186177963908258,0.5516731792789576,0.8340603714745404,0.5516731792789576,814160,203540,81416,122124,0.75,,,,,,,,,0.00659123474165515,129
bayesfl_observability_v1,vi_sparse_bayesian_keep010_seed42,45,vi,269,21,1,,5,256,647.7452070713043,0.000508417550008744,1515.4135465330417,1515.4135465330417,,,3.7925214936263854,0.02510698325932026,0.9930495645642247,3.7925214936263854,,-0.0,2.185987945410232,647.7452070713043,1515.4135465330417,1515.4135465330417,0.0148905723350009,0.000508417550008744,1515.4135465330417,0.005,32.2227565048755,0.07062948398358686,0.07065285369753838,0.07906501814723015,0.10345291346311569,1.1532155120086967,0.966743681598569,2.384523007194731,,,,,,,,,,,,,,,,,,1,update_snr,bayesian,0.1,20,101770,10177,0.1,0.27448688852962383,0.14331928533759333,0.13305697733794422,0.27448542769153816,0.14331928533759333,0.13305697733794422,0.27448542769153816,0.30944103893162317,0.30349592537396963,0.34758984727262415,0.12486131271603448,0.11839985949119361,0.237074845088549,0.30944103893162317,0.30349592537396963,0.34758984727262415,0.12486131271603448,0.11839985949119361,0.237074845088549,2.1050491223823125,3.1546770788744105,0.5550526545254929,0.8318152142779098,0.5550526545254929,814160,203540,81416,122124,0.75,,,,,,,,,0.006587089608720068,1
bayesfl_observability_v1,vi_sparse_bayesian_keep010_seed42,45,vi,110,8,1,,5,256,609.2361727595329,0.9486080408096313,1529.4507117482935,1529.4507117482935,,,3.8096759018858566,0.025087349116802216,0.9929862437630168,3.8096759018858566,,-0.0,2.3096097079310103,609.2361727595329,1529.4507117482935,1529.4507117482935,0.01502850262108965,0.9486080408096313,1529.4507117482935,0.005,32.22254702298186,0.07062424261009832,0.0706508606672287,0.07908468469977378,0.102706678211689,1.1533352114181885,0.9690175299999073,2.3795269172673206,,,,,,,,,,,,,,,,,,1,update_snr,bayesian,0.1,20,101770,10177,0.1,0.2751716250472998,0.1441308918407215,0.13413677727874512,0.27517061482385474,0.1441308918407215,0.13413677727874512,0.27517061482385474,0.3106528454415509,0.30441992761161213,0.35004925398306164,0.1256284525517405,0.11960375944768385,0.23793655317160375,0.3106528454415509,0.30441992761161213,0.35004925398306164,0.1256284525517405,0.11960375944768385,0.23793655317160375,2.108806157831879,3.172785379772823,0.5535395167835623,0.8328229123643401,0.5535395167835623,814160,203540,81416,122124,0.75,,,,,,,,,0.006597908299257693,1
bayesfl_observability_v1,vi_sparse_bayesian_keep010_seed42,45,vi,75,6,1,,5,256,622.4077955842018,0.6567791700363159,1533.9971588662427,1533.9971588662427,,,3.8141298202180223,0.025066183879971504,0.9929766334541152,3.8141298202180223,,-0.0,2.3096097079310103,622.4077955842018,1533.9971588662427,1533.9971588662427,0.015073176366967108,0.6567791700363159,1533.9971588662427,0.005,32.2381882520947,0.07062905779683286,0.070662472397089,0.07908414900302888,0.10237210243940353,1.1535334532642938,0.9689454199500642,2.3812109939863646,,,,,,,,,,,,,,,,,,1,update_snr,bayesian,0.1,20,101770,10177,0.1,0.27600372256760125,0.14423714282404887,0.13429381687511877,0.2760016339412621,0.14423714282404887,0.13429381687511877,0.2760016339412621,0.31065894237870656,0.3041000846635438,0.3492130167142259,0.12574583176242027,0.11966046251865245,0.23876910576777824,0.31065894237870656,0.3041000846635438,0.3492130167142259,0.12574583176242027,0.11966046251865245,0.23876910576777824,2.1071831552437823,3.1792083032939567,0.5524676019347795,0.8335343717042719,0.5524676019347795,814160,203540,81416,122124,0.75,,,,,,,,,0.0065936765846028485,1
bayesfl_observability_v1,vi_sparse_bayesian_keep010_seed42,45,vi,158,12,58,,5,256,727.7769257068634,0.026453445697652882,26.592590254808226,26.592590254808226,,,3.8273468440254326,0.025092829018831253,0.992918865319636,3.8273468440254326,,-0.0,2.3292713582565514,727.7769257068634,1542.3702347788771,26.592590254808226,0.01515545086743517,0.026453445697652882,26.592590254808226,0.005,32.21802554225799,0.07062463913198168,0.07063622772693634,0.07906652316451072,0.10258940607309341,1.1526913360742266,0.9661194686505592,2.382005546133812,,,,,,,,,,,,,,,,,,1,update_snr,bayesian,0.1,20,101770,10177,0.1,0.27618290355374747,0.1449821702555405,0.13588113795208495,0.2761748557164679,0.1449821702555405,0.13588113795208495,0.2761748557164679,0.31024320741996364,0.30353619448286284,0.3489642128980176,0.12661983279282682,0.12124019558073372,0.23899148583128726,0.31024320741996364,0.30353619448286284,0.3489642128980176,0.12661983279282682,0.12124019558073372,0.23899148583128726,2.1053275130326057,3.196275946682232,0.550074921043298,0.8351153101453779,0.550074921043298,814160,203540,81416,122124,0.75,,,,,,,,,0.006595126299756471,58
bayesfl_observability_v1,vi_sparse_bayesian_keep010_seed42,45,vi,284,22,369,,5,256,1419.926603153348,0.007282630860967042,6.72311846463653,6.72311846463653,,,4.85117091877202,0.04756859689950943,0.9887009639128332,4.85117091877202,,-0.0,2.3096097079310103,1419.926603153348,2480.8307134508796,6.72311846463653,0.02437683711752854,0.007282630860967042,6.72311846463653,0.005,32.362401393736405,0.07085792782352325,0.07085582241415977,0.07947085723280907,0.10311407595872879,1.1545682332187157,0.9662728736848718,2.386566619801223,,,,,,,,,,,,,,,,,,1,update_snr,bayesian,0.1,20,101770,10177,0.1,0.35605375621919994,0.1771754434656416,0.15611570202326058,0.35604295058178176,0.1771754434656416,0.15611570202326058,0.35604295058178176,0.4281384906263696,0.4130777249227618,0.5125833968251011,0.14929066044778289,0.13885610530490236,0.2909632044915665,0.4281384906263696,0.4130777249227618,0.5125833968251011,0.14929066044778289,0.13885610530490236,0.2909632044915665,2.991838178443115,3.818738482424495,0.6167249574460346,0.7871787134210342,0.6167249574460346,814160,203540,81416,122124,0.75,,,,,,,,,0.006693849398200169,369
bayesfl_observability_v1,vi_sparse_bayesian_keep010_seed42,45,vi,191,15,1,,5,256,622.7025388002396,0.16337543725967407,1525.6476393494086,1525.6476393494086,,,3.8058684591207466,0.025044362992048264,0.9930054505905433,3.8058684591207466,,-0.0,2.3096097079310103,622.7025388002396,1525.6476393494086,1525.6476393494086,0.01499113333349129,0.16337543725967407,1525.6476393494086,0.005,32.23436999064159,0.07062568486610242,0.07064416632056236,0.0790801078081131,0.1023038774728775,1.1534057852852637,0.9674913257500459,2.3855428023303618,,,,,,,,,,,,,,,,,,1,update_snr,bayesian,0.1,20,101770,10177,0.1,0.2753696676346937,0.14379306078921214,0.13329527906344607,0.2753693852172155,0.14379306078921214,0.13329527906344607,0.2753693852172155,0.3103896348646305,0.30383336065325683,0.3493427857818294,0.1252823303363879,0.11900456990790005,0.2380962040395369,0.3103896348646305,0.30383336065325683,0.3493427857818294,0.1252823303363879,0.11900456990790005,0.2380962040395369,2.1088388510849714,3.1681908762391133,0.554101875494711,0.8324488642392667,0.554101875494711,814160,203540,81416,122124,0.75,,,,,,,,,0.006590860436537154,1
bayesfl_observability_v1,vi_sparse_bayesian_keep010_seed42,45,vi,199,15,1,,5,256,597.9637304902077,1.7914962768554688,1541.596980176823,1541.596980176823,,,3.8246108617356076,0.025076214224100113,0.9929363004657965,3.8246108617356076,,-0.0,2.3277319754160017,597.9637304902077,1541.596980176823,1541.596980176823,0.015147852807082864,1.7914962768554688,1541.596980176823,0.005,32.2347440880629,0.07062726440445326,0.07064301148056984,0.07908195033669471,0.10349172353744507,1.1536010498625298,0.9694521947496638,2.3815561337965847,,,,,,,,,,,,,,,,,,1,update_snr,bayesian,0.1,20,101770,10177,0.1,0.27661554794462495,0.14481175269445198,0.13515554596834106,0.2766134398536006,0.14481175269445198,0.13515554596834106,0.2766134398536006,0.31109978679637057,0.30456823463870974,0.3499739266920838,0.1263353044609055,0.12045568005676925,0.23891287647300477,0.31109978679637057,0.30456823463870974,0.3499739266920838,0.1263353044609055,0.12045568005676925,0.23891287647300477,2.1097727991245483,3.1900637892964103,0.5516307084290227,0.8340884614464438,0.5516307084290227,814160,203540,81416,122124,0.75,,,,,,,,,0.0065930416259370244,1
bayesfl_observability_v1,vi_sparse_bayesian_keep010_seed42,45,vi,41,3,6,,5,256,651.412899017334,1.0301025708516438,254.89411090184248,254.89411090184248,,,3.808597086556186,0.02508728951215744,0.9929899126208843,3.808597086556186,,-0.0,2.4040642619438994,651.412899017334,1529.3646654110548,254.89411090184248,0.015027657123032867,1.0301025708516438,254.89411090184248,0.005,32.22181168820558,0.07062477264287922,0.07064071670174599,0.07906417548656464,0.10325247049331665,1.153359241468222,0.9669615985893925,2.385824602944031,,,,,,,,,,,,,,,,,,1,update_snr,bayesian,0.1,20,101770,10177,0.1,0.2755478842072784,0.14420332480259743,0.1341714604656138,0.2755400901554139,0.14420332480259743,0.1341714604656138,0.2755400901554139,0.31024646619942564,0.3037450995663613,0.3492322503966223,0.12575408686961648,0.11959117632423365,0.23794293940712213,0.31024646619942564,0.3037450995663613,0.3492322503966223,0.12575408686961648,0.11959117632423365,0.23794293940712213,2.103148701274153,3.1752444485508713,0.5522108675391191,0.8337044786803621,0.5522108675391191,814160,203540,81416,122124,0.75,,,,,,,,,0.006594057488217825,6
bayesfl_observability_v1,vi_sparse_bayesian_keep010_seed42,45,vi,44,3,2,,5,256,635.5537796497345,0.0004877676838077605,762.806322612954,762.806322612954,,,3.80517434997773,0.025095973163843155,0.9930031592858366,3.80517434997773,,-0.0,2.185987945410232,635.5537796497345,1525.612645225908,762.806322612954,0.01499078947848981,0.0004877676838077605,762.806322612954,0.005,32.2232334143555,0.07063013422109353,0.07066155597567558,0.07911117672920227,0.10255865752696991,1.1536243420859542,0.9678033616582542,2.386675809423881,,,,,,,,,,,,,,,,,,1,update_snr,bayesian,0.1,20,101770,10177,0.1,0.2752944077005357,0.1439965348378012,0.13410837057101227,0.2752866946456013,0.1439965348378012,0.13410837057101227,0.2752866946456013,0.3096816621910233,0.3029455799501716,0.3481107461003101,0.12558707624299872,0.11950097941878958,0.23779774791555075,0.3096816621910233,0.3029455799501716,0.3481107461003101,0.12558707624299872,0.11950097941878958,0.23779774791555075,2.1008860225207875,3.1726376651148236,0.5521129465547572,0.8337693291592254,0.5521129465547572,814160,203540,81416,122124,0.75,,,,,,,,,0.0065968545017753505,2
bayesfl_observability_v1,vi_sparse_bayesian_keep010_seed42,45,vi,230,18,1,,5,256,630.0185994684696,0.11511119455099106,1521.74275870939,1521.74275870939,,,3.8014377542132163,0.024975836277008057,0.9930174973666799,3.8014377542132163,,-0.0,2.28098669344155,630.0185994684696,1521.74275870939,1521.74275870939,0.014952763670132554,0.11511119455099106,1521.74275870939,0.005,32.224527664691244,0.07062850189208106,0.07063896581530571,0.07907670885324478,0.1013384684920311,1.1530951076273008,0.9674083343012347,2.385369008495889,,,,,,,,,,,,,,,,,,1,update_snr,bayesian,0.1,20,101770,10177,0.1,0.2745055400939104,0.14375228733011272,0.13355389145180482,0.27450513639145263,0.14375228733011272,0.13355389145180482,0.27450513639145263,0.3097634092088294,0.30342326098132316,0.3489278826491856,0.1253066071213664,0.11888431249318578,0.23750542116603193,0.3097634092088294,0.30342326098132316,0.3489278826491856,0.1253066071213664,0.11888431249318578,0.23750542116603193,2.105100428943683,3.1653564069814886,0.5537642768477675,0.8326734808358377,0.5537642768477675,814160,203540,81416,122124,0.75,,,,,,,,,0.006590684131574112,1
bayesfl_observability_v1,vi_sparse_bayesian_keep010_seed42,45,vi,232,18,259,,5,256,1326.0634423196316,0.0032384685478573233,9.386551807359972,9.386551807359972,,,4.801666013488938,0.04668331891298294,0.9889297189041844,4.801666013488938,,-0.0,2.311121424016332,1326.0634423196316,2431.116918106233,9.386551807359972,0.023888345466308664,0.0032384685478573233,9.386551807359972,0.005,32.35957958278012,0.07085221277756132,0.07086218893527985,0.07941552475094796,0.10340346395969391,1.1547251686869275,0.9694366645646482,2.3885797269962272,,,,,,,,,,,,,,,,,,1,update_snr,bayesian,0.1,20,101770,10177,0.1,0.35356029623327606,0.17496784195094603,0.15311767047967817,0.353556184539641,0.17496784195094603,0.15311767047967817,0.353556184539641,0.4251431018846527,0.4101614362808362,0.5103734542206895,0.14717059084720086,0.13601917292739776,0.2886015078424285,0.4251431018846527,0.4101614362808362,0.5103734542206895,0.14717059084720086,0.13601917292739776,0.2886015078424285,2.9740059752113512,3.7697857982254273,0.6193696035619123,0.7850995441239079,0.6193696035619123,814160,203540,81416,122124,0.75,,,,,,,,,0.006692832850240059,259
bayesfl_observability_v1,vi_sparse_bayesian_keep010_seed42,46,vi,183,14,1,,5,256,596.8343689918518,1.5814789533615112,1519.7925363091606,1519.7925363091606,,,3.8138830048496892,0.024981580674648285,0.9932406543414233,3.8138830048496892,,-0.0,2.28098669344155,596.8343689918518,1519.7925363091606,1519.7925363091606,0.014933600631906855,1.5814789533615112,1519.7925363091606,0.005,32.85744924023291,0.07095560379391501,0.07094918936491013,0.07948867827653885,0.10962745547294617,1.170100232403584,0.9831335281281159,2.4202999737720594,,,,,,,,,,,,,,,,,,1,update_snr,bayesian,0.1,20,101770,10177,0.1,0.27469058937109087,0.14358634107633572,0.1338478915391867,0.2746901680774107,0.14358634107633572,0.1338478915391867,0.2746901680774107,0.3093548342367058,0.3030215179403353,0.34814829379402457,0.12516761961407238,0.1189831538754582,0.23721850638403133,0.3093548342367058,0.3030215179403353,0.34814829379402457,0.12516761961407238,0.1189831538754582,0.23721850638403133,2.1080893711148545,3.1783113091819515,0.5527409646374135,0.8333531220387327,0.5527409646374135,814160,203540,81416,122124,0.75,,,,,,,,,0.006648593295434635,1
bayesfl_observability_v1,vi_sparse_bayesian_keep010_seed42,46,vi,286,22,1,,5,256,593.604858994484,0.02235708385705948,1518.5230562794793,1518.5230562794793,,,3.812602890769045,0.025037888437509537,0.9932362244658426,3.812602890769045,,-0.0,2.185987945410232,593.604858994484,1518.5230562794793,1518.5230562794793,0.014921126621592604,0.02235708385705948,1518.5230562794793,0.005,32.83562569202734,0.07095373561196751,0.07098477706313133,0.07953127473592758,0.11060146242380142,1.169404082804754,0.9822859389416838,2.4178646744933934,,,,,,,,,,,,,,,,,,1,update_snr,bayesian,0.1,20,101770,10177,0.1,0.2745811737631667,0.14362726483849056,0.13361295916910976,0.27457774763955095,0.14362726483849056,0.13361295916910976,0.27457774763955095,0.30937857813520697,0.3028818760087115,0.348264793051325,0.12521045224996652,0.1191651176537082,0.23642931244700857,0.30937857813520697,0.3028818760087115,0.348264793051325,0.12521045224996652,0.1191651176537082,0.23642931244700857,2.106889206803089,3.1775711908558617,0.5526117634501677,0.8334388033302126,0.5526117634501677,814160,203540,81416,122124,0.75,,,,,,,,,0.006648451642249452,1
bayesfl_observability_v1,vi_sparse_bayesian_keep010_seed42,46,vi,97,7,1882,,5,256,2116.088778298348,0.009575255587301143,1.1100739080070052,1.1100739080070052,,,4.372328460628559,0.06364721059799194,0.9911473777944314,4.372328460628559,,-0.0,2.3096097079310103,2116.088778298348,2089.1590948691837,1.1100739080070052,0.02052824108154843,0.009575255587301143,1.1100739080070052,0.005,32.932340745484154,0.0716258183310929,0.07155556231737137,0.08075442686676979,0.10994760692119598,1.162590726768732,0.9775549265646594,2.4053922762992186,,,,,,,,,,,,,,,,,,1,update_snr,bayesian,0.1,20,101770,10177,0.1,0.31711633821419893,0.15309617013439025,0.1288948562445165,0.3171155505083592,0.15309617013439025,0.1288948562445165,0.3171155505083592,0.3976900093394485,0.3767079330837232,0.4969390517366632,0.1259190768893838,0.1142340052256921,0.2522546945200571,0.3976900093394485,0.3767079330837232,0.4969390517366632,0.1259190768893838,0.1142340052256921,0.2522546945200571,2.879566893668067,3.2901900663204002,0.6585888776649925,0.7525029503038314,0.6585888776649925,814160,203540,81416,122124,0.75,,,,,,,,,0.0070747342131897845,1882
bayesfl_observability_v1,vi_sparse_bayesian_keep010_seed42,46,vi,141,11,1,,5,256,615.7090109825134,0.0003987947420682758,1519.0778809687192,1519.0778809687192,,,3.8147423309891555,0.025096580386161804,0.9932285264812376,3.8147423309891555,,-0.0,2.3096097079310103,615.7090109825134,1519.0778809687192,1519.0778809687192,0.014926578372494047,0.0003987947420682758,1519.0778809687192,0.005,32.8354220430158,0.07095171543015934,0.07096624374389648,0.07950513884425163,0.10792098194360733,1.1694915496830618,0.9806368898632654,2.4219998270440315,,,,,,,,,,,,,,,,,,1,update_snr,bayesian,0.1,20,101770,10177,0.1,0.27475337976145076,0.14364263123207816,0.13415020213467216,0.27475151247100016,0.14364263123207816,0.13415020213467216,0.27475151247100016,0.3087575192298631,0.30195004984289386,0.3474983812026914,0.12529653256565762,0.11956928953083465,0.237627653878571,0.3087575192298631,0.30195004984289386,0.3474983812026914,0.12529653256565762,0.11956928953083465,0.237627653878571,2.1062997275765643,3.1805283380991094,0.5521473129301514,0.8337465711018035,0.5521473129301514,814160,203540,81416,122124,0.75,,,,,,,,,0.006649405103614283,1
bayesfl_observability_v1,vi_sparse_bayesian_keep010_seed42,46,vi,27,2,1,,5,256,594.7022670507431,2.323465347290039,1523.7347868037905,1523.7347868037905,,,3.8191173423782496,0.025015830993652344,0.9932076831341033,3.8191173423782496,,-0.0,2.3163460082440825,594.7022670507431,1523.7347868037905,1523.7347868037905,0.01497233749438725,2.323465347290039,1523.7347868037905,0.005,32.82215796238716,0.07095464916911332,0.07098401710391045,0.07945279255509377,0.11165393888950348,1.1687424764034204,0.9822664909037682,2.4183007229223112,,,,,,,,,,,,,,,,,,1,update_snr,bayesian,0.1,20,101770,10177,0.1,0.27514940261817666,0.1438249478998762,0.13412824495211895,0.27514821598249506,0.1438249478998762,0.13412824495211895,0.27514821598249506,0.30968683673607234,0.3035538802982852,0.3483184394386999,0.12539584914029886,0.11940656051004672,0.2373795727541413,0.30968683673607234,0.3035538802982852,0.3483184394386999,0.12539584914029886,0.11940656051004672,0.2373795727541413,2.108121029396382,3.184569515691416,0.5519916882374731,0.8338496124102627,0.5519916882374731,814160,203540,81416,122124,0.75,,,,,,,,,0.0066498054736208925,1
bayesfl_observability_v1,vi_sparse_bayesian_keep010_seed42,46,vi,122,9,1,,5,256,607.7287322044373,0.00033766290289349854,1520.4534838907568,1520.4534838907568,,,3.8147403431180864,0.025063440203666687,0.9932359191784882,3.8147403431180864,,-0.0,2.3163460082440825,607.7287322044373,1520.4534838907568,1520.4534838907568,0.014940095154669911,0.00033766290289349854,1520.4534838907568,0.005,32.85343771057627,0.07095418707622729,0.07097586989402771,0.07948738634586336,0.10979612171649933,1.1695846118308482,0.9813151541119187,2.4226652965788613,,,,,,,,,,,,,,,,,,1,update_snr,bayesian,0.1,20,101770,10177,0.1,0.274938367155052,0.14367358059832175,0.13359397523636252,0.2749368276623324,0.14367358059832175,0.13359397523636252,0.2749368276623324,0.3089267608645608,0.30246226391570136,0.3472140330419469,0.12531211612429516,0.1192200978939548,0.23761907909327282,0.3089267608645608,0.30246226391570136,0.3472140330419469,0.12531211612429516,0.1192200978939548,0.23761907909327282,2.1051916200669236,3.1812595191547497,0.5518571202007908,0.8339386781314864,0.5518571202007908,814160,203540,81416,122124,0.75,,,,,,,,,0.0066472731083368885,1
bayesfl_observability_v1,vi_sparse_bayesian_keep010_seed42,46,vi,77,6,30,,5,256,680.0289148330688,0.3829100926717122,50.817157948006184,50.817157948006184,,,3.820032337761598,0.025096170604228973,0.9932182095806938,3.820032337761598,,0.8599672810355049,1.5113567186299608,680.0289148330688,1524.5147384401855,50.817157948006184,0.014980001360324117,0.3829100926717122,50.817157948006184,0.005,32.856146168115124,0.07094914742960605,0.07096349075436592,0.07947746068239211,0.10825134068727493,1.1706802604683326,0.98374366517639,2.4196504178310163,,,,,,,,,,,,,,,,,,1,update_snr,bayesian,0.1,20,101770,10177,0.1,0.27526567506557514,0.1439486475216692,0.13383607754757681,0.27524914192916555,0.1439486475216692,0.13383607754757681,0.27524914192916555,0.30982687279906623,0.30360842179542363,0.3487782267599006,0.1255177336019584,0.11923152059804938,0.2373122270225397,0.30982687279906623,0.30360842179542363,0.3487782267599006,0.1255177336019584,0.11923152059804938,0.2373122270225397,2.1064491744664915,3.1867724953208993,0.5514218174657639,0.8342265754714091,0.5514218174657639,814160,203540,81416,122124,0.75,,,,,,,,,0.006646908869546545,30
bayesfl_observability_v1,vi_sparse_bayesian_keep010_seed42,46,vi,83,6,1,,5,256,623.207707977295,3.3892903327941895,1516.4915463615926,1516.4915463615926,,,3.809802050131762,0.025095749646425247,0.9932525837243377,3.809802050131762,,-0.0,2.259365973874069,623.207707977295,1516.4915463615926,1516.4915463615926,0.014901164845844478,3.3892903327941895,1516.4915463615926,0.005,32.85127941963349,0.07095229804623457,0.07095769420266151,0.0794810451567173,0.10808531194925308,1.1698799111856897,0.9835238606574368,2.4219301087691845,,,,,,,,,,,,,,,,,,1,update_snr,bayesian,0.1,20,101770,10177,0.1,0.2744710624750091,0.1434809918000834,0.13356295196056495,0.2744703305293706,0.1434809918000834,0.13356295196056495,0.2744703305293706,0.3087440387662721,0.3018563691286235,0.34785735692848657,0.12511843102606243,0.1191726307326991,0.23707596203700432,0.3087440387662721,0.3018563691286235,0.34785735692848657,0.12511843102606243,0.1191726307326991,0.23707596203700432,2.1052764397060892,3.1752799520052792,0.552594704922603,0.8334501137389703,0.552594704922603,814160,203540,81416,122124,0.75,,,,,,,,,0.006650328288863326,1
bayesfl_observability_v1,vi_sparse_bayesian_keep010_seed42,46,vi,47,3,1,,5,256,620.1568801403046,2.5702061653137207,1515.8774937248388,1515.8774937248388,,,3.8119580521764935,0.02503453940153122,0.9932472829409731,3.8119580521764935,,-0.0,2.3292713582565514,620.1568801403046,1515.8774937248388,1515.8774937248388,0.014895131116486576,2.5702061653137207,1515.8774937248388,0.005,32.85693148960953,0.07095379832660922,0.07097537443041801,0.07947091609239579,0.11185241490602493,1.1699583292693045,0.9844733258945685,2.419846241378523,,,,,,,,,,,,,,,,,,1,update_snr,bayesian,0.1,20,101770,10177,0.1,0.2740927685062531,0.14342050393628106,0.13368609769214085,0.2740921381138744,0.14342050393628106,0.13368609769214085,0.2740921381138744,0.30859715744402805,0.30209845063774055,0.3474384000469564,0.12506754243542031,0.11885185062161041,0.23695086750479172,0.30859715744402805,0.30209845063774055,0.3474384000469564,0.12506754243542031,0.11885185062161041,0.23695086750479172,2.105089362357819,3.177990397726395,0.5522330869186473,0.8336897610696095,0.5522330869186473,814160,203540,81416,122124,0.75,,,,,,,,,0.00663880839201027,1
bayesfl_observability_v1,vi_sparse_bayesian_keep010_seed42,46,vi,150,12,1,,5,256,599.6534368038177,2.0203139781951904,1516.6887769176162,1516.6887769176162,,,3.8111034965373074,0.025064855813980103,0.9932431460221133,3.8111034965373074,,-0.0,2.3155014849272724,599.6534368038177,1516.6887769176162,1516.6887769176162,0.01490310284875323,2.0203139781951904,1516.6887769176162,0.005,32.83955884919072,0.07095714524506182,0.07097190618515015,0.07950120717287064,0.11182518303394318,1.1691540266036315,0.9833192704999761,2.4233558862722946,,,,,,,,,,,,,,,,,,1,update_snr,bayesian,0.1,20,101770,10177,0.1,0.27444847217253526,0.14349383560514442,0.13385549407107766,0.274445907161788,0.14349383560514442,0.13385549407107766,0.274445907161788,0.3089419740806756,0.3024198228915191,0.34756120761807485,0.12511070910786318,0.11918449474457142,0.23696880833364423,0.3089419740806756,0.3024198228915191,0.34756120761807485,0.12511070910786318,0.11918449474457142,0.23696880833364423,2.105665344937647,3.176583591918766,0.5525080457276514,0.833507564096579,0.5525080457276514,814160,203540,81416,122124,0.75,,,,,,,,,0.006653173466046543,1
bayesfl_observability_v1,vi_sparse_bayesian_keep010_seed42,46,vi,157,12,1,,5,256,645.4832810759544,0.27699923515319824,1511.485801001878,1511.485801001878,,,3.8024609844665527,0.02506326138973236,0.9932783125701681,3.8024609844665527,,-0.0,2.28098669344155,645.4832810759544,1511.485801001878,1511.485801001878,0.014851977999428887,0.27699923515319824,1511.485801001878,0.005,32.850458253967844,0.07094942854359194,0.07096342742443085,0.07950617745518684,0.11092140525579453,1.1697497121770024,0.9818832121758276,2.424950296184797,,,,,,,,,,,,,,,,,,1,update_snr,bayesian,0.1,20,101770,10177,0.1,0.2738414024800169,0.14313714561532623,0.13316222565391192,0.27383892864567133,0.14313714561532623,0.13316222565391192,0.27383892864567133,0.3089172489955053,0.3026194600492826,0.34787312077171334,0.12471713412863966,0.1188214850628732,0.23662882362933882,0.3089172489955053,0.3026194600492826,0.34787312077171334,0.12471713412863966,0.1188214850628732,0.23662882362933882,2.1021129995497665,3.1685691527114006,0.5528296038110887,0.8332943232436398,0.5528296038110887,814160,203540,81416,122124,0.75,,,,,,,,,0.006644312370844391,1
bayesfl_observability_v1,vi_sparse_bayesian_keep010_seed42,46,vi,292,23,1,,5,256,617.6949759244919,0.00023672162205912173,1519.8662592002356,1519.8662592002356,,,3.8136404589790596,0.025030478835105896,0.9932322459680696,3.8136404589790596,,-0.0,2.3096097079310103,617.6949759244919,1519.8662592002356,1519.8662592002356,0.014934325038815324,0.00023672162205912173,1519.8662592002356,0.005,32.83491483847274,0.07095459639214194,0.070967648178339,0.07949361652135849,0.1082155853509903,1.1694410970281954,0.9844640440045537,2.4178630674702912,,,,,,,,,,,,,,,,,,1,update_snr,bayesian,0.1,20,101770,10177,0.1,0.27501499521104195,0.1436019574921828,0.13380804233094398,0.2750144108747021,0.1436019574921828,0.13380804233094398,0.2750144108747021,0.3091768099971753,0.30269142661129217,0.347804305302954,0.12520475165829473,0.11915002449663331,0.23755346012992207,0.3091768099971753,0.30269142661129217,0.347804305302954,0.12520475165829473,0.11915002449663331,0.23755346012992207,2.1042354396709375,3.1805733390058597,0.5517655537549697,0.8339992648015181,0.5517655537549697,814160,203540,81416,122124,0.75,,,,,,,,,0.006644942836115782,1
bayesfl_observability_v1,vi_sparse_bayesian_keep010_seed42,46,vi,296,23,2,,5,256,604.2991745591164,0.001213630079291761,759.4322381639967,759.4322381639967,,,3.8148698905578913,0.025067340582609177,0.9932204524396014,3.8148698905578913,,-0.0,2.3096097079310103,604.2991745591164,1518.8644763279933,759.4322381639967,0.014924481441760767,0.001213630079291761,759.4322381639967,0.005,32.816031633815655,0.07095158199474129,0.07096979022026062,0.07949677482247353,0.10900907218456268,1.1691388330925852,0.9837849543948034,2.4183279686381796,,,,,,,,,,,,,,,,,,1,update_snr,bayesian,0.1,20,101770,10177,0.1,0.27467630871018395,0.14362885256682445,0.13395127737686824,0.27467379712933687,0.14362885256682445,0.13395127737686824,0.27467379712933687,0.30880697318968087,0.3027671751870824,0.34608434489522705,0.12527572805317375,0.119296048345537,0.2374123876845031,0.30880697318968087,0.3027671751870824,0.34608434489522705,0.12527572805317375,0.119296048345537,0.2374123876845031,2.1043894091227338,3.1819455521201583,0.5516280946648446,0.8340901900732521,0.5516280946648446,814160,203540,81416,122124,0.75,,,,,,,,,0.006649733718477186,2
bayesfl_observability_v1,vi_sparse_bayesian_keep010_seed42,46,vi,298,23,35,,5,256,634.7132438182831,0.029633212089538574,43.29178005795004,43.29178005795004,,,3.806969813437245,0.025051023811101913,0.9932613004507209,3.806969813437245,,-0.0,2.3096097079310103,634.7132438182831,1515.2123020282515,43.29178005795004,0.014888594890716828,0.029633212089538574,43.29178005795004,0.005,32.84802487418275,0.07095480127494544,0.07095794007182121,0.07948752343654633,0.10934491455554962,1.169891835240752,0.9817127798313452,2.4202225893934903,,,,,,,,,,,,,,,,,,1,update_snr,bayesian,0.1,20,101770,10177,0.1,0.27457935730038047,0.1433315067036997,0.13329210234803052,0.27456666437874033,0.1433315067036997,0.13329210234803052,0.27456666437874033,0.3092072952057098,0.3023991014762294,0.3486069835861892,0.12490086353680974,0.11849037445966708,0.23647099237384991,0.3092072952057098,0.3023991014762294,0.3486069835861892,0.12490086353680974,0.11849037445966708,0.23647099237384991,2.104878596986823,3.172145213001638,0.5529013100018163,0.8332467470073173,0.5529013100018163,814160,203540,81416,122124,0.75,,,,,,,,,0.006647746347223679,35
bayesfl_observability_v1,vi_sparse_bayesian_keep010_seed42,46,vi,263,21,2,,5,256,609.0025528669357,0.06157980114221573,761.2397192346479,761.2397192346479,,,3.8179696010118724,0.025064393877983093,0.9932221747864832,3.8179696010118724,,-0.0,2.185987945410232,609.0025528669357,1522.4794384692957,761.2397192346479,0.014960002343218,0.06157980114221573,761.2397192346479,0.005,32.84803723610326,0.07095091896671742,0.07095817103981972,0.07950061708688735,0.10944956541061401,1.1694713932943428,0.9829794349646809,2.4193963952568915,,,,,,,,,,,,,,,,,,1,update_snr,bayesian,0.1,20,101770,10177,0.1,0.2746895085174091,0.14381684077184204,0.13419063303353373,0.2746866933443187,0.14381684077184204,0.13419063303353373,0.2746866933443187,0.30925541176081867,0.30288193744137143,0.34758482779803196,0.1254347773286224,0.11955743754562466,0.23761876299212048,0.30925541176081867,0.30288193744137143,0.34758482779803196,0.1254347773286224,0.11955743754562466,0.23761876299212048,2.1058764823794824,3.1846783377935965,0.551569735343457,0.8341287832542105,0.551569735343457,814160,203540,81416,122124,0.75,,,,,,,,,0.006649984545490274,2
bayesfl_observability_v1,vi_sparse_bayesian_keep010_seed42,47,vi,45,3,1,,5,256,595.4061324596405,0.22595180571079254,1509.1994405219373,1509.1994405219373,,,3.8189349218528905,0.025043264031410217,0.9934065443916574,3.8189349218528905,,-0.0,2.28098669344155,595.4061324596405,1509.1994405219373,1509.1994405219373,0.01482951204207465,0.22595180571079254,1509.1994405219373,0.005,33.31100790120969,0.07125263028750957,0.07128680869936943,0.07981414943933487,0.10918310284614563,1.1810881926625447,0.9913871723763404,2.4436323566026776,,,,,,,,,,,,,,,,,,1,update_snr,bayesian,0.1,20,101770,10177,0.1,0.2735664843093901,0.14322729604434728,0.13371995934956432,0.2735627980571417,0.14322729604434728,0.13371995934956432,0.2735627980571417,0.30759623860069735,0.3012126538628598,0.3452818492533834,0.12496408020475287,0.1194028200221666,0.23659211867803484,0.30759623860069735,0.3012126538628598,0.3452818492533834,0.12496408020475287,0.1194028200221666,0.23659211867803484,2.1082094057547893,3.1842922351496883,0.552041197060231,0.8338168364504931,0.552041197060231,814160,203540,81416,122124,0.75,,,,,,,,,0.006676025564919822,1
bayesfl_observability_v1,vi_sparse_bayesian_keep010_seed42,47,vi,194,15,861,,5,256,2070.350538751483,0.0008189543112506712,3.056205149695737,3.056205149695737,,,5.025903042366308,0.06511133909225464,0.988673866766305,5.025903042366308,,-0.0,2.3163460082440825,2070.350538751483,2631.3926338880296,3.056205149695737,0.025856270353621202,0.0008189543112506712,3.056205149695737,0.005,33.48798288339107,0.07172272484517114,0.07169630751013756,0.08063282445073128,0.10785931348800659,1.1801674007506684,0.992669266207785,2.4423070198739705,,,,,,,,,,,,,,,,,,1,update_snr,bayesian,0.1,20,101770,10177,0.1,0.3627916047616996,0.17754353313695115,0.1520526750643523,0.3627909678532529,0.17754353313695115,0.1520526750643523,0.3627909678532529,0.4494937923952652,0.4281075357596591,0.5534249074629768,0.14732683766380514,0.13489394708013458,0.29136152916642516,0.4494937923952652,0.4281075357596591,0.5534249074629768,0.14732683766380514,0.13489394708013458,0.29136152916642516,3.243293659911342,3.839368128591736,0.6453156044937004,0.7639160756241081,0.6453156044937004,814160,203540,81416,122124,0.75,,,,,,,,,0.0069289428145355705,861
bayesfl_observability_v1,vi_sparse_bayesian_keep010_seed42,47,vi,112,9,234,,5,256,895.8471231937408,0.00847687935217833,6.690740608162574,6.690740608162574,,,3.890133191994052,0.025035470724105835,0.9931558360043388,3.890133191994052,,-0.0,2.3155014849272724,895.8471231937408,1565.6333023100424,6.690740608162574,0.015384035593102509,0.00847687935217833,6.690740608162574,0.005,33.30667226890752,0.0712408185664078,0.0712764598429203,0.07980955764651299,0.10762107372283936,1.1815857683499882,0.9945533396000226,2.4484801659723776,,,,,,,,,,,,,,,,,,1,update_snr,bayesian,0.1,20,101770,10177,0.1,0.27291248692334025,0.14798191531912977,0.14319731776941969,0.2729082934184292,0.14798191531912977,0.14319731776941969,0.2729082934184292,0.30639009836515957,0.30009617261496513,0.34431978511061967,0.13038100609179312,0.12849428394543153,0.237406617449388,0.30639009836515957,0.30009617261496513,0.34431978511061967,0.13038100609179312,0.12849428394543153,0.237406617449388,2.0928973225474907,3.2791640777380127,0.5380014563138101,0.84294390857531,0.5380014563138101,814160,203540,81416,122124,0.75,,,,,,,,,0.006672361480697648,234
bayesfl_observability_v1,vi_sparse_bayesian_keep010_seed42,47,vi,287,23,1,,5,256,609.7062597513199,0.029468148946762085,1503.676935057579,1503.676935057579,,,3.8102408516454105,0.025080010294914246,0.993438226620934,3.8102408516454105,,-0.0,2.259365973874069,609.7062597513199,1503.676935057579,1503.676935057579,0.014775247470350583,0.029468148946762085,1503.676935057579,0.005,33.31502035928933,0.0712629780483712,0.07128393650054932,0.07983010411262512,0.11042273789644241,1.181192285853969,0.9924459044443259,2.4445561050765323,,,,,,,,,,,,,,,,,,1,update_snr,bayesian,0.1,20,101770,10177,0.1,0.2733685432849044,0.14284990770820566,0.132950537642479,0.27336240213485635,0.14284990770820566,0.132950537642479,0.27336240213485635,0.3073251986402649,0.3008390617376961,0.34597725300743615,0.12457487538242129,0.11868710952376937,0.23612640137100163,0.3073251986402649,0.3008390617376961,0.34597725300743615,0.12457487538242129,0.11868710952376937,0.23612640137100163,2.105960016580164,3.17535317029669,0.5527104712214527,0.8333733467073213,0.5527104712214527,814160,203540,81416,122124,0.75,,,,,,,,,0.006679178436862356,1
bayesfl_observability_v1,vi_sparse_bayesian_keep010_seed42,47,vi,288,23,3,,5,256,613.3618918895721,0.4739311933517456,502.0869417747585,502.0869417747585,,,3.8166774143880335,0.02507692389190197,0.9934120734938764,3.8166774143880335,,-0.0,2.185987945410232,613.3618918895721,1506.2608253242754,502.0869417747585,0.01480063697871942,0.4739311933517456,502.0869417747585,0.005,33.305198742110605,0.07125787590245543,0.07128271088004112,0.07984281480312348,0.11155640333890915,1.1809077509370114,0.9942562690593628,2.440325236800143,,,,,,,,,,,,,,,,,,1,update_snr,bayesian,0.1,20,101770,10177,0.1,0.27380911383045337,0.14305794881369086,0.1333585522347288,0.27380458308108224,0.14305794881369086,0.1333585522347288,0.27380458308108224,0.3076531580278839,0.30111544027537773,0.34542861397482827,0.12476959223433605,0.11858158469374368,0.23600669555157155,0.3076531580278839,0.30111544027537773,0.34542861397482827,0.12476959223433605,0.11858158469374368,0.23600669555157155,2.110093275759059,3.180335336579484,0.5528613101553912,0.8332732875433276,0.5528613101553912,814160,203540,81416,122124,0.75,,,,,,,,,0.0066770098390316135,3
bayesfl_observability_v1,vi_sparse_bayesian_keep010_seed42,47,vi,294,23,1,,5,256,582.0453963279724,9.536738616588991e-07,1519.9482107077822,1519.9482107077822,,,3.8289542551460847,0.025066599249839783,0.9933739580274469,3.8289542551460847,,-0.0,2.3096097079310103,582.0453963279724,1519.9482107077822,1519.9482107077822,0.014935130300754468,9.536738616588991e-07,1519.9482107077822,0.005,33.316429728664495,0.07126022596195906,0.07128630205988884,0.07983928248286247,0.10859374701976776,1.1814558769404,0.9933560447063636,2.441418661347382,,,,,,,,,,,,,,,,,,1,update_snr,bayesian,0.1,20,101770,10177,0.1,0.2746153028578597,0.1438181224135373,0.13433237009118032,0.27461377735494685,0.1438181224135373,0.13433237009118032,0.27461377735494685,0.3084230553548029,0.30243614027824156,0.34636267085111394,0.12552868542006335,0.11962561152099031,0.23717771762913523,0.3084230553548029,0.30243614027824156,0.34636267085111394,0.12552868542006335,0.11962561152099031,0.23717771762913523,2.106908237714331,3.1971594214009436,0.5502568318445338,0.8349954604717427,0.5502568318445338,814160,203540,81416,122124,0.75,,,,,,,,,0.006678359828735152,1
bayesfl_observability_v1,vi_sparse_bayesian_keep010_seed42,47,vi,172,13,1,,5,256,596.5389836072922,0.4737200140953064,1514.1746824703848,1514.1746824703848,,,3.825317291514984,0.025093555450439453,0.9933855661753531,3.825317291514984,,-0.0,2.185987945410232,596.5389836072922,1514.1746824703848,1514.1746824703848,0.014878399159579295,0.4737200140953064,1514.1746824703848,0.005,33.313895355899405,0.07125402953330393,0.07128176465630531,0.0798466183245182,0.10848508775234222,1.1813673793601445,0.9939155392923555,2.440457074217727,,,,,,,,,,,,,,,,,,1,update_snr,bayesian,0.1,20,101770,10177,0.1,0.2741728463350532,0.1434113850970077,0.13414951347697487,0.274171788203947,0.1434113850970077,0.13414951347697487,0.274171788203947,0.3078927357466724,0.30103402758832853,0.3466603774443905,0.12513567946926715,0.11950259011346913,0.23716213664354974,0.3078927357466724,0.30103402758832853,0.3466603774443905,0.12513567946926715,0.11950259011346913,0.23716213664354974,2.107120989799518,3.192662449290536,0.5508356115905384,0.8346137603728316,0.5508356115905384,814160,203540,81416,122124,0.75,,,,,,,,,0.006686590599262351,1
bayesfl_observability_v1,vi_sparse_bayesian_keep010_seed42,47,vi,274,21,69,,5,256,661.0677138328552,0.0368658425151438,22.042014955961218,22.042014955961218,,,3.831684363725505,0.025086313486099243,0.9933678343469244,3.831684363725505,,-0.0,2.259365973874069,661.0677138328552,1520.899031961324,22.042014955961218,0.014944473144947667,0.0368658425151438,22.042014955961218,0.005,33.324694477129604,0.07125503255331271,0.07128084450960159,0.07983702272176743,0.11029588431119919,1.1813611555250507,0.994094579578787,2.446742606806494,,,,,,,,,,,,,,,,,,1,update_snr,bayesian,0.1,20,101770,10177,0.1,0.2748717039439247,0.1436969114468076,0.13431131515649603,0.27486906247049614,0.1436969114468076,0.13431131515649603,0.27486906247049614,0.3089928968232134,0.30262197218492926,0.34741898000103083,0.12533069084942916,0.1194475804750841,0.237599266857048,0.3089928968232134,0.30262197218492926,0.34741898000103083,0.12533069084942916,0.1194475804750841,0.237599266857048,2.1106332003398935,3.197973195141186,0.5508369166106751,0.8346128990728849,0.5508369166106751,814160,203540,81416,122124,0.75,,,,,,,,,0.006678038993493828,69
bayesfl_observability_v1,vi_sparse_bayesian_keep010_seed42,47,vi,218,17,1,,5,256,647.1278152942657,0.1409689337015152,1497.161110940021,1497.161110940021,,,3.8027272224743336,0.02507828176021576,0.9934714849746753,3.8027272224743336,,-0.0,2.185987945410232,647.1278152942657,1497.161110940021,1497.161110940021,0.01471122247165197,0.1409689337015152,1497.161110940021,0.005,33.333006196842106,0.07126123942643436,0.07128050923347473,0.0798390544950962,0.10955414175987244,1.1824464330903952,0.9941261580415885,2.4445424027207405,,,,,,,,,,,,,,,,,,1,update_snr,bayesian,0.1,20,101770,10177,0.1,0.2724081729439942,0.14255339299794792,0.13269756842580233,0.27240606973159937,0.14255339299794792,0.13269756842580233,0.27240606973159937,0.30685742738483057,0.3003754819200125,0.34553538610025547,0.12429738917718315,0.1183829224737127,0.23546841635592114,0.30685742738483057,0.3003754819200125,0.34553538610025547,0.12429738917718315,0.1183829224737127,0.23546841635592114,2.102217005697658,3.1688196524104915,0.5528182493010375,0.8333018560160159,0.5528182493010375,814160,203540,81416,122124,0.75,,,,,,,,,0.006677347168735448,1
bayesfl_observability_v1,vi_sparse_bayesian_keep010_seed42,47,vi,222,17,107,,5,256,627.671221101284,0.0009604335945343303,14.071325136145626,14.071325136145626,,,3.8127791463121854,0.02506086975336075,0.993427402252206,3.8127791463121854,,-0.0,2.185987945410232,627.671221101284,1505.631789567582,14.071325136145626,0.014794456024050133,0.0009604335945343303,14.071325136145626,0.005,33.30986737807869,0.07125830410804808,0.0712745413184166,0.07982744202017784,0.11161331832408905,1.1815402807366313,0.9960768744638091,2.442977739764721,,,,,,,,,,,,,,,,,,1,update_snr,bayesian,0.1,20,101770,10177,0.1,0.27300753588489296,0.14305045768705463,0.13344624839076852,0.2729996439154718,0.14305045768705463,0.13344624839076852,0.2729996439154718,0.30775164979591063,0.30162597460322216,0.3468189872554477,0.12475032523051506,0.11904629459146922,0.23602319629371266,0.30775164979591063,0.30162597460322216,0.3468189872554477,0.12475032523051506,0.11904629459146922,0.23602319629371266,2.105935475620922,3.1784147921683177,0.5523360768634697,0.8336215317487139,0.5523360768634697,814160,203540,81416,122124,0.75,,,,,,,,,0.006676619149447694,107
bayesfl_observability_v1,vi_sparse_bayesian_keep010_seed42,47,vi,223,17,1,,5,256,612.6185363054276,0.11984264850616455,1499.8650203767077,1499.8650203767077,,,3.80662180860975,0.025055967271327972,0.9934474672390251,3.80662180860975,,-0.0,2.311121424016332,612.6185363054276,1499.8650203767077,1499.8650203767077,0.014737791297796086,0.11984264850616455,1499.8650203767077,0.005,33.30677541855321,0.07126062369773725,0.07129039242863655,0.079832012206316,0.11086875945329666,1.1816146888944143,0.9968644730354264,2.444391601700708,,,,,,,,,,,,,,,,,,1,update_snr,bayesian,0.1,20,101770,10177,0.1,0.27312095518979396,0.14275690257721083,0.13267075974874787,0.273119227738494,0.14275690257721083,0.13267075974874787,0.273119227738494,0.3072603083270051,0.30112831771008247,0.3451475458454662,0.12447874638278926,0.11840549585658482,0.23560673856063644,0.3072603083270051,0.30112831771008247,0.3451475458454662,0.12447874638278926,0.11840549585658482,0.23560673856063644,2.105664445514964,3.171205896292062,0.5531582992438097,0.8330761645718218,0.5531582992438097,814160,203540,81416,122124,0.75,,,,,,,,,0.006682822755651044,1
bayesfl_observability_v1,vi_sparse_bayesian_keep010_seed42,47,vi,207,16,1,,5,256,604.9506048440933,2.068187952041626,1506.9072202849225,1506.9072202849225,,,3.814803364252904,0.0250551737844944,0.9934194300866656,3.814803364252904,,-0.0,2.259365973874069,604.9506048440933,1506.9072202849225,1506.9072202849225,0.014806988506287928,2.068187952041626,1506.9072202849225,0.005,33.30741179297391,0.07125504909510977,0.07129054889082909,0.07983105033636093,0.11049576848745346,1.181272866251173,0.9925249810507252,2.439474524510977,,,,,,,,,,,,,,,,,,1,update_snr,bayesian,0.1,20,101770,10177,0.1,0.27392694114570987,0.14289647421465973,0.13275293864138038,0.2739155295597603,0.14289647421465973,0.13275293864138038,0.2739155295597603,0.30826439873293743,0.30174503003494724,0.3461624296577838,0.12452226037929552,0.11832404940840291,0.23642777367053713,0.30826439873293743,0.30174503003494724,0.3461624296577838,0.12452226037929552,0.11832404940840291,0.23642777367053713,2.1084686699299517,3.1791641316294306,0.5527070385036418,0.8333756233467207,0.5527070385036418,814160,203540,81416,122124,0.75,,,,,,,,,0.0066743178748001316,1
bayesfl_observability_v1,vi_sparse_bayesian_keep010_seed42,47,vi,209,16,1,,5,256,625.0230217933655,2.1024200916290283,1502.3309634957243,1502.3309634957243,,,3.8086885089113185,0.02501411736011505,0.9934438033167242,3.8086885089113185,,-0.0,2.259365973874069,625.0230217933655,1502.3309634957243,1502.3309634957243,0.014762021848243335,2.1024200916290283,1502.3309634957243,0.005,33.31555241198543,0.07126274040234051,0.07130014896392822,0.07983096987009049,0.10766976326704025,1.181155408065592,0.9928400138917575,2.444462797090658,,,,,,,,,,,,,,,,,,1,update_snr,bayesian,0.1,20,101770,10177,0.1,0.2733009343197365,0.14267358760483825,0.13267662118427026,0.2732951700747769,0.14267358760483825,0.13267662118427026,0.2732951700747769,0.3074454164316122,0.30084533832530974,0.34591610888285257,0.12436560662408558,0.11782201173787658,0.2359291620430119,0.3074454164316122,0.30084533832530974,0.34591610888285257,0.12436560662408558,0.11782201173787658,0.2359291620430119,2.1041130529661802,3.174715171200478,0.5524508103099308,0.8335455009703442,0.5524508103099308,814160,203540,81416,122124,0.75,,,,,,,,,0.00667857491061095,1
bayesfl_observability_v1,vi_sparse_bayesian_keep010_seed42,47,vi,179,14,604,,5,256,1698.9972963690757,0.0007219596130662407,4.41139582795308,4.41139582795308,,,5.0602876823518566,0.06343895196914673,0.9884926125709619,5.0602876823518566,,-0.0,2.311121424016332,1698.9972963690757,2664.4830800836603,4.41139582795308,0.026181419672631035,0.0007219596130662407,4.41139582795308,0.005,33.45181193631203,0.0716536236859743,0.07164135202765465,0.08048662319779397,0.11416240781545639,1.1803044021635782,0.9915559264131381,2.4393665815808268,,,,,,,,,,,,,,,,,,1,update_snr,bayesian,0.1,20,101770,10177,0.1,0.3676404110952295,0.17937284793599664,0.1534677568971022,0.36762015703530154,0.17937284793599664,0.1534677568971022,0.36762015703530154,0.454507053983925,0.4337847960080576,0.5596057863507499,0.1488023805973379,0.1362040297877018,0.2954268899178689,0.454507053983925,0.4337847960080576,0.5596057863507499,0.1488023805973379,0.1362040297877018,0.2954268899178689,3.2519052557472032,3.8770637905257446,0.642632486506345,0.7661745801621721,0.642632486506345,814160,203540,81416,122124,0.75,,,,,,,,,0.006860801185370824,604
bayesfl_observability_v1,vi_sparse_bayesian_keep010_seed42,47,vi,85,6,1,,5,256,595.9355177402497,6.534139156341553,1511.3014654589933,1511.3014654589933,,,3.8184812529155963,0.025101855397224426,0.9934191387877163,3.8184812529155963,,-0.0,2.3277319754160017,595.9355177402497,1511.3014654589933,1511.3014654589933,0.014850166703930365,6.534139156341553,1511.3014654589933,0.005,33.33797181234871,0.0712581555307544,0.07128879800438881,0.07984008342027665,0.11134850978851318,1.1819876102748625,0.9911409103712306,2.4408700229546816,,,,,,,,,,,,,,,,,,1,update_snr,bayesian,0.1,20,101770,10177,0.1,0.2736177560501555,0.14317403587842387,0.13322149792919818,0.273617498794731,0.14317403587842387,0.13322149792919818,0.273617498794731,0.30839860481943737,0.3021699970543103,0.34718200536059696,0.12481575044053349,0.11841333455173542,0.23666336546711075,0.30839860481943737,0.3021699970543103,0.34718200536059696,0.12481575044053349,0.11841333455173542,0.23666336546711075,2.109221094188599,3.1830779843883374,0.552371729618446,0.833597908057792,0.552371729618446,814160,203540,81416,122124,0.75,,,,,,,,,0.006675311984009833,1
bayesfl_observability_v1,vi_sparse_bayesian_keep010_seed42,48,vi,47,3,1,,5,256,606.7240752220154,2.6471400260925293,1494.836720864631,1494.836720864631,,,3.8134208449081806,0.02506064623594284,0.99364046001132,3.8134208449081806,,-0.0,2.3292713582565514,606.7240752220154,1494.836720864631,1494.836720864631,0.014688382832510867,2.6471400260925293,1494.836720864631,0.005,33.8671238660224,0.07154957184265508,0.07158344984054565,0.08014250993728639,0.10834763199090958,1.1963691836654917,1.005724320472782,2.4716996319253544,,,,,,,,,,,,,,,,,,1,update_snr,bayesian,0.1,20,101770,10177,0.1,0.27173982929885604,0.14240707601761346,0.13263802125394092,0.27173511649963006,0.14240707601761346,0.13263802125394092,0.27173511649963006,0.30676838786718236,0.30013751956147855,0.3465657693868539,0.12414470803432798,0.11837083379389456,0.23514347087344745,0.30676838786718236,0.30013751956147855,0.3465657693868539,0.12414470803432798,0.11837083379389456,0.23514347087344745,2.1058800542259934,3.1792212470341483,0.5522285999558223,0.8336927332002082,0.5522285999558223,814160,203540,81416,122124,0.75,,,,,,,,,0.006710333425794082,1
bayesfl_observability_v1,vi_sparse_bayesian_keep010_seed42,48,vi,220,17,1,,5,256,610.5381059408188,0.032814595848321915,1493.7554620030917,1493.7554620030917,,,3.814654486406288,0.02505352720618248,0.9936382814804414,3.814654486406288,,-0.0,2.3096097079310103,610.5381059408188,1493.7554620030917,1493.7554620030917,0.014677758298153598,0.032814595848321915,1493.7554620030917,0.005,33.87230461720721,0.07154613706244195,0.07158626988530159,0.08014237955212593,0.11039816588163376,1.1957875714637436,1.0073854179203363,2.4736036862319777,,,,,,,,,,,,,,,,,,1,update_snr,bayesian,0.1,20,101770,10177,0.1,0.2717966971000207,0.14241410472086344,0.13257258729966448,0.2717909003100922,0.14241410472086344,0.13257258729966448,0.2717909003100922,0.30641235935573946,0.2997283012653127,0.3455820601234527,0.12419207642809947,0.11803967403703258,0.23547614197236075,0.30641235935573946,0.2997283012653127,0.3455820601234527,0.12419207642809947,0.11803967403703258,0.23547614197236075,2.107695228416404,3.179498336966126,0.5525258541572458,0.8334957591300672,0.5525258541572458,814160,203540,81416,122124,0.75,,,,,,,,,0.006702092418888906,1
bayesfl_observability_v1,vi_sparse_bayesian_keep010_seed42,48,vi,146,11,1,,5,256,567.7750267982483,4.410654544830322,1505.5369009820186,1505.5369009820186,,,3.8278756985230387,0.02504482865333557,0.9935995789154592,3.8278756985230387,,-0.0,2.3292713582565514,567.7750267982483,1505.5369009820186,1505.5369009820186,0.014793523641367972,4.410654544830322,1505.5369009820186,0.005,33.88685212585044,0.07154264328559302,0.07157469913363457,0.08013281896710396,0.1116078794002533,1.197323476732398,1.00798080473617,2.4733010652751797,,,,,,,,,,,,,,,,,,1,update_snr,bayesian,0.1,20,101770,10177,0.1,0.27318102718952075,0.14299010616681954,0.13353017368765657,0.2731721860820494,0.14299010616681954,0.13353017368765657,0.2731721860820494,0.3074095055111722,0.30134310049732643,0.34503783717020464,0.124721284017447,0.11871192494538328,0.2363312953405646,0.3074095055111722,0.30134310049732643,0.34503783717020464,0.124721284017447,0.11871192494538328,0.2363312953405646,2.112219518510288,3.1923597962897965,0.5517994012515283,0.8339768706495742,0.5517994012515283,814160,203540,81416,122124,0.75,,,,,,,,,0.006703757396719653,1
bayesfl_observability_v1,vi_sparse_bayesian_keep010_seed42,48,vi,150,12,1,,5,256,569.7801389217377,1.2013336420059204,1507.0224099319428,1507.0224099319428,,,3.828616408107346,0.025090008974075317,0.993594949177711,3.828616408107346,,-0.0,2.3155014849272724,569.7801389217377,1507.0224099319428,1507.0224099319428,0.014808120368791812,1.2013336420059204,1507.0224099319428,0.005,33.881356087965536,0.07154188620319527,0.07156803086400032,0.08013200834393501,0.10942280292510986,1.1961114896517566,1.0075741928028443,2.47495571770395,,,,,,,,,,,,,,,,,,1,update_snr,bayesian,0.1,20,101770,10177,0.1,0.2734544818639587,0.14308245311345896,0.13301444453018646,0.2734489556530623,0.14308245311345896,0.13301444453018646,0.2734489556530623,0.30790811189278494,0.3013995430047529,0.3475841830275602,0.12476849102686718,0.11877301129379676,0.23633959427871026,0.30790811189278494,0.3013995430047529,0.3475841830275602,0.12476849102686718,0.11877301129379676,0.23633959427871026,2.1136063812403747,3.192330131049854,0.5520548824804372,0.8338077756470682,0.5520548824804372,814160,203540,81416,122124,0.75,,,,,,,,,0.006708965337033572,1
bayesfl_observability_v1,vi_sparse_bayesian_keep010_seed42,48,vi,123,9,387,,5,256,1688.7944660007954,0.0001785933624866397,6.740890537830048,6.740890537830048,,,5.042642608305932,0.045482076704502106,0.988930208331987,5.042642608305932,,-0.0,2.3277319754160017,1688.7944660007954,2608.7246381402288,6.740890537830048,0.02563353284995803,0.0001785933624866397,6.740890537830048,0.005,33.98276820261998,0.07176423828235876,0.07177093997597694,0.08050604462623596,0.1087474375963211,1.1963741456809827,1.007579344871126,2.4738220671751137,,,,,,,,,,,,,,,,,,1,update_snr,bayesian,0.1,20,101770,10177,0.1,0.3619658100187087,0.18347802151832168,0.16468170471034116,0.36195838921803514,0.18347802151832168,0.16468170471034116,0.36195838921803514,0.4299609278672739,0.41510181487499986,0.5105077139185272,0.1560910319239937,0.14646151864471735,0.30097289596553833,0.4299609278672739,0.41510181487499986,0.5105077139185272,0.1560910319239937,0.14646151864471735,0.30097289596553833,3.036604346702959,4.025826438967206,0.6021851204963942,0.7983564871990158,0.6021851204963942,814160,203540,81416,122124,0.75,,,,,,,,,0.006803217434855393,387
bayesfl_observability_v1,vi_sparse_bayesian_keep010_seed42,48,vi,186,14,12,,5,256,675.8045439720154,2.722330093383789,125.43716617083312,125.43716617083312,,,3.827649852205644,0.02503921464085579,0.9935913017580229,3.827649852205644,,-0.0,2.3277319754160017,675.8045439720154,1505.2459940499975,125.43716617083312,0.01479066516704331,2.722330093383789,125.43716617083312,0.005,33.86320808372593,0.0715436523540281,0.07158227264881134,0.08012125715613365,0.10992471873760223,1.1963004643503057,1.0052497796699669,2.475235530816619,,,,,,,,,,,,,,,,,,1,update_snr,bayesian,0.1,20,101770,10177,0.1,0.27285304699459817,0.14296695062381898,0.1336430365258458,0.2728526044476271,0.14296695062381898,0.1336430365258458,0.2728526044476271,0.30758553770870506,0.30092524479192506,0.34635897010654515,0.12467599650327607,0.11911686631556183,0.2357779156569403,0.30758553770870506,0.30092524479192506,0.34635897010654515,0.12467599650327607,0.11911686631556183,0.2357779156569403,2.1121835272825638,3.1921128016043063,0.5518225566179832,0.8339615494779086,0.5518225566179832,814160,203540,81416,122124,0.75,,,,,,,,,0.006708449321033188,12
bayesfl_observability_v1,vi_sparse_bayesian_keep010_seed42,48,vi,104,8,810,,5,256,1961.297360983491,0.0030298750651037367,3.2238250923929823,3.2238250923929823,,,5.022936111382782,0.06581086665391922,0.9890336204906091,5.022936111382782,,0.008677115299901474,2.3068194974795277,1961.297360983491,2611.2983248383157,3.2238250923929823,0.025658822097261627,0.0030298750651037367,3.2238250923929823,0.005,34.0096449399692,0.07202979638459489,0.07201004773378372,0.08098223954439163,0.11090169101953506,1.1934204704181095,1.0043407199171863,2.467212605660507,,,,,,,,,,,,,,,,,,1,update_snr,bayesian,0.1,20,101770,10177,0.1,0.36221796679028123,0.176317245593428,0.15073089549941665,0.36221643542090554,0.176317245593428,0.15073089549941665,0.36221643542090554,0.4490578541818531,0.4284062058297577,0.5558145848930278,0.14601273352804747,0.13348113250360663,0.28995131472949437,0.4490578541818531,0.4284062058297577,0.5558145848930278,0.14601273352804747,0.13348113250360663,0.28995131472949437,3.2538848050202582,3.8265024310317206,0.6478053339453057,0.7618059131511249,0.6478053339453057,814160,203540,81416,122124,0.75,,,,,,,,,0.0069604457652074955,810
bayesfl_observability_v1,vi_sparse_bayesian_keep010_seed42,48,vi,106,8,1,,5,256,597.3330832481385,0.44486212730407715,1495.1254407208,1495.1254407208,,,3.8151217466581726,0.025052502751350403,0.993641561162101,3.8151217466581726,,-0.0,2.3155014849272724,597.3330832481385,1495.1254407208,1495.1254407208,0.014691219816456717,0.44486212730407715,1495.1254407208,0.005,33.88491899387913,0.07154734592975925,0.07157944515347481,0.08012776896357536,0.10987692326307297,1.1967956506545243,1.0054102297927292,2.4731946750574654,,,,,,,,,,,,,,,,,,1,update_snr,bayesian,0.1,20,101770,10177,0.1,0.27241102504725073,0.14244550198793623,0.13299999661173934,0.2724108894678762,0.14244550198793623,0.13299999661173934,0.2724108894678762,0.3067748518314067,0.3001113006639771,0.3455516164825045,0.12418668533866171,0.11815270082073025,0.23540312138762556,0.3067748518314067,0.3001113006639771,0.3455516164825045,0.12418668533866171,0.11815270082073025,0.23540312138762556,2.106977627352768,3.1805344235928366,0.5522700892044557,0.8336652497076409,0.5522700892044557,814160,203540,81416,122124,0.75,,,,,,,,,0.006704803667073419,1
bayesfl_observability_v1,vi_sparse_bayesian_keep010_seed42,48,vi,109,8,1,,5,256,617.0432735085487,4.514005184173584,1495.9194381425893,1495.9194381425893,,,3.8131871673459234,0.025077342987060547,0.9936413197595257,3.8131871673459234,,-0.0,2.28098669344155,617.0432735085487,1495.9194381425893,1495.9194381425893,0.014699021697382228,4.514005184173584,1495.9194381425893,0.005,33.867332282191946,0.07154060189774278,0.07159387320280075,0.08013624995946884,0.10755259543657303,1.1968086996837446,1.0069808066457995,2.4721780730892733,,,,,,,,,,,,,,,,,,1,update_snr,bayesian,0.1,20,101770,10177,0.1,0.2729371673446277,0.14239338103440594,0.1321582021485685,0.27293439003412845,0.14239338103440594,0.1321582021485685,0.27293439003412845,0.3069429986718358,0.30006582428646705,0.34613762792054076,0.1241100901858026,0.1177599487407394,0.23586085980211025,0.3069429986718358,0.30006582428646705,0.34613762792054076,0.1241100901858026,0.1177599487407394,0.23586085980211025,2.10476060469258,3.1796822435812304,0.5519688681207715,0.8338647184198859,0.5519688681207715,814160,203540,81416,122124,0.75,,,,,,,,,0.006709325575306637,1
bayesfl_observability_v1,vi_sparse_bayesian_keep010_seed42,48,vi,200,16,2,,5,256,595.0097653388978,0.3374527394771576,749.6549836200944,749.6549836200944,,,3.820781292057205,0.0250212624669075,0.9936164163943373,3.820781292057205,,0.6931471805599453,1.5546516461106756,595.0097653388978,1499.3099672401888,749.6549836200944,0.014732337302153767,0.3374527394771576,749.6549836200944,0.005,33.8687383487796,0.07154484523085616,0.07156628742814064,0.0801320143043995,0.11168162524700165,1.1960438098162056,1.0059575140957921,2.4723531324457184,,,,,,,,,,,,,,,,,,1,update_snr,bayesian,0.1,20,101770,10177,0.1,0.2729955854428838,0.14263603802074812,0.13273859536205906,0.272993275813658,0.14263603802074812,0.13273859536205906,0.272993275813658,0.3069186658875371,0.30067280270589014,0.34524664780910147,0.12438241270221599,0.11796511250390511,0.2358244809555592,0.3069186658875371,0.30067280270589014,0.34524664780910147,0.12438241270221599,0.11796511250390511,0.2358244809555592,2.1101225762067,3.185239770428144,0.5522751539307703,0.8336618945056472,0.5522751539307703,814160,203540,81416,122124,0.75,,,,,,,,,0.0067042143817078155,2
bayesfl_observability_v1,vi_sparse_bayesian_keep010_seed42,48,vi,194,15,861,,5,256,1919.2478763476015,0.0026450707175867346,2.9653263093385314,2.9653263093385314,,,4.964085195976315,0.06837769597768784,0.9892745928810684,4.964085195976315,,-0.0,2.3163460082440825,1919.2478763476015,2553.1459523404756,2.9653263093385314,0.025087412325247867,0.0026450707175867346,2.9653263093385314,0.005,33.98395294307618,0.07204549334810785,0.0720340833067894,0.08100295960903167,0.11423174291849136,1.1922177616382554,1.0005086167790758,2.468515969091458,,,,,,,,,,,,,,,,,,1,update_snr,bayesian,0.1,20,101770,10177,0.1,0.35781398891844063,0.17368212763917396,0.14744039310229884,0.3577940601600495,0.17368212763917396,0.14744039310229884,0.3577940601600495,0.44600594738988886,0.4245936394848181,0.5537559648294894,0.14342392544465005,0.13036058865369385,0.2855859094965438,0.44600594738988886,0.4245936394848181,0.5537559648294894,0.14342392544465005,0.13036058865369385,0.2855859094965438,3.2360968559459473,3.7642819995117485,0.6519019573977085,0.7583032625150998,0.6519019573977085,814160,203540,81416,122124,0.75,,,,,,,,,0.006966366565880309,861
bayesfl_observability_v1,vi_sparse_bayesian_keep010_seed42,48,vi,170,13,1,,5,256,586.2315335929394,1.376251220703125,1498.3013796007172,1498.3013796007172,,,3.8196776538473562,0.025085367262363434,0.9936190624534283,3.8196776538473562,,-0.0,2.3096097079310103,586.2315335929394,1498.3013796007172,1498.3013796007172,0.014722426840922837,1.376251220703125,1498.3013796007172,0.005,33.86592910613424,0.07154563971832387,0.07156644389033318,0.08014485016465188,0.1113242357969284,1.1963707321017576,1.0052293056975299,2.474710017152841,,,,,,,,,,,,,,,,,,1,update_snr,bayesian,0.1,20,101770,10177,0.1,0.27215060726990503,0.14263560436347542,0.13327820588891193,0.2721454504343343,0.14263560436347542,0.13327820588891193,0.2721454504343343,0.30662033332176625,0.30001357476196533,0.34553205831010164,0.1244150789236653,0.11840428964418379,0.23553239468795067,0.30662033332176625,0.30001357476196533,0.34553205831010164,0.1244150789236653,0.11840428964418379,0.23553239468795067,2.1085537119645594,3.1849550425494764,0.5520239933965962,0.8338282261440156,0.5520239933965962,814160,203540,81416,122124,0.75,,,,,,,,,0.006706501458380427,1
bayesfl_observability_v1,vi_sparse_bayesian_keep010_seed42,48,vi,130,10,1,,5,256,616.4236395359039,2.145764938177308e-06,1490.7500088493618,1490.7500088493618,,,3.8080401064376677,0.025061413645744324,0.9936607940327193,3.8080401064376677,,-0.0,2.311121424016332,616.4236395359039,1490.7500088493618,1490.7500088493618,0.014648226479801138,2.145764938177308e-06,1490.7500088493618,0.005,33.873357132884706,0.07154738548643418,0.07159313187003136,0.08013352602720261,0.10734154284000397,1.196534188410508,1.0080292370743997,2.4716302451346057,,,,,,,,,,,,,,,,,,1,update_snr,bayesian,0.1,20,101770,10177,0.1,0.2724914871250132,0.14208513551240073,0.1320818925239174,0.27248944238058415,0.14208513551240073,0.1320818925239174,0.27248944238058415,0.30677782913706814,0.3003663888480161,0.3449518238159965,0.12378594733188215,0.11775577933258313,0.2353604562462618,0.30677782913706814,0.3003663888480161,0.3449518238159965,0.12378594733188215,0.11775577933258313,0.2353604562462618,2.1084119959151537,3.171083144245652,0.5536737893991153,0.8327336518553966,0.5536737893991153,814160,203540,81416,122124,0.75,,,,,,,,,0.006706743217245496,1
bayesfl_observability_v1,vi_sparse_bayesian_keep010_seed42,48,vi,132,10,1,,5,256,604.3599394321442,0.0005849081207998097,1496.2467172690606,1496.2467172690606,,,3.8169928929289876,0.025066811591386795,0.9936209446663654,3.8169928929289876,,-0.0,2.311121424016332,604.3599394321442,1496.2467172690606,1496.2467172690606,0.01470223756774158,0.0005849081207998097,1496.2467172690606,0.005,33.84644175702017,0.07154396428952924,0.07157110422849655,0.08013312891125679,0.10720127820968628,1.1949853087453977,1.0036504233688288,2.474325611090531,,,,,,,,,,,,,,,,,,1,update_snr,bayesian,0.1,20,101770,10177,0.1,0.27277573313902437,0.14265101025413413,0.13278618184344143,0.2727552979304619,0.14265101025413413,0.13278618184344143,0.2727552979304619,0.3062290702040839,0.2996350438083682,0.34533821404250903,0.12447567025969529,0.11838238496016544,0.23599893511288764,0.3062290702040839,0.2996350438083682,0.34533821404250903,0.12447567025969529,0.11838238496016544,0.23599893511288764,2.1063572458298747,3.1831892651255282,0.5518368267679826,0.8339521069118085,0.5518368267679826,814160,203540,81416,122124,0.75,,,,,,,,,0.006711262689761859,1
bayesfl_observability_v1,vi_sparse_bayesian_keep010_seed42,48,vi,21,1,1,,5,256,609.7943655014038,6.7276177406311035,1499.4610130624264,1499.4610130624264,,,3.819428182971845,0.025035642087459564,0.9936203271297417,3.819428182971845,,-0.0,2.3277319754160017,609.7943655014038,1499.4610130624264,1499.4610130624264,0.014733821490246895,6.7276177406311035,1499.4610130624264,0.005,33.86707513509719,0.07154301144625602,0.0715748481452465,0.08015621602535247,0.10863747447729111,1.196854668789777,1.0061148639851458,2.475121488605862,,,,,,,,,,,,,,,,,,1,update_snr,bayesian,0.1,20,101770,10177,0.1,0.2729224877839674,0.1426914396231756,0.13299271002620913,0.2729190406229092,0.1426914396231756,0.13299271002620913,0.2729190406229092,0.3075379884334351,0.30105323138511375,0.34631391995515065,0.12437515642203566,0.11836863611524742,0.23546214486338207,0.3075379884334351,0.30105323138511375,0.34631391995515065,0.12437515642203566,0.11836863611524742,0.23546214486338207,2.1114591305346124,3.182730272103127,0.5528207442014827,0.8333002008763227,0.5528207442014827,814160,203540,81416,122124,0.75,,,,,,,,,0.006714570671366845,1
bayesfl_observability_v1,vi_sparse_bayesian_keep010_seed42,49,vi,88,7,140,,5,256,589.5962371349335,0.006328850984573364,10.643099003152162,10.643099003152162,,,3.824368009457018,0.02505023032426834,0.993832515694492,3.824368009457018,,-0.0,2.3155014849272724,589.5962371349335,1490.0338604413027,10.643099003152162,0.014641189549388844,0.006328850984573364,10.643099003152162,0.005,34.487257732860094,0.07185940497978632,0.07191604748368263,0.08048503249883651,0.11061801016330719,1.212620234966424,1.0188771700863906,2.5023279021839064,,,,,,,,,,,,,,,,,,1,update_snr,bayesian,0.1,20,101770,10177,0.1,0.271555837654944,0.14221570306800949,0.13238680131125186,0.2715505971563056,0.14221570306800949,0.13238680131125186,0.2715505971563056,0.30598016390601224,0.29949007590228655,0.3442634052607962,0.12401965186378698,0.11802473419369088,0.23526741526505765,0.30598016390601224,0.29949007590228655,0.3442634052607962,0.12401965186378698,0.11802473419369088,0.23526741526505765,2.110331975259243,3.1894027067707635,0.5518119516847614,0.8339685665406436,0.5518119516847614,814160,203540,81416,122124,0.75,,,,,,,,,0.006751473819568165,140
bayesfl_observability_v1,vi_sparse_bayesian_keep010_seed42,49,vi,159,12,1,,5,256,631.6137404441833,0.00600759033113718,1473.7080861420286,1473.7080861420286,,,3.8051946574617657,0.025077462196350098,0.9938928014629481,3.8051946574617657,,-0.0,2.185987945410232,631.6137404441833,1473.7080861420286,1473.7080861420286,0.014480771210985836,0.00600759033113718,1473.7080861420286,0.005,34.482847609667424,0.07186324128648106,0.07192303985357285,0.0805100902915001,0.1118728443980217,1.212559991789124,1.0180334299729141,2.5061920888332105,,,,,,,,,,,,,,,,,,1,update_snr,bayesian,0.1,20,101770,10177,0.1,0.27026277544639105,0.14137745933979193,0.13163526179664609,0.2702601501741749,0.14137745933979193,0.13163526179664609,0.2702601501741749,0.3045931311968978,0.29857723628117294,0.3426046989698059,0.12324238468900232,0.11760061285089737,0.23370646379687365,0.3045931311968978,0.29857723628117294,0.3426046989698059,0.12324238468900232,0.11760061285089737,0.23370646379687365,2.10388525297911,3.1706739383721882,0.5528981937503548,0.8332488147891938,0.5528981937503548,814160,203540,81416,122124,0.75,,,,,,,,,0.00675221362371795,1
bayesfl_observability_v1,vi_sparse_bayesian_keep010_seed42,49,vi,55,4,1,,5,256,601.7043198108673,2.156250476837158,1487.345652981349,1487.345652981349,,,3.821636883415061,0.025054406374692917,0.9938341992412233,3.821636883415061,,-0.0,2.3292713582565514,601.7043198108673,1487.345652981349,1487.345652981349,0.014614775012099332,2.156250476837158,1487.345652981349,0.005,34.46748364649257,0.07186264626870686,0.0719045102596283,0.08050553798675537,0.11138471215963364,1.2119376261305264,1.0223722240494455,2.5058222459215043,,,,,,,,,,,,,,,,,,1,update_snr,bayesian,0.1,20,101770,10177,0.1,0.27145583805698587,0.14220491389878695,0.13277789325328532,0.27145543622767193,0.14220491389878695,0.13277789325328532,0.27145543622767193,0.30575077523436606,0.2993736063292808,0.34352421909391223,0.12403315152816703,0.11833360062052808,0.23414348986486577,0.30575077523436606,0.2993736063292808,0.34352421909391223,0.12403315152816703,0.11833360062052808,0.23414348986486577,2.1119440961345846,3.185058963893866,0.5526281435318695,0.833427942282067,0.5526281435318695,814160,203540,81416,122124,0.75,,,,,,,,,0.0067472951684841775,1
bayesfl_observability_v1,vi_sparse_bayesian_keep010_seed42,49,vi,220,17,1,,5,256,602.1101763248444,1.2283964157104492,1485.3258646873612,1485.3258646873612,,,3.818843833333665,0.02502499520778656,0.9938467138738946,3.818843833333665,,-0.0,2.3096097079310103,602.1101763248444,1485.3258646873612,1485.3258646873612,0.014594928413946755,1.2283964157104492,1485.3258646873612,0.005,34.47721973989769,0.07185581626352795,0.0719209760427475,0.0804795578122139,0.10963962227106094,1.2129192937689828,1.020420428013085,2.5047767738391955,,,,,,,,,,,,,,,,,,1,update_snr,bayesian,0.1,20,101770,10177,0.1,0.2715392750576751,0.14201097840930987,0.13237622770542978,0.2715332933827893,0.14201097840930987,0.13237622770542978,0.2715332933827893,0.3052693304621794,0.29886075427832803,0.34335528817580474,0.12387116151454658,0.11802312849758881,0.23485167441742041,0.3052693304621794,0.29886075427832803,0.34335528817580474,0.12387116151454658,0.11802312849758881,0.23485167441742041,2.1058838307264134,3.185721506170246,0.5514453909700935,0.8342109929615179,0.5514453909700935,814160,203540,81416,122124,0.75,,,,,,,,,0.006749122909606958,1
bayesfl_observability_v1,vi_sparse_bayesian_keep010_seed42,49,vi,115,9,1,,5,256,576.0021446466446,0.006182474084198475,1487.2236003251576,1487.2236003251576,,,3.8211363382265766,0.025061652064323425,0.9938392709320372,3.8211363382265766,,-0.0,2.185987945410232,576.0021446466446,1487.2236003251576,1487.2236003251576,0.01461357571312919,0.006182474084198475,1487.2236003251576,0.005,34.47713898501343,0.07186109630634974,0.07190118357539177,0.0805258110165596,0.11170835047960281,1.2122563105131614,1.0194454948475093,2.5072463944360117,,,,,,,,,,,,,,,,,,1,update_snr,bayesian,0.1,20,101770,10177,0.1,0.2714258779167141,0.14202678909562816,0.13214827144298247,0.27141878568655586,0.14202678909562816,0.13214827144298247,0.27141878568655586,0.30598309696290904,0.2995493150340512,0.3443685600080978,0.12380942155481917,0.11780209032393285,0.2345324213799233,0.30598309696290904,0.2995493150340512,0.3443685600080978,0.12380942155481917,0.11780209032393285,0.2345324213799233,2.1110160829988533,3.185073627506248,0.552457671263987,0.8335409536798859,0.552457671263987,814160,203540,81416,122124,0.75,,,,,,,,,0.006750184419044003,1
bayesfl_observability_v1,vi_sparse_bayesian_keep010_seed42,49,vi,145,11,1,,5,256,584.9633036613465,2.519002914428711,1490.5917408212385,1490.5917408212385,,,3.8257976191504715,0.02509765326976776,0.9938241453985331,3.8257976191504715,,-0.0,2.3096097079310103,584.9633036613465,1490.5917408212385,1490.5917408212385,0.01464667132574667,2.519002914428711,1490.5917408212385,0.005,34.477034999505676,0.07185995641942429,0.07190516218543053,0.08046958521008492,0.10897918790578842,1.2122075552728686,1.0195049527771172,2.5100565457957673,,,,,,,,,,,,,,,,,,1,update_snr,bayesian,0.1,20,101770,10177,0.1,0.2713726245368329,0.14245238046770844,0.1331744958222817,0.271369022571646,0.14245238046770844,0.1331744958222817,0.271369022571646,0.3051491774064298,0.2986155523278569,0.3430683862983358,0.1243749585856283,0.11852126787774503,0.2345222442916269,0.3051491774064298,0.2986155523278569,0.3430683862983358,0.1243749585856283,0.11852126787774503,0.2345222442916269,2.1072753767126278,3.193136061836088,0.5508068085369748,0.834632769347881,0.5508068085369748,814160,203540,81416,122124,0.75,,,,,,,,,0.006743667363219881,1
bayesfl_observability_v1,vi_sparse_bayesian_keep010_seed42,49,vi,28,2,568,,5,256,1815.789345765114,0.002297022065121523,4.759967226259788,4.759967226259788,,,5.142301652497908,0.06146782636642456,0.9889169914973428,5.142301652497908,,0.08787175099597194,2.241159561925204,1815.789345765114,2703.66138451556,4.759967226259788,0.026566388764032226,0.002297022065121523,4.759967226259788,0.005,34.63535257870469,0.07224889980105452,0.0722801424562931,0.08116026222705841,0.10928461700677872,1.2113722483468763,1.0180809790378103,2.5097338200873125,,,,,,,,,,,,,,,,,,1,update_snr,bayesian,0.1,20,101770,10177,0.1,0.3711604178047391,0.1818034318121874,0.15686763809687398,0.3711562381805145,0.1818034318121874,0.15686763809687398,0.3711562381805145,0.4539627669893717,0.4360889340957199,0.5522068468012507,0.15156350568138913,0.13902101228306718,0.2995883118377501,0.4539627669893717,0.4360889340957199,0.5522068468012507,0.15156350568138913,0.13902101228306718,0.2995883118377501,3.2642871462663217,3.9733733416334553,0.6347910657245617,0.7726838311212961,0.6347910657245617,814160,203540,81416,122124,0.75,,,,,,,,,0.006942528093176903,568
bayesfl_observability_v1,vi_sparse_bayesian_keep010_seed42,49,vi,289,23,4615,,5,256,2138.9635052844096,0.15264700513942528,0.43849176554979175,0.43849176554979175,,,4.313329673129182,0.08039753884077072,0.9921670660033757,4.313329673129182,,0.8496433488150035,1.4144019597737127,2138.9635052844096,2023.6394980122889,0.43849176554979175,0.019884440385303025,0.15264700513942528,0.43849176554979175,0.005,34.529276219695504,0.07243642785314716,0.07238416001200676,0.08178179189562798,0.12031006813049316,1.2066249861378722,1.012994540651155,2.5035481176304337,,,,,,,,,,,,,,,,,,1,update_snr,bayesian,0.1,20,101770,10177,0.1,0.3081034104020838,0.14914440134326218,0.1252798546104258,0.3080671612224652,0.14914440134326218,0.1252798546104258,0.3080671612224652,0.38882594662893327,0.3679417994819959,0.4892274099603015,0.12251311853374315,0.11097791665029769,0.24500266597847345,0.38882594662893327,0.3679417994819959,0.4892274099603015,0.12251311853374315,0.11097791665029769,0.24500266597847345,2.8470710495285045,3.2402159354020603,0.6600634000375506,0.7512098960549398,0.6600634000375506,814160,203540,81416,122124,0.75,,,,,,,,,0.007314059263607829,4615
bayesfl_observability_v1,vi_sparse_bayesian_keep010_seed42,49,vi,292,23,1,,5,256,626.5093090891838,1.5906258821487427,1479.2473213274877,1479.2473213274877,,,3.810316497304807,0.02508433163166046,0.9938747741044899,3.810316497304807,,-0.0,2.3096097079310103,626.5093090891838,1479.2473213274877,1479.2473213274877,0.014535200170261253,1.5906258821487427,1479.2473213274877,0.005,34.4786669874773,0.07185926561428596,0.07190242409706116,0.08048463612794877,0.10944437980651855,1.2124478865720802,1.0180073438759414,2.5117584959050245,,,,,,,,,,,,,,,,,,1,update_snr,bayesian,0.1,20,101770,10177,0.1,0.2706493917072956,0.14157751094657864,0.1315369115450012,0.27063483389053844,0.14157751094657864,0.1315369115450012,0.27063483389053844,0.30521032781292895,0.2992054114667549,0.3432926884455892,0.1233960868503175,0.11725698292022817,0.2339148699514125,0.30521032781292895,0.2992054114667549,0.3432926884455892,0.1233960868503175,0.11725698292022817,0.2339148699514125,2.105632081143484,3.175661403313103,0.5526134331971855,0.8334376962017142,0.5526134331971855,814160,203540,81416,122124,0.75,,,,,,,,,0.0067495542587013005,1
bayesfl_observability_v1,vi_sparse_bayesian_keep010_seed42,49,vi,274,21,69,,5,256,606.833272743225,0.12186588066211645,21.670763696784714,21.670763696784714,,,3.8309423873426685,0.02508051134645939,0.9938044474626825,3.8309423873426685,,-0.0,2.259365973874069,606.833272743225,1495.2826950781453,21.670763696784714,0.014692765010102636,0.12186588066211645,21.670763696784714,0.005,34.46860925118789,0.07186184098203366,0.0719197429716587,0.08048645481467247,0.11105908453464508,1.211922446235468,1.0191616000151094,2.504877575342902,,,,,,,,,,,,,,,,,,1,update_snr,bayesian,0.1,20,101770,10177,0.1,0.2720252583951034,0.14255004978568983,0.132807264431773,0.27201910518241995,0.14255004978568983,0.132807264431773,0.27201910518241995,0.305880092487726,0.29939802933619675,0.34438505855156404,0.12440226726324134,0.11834168827302605,0.23515444436434207,0.305880092487726,0.29939802933619675,0.34438505855156404,0.12440226726324134,0.11834168827302605,0.23515444436434207,2.107606279483253,3.199080390646899,0.5501534782790595,0.8350635606571833,0.5501534782790595,814160,203540,81416,122124,0.75,,,,,,,,,0.006744762349617349,69
bayesfl_observability_v1,vi_sparse_bayesian_keep010_seed42,49,vi,275,22,35,,5,256,671.2729595184326,0.11129181725638253,42.88846811338928,42.88846811338928,,,3.837006219418451,0.02503206580877304,0.9937851190007148,3.837006219418451,,-0.0,2.28098669344155,671.2729595184326,1501.0963839686249,42.88846811338928,0.014749890773004077,0.11129181725638253,42.88846811338928,0.005,34.469614145689825,0.07185868844459464,0.07191061228513718,0.08050488904118538,0.1105215772986412,1.2122281018261136,1.019984793189906,2.5088153656326733,,,,,,,,,,,,,,,,,,1,update_snr,bayesian,0.1,20,101770,10177,0.1,0.27253579062686883,0.14289754058609594,0.1332634057393104,0.27253569574473885,0.14289754058609594,0.1332634057393104,0.27253569574473885,0.3068275382248146,0.30043852702380824,0.3451351601375921,0.12468309640401602,0.11883254993260117,0.2354391252862463,0.3068275382248146,0.30043852702380824,0.3451351601375921,0.12468309640401602,0.11883254993260117,0.2354391252862463,2.111018221985863,3.204094067642137,0.5501732604191129,0.8350505275250139,0.5501732604191129,814160,203540,81416,122124,0.75,,,,,,,,,0.006746075139308796,35
bayesfl_observability_v1,vi_sparse_bayesian_keep010_seed42,49,vi,280,22,9,,5,256,626.755510044098,0.0511848529179891,163.92777159546478,163.92777159546478,,,3.8069247172210203,0.02506157010793686,0.99388155334393,3.8069247172210203,,-0.0,2.259365973874069,626.755510044098,1475.349944359183,163.92777159546478,0.014496904238569155,0.0511848529179891,163.92777159546478,0.005,34.46701211732646,0.07186211973550986,0.07191940769553185,0.08047088906168938,0.1114722192287445,1.2121951738833343,1.0197393586754246,2.5040198344292866,,,,,,,,,,,,,,,,,,1,update_snr,bayesian,0.1,20,101770,10177,0.1,0.2705449470533505,0.14144487529934033,0.1310768318398619,0.27053597625436376,0.14144487529934033,0.1310768318398619,0.27053597625436376,0.30539203819617994,0.29900981663866016,0.3440545784442412,0.12322852386635813,0.11702301883099372,0.23373131757246732,0.30539203819617994,0.29900981663866016,0.3440545784442412,0.12322852386635813,0.11702301883099372,0.23373131757246732,2.1089705105880703,3.169372049485237,0.5539827202381814,0.8325281650956354,0.5539827202381814,814160,203540,81416,122124,0.75,,,,,,,,,0.006747726885431358,9
bayesfl_observability_v1,vi_sparse_bayesian_keep010_seed42,49,vi,241,19,265,,5,256,1299.9593419730663,0.0025711401296507146,9.057222769272924,9.057222769272924,,,4.851700120116496,0.04597402736544609,0.99011861941848,4.851700120116496,,-0.0,2.259365973874069,1299.9593419730663,2400.1640338573247,9.057222769272924,0.023584199998598062,0.0025711401296507146,9.057222769272924,0.005,34.59755227361534,0.07210363743800574,0.07212763279676437,0.0808846578001976,0.1130424365401268,1.211763842672104,1.018896429328969,2.5099471732007617,,,,,,,,,,,,,,,,,,1,update_snr,bayesian,0.1,20,101770,10177,0.1,0.35023260953779206,0.17413156468574367,0.1536014827823075,0.35023017731106665,0.17413156468574367,0.1536014827823075,0.35023017731106665,0.4204324602292637,0.40578172092660897,0.5031775941169221,0.14676479851424143,0.13620196214265345,0.28663648878440334,0.4204324602292637,0.40578172092660897,0.5031775941169221,0.14676479851424143,0.13620196214265345,0.28663648878440334,2.9859191393002016,3.8240398728438167,0.615437695112225,0.7881855387121486,0.615437695112225,814160,203540,81416,122124,0.75,,,,,,,,,0.0068594310052709166,265
bayesfl_observability_v1,vi_sparse_bayesian_keep010_seed42,49,vi,132,10,1,,5,256,615.8264585971832,0.03254196047782898,1479.438840843041,1479.438840843041,,,3.81073711389473,0.025044292211532593,0.9938703152442333,3.81073711389473,,-0.0,2.311121424016332,615.8264585971832,1479.438840843041,1479.438840843041,0.014537082056038528,0.03254196047782898,1479.438840843041,0.005,34.47000719870923,0.07186035673450021,0.0719083771109581,0.08050979226827622,0.11067255586385727,1.2120171513789253,1.0168181029006345,2.507268471526526,,,,,,,,,,,,,,,,,,1,update_snr,bayesian,0.1,20,101770,10177,0.1,0.27163371829117094,0.14161775710992286,0.1317360489579484,0.27163101841409637,0.14161775710992286,0.1317360489579484,0.27163101841409637,0.3052820954783863,0.29867962803422654,0.34335114352023605,0.12343283062453805,0.11726092727116245,0.2342658751860809,0.3052820954783863,0.29867962803422654,0.34335114352023605,0.12343283062453805,0.11726092727116245,0.2342658751860809,2.106199125645347,3.175790074035992,0.5527012393391589,0.8333794694093196,0.5527012393391589,814160,203540,81416,122124,0.75,,,,,,,,,0.006752174207947824,1
bayesfl_observability_v1,vi_sparse_bayesian_keep010_seed42,49,vi,203,16,1,,5,256,583.292065602541,0.05192313343286514,1484.516294430718,1484.516294430718,,,3.816666446599407,0.025056660175323486,0.9938499465788811,3.816666446599407,,-0.0,2.311121424016332,583.292065602541,1484.516294430718,1484.516294430718,0.01458697351312487,0.05192313343286514,1484.516294430718,0.005,34.46655486912933,0.07186263153753926,0.0719173215329647,0.08052252978086472,0.11110062897205353,1.211781940625543,1.0173837550831188,2.5096707634554214,,,,,,,,,,,,,,,,,,1,update_snr,bayesian,0.1,20,101770,10177,0.1,0.2713085768656978,0.14182841217834183,0.13188346622246577,0.2713017532621483,0.14182841217834183,0.13188346622246577,0.2713017532621483,0.30589174549339315,0.2995666729141065,0.3448040185508155,0.12359915292111393,0.1176743731532462,0.23454377814063057,0.30589174549339315,0.2995666729141065,0.3448040185508155,0.12359915292111393,0.1176743731532462,0.23454377814063057,2.106854528433252,3.1824686582302832,0.5520143187546368,0.8338346310209569,0.5520143187546368,814160,203540,81416,122124,0.75,,,,,,,,,0.006749357673039074,1
bayesfl_observability_v1,vi_sparse_bayesian_keep010_seed42,50,vi,165,13,1662,,5,256,2082.9961253494025,0.025571144444847795,1.2748164825768966,1.2748164825768966,,,4.501084353405722,0.07373028993606567,0.9917611370018402,4.501084353405722,,-0.0,2.3292713582565514,2082.9961253494025,2118.7449940428023,1.2748164825768966,0.02081895444672106,0.025571144444847795,1.2748164825768966,0.005,35.13697448034386,0.07283641793008777,0.07279494404792786,0.08213503658771515,0.1121952086687088,1.2203614924455963,1.0242465680471962,2.5291988022193195,,,,,,,,,,,,,,,,,,1,update_snr,bayesian,0.1,20,101770,10177,0.1,0.32046022589397505,0.1548808214722494,0.1309226159061148,0.3204588662847644,0.1548808214722494,0.1309226159061148,0.3204588662847644,0.40146793733600916,0.3815322465485681,0.49900089446259893,0.12748225304294275,0.11594122109759293,0.254240263356962,0.40146793733600916,0.3815322465485681,0.49900089446259893,0.12748225304294275,0.11594122109759293,0.254240263356962,2.960007733731047,3.3908869890821083,0.6576210311391681,0.7533489094725389,0.6576210311391681,814160,203540,81416,122124,0.75,,,,,,,,,0.007224739341673775,1662
bayesfl_observability_v1,vi_sparse_bayesian_keep010_seed42,50,vi,166,13,9,,5,256,623.2262571334838,0.4299957487318251,163.4345081615287,163.4345081615287,,,3.8149702718088245,0.025016315281391144,0.9940563070133248,3.8149702718088245,,-0.0,2.3277319754160017,623.2262571334838,1470.9105734537582,163.4345081615287,0.01445328263195203,0.4299957487318251,163.4345081615287,0.005,35.042384629126104,0.07217791396053833,0.07222704216837883,0.08091513141989708,0.11123544722795486,1.2268785692833757,1.0314287081542095,2.537180206766456,,,,,,,,,,,,,,,,,,1,update_snr,bayesian,0.1,20,101770,10177,0.1,0.2705406442188503,0.14120634176397903,0.13151816853909376,0.27053930446198254,0.14120634176397903,0.13151816853909376,0.27053930446198254,0.3040948478030191,0.2976511475963165,0.34205188058260627,0.12310761887075237,0.11698139325484384,0.23364670533530907,0.3040948478030191,0.2976511475963165,0.34205188058260627,0.12310761887075237,0.11698139325484384,0.23364670533530907,2.106896698144584,3.180406338525403,0.5522708037107777,0.8336647763751641,0.5522708037107777,814160,203540,81416,122124,0.75,,,,,,,,,0.006823747096191352,9
bayesfl_observability_v1,vi_sparse_bayesian_keep010_seed42,50,vi,18,1,9,,5,256,616.0376695156098,0.1961667537689209,163.05282506666444,163.05282506666444,,,3.812826890118165,0.025064293295145035,0.9940664783886183,3.812826890118165,,-0.0,2.3096097079310103,616.0376695156098,1467.4754255999799,163.05282506666444,0.014419528599783628,0.1961667537689209,163.05282506666444,0.005,35.05264147612575,0.07218443932295596,0.07224864512681961,0.08089356645941734,0.10861057043075562,1.2277740248414206,1.0328290576692063,2.5369735135905866,,,,,,,,,,,,,,,,,,1,update_snr,bayesian,0.1,20,101770,10177,0.1,0.2698460829972504,0.14111239737842854,0.1311693813121227,0.2698396166592121,0.14111239737842854,0.1311693813121227,0.2698396166592121,0.30387984811729435,0.2974174073166129,0.3421478551379625,0.1230271250741101,0.11701184716784559,0.23311167016083295,0.30387984811729435,0.2974174073166129,0.3421478551379625,0.1230271250741101,0.11701184716784559,0.23311167016083295,2.106309483995269,3.178224229289015,0.5524272527174691,0.8335611138093179,0.5524272527174691,814160,203540,81416,122124,0.75,,,,,,,,,0.006823639728378958,9
bayesfl_observability_v1,vi_sparse_bayesian_keep010_seed42,50,vi,31,2,1,,5,256,592.5023871898651,3.154893159866333,1474.8828131414286,1474.8828131414286,,,3.8234177393961213,0.02505403757095337,0.9940320104166565,3.8234177393961213,,-0.0,2.3163460082440825,592.5023871898651,1474.8828131414286,1474.8828131414286,0.01449231417059476,3.154893159866333,1474.8828131414286,0.005,35.048678259770846,0.07218340757941057,0.07225237414240837,0.08091577142477036,0.1087358370423317,1.2269071409379515,1.0301578503899118,2.5394510514082067,,,,,,,,,,,,,,,,,,1,update_snr,bayesian,0.1,20,101770,10177,0.1,0.2697552462060132,0.141590434678361,0.13201965407455152,0.2697499680235416,0.141590434678361,0.13201965407455152,0.2697499680235416,0.3038872993195229,0.29709803150360237,0.342232018120776,0.12355744971823189,0.11765209060935918,0.23377623690285387,0.3038872993195229,0.29709803150360237,0.342232018120776,0.12355744971823189,0.11765209060935918,0.23377623690285387,2.108533253739546,3.1894530452420033,0.5514786501128104,0.8341890064426369,0.5514786501128104,814160,203540,81416,122124,0.75,,,,,,,,,0.006823915079296813,1
bayesfl_observability_v1,vi_sparse_bayesian_keep010_seed42,50,vi,87,7,14,,5,256,614.5317083358765,0.4938889571598598,105.52558495195845,105.52558495195845,,,3.8249763121447495,0.025049835443496704,0.994023946391779,3.8249763121447495,,0.39267446722755217,1.9352627592338563,614.5317083358765,1477.3581893274184,105.52558495195845,0.014516637411097754,0.4938889571598598,105.52558495195845,0.005,35.03923632307095,0.07217856433670472,0.07223087549209595,0.0808972604572773,0.10763455182313919,1.227018493291018,1.0287018026159716,2.536144175869109,,,,,,,,,,,,,,,,,,1,update_snr,bayesian,0.1,20,101770,10177,0.1,0.2712359152195252,0.14165916404000006,0.13158956195567117,0.27122692369889,0.14165916404000006,0.13158956195567117,0.27122692369889,0.3047331736353925,0.29852930658808857,0.3421456942264792,0.12353982964051198,0.11753234125621637,0.23387856214782884,0.3047331736353925,0.29852930658808857,0.3421456942264792,0.12353982964051198,0.11753234125621637,0.23387856214782884,2.112412435170806,3.18875484981273,0.5522681090765578,0.8336665614602784,0.5522681090765578,814160,203540,81416,122124,0.75,,,,,,,,,0.0068187936363058145,14
bayesfl_observability_v1,vi_sparse_bayesian_keep010_seed42,50,vi,94,7,1,,5,256,596.4175049960613,0.03850458934903145,1474.8775938884744,1474.8775938884744,,,3.8214221279268243,0.025051772594451904,0.994032363772208,3.8214221279268243,,-0.0,2.3292713582565514,596.4175049960613,1474.8775938884744,1474.8775938884744,0.014492262885805978,0.03850458934903145,1474.8775938884744,0.005,35.031006899426544,0.07218241971178305,0.0722530335187912,0.08089622333645821,0.11052083969116211,1.225844971796136,1.031891606592457,2.5363251784994896,,,,,,,,,,,,,,,,,,1,update_snr,bayesian,0.1,20,101770,10177,0.1,0.27034043473088337,0.14154697968738722,0.1319996665937471,0.27033884653182955,0.14154697968738722,0.1319996665937471,0.27033884653182955,0.3043832496011287,0.29774436299589696,0.3435990239527105,0.1234540608080826,0.11751465833578104,0.2333245617353002,0.3043832496011287,0.29774436299589696,0.3435990239527105,0.1234540608080826,0.11751465833578104,0.2333245617353002,2.105536903611902,3.1890408318704857,0.5509825486759783,0.8345167649930854,0.5509825486759783,814160,203540,81416,122124,0.75,,,,,,,,,0.006822951688904765,1
bayesfl_observability_v1,vi_sparse_bayesian_keep010_seed42,50,vi,96,7,1,,5,256,609.0430782794953,0.00018916724366135895,1465.305695154944,1465.305695154944,,,3.8085401913795165,0.025044623762369156,0.9940735740930233,3.8085401913795165,,-0.0,2.259365973874069,609.0430782794953,1465.305695154944,1465.305695154944,0.014398208658297574,0.00018916724366135895,1465.305695154944,0.005,35.033900273765354,0.07218243578814759,0.07224215567111969,0.08087813258171081,0.10974019020795822,1.2268278984584682,1.0317540941743937,2.538351466441035,,,,,,,,,,,,,,,,,,1,update_snr,bayesian,0.1,20,101770,10177,0.1,0.26980398441219955,0.14092335023285593,0.13081392301429862,0.2697949046645791,0.14092335023285593,0.13081392301429862,0.2697949046645791,0.3042759521479171,0.2977431981104299,0.3420619671175521,0.12277306113118243,0.11677277595987291,0.23281687589283623,0.3042759521479171,0.2977431981104299,0.3420619671175521,0.12277306113118243,0.11677277595987291,0.23281687589283623,2.1072343620325937,3.1724661909659853,0.5532918798657389,0.8329874522912322,0.5532918798657389,814160,203540,81416,122124,0.75,,,,,,,,,0.006819355920862814,1
bayesfl_observability_v1,vi_sparse_bayesian_keep010_seed42,50,vi,258,20,11,,5,256,612.0948265910149,0.24314470724626022,133.36412566785054,133.36412566785054,,,3.810744180988526,0.02501450479030609,0.9940732507029469,3.810744180988526,,-0.0,2.259365973874069,612.0948265910149,1467.0053823463559,133.36412566785054,0.014414909917916437,0.24314470724626022,133.36412566785054,0.005,35.053433480406625,0.07218344060553482,0.0722312442958355,0.08090341612696648,0.109815813601017,1.2272185099552104,1.0280447940544934,2.5390531781839942,,,,,,,,,,,,,,,,,,1,update_snr,bayesian,0.1,20,101770,10177,0.1,0.26990666142933745,0.14113404827440743,0.13124130458753447,0.26990284023317535,0.14113404827440743,0.13124130458753447,0.26990284023317535,0.30391150978429987,0.29753812329659574,0.34223286237472994,0.12304766366219719,0.11698317752348154,0.23286836254823542,0.30391150978429987,0.29753812329659574,0.34223286237472994,0.12304766366219719,0.11698317752348154,0.23286836254823542,2.1038814655164937,3.1773344161410044,0.5520920233933773,0.8337831838706077,0.5520920233933773,814160,203540,81416,122124,0.75,,,,,,,,,0.006819754616312284,11
bayesfl_observability_v1,vi_sparse_bayesian_keep010_seed42,50,vi,62,5,333,,5,256,1425.7451249599458,0.0010364980132014185,7.364979135148679,7.364979135148679,,,4.926042405260984,0.04861927777528763,0.9901292680823492,4.926042405260984,,-0.0,2.4040642619438994,1425.7451249599458,2452.53805200451,7.364979135148679,0.02409883120766935,0.0010364980132014185,7.364979135148679,0.005,35.14527339197847,0.07242662403126726,0.07244586944580078,0.08126550018787385,0.1085795909166336,1.226752644709697,1.028142879403492,2.5379299313511394,,,,,,,,,,,,,,,,,,1,update_snr,bayesian,0.1,20,101770,10177,0.1,0.35273935509417437,0.17676658882419968,0.15692304379519467,0.35273803258903824,0.17676658882419968,0.15692304379519467,0.35273803258903824,0.4221889086348186,0.4080752060896222,0.5029325603291853,0.14949744217857533,0.1397958769319202,0.28952130245198593,0.4221889086348186,0.4080752060896222,0.5029325603291853,0.14949744217857533,0.1397958769319202,0.28952130245198593,3.011611594655952,3.898216179403531,0.6113653409559708,0.7913484819457216,0.6113653409559708,814160,203540,81416,122124,0.75,,,,,,,,,0.0069338556738090555,333
bayesfl_observability_v1,vi_sparse_bayesian_keep010_seed42,50,vi,292,23,1,,5,256,583.397474655509,0.0038528037257492542,1475.1508167950592,1475.1508167950592,,,3.8217132734505475,0.025019783526659012,0.9940367833633147,3.8217132734505475,,-0.0,2.3096097079310103,583.397474655509,1475.1508167950592,1475.1508167950592,0.014494947595510064,0.0038528037257492542,1475.1508167950592,0.005,35.04702294052426,0.07217966510156634,0.07224175706505775,0.08090629056096077,0.1114526316523552,1.2276412695165746,1.0340071795227024,2.537342657167746,,,,,,,,,,,,,,,,,,1,update_snr,bayesian,0.1,20,101770,10177,0.1,0.27056919946308455,0.14155096121601454,0.1318957788741797,0.2705665572071167,0.14155096121601454,0.1318957788741797,0.2705665572071167,0.30449104289921347,0.2978640954382174,0.3428891236011986,0.12344650769565911,0.11769200308540959,0.2336954482990564,0.30449104289921347,0.2978640954382174,0.3428891236011986,0.12344650769565911,0.11769200308540959,0.2336954482990564,2.1086235924498755,3.1873498223182057,0.5517482452434329,0.8340107156810359,0.5517482452434329,814160,203540,81416,122124,0.75,,,,,,,,,0.0068203911450960865,1
bayesfl_observability_v1,vi_sparse_bayesian_keep010_seed42,50,vi,152,12,1,,5,256,604.0503446161747,0.1761070191860199,1473.6949090183175,1473.6949090183175,,,3.8190677107353403,0.025059295818209648,0.9940457501185532,3.8190677107353403,,-0.0,2.3277319754160017,604.0503446161747,1473.6949090183175,1473.6949090183175,0.014480641731535005,0.1761070191860199,1473.6949090183175,0.005,35.049051576882206,0.07218275072441636,0.07223399356007576,0.0808900959789753,0.10929156094789505,1.2275698213911013,1.0305514265021665,2.535094895549196,,,,,,,,,,,,,,,,,,1,update_snr,bayesian,0.1,20,101770,10177,0.1,0.2709112258147455,0.14149722217241836,0.1318987267558118,0.27090956850615155,0.14149722217241836,0.1318987267558118,0.27090956850615155,0.3043767456518494,0.297819366595785,0.3427445665487573,0.12339949734137046,0.11734569249014665,0.23335308482771644,0.3043767456518494,0.297819366595785,0.3427445665487573,0.12339949734137046,0.11734569249014665,0.23335308482771644,2.108124980534603,3.1845073787993132,0.551999896364418,0.8338441787370546,0.551999896364418,814160,203540,81416,122124,0.75,,,,,,,,,0.006825634823850718,1
bayesfl_observability_v1,vi_sparse_bayesian_keep010_seed42,50,vi,159,12,1,,5,256,594.5627258896827,0.004055253230035305,1469.0335007406964,1469.0335007406964,,,3.814632795591278,0.02507266402244568,0.9940566887680911,3.814632795591278,,-0.0,2.185987945410232,594.5627258896827,1469.0335007406964,1469.0335007406964,0.014434838368288261,0.004055253230035305,1469.0335007406964,0.005,35.040371253087606,0.07217859661498893,0.07223094254732132,0.0808992862701416,0.10795905441045761,1.2271359421109522,1.0331878448682064,2.535430658347887,,,,,,,,,,,,,,,,,,1,update_snr,bayesian,0.1,20,101770,10177,0.1,0.26955380429171105,0.14128100555100287,0.1315556591550234,0.2695478061466065,0.14128100555100287,0.1315556591550234,0.2695478061466065,0.3035085440787558,0.29726103335007903,0.34239246970335163,0.12325572349236368,0.11726939693595109,0.2331840052649803,0.3035085440787558,0.29726103335007903,0.34239246970335163,0.12325572349236368,0.11726939693595109,0.2331840052649803,2.1034549826048368,3.1822791363039524,0.5514174221528958,0.8342294807463089,0.5514174221528958,814160,203540,81416,122124,0.75,,,,,,,,,0.006821961771036844,1
bayesfl_observability_v1,vi_sparse_bayesian_keep010_seed42,50,vi,124,9,63,,5,256,596.0488964557647,0.004310550670775157,23.405644243336194,23.405644243336194,,,3.820008029918156,0.02507702261209488,0.9940373682008703,3.820008029918156,,0.12974069471942834,2.1312291508990175,596.0488964557647,1474.5555873301803,23.405644243336194,0.014489098824114968,0.004310550670775157,23.405644243336194,0.005,35.032773368105495,0.0721853513222664,0.07223494350910187,0.08091566190123559,0.10746194422245026,1.2264758196844077,1.0310355480560598,2.5382771488756375,,,,,,,,,,,,,,,,,,1,update_snr,bayesian,0.1,20,101770,10177,0.1,0.2703792419421432,0.14143805343513688,0.1318282836286538,0.2703751810330405,0.14143805343513688,0.1318282836286538,0.2703751810330405,0.30436702592869674,0.29792445711740895,0.3421767363870852,0.12333483426918579,0.1173348681808636,0.23387682525021428,0.30436702592869674,0.29792445711740895,0.3421767363870852,0.12333483426918579,0.1173348681808636,0.23387682525021428,2.106906885573529,3.1864407611255006,0.551545145735903,0.8341450426725334,0.551545145735903,814160,203540,81416,122124,0.75,,,,,,,,,0.006826314153174438,63
bayesfl_observability_v1,vi_sparse_bayesian_keep010_seed42,50,vi,269,21,1,,5,256,569.3947322249412,0.007463310845196247,1475.544345330457,1475.544345330457,,,3.8236323633173916,0.02508017234504223,0.9940405582836777,3.8236323633173916,,-0.0,2.185987945410232,569.3947322249412,1475.544345330457,1475.544345330457,0.014498814437756283,0.007463310845196247,1475.544345330457,0.005,35.074926854942234,0.07218087342295675,0.07223417609930038,0.08088167756795883,0.10839724540710449,1.228585398635307,1.0334715107267871,2.5368352221511117,,,,,,,,,,,,,,,,,,1,update_snr,bayesian,0.1,20,101770,10177,0.1,0.26973537390855007,0.14163032767806774,0.13204731023251973,0.26973474209576737,0.14163032767806774,0.13204731023251973,0.26973474209576737,0.3044664423130655,0.29833491392850836,0.34270416733201725,0.12353742605195686,0.11760862822180887,0.23345361875928053,0.3044664423130655,0.29833491392850836,0.34270416733201725,0.12353742605195686,0.11760862822180887,0.23345361875928053,2.108157324604877,3.1899587998159102,0.551349377840247,0.8342744533756103,0.551349377840247,814160,203540,81416,122124,0.75,,,,,,,,,0.006819574880914367,1
bayesfl_observability_v1,vi_sparse_bayesian_keep010_seed42,50,vi,181,14,2031,,5,256,2216.5588044166566,0.17077434902294464,1.0170566292079226,1.0170566292079226,,,4.42446173382714,0.06674283742904663,0.9920220037828514,4.42446173382714,,1.0649000763602765,1.25432875177699,2216.5588044166566,2065.642013921291,1.0170566292079226,0.020297160400130597,0.17077434902294464,1.0170566292079226,0.005,35.09618417944643,0.07285948018972158,0.07284243032336235,0.08217081278562546,0.11286535859107971,1.2183484339313382,1.0238072641307177,2.5159623567656384,,,,,,,,,,,,,,,,,,1,update_snr,bayesian,0.1,20,101770,10177,0.1,0.31438429112963917,0.15235100172335944,0.12845466454109988,0.3143841735291984,0.15235100172335944,0.12845466454109988,0.3143841735291984,0.39535224144436515,0.3738707655091331,0.4952211982662459,0.125350863976581,0.11391116927205376,0.24979153977185917,0.39535224144436515,0.3738707655091331,0.4952211982662459,0.125350863976581,0.11391116927205376,0.24979153977185917,2.914201160635955,3.3291580361179665,0.6586566538377955,0.7524436273603522,0.6586566538377955,814160,203540,81416,122124,0.75,,,,,,,,,0.007256122245291127,2031
bayesfl_observability_v1,vi_sparse_bayesian_keep010_seed42,51,vi,228,18,5,,5,256,574.6810008645058,0.26935083866119386,292.7905010188724,292.7905010188724,,,3.8253647241898783,0.025102920830249786,0.9942080420279106,3.8253647241898783,,0.6730116670092565,1.5651195035345156,574.6810008645058,1463.952505094362,292.7905010188724,0.014384912106655812,0.26935083866119386,292.7905010188724,0.005,35.59372196216367,0.07255931734871106,0.0726093091070652,0.08136290684342384,0.10944108664989471,1.23948445501574,1.0414998261523516,2.565947493171443,,,,,,,,,,,,,,,,,,1,update_snr,bayesian,0.1,20,101770,10177,0.1,0.2689398661329466,0.14109024175818544,0.13177455420768813,0.2689391343469948,0.14109024175818544,0.13177455420768813,0.2689391343469948,0.3028901453838769,0.29653460880290994,0.34074850724721556,0.1231124746886641,0.11758431327240833,0.23282558868288472,0.3028901453838769,0.29653460880290994,0.34074850724721556,0.1231124746886641,0.11758431327240833,0.23282558868288472,2.1069550509455928,3.192828790644931,0.5507854029243697,0.8346468953548204,0.5507854029243697,814160,203540,81416,122124,0.75,,,,,,,,,0.006889447488990659,5
bayesfl_observability_v1,vi_sparse_bayesian_keep010_seed42,51,vi,236,18,2,,5,256,586.2800344944001,0.42808857560157776,729.1041573495814,729.1041573495814,,,3.8184258449814226,0.02504822611808777,0.994231933659907,3.8184258449814226,,-0.0,2.259365973874069,586.2800344944001,1458.2083146991629,729.1041573495814,0.01432846924141852,0.42808857560157776,729.1041573495814,0.005,35.60257429643232,0.07256599388723056,0.07262593135237694,0.081382554769516,0.11176249384880066,1.2401035279232042,1.039346672163786,2.564937585551246,,,,,,,,,,,,,,,,,,1,update_snr,bayesian,0.1,20,101770,10177,0.1,0.2689866554198559,0.14059288282650745,0.13043272790079388,0.26898360860333187,0.14059288282650745,0.13043272790079388,0.26898360860333187,0.3031197054701032,0.2969357694169657,0.34109564955944705,0.12253434697721902,0.11609871094654427,0.23250226613656752,0.3031197054701032,0.2969357694169657,0.34109564955944705,0.12253434697721902,0.11609871094654427,0.23250226613656752,2.1083995034920004,3.1835557898828775,0.5521645801405523,0.8337351356625249,0.5521645801405523,814160,203540,81416,122124,0.75,,,,,,,,,0.006896987321944429,2
bayesfl_observability_v1,vi_sparse_bayesian_keep010_seed42,51,vi,33,2,1,,5,256,584.9564129978419,0.5901819467544556,1456.2112083596508,1456.2112083596508,,,3.816542347749625,0.025089740753173828,0.9942314169216635,3.816542347749625,,-0.0,2.3096097079310103,584.9564129978419,1456.2112083596508,1456.2112083596508,0.014308845517929162,0.5901819467544556,1456.2112083596508,0.005,35.582935801718264,0.07256306805748115,0.07261849567294121,0.08136867210268975,0.11074036359786987,1.23922621100522,1.0403704075543674,2.5665155307942706,,,,,,,,,,,,,,,,,,1,update_snr,bayesian,0.1,20,101770,10177,0.1,0.2689114828860294,0.14059792842662314,0.13089698561041976,0.2689089397910882,0.14059792842662314,0.13089698561041976,0.2689089397910882,0.30278682787081784,0.29620636455352256,0.3415915599968639,0.12257693959949041,0.11655349411319403,0.23216114491671544,0.30278682787081784,0.29620636455352256,0.3415915599968639,0.12257693959949041,0.11655349411319403,0.23216114491671544,2.1050810238064943,3.1834932661113062,0.5515675792377172,0.8341302089804956,0.5515675792377172,814160,203540,81416,122124,0.75,,,,,,,,,0.00689849880263807,1
bayesfl_observability_v1,vi_sparse_bayesian_keep010_seed42,51,vi,19,1,279,,5,256,1354.1197388887406,0.1909356159975879,8.487121936879905,8.487121936879905,,,4.864429517682215,0.048757754266262054,0.990695067385874,4.864429517682215,,0.3705115655529096,1.9463369459516098,1354.1197388887406,2367.9070203894935,8.487121936879905,0.0232672400549228,0.1909356159975879,8.487121936879905,0.005,35.74141814417418,0.07280589371866189,0.07284879684448242,0.0817419245839119,0.11462342739105225,1.2409410604961806,1.0415817694494218,2.567259523834987,,,,,,,,,,,,,,,,,,1,update_snr,bayesian,0.1,20,101770,10177,0.1,0.34763708854711217,0.17329276447825256,0.1531654887330402,0.3476175781919159,0.17329276447825256,0.1531654887330402,0.3476175781919159,0.41663972948593336,0.4013418675525798,0.4980591214769633,0.1462542128107325,0.13639055164353975,0.28416467011904945,0.41663972948593336,0.4013418675525798,0.4980591214769633,0.1462542128107325,0.13639055164353975,0.28416467011904945,2.9878294784726145,3.8386911232955794,0.6142199136839882,0.7891349045847877,0.6142199136839882,814160,203540,81416,122124,0.75,,,,,,,,,0.006998456399373728,279
bayesfl_observability_v1,vi_sparse_bayesian_keep010_seed42,51,vi,61,4,19,,5,256,604.7625076413154,0.04646456869024979,76.91263468237801,76.91263468237801,,,3.8212866444151685,0.0250801220536232,0.9942229446127198,3.8212866444151685,,0.19144408195771734,2.068951449990993,604.7625076413154,1461.3400589651822,76.91263468237801,0.014359242006143089,0.04646456869024979,76.91263468237801,0.005,35.60159468140627,0.07256391604937129,0.07260816171765327,0.08138341605663299,0.11189710348844528,1.2397609715160303,1.0420058935801526,2.561248837144024,,,,,,,,,,,,,,,,,,1,update_snr,bayesian,0.1,20,101770,10177,0.1,0.26881867262153686,0.14093096379670178,0.13181157336442173,0.26880882974357634,0.14093096379670178,0.13181157336442173,0.26880882974357634,0.3033589269040252,0.2967045786214175,0.34163624494526856,0.12288341234033248,0.1176045017044585,0.2319227292939831,0.3033589269040252,0.2967045786214175,0.34163624494526856,0.12288341234033248,0.1176045017044585,0.2319227292939831,2.1084263656758058,3.1869687603283565,0.5517582327296181,0.834004108272309,0.5517582327296181,814160,203540,81416,122124,0.75,,,,,,,,,0.006892001253491567,19
bayesfl_observability_v1,vi_sparse_bayesian_keep010_seed42,51,vi,99,7,4,,5,256,593.7150976181031,1.0163254737854004,365.2734122358358,365.2734122358358,,,3.8225783254643737,0.025039762258529663,0.9942136086648271,3.8225783254643737,,-0.0,2.311121424016332,593.7150976181031,1461.0936489433432,365.2734122358358,0.01435682076194697,1.0163254737854004,365.2734122358358,0.005,35.58453299626017,0.07256806026051535,0.07262231782078743,0.08134307637810707,0.11199794709682465,1.2395079541765974,1.0417941867177023,2.5583889821048715,,,,,,,,,,,,,,,,,,1,update_snr,bayesian,0.1,20,101770,10177,0.1,0.2690295878566584,0.1407855873201686,0.13100912846390478,0.26902924191467037,0.1407855873201686,0.13100912846390478,0.26902924191467037,0.30270785301973235,0.2960901468099364,0.3408257281792021,0.12279422446466154,0.11650957347959559,0.23244556954272216,0.30270785301973235,0.2960901468099364,0.3408257281792021,0.12279422446466154,0.11650957347959559,0.23244556954272216,2.1063386197273513,3.189896969081463,0.551025627309146,0.8344883210977629,0.551025627309146,814160,203540,81416,122124,0.75,,,,,,,,,0.006894810376974928,4
bayesfl_observability_v1,vi_sparse_bayesian_keep010_seed42,51,vi,107,8,1372,,5,256,2043.807025128603,0.008025257041781012,1.6074533453698372,1.6074533453698372,,,4.637110121212657,0.06432612240314484,0.9915274740379664,4.637110121212657,,-0.0,2.3155014849272724,2043.807025128603,2205.4259898474165,1.6074533453698372,0.02167068870833661,0.008025257041781012,1.6074533453698372,0.005,35.698319471512264,0.07319640973069479,0.07318250834941864,0.0825132206082344,0.1126898005604744,1.2341875383421987,1.0378865487618754,2.554975785430539,,,,,,,,,,,,,,,,,,1,update_snr,bayesian,0.1,20,101770,10177,0.1,0.32710038247331336,0.15884676973164613,0.13433610342745106,0.3270959114385525,0.15884676973164613,0.13433610342745106,0.3270959114385525,0.412091975075124,0.3908942591015004,0.5140638257625704,0.13070841358237084,0.11917447906054769,0.2602297045793244,0.412091975075124,0.3908942591015004,0.5140638257625704,0.13070841358237084,0.11917447906054769,0.2602297045793244,3.05442853394026,3.489019433494826,0.6586922574833078,0.7524124599789337,0.6586922574833078,814160,203540,81416,122124,0.75,,,,,,,,,0.007263857644947764,1372
bayesfl_observability_v1,vi_sparse_bayesian_keep010_seed42,51,vi,126,10,1,,5,256,592.509245172143,0.6735162734985352,1451.3708651981597,1451.3708651981597,,,3.8102573928241785,0.025078490376472473,0.9942677632801011,3.8102573928241785,,-0.0,2.3277319754160017,592.509245172143,1451.3708651981597,1451.3708651981597,0.01426128392648285,0.6735162734985352,1451.3708651981597,0.005,35.63556140348757,0.07256917865624582,0.07261558994650841,0.08141162768006324,0.11077221482992172,1.2408418012718023,1.043271782509685,2.5706314275678404,,,,,,,,,,,,,,,,,,1,update_snr,bayesian,0.1,20,101770,10177,0.1,0.26803985530911706,0.14041866352241433,0.13105225667092688,0.2680364731039795,0.14041866352241433,0.13105225667092688,0.2680364731039795,0.30213066903861463,0.2960345692443599,0.34087320353745815,0.12245066290950317,0.11693324970012005,0.2314800153390355,0.30213066903861463,0.2960345692443599,0.34087320353745815,0.12245066290950317,0.11693324970012005,0.2314800153390355,2.1025977124716912,3.177600393233883,0.5518256368799371,0.8339595112965932,0.5518256368799371,814160,203540,81416,122124,0.75,,,,,,,,,0.006898012393322094,1
bayesfl_observability_v1,vi_sparse_bayesian_keep010_seed42,51,vi,143,11,27,,5,256,579.2699340105057,0.02863355036135073,54.03774079811118,54.03774079811118,,,3.8208881168704796,0.025042174383997917,0.9942306782771217,3.8208881168704796,,0.149994923610415,2.1788016114278856,579.2699340105057,1459.0190015490018,54.03774079811118,0.014336435113972701,0.02863355036135073,54.03774079811118,0.005,35.62126793837615,0.07256640899277418,0.07262463495135307,0.08139543235301971,0.11075033247470856,1.240402993366452,1.0393393581400248,2.562967900936201,,,,,,,,,,,,,,,,,,1,update_snr,bayesian,0.1,20,101770,10177,0.1,0.26907796513670745,0.14071303288840623,0.13109719610248843,0.26907133742076533,0.14071303288840623,0.13109719610248843,0.26907133742076533,0.30297681745610683,0.29655973117549284,0.3415696394547992,0.12268372349199508,0.11675458491066948,0.23221611177856616,0.30297681745610683,0.29655973117549284,0.3415696394547992,0.12268372349199508,0.11675458491066948,0.23221611177856616,2.107837353795977,3.1868805580982205,0.5516616266488361,0.8340680126243668,0.5516616266488361,814160,203540,81416,122124,0.75,,,,,,,,,0.006894394958501183,27
bayesfl_observability_v1,vi_sparse_bayesian_keep010_seed42,51,vi,148,11,2,,5,256,605.6463209152222,0.7907668948173523,726.6512560230273,726.6512560230273,,,3.813041969142311,0.024995625019073486,0.9942400976382418,3.813041969142311,,-0.0,2.3277319754160017,605.6463209152222,1453.3025120460545,726.6512560230273,0.014280264439874762,0.7907668948173523,726.6512560230273,0.005,35.576668400294636,0.0725700474296699,0.0726371482014656,0.08138595297932626,0.11255469918251038,1.2391757307027005,1.0403433451222055,2.5610237814924623,,,,,,,,,,,,,,,,,,1,update_snr,bayesian,0.1,20,101770,10177,0.1,0.2686754137561021,0.14046467086623562,0.13105242305053472,0.2686688011399508,0.14046467086623562,0.13105242305053472,0.2686688011399508,0.30201967689986947,0.2957668590994445,0.3395233048869465,0.12251411464027633,0.11658349095061683,0.23204169321844173,0.30201967689986947,0.2957668590994445,0.3395233048869465,0.12251411464027633,0.11658349095061683,0.23204169321844173,2.1035217483201194,3.1803278624671636,0.5516649869954818,0.8340657900449316,0.5516649869954818,814160,203540,81416,122124,0.75,,,,,,,,,0.006900755457643818,2
bayesfl_observability_v1,vi_sparse_bayesian_keep010_seed42,51,vi,177,14,1,,5,256,568.8520645767451,0.15246306359767914,1465.6491464619573,1465.6491464619573,,,3.8289653082723185,0.02505197748541832,0.9942083188801897,3.8289653082723185,,-0.0,2.259365973874069,568.8520645767451,1465.6491464619573,1465.6491464619573,0.014401583437771027,0.15246306359767914,1465.6491464619573,0.005,35.62752503747007,0.07256927483758951,0.07263614982366562,0.08136024177074433,0.11264211684465408,1.2403600862798791,1.040565719835965,2.567660345203122,,,,,,,,,,,,,,,,,,1,update_snr,bayesian,0.1,20,101770,10177,0.1,0.2694212914866293,0.14110503880580377,0.13175574595022527,0.269421275617617,0.14110503880580377,0.13175574595022527,0.269421275617617,0.30280860637079304,0.2962375309656996,0.34075140955986666,0.1231379757430272,0.11726830797636346,0.2333590305431474,0.30280860637079304,0.2962375309656996,0.34075140955986666,0.1231379757430272,0.11726830797636346,0.2333590305431474,2.1058310730088077,3.19788224046845,0.5499739233623371,0.8351818266829317,0.5499739233623371,814160,203540,81416,122124,0.75,,,,,,,,,0.006891253498481733,1
bayesfl_observability_v1,vi_sparse_bayesian_keep010_seed42,51,vi,217,17,1,,5,256,587.1329681873322,2.2973825931549072,1465.7035686200604,1465.7035686200604,,,3.828731237001776,0.02508508786559105,0.9942028788578696,3.828731237001776,,-0.0,2.311121424016332,587.1329681873322,1465.7035686200604,1465.7035686200604,0.014402118194163904,2.2973825931549072,1465.7035686200604,0.005,35.609315049498065,0.0725630887218059,0.07261388003826141,0.08138760849833489,0.11202187091112137,1.240270937022519,1.0411805612287524,2.5631003920070774,,,,,,,,,,,,,,,,,,1,update_snr,bayesian,0.1,20,101770,10177,0.1,0.26900544327464476,0.14118714650445507,0.13204951386684805,0.2689961972099119,0.14118714650445507,0.13204951386684805,0.2689961972099119,0.3025381189819487,0.2962145246084574,0.34086455469311605,0.12325926067362243,0.11722867421184326,0.23305639867457614,0.3025381189819487,0.2962145246084574,0.34086455469311605,0.12325926067362243,0.11722867421184326,0.23305639867457614,2.108096087409113,3.19610916137787,0.5505991298203351,0.8347697875708552,0.5505991298203351,814160,203540,81416,122124,0.75,,,,,,,,,0.006896102745397728,1
bayesfl_observability_v1,vi_sparse_bayesian_keep010_seed42,51,vi,117,9,1,,5,256,582.7899736404419,0.07878067344427109,1458.1196558125318,1458.1196558125318,,,3.8185130636424005,0.025088652968406677,0.9942225964671314,3.8185130636424005,,-0.0,2.3277319754160017,582.7899736404419,1458.1196558125318,1458.1196558125318,0.014327598072246555,0.07878067344427109,1458.1196558125318,0.005,35.573623086775235,0.07256130846234662,0.07262860611081123,0.08136461898684502,0.11120167374610901,1.2383259903763535,1.0389364708739914,2.5659540307338853,,,,,,,,,,,,,,,,,,1,update_snr,bayesian,0.1,20,101770,10177,0.1,0.2684280626879696,0.14079036105977047,0.13112856900456504,0.2684242807042618,0.14079036105977047,0.13112856900456504,0.2684242807042618,0.3030820515070385,0.296707891882557,0.34145663745300797,0.12275795101007399,0.11679273326566099,0.2316814107134498,0.3030820515070385,0.296707891882557,0.34145663745300797,0.12275795101007399,0.11679273326566099,0.2316814107134498,2.107862973782203,3.1840156565201956,0.5520114606525809,0.8338365231316058,0.5520114606525809,814160,203540,81416,122124,0.75,,,,,,,,,0.006886709841172415,1
bayesfl_observability_v1,vi_sparse_bayesian_keep010_seed42,51,vi,171,13,11,,5,256,625.0543069839478,0.4430985017256303,132.44024227159986,132.44024227159986,,,3.818324059979988,0.025066979229450226,0.9942316928231495,3.818324059979988,,0.6791932659915256,1.6161745905690754,625.0543069839478,1456.8426649875985,132.44024227159986,0.01431505026026922,0.4430985017256303,132.44024227159986,0.005,35.60087885124586,0.07256135606326194,0.07260800153017044,0.08138715401291848,0.11155398190021515,1.2402124034643316,1.0437115666517154,2.568851147085556,,,,,,,,,,,,,,,,,,1,update_snr,bayesian,0.1,20,101770,10177,0.1,0.2683205366402699,0.14075134952930438,0.13136853446700145,0.26831176858199657,0.14075134952930438,0.13136853446700145,0.26831176858199657,0.3025257340571737,0.29613149974755293,0.3409213173749222,0.12277641791509665,0.11701748220398946,0.23212438381480222,0.3025257340571737,0.29613149974755293,0.3409213173749222,0.12277641791509665,0.11701748220398946,0.23212438381480222,2.108078973446993,3.1836459710107134,0.5520953539648077,0.8337809785132273,0.5520953539648077,814160,203540,81416,122124,0.75,,,,,,,,,0.00689493718632551,11
bayesfl_observability_v1,vi_sparse_bayesian_keep010_seed42,51,vi,174,13,3,,5,256,598.8263217687606,2.2774717013041177,487.2231134991977,487.2231134991977,,,3.8216659504756363,0.02505084127187729,0.9942198001800193,3.8216659504756363,,-0.0,2.28098669344155,598.8263217687606,1461.669340497593,487.2231134991977,0.014362477552300218,2.2774717013041177,487.2231134991977,0.005,35.595396124237865,0.07256512965429002,0.07262440770864487,0.08137762174010277,0.11184746026992798,1.2396480121791102,1.0406680148041676,2.5610779160449835,,,,,,,,,,,,,,,,,,1,update_snr,bayesian,0.1,20,101770,10177,0.1,0.26894209335594754,0.14080415162602353,0.13115969042982417,0.2689419777532331,0.14080415162602353,0.13115969042982417,0.2689419777532331,0.30317145093377157,0.29685177466074497,0.34116113449132596,0.12276334059182929,0.11677160755780235,0.23239315632304808,0.30317145093377157,0.29685177466074497,0.34116113449132596,0.12276334059182929,0.11677160755780235,0.23239315632304808,2.1085957988399895,3.187311468014886,0.5517478047963763,0.8340110070630847,0.5517478047963763,814160,203540,81416,122124,0.75,,,,,,,,,0.006893919919248914,3
bayesfl_observability_v1,vi_sparse_bayesian_keep010_seed42,52,vi,254,20,1,,5,256,592.5116805553437,2.869412422180176,1447.6803513910572,1447.6803513910572,,,3.8225479568173677,0.0250224806368351,0.9943881435019822,3.8225479568173677,,-0.0,2.28098669344155,592.5116805553437,1447.6803513910572,1447.6803513910572,0.014225020648433303,2.869412422180176,1447.6803513910572,0.005,36.13223042856319,0.07287187207136235,0.0729341097176075,0.08168871328234673,0.11264214664697647,1.2531239147102897,1.0537647775049708,2.5891685967157967,,,,,,,,,,,,,,,,,,1,update_snr,bayesian,0.1,20,101770,10177,0.1,0.26724374985919536,0.14031936545944526,0.13088422816879147,0.2672419434498683,0.14031936545944526,0.13088422816879147,0.2672419434498683,0.3012478988902727,0.2949577506800879,0.338980726618739,0.12243841730046448,0.11676212955231462,0.23081635140556328,0.3012478988902727,0.2949577506800879,0.338980726618739,0.12243841730046448,0.11676212955231462,0.23081635140556328,2.105316453752814,3.1905353017520928,0.5507626006360661,0.8346619421901288,0.5507626006360661,814160,203540,81416,122124,0.75,,,,,,,,,0.006921768558574471,1
bayesfl_observability_v1,vi_sparse_bayesian_keep010_seed42,52,vi,89,7,4,,5,256,616.9443093299866,1.5054187774658203,361.24070302598466,361.24070302598466,,,3.817608639113542,0.02502785623073578,0.9944051744885597,3.817608639113542,,-0.0,2.185987945410232,616.9443093299866,1444.9628121039386,361.24070302598466,0.014198317894310098,1.5054187774658203,361.24070302598466,0.005,36.140141085682025,0.07287217098639372,0.07294122129678726,0.08169255554676055,0.11076271533966064,1.2528463760944764,1.051013257600429,2.5892650434853697,,,,,,,,,,,,,,,,,,1,update_snr,bayesian,0.1,20,101770,10177,0.1,0.2669236431537084,0.1401503861363264,0.13074124942590332,0.2669212138847083,0.1401503861363264,0.13074124942590332,0.2669212138847083,0.30129040111625505,0.2948545560713175,0.33941261612519136,0.12224594002744543,0.1169531570698139,0.23077331252166194,0.30129040111625505,0.2948545560713175,0.33941261612519136,0.12224594002744543,0.1169531570698139,0.23077331252166194,2.106142077293378,3.184069922550179,0.5516914582900854,0.8340482808865206,0.5516914582900854,814160,203540,81416,122124,0.75,,,,,,,,,0.006920435279318257,4
bayesfl_observability_v1,vi_sparse_bayesian_keep010_seed42,52,vi,97,7,1882,,5,256,2104.788896358013,0.03841929272308106,1.082221126042734,1.082221126042734,,,4.437766217283731,0.06606769561767578,0.9924533983347694,4.437766217283731,,-0.0,2.3096097079310103,2104.788896358013,2036.7401592124254,1.082221126042734,0.020013168509505998,0.03841929272308106,1.082221126042734,0.005,36.19040526748304,0.07354410900341318,0.07351928576827049,0.0829923041164875,0.1142847090959549,1.2445456768765695,1.043314368602409,2.5700383855999815,,,,,,,,,,,,,,,,,,1,update_snr,bayesian,0.1,20,101770,10177,0.1,0.3126384119264017,0.15120300681535365,0.12741817925738547,0.3126287586710419,0.15120300681535365,0.12741817925738547,0.3126287586710419,0.3924841932849543,0.37223697916536025,0.48950444178308966,0.12439398609650915,0.11291137020716854,0.24862333873073603,0.3924841932849543,0.37223697916536025,0.48950444178308966,0.12439398609650915,0.11291137020716854,0.24862333873073603,2.923138372061055,3.339016480499777,0.6586958908913075,0.7524092791313199,0.6586958908913075,814160,203540,81416,122124,0.75,,,,,,,,,0.007358012077386122,1882
bayesfl_observability_v1,vi_sparse_bayesian_keep010_seed42,52,vi,151,12,1,,5,256,584.7356851577758,0.47859832644462585,1447.9314112167272,1447.9314112167272,,,3.821314862184334,0.025062449276447296,0.9943904657673411,3.821314862184334,,-0.0,2.3277319754160017,584.7356851577758,1447.9314112167272,1447.9314112167272,0.014227487581966465,0.47859832644462585,1447.9314112167272,0.005,36.12802765984572,0.07287744594913774,0.07294163107872009,0.08171266168355942,0.11032279580831528,1.2532086052954554,1.0532002748208154,2.589986151479411,,,,,,,,,,,,,,,,,,1,update_snr,bayesian,0.1,20,101770,10177,0.1,0.26748741597040215,0.14014355785373486,0.13088254670380123,0.2674826152087387,0.14014355785373486,0.13088254670380123,0.2674826152087387,0.30147188115779416,0.2946178044625671,0.34007877523851715,0.1222181885977283,0.11642451316319571,0.23121048864652904,0.30147188115779416,0.2946178044625671,0.34007877523851715,0.1222181885977283,0.11642451316319571,0.23121048864652904,2.1059045157878686,3.188669541726635,0.551094215404196,0.8344430272631167,0.551094215404196,814160,203540,81416,122124,0.75,,,,,,,,,0.0069221459045018165,1
bayesfl_observability_v1,vi_sparse_bayesian_keep010_seed42,52,vi,29,2,1170,,5,256,2063.855409665108,0.013692525105598645,2.026078296815076,2.026078296815076,,,4.85161292053723,0.06454998254776001,0.9910051870898188,4.85161292053723,,0.011509519042002474,2.3048351889352334,2063.855409665108,2370.511607273639,2.026078296815076,0.02329283292987756,0.013692525105598645,2.026078296815076,0.005,36.25382890252749,0.07345239489767662,0.07345663383603096,0.08272728174924851,0.10854421555995941,1.248576309070342,1.0515773774742678,2.578674949323132,,,,,,,,,,,,,,,,,,1,update_snr,bayesian,0.1,20,101770,10177,0.1,0.34122797115356857,0.1660945914612138,0.1410297914338941,0.34122732991086824,0.1660945914612138,0.1410297914338941,0.34122732991086824,0.4283306290286417,0.407185482033049,0.5330798545378559,0.13695725395372182,0.12513874833664737,0.272426408023281,0.4283306290286417,0.407185482033049,0.5330798545378559,0.13695725395372182,0.12513874833664737,0.272426408023281,3.1802652478262505,3.663886035917687,0.6555067974124558,0.7551892733256174,0.6555067974124558,814160,203540,81416,122124,0.75,,,,,,,,,0.007250207905567175,1170
bayesfl_observability_v1,vi_sparse_bayesian_keep010_seed42,52,vi,12,1,1,,5,256,581.1414486289025,1.5959855318069458,1449.2099878092076,1449.2099878092076,,,3.8212598238581004,0.025071728974580765,0.9943916750424096,3.8212598238581004,,-0.0,2.3277319754160017,581.1414486289025,1449.2099878092076,1449.2099878092076,0.01424005097582006,1.5959855318069458,1449.2099878092076,0.005,36.13139564847915,0.07287614772156126,0.07293041795492172,0.08169583082199097,0.11151823401451111,1.253428001456611,1.0513427134973012,2.5944930908933883,,,,,,,,,,,,,,,,,,1,update_snr,bayesian,0.1,20,101770,10177,0.1,0.2674456578385636,0.14024548572686563,0.13095621424496587,0.26743828684942483,0.14024548572686563,0.13095621424496587,0.26743828684942483,0.3014891901583048,0.2953462876809032,0.3391597810347246,0.12232951856781686,0.11660030702856378,0.23182526975264878,0.3014891901583048,0.2953462876809032,0.3391597810347246,0.12232951856781686,0.11660030702856378,0.23182526975264878,2.1031604830271147,3.190414177511317,0.550384056560613,0.8349116062697207,0.550384056560613,814160,203540,81416,122124,0.75,,,,,,,,,0.006918762819000642,1
bayesfl_observability_v1,vi_sparse_bayesian_keep010_seed42,52,vi,167,13,726,,5,256,1674.0072883049647,0.00042775589408296526,3.546851722923191,3.546851722923191,,,5.086589636688526,0.06207185238599777,0.9901191870182233,5.086589636688526,,-0.0,2.3292713582565514,1674.0072883049647,2575.0143508422366,3.546851722923191,0.025302292923673347,0.00042775589408296526,3.546851722923191,0.005,36.27350351612984,0.07327138145111148,0.07330403104424477,0.08236067220568657,0.11230509728193283,1.25092878089407,1.0469791510949973,2.591936557703898,,,,,,,,,,,,,,,,,,1,update_snr,bayesian,0.1,20,101770,10177,0.1,0.36025874913161937,0.17663922693562153,0.15166265163696274,0.36024390923887695,0.17663922693562153,0.15166265163696274,0.36024390923887695,0.44587761436237966,0.4256242138617751,0.5492480988971193,0.14672385055487064,0.13444018470673422,0.29018152348874343,0.44587761436237966,0.4256242138617751,0.5492480988971193,0.14672385055487064,0.13444018470673422,0.29018152348874343,3.260592635213254,3.904091417892315,0.6410174337035701,0.7675263185637988,0.6410174337035701,814160,203540,81416,122124,0.75,,,,,,,,,0.007113315322579907,726
bayesfl_observability_v1,vi_sparse_bayesian_keep010_seed42,52,vi,287,23,1,,5,256,558.8092068195343,0.011325475759804249,1452.4069920937554,1452.4069920937554,,,3.82549452124008,0.025066345930099487,0.9943757559482453,3.82549452124008,,-0.0,2.259365973874069,558.8092068195343,1452.4069920937554,1452.4069920937554,0.014271464990603866,0.011325475759804249,1452.4069920937554,0.005,36.12021815128016,0.07287192185265418,0.07291902601718903,0.08170038014650345,0.111994668841362,1.2524922468177286,1.0517848139318327,2.5873390543328716,,,,,,,,,,,,,,,,,,1,update_snr,bayesian,0.1,20,101770,10177,0.1,0.26764681659738443,0.1405471744948667,0.13124876141801206,0.2676454093068092,0.1405471744948667,0.13124876141801206,0.2676454093068092,0.30199242011328825,0.2952407086935442,0.340605887349785,0.12260881387059762,0.11720525101866232,0.23123128946332736,0.30199242011328825,0.2952407086935442,0.340605887349785,0.12260881387059762,0.11720525101866232,0.23123128946332736,2.1067640285405655,3.193110342610385,0.5507167810183224,0.8346921750590561,0.5507167810183224,814160,203540,81416,122124,0.75,,,,,,,,,0.006924910374514117,1
bayesfl_observability_v1,vi_sparse_bayesian_keep010_seed42,52,vi,213,17,204,,5,256,704.694088935852,0.004341558498494765,7.242933190344558,7.242933190344558,,,3.8605228585288787,0.0250605009496212,0.994273843881169,3.8605228585288787,,-0.0,2.3163460082440825,704.694088935852,1477.5583708302897,7.242933190344558,0.014518604410241621,0.004341558498494765,7.242933190344558,0.005,36.12610328310753,0.07287063786339565,0.07292940467596054,0.0816943384706974,0.11252158135175705,1.252835966011051,1.0516511863963833,2.5943647054837173,,,,,,,,,,,,,,,,,,1,update_snr,bayesian,0.1,20,101770,10177,0.1,0.2680473948067151,0.14241026361496759,0.1344432105648738,0.2680426159251755,0.14241026361496759,0.1344432105648738,0.2680426159251755,0.30168792256103316,0.2956140871154257,0.33879136424312034,0.12471274595429367,0.120046051555663,0.23291159169799966,0.30168792256103316,0.2956140871154257,0.33879136424312034,0.12471274595429367,0.120046051555663,0.23291159169799966,2.103500640206647,3.237116278089841,0.5448745460888745,0.8385175782441557,0.5448745460888745,814160,203540,81416,122124,0.75,,,,,,,,,0.006923357593595556,204
bayesfl_observability_v1,vi_sparse_bayesian_keep010_seed42,52,vi,218,17,1,,5,256,543.5632616102696,0.025428159162402153,1457.583495486151,1457.583495486151,,,3.8340617415246325,0.02510652504861355,0.9943461275944634,3.8340617415246325,,-0.0,2.185987945410232,543.5632616102696,1457.583495486151,1457.583495486151,0.014322329718838076,0.025428159162402153,1457.583495486151,0.005,36.1057039030351,0.07287321522121047,0.07293255627155304,0.08169141486287117,0.1107688620686531,1.2524167509819728,1.052372874686635,2.588727470671837,,,,,,,,,,,,,,,,,,1,update_snr,bayesian,0.1,20,101770,10177,0.1,0.268479829669964,0.14072215663102386,0.13127805367915266,0.2684745556455857,0.14072215663102386,0.13127805367915266,0.2684745556455857,0.3020662826113904,0.2956891145656263,0.34028992574824807,0.12279503152209427,0.11689991994890708,0.23222851201391081,0.3020662826113904,0.2956891145656263,0.34028992574824807,0.12279503152209427,0.11689991994890708,0.23222851201391081,2.1114305043840513,3.200295402455751,0.550703313281656,0.8347010607041343,0.550703313281656,814160,203540,81416,122124,0.75,,,,,,,,,0.006914351858746335,1
bayesfl_observability_v1,vi_sparse_bayesian_keep010_seed42,52,vi,70,5,1,,5,256,590.9940428972244,1.2954355478286743,1451.727348078681,1451.727348078681,,,3.828380634016666,0.025090370327234268,0.9943717339006981,3.828380634016666,,-0.0,2.3277319754160017,590.9940428972244,1451.727348078681,1451.727348078681,0.014264786755219425,1.2954355478286743,1451.727348078681,0.005,36.13470711348327,0.0728730926579883,0.07293438911437988,0.08171337842941284,0.11169297993183136,1.2527094649932384,1.0520788494055662,2.59698203676228,,,,,,,,,,,,,,,,,,1,update_snr,bayesian,0.1,20,101770,10177,0.1,0.267710308073304,0.14047499239023875,0.13120940238522288,0.2677078462706395,0.14047499239023875,0.13120940238522288,0.2677078462706395,0.3013820281280559,0.29521283528963105,0.3387247941407349,0.12259643286381465,0.11696323397298017,0.23170729286872838,0.3013820281280559,0.29521283528963105,0.3387247941407349,0.12259643286381465,0.11696323397298017,0.23170729286872838,2.109501726120011,3.194761453756846,0.5510167164090894,0.834494205035449,0.5510167164090894,814160,203540,81416,122124,0.75,,,,,,,,,0.006921850676548363,1
bayesfl_observability_v1,vi_sparse_bayesian_keep010_seed42,52,vi,112,9,234,,5,256,602.2187708616257,0.005010794370602339,6.210722654223207,6.210722654223207,,,3.82936156763683,0.02509373426437378,0.9943709947146453,3.82936156763683,,-0.0,2.3155014849272724,602.2187708616257,1453.3091010882304,6.210722654223207,0.014280329184319842,0.005010794370602339,6.210722654223207,0.005,36.14148217958936,0.07287606817510112,0.07294875383377075,0.08172209560871124,0.10944356769323349,1.253429517942246,1.0520459809942393,2.590769885335516,,,,,,,,,,,,,,,,,,1,update_snr,bayesian,0.1,20,101770,10177,0.1,0.2686120420118319,0.14049606424469652,0.1310319518950751,0.26860886359958,0.14049606424469652,0.1310319518950751,0.26860886359958,0.3017098370013617,0.2951882108063091,0.33920420444916694,0.12258342282728926,0.11638247855527643,0.23234375158898382,0.3017098370013617,0.2951882108063091,0.33920420444916694,0.12258342282728926,0.11638247855527643,0.23234375158898382,2.107474830977498,3.1972738156889813,0.5503462636666248,0.8349365185858065,0.5503462636666248,814160,203540,81416,122124,0.75,,,,,,,,,0.006930921886302001,234
bayesfl_observability_v1,vi_sparse_bayesian_keep010_seed42,52,vi,113,9,708,,5,256,1681.06430469354,0.003057764411646094,3.6654315225658083,3.6654315225658083,,,5.10971695080317,0.06079087778925896,0.9900406099863115,5.10971695080317,,-0.0,2.311121424016332,1681.06430469354,2595.125517976592,3.6654315225658083,0.02549990682889449,0.003057764411646094,3.6654315225658083,0.005,36.29519992806072,0.0732696349013015,0.07330784946680069,0.08235274851322175,0.1163659393787384,1.2521522362244066,1.051565579799918,2.589816507440687,,,,,,,,,,,,,,,,,,1,update_snr,bayesian,0.1,20,101770,10177,0.1,0.3636656367387011,0.17722297272783752,0.15166684707726152,0.36366546015700324,0.17722297272783752,0.15166684707726152,0.36366546015700324,0.44786032472314224,0.42832282205784467,0.5493889468889475,0.14715215583947033,0.13437568009013717,0.2920885075182826,0.44786032472314224,0.42832282205784467,0.5493889468889475,0.14715215583947033,0.13437568009013717,0.2920885075182826,3.275004161980465,3.9221875345699777,0.6409365124355243,0.76759389459987,0.6409365124355243,814160,203540,81416,122124,0.75,,,,,,,,,0.007106642487370889,708
bayesfl_observability_v1,vi_sparse_bayesian_keep010_seed42,52,vi,114,9,1,,5,256,585.7453576803207,0.9849520921707153,1445.7506159274863,1445.7506159274863,,,3.8185131776459436,0.025057442486286163,0.9944007334749396,3.8185131776459436,,-0.0,2.3277319754160017,585.7453576803207,1445.7506159274863,1445.7506159274863,0.014206058916453634,0.9849520921707153,1445.7506159274863,0.005,36.13451240165721,0.07286846541604775,0.0729418620467186,0.08167291581630706,0.11073444038629532,1.2529997745035801,1.0540866695197697,2.594634030976171,,,,,,,,,,,,,,,,,,1,update_snr,bayesian,0.1,20,101770,10177,0.1,0.2678157799493549,0.14000280708358168,0.130413373279695,0.26781332707783856,0.14000280708358168,0.130413373279695,0.26781332707783856,0.30205982906945994,0.29551235001270765,0.34054925215869597,0.12199647130737297,0.11672205288056463,0.23118787060299384,0.30205982906945994,0.29551235001270765,0.34054925215869597,0.12199647130737297,0.11672205288056463,0.23118787060299384,2.1122916839491177,3.1810794912694553,0.553171243801053,0.8330675693073144,0.553171243801053,814160,203540,81416,122124,0.75,,,,,,,,,0.006921885868645199,1
bayesfl_observability_v1,vi_sparse_bayesian_keep010_seed42,52,vi,134,10,1,,5,256,570.6636269569397,0.005611263681203127,1451.5295394453738,1451.5295394453738,,,3.826304000604721,0.02503860928118229,0.9943706670831839,3.826304000604721,,-0.0,2.3096097079310103,570.6636269569397,1451.5295394453738,1451.5295394453738,0.014262843072077957,0.005611263681203127,1451.5295394453738,0.005,36.11123456403522,0.07287158616845484,0.0729312039911747,0.08170021995902062,0.11179721355438232,1.2525065906888613,1.0514335265699462,2.5878259897857894,,,,,,,,,,,,,,,,,,1,update_snr,bayesian,0.1,20,101770,10177,0.1,0.2678056056237456,0.14048465445616584,0.13081582028999295,0.2678013161416004,0.14048465445616584,0.13081582028999295,0.2678013161416004,0.30132859197947126,0.29470568809676956,0.3398530226646474,0.12261310584246529,0.11692666810573091,0.23202913204893497,0.30132859197947126,0.29470568809676956,0.3398530226646474,0.12261310584246529,0.11692666810573091,0.23202913204893497,2.1039197433449464,3.195954320481919,0.5498569227673589,0.835258860764022,0.5498569227673589,814160,203540,81416,122124,0.75,,,,,,,,,0.006920428714484874,1
bayesfl_observability_v1,vi_sparse_bayesian_keep010_seed42,53,vi,56,4,308,,5,256,1321.891406777501,0.00025819155218249017,7.590136505598417,7.590136505598417,,,4.879965668025559,0.04683412238955498,0.9911914553541659,4.879965668025559,,-0.0,2.3292713582565514,1321.891406777501,2337.762043724312,7.590136505598417,0.022971033150479634,0.00025819155218249017,7.590136505598417,0.005,36.84732985879202,0.07350268499658333,0.07353884726762772,0.0825984336435795,0.11863652616739273,1.2670847290605645,1.0626803587474845,2.6162727341451797,,,,,,,,,,,,,,,,,,1,update_snr,bayesian,0.1,20,101770,10177,0.1,0.34519389096946124,0.1721393885908625,0.152429771594451,0.345179414902752,0.1721393885908625,0.152429771594451,0.345179414902752,0.41415357242568007,0.39845589507324064,0.4954790079254645,0.14524892372032724,0.13553751882341294,0.281674581877795,0.41415357242568007,0.39845589507324064,0.4954790079254645,0.14524892372032724,0.13553751882341294,0.281674581877795,3.0012490386378863,3.847930499526138,0.615014375675351,0.7885158956626465,0.615014375675351,814160,203540,81416,122124,0.75,,,,,,,,,0.007100911728829911,308
bayesfl_observability_v1,vi_sparse_bayesian_keep010_seed42,53,vi,58,4,1,,5,256,571.7080243825912,0.06413605064153671,1435.454016656198,1435.454016656198,,,3.823270209416099,0.025101900100708008,0.9945725343253208,3.823270209416099,,-0.0,2.3292713582565514,571.7080243825912,1435.454016656198,1435.454016656198,0.014104883724635925,0.06413605064153671,1435.454016656198,0.005,36.746033632245776,0.07326753146696052,0.07331356033682823,0.08220136240124704,0.11387009173631668,1.267639170829369,1.0634814711401153,2.6196038644696906,,,,,,,,,,,,,,,,,,1,update_snr,bayesian,0.1,20,101770,10177,0.1,0.26690388107990937,0.13950913678683816,0.12988412942301625,0.26689313759856564,0.13950913678683816,0.12988412942301625,0.26689313759856564,0.30081000840997074,0.29436733457302233,0.3389301808448244,0.12158681771760121,0.1157068944980996,0.23004182057778622,0.30081000840997074,0.29436733457302233,0.3389301808448244,0.12158681771760121,0.1157068944980996,0.23004182057778622,2.110161178056574,3.18819931886818,0.5519257239155074,0.8338932757135915,0.5519257239155074,814160,203540,81416,122124,0.75,,,,,,,,,0.0070017471403446266,1
bayesfl_observability_v1,vi_sparse_bayesian_keep010_seed42,53,vi,214,17,232,,5,256,801.7852420806885,0.2685034192841628,6.2697443453002935,6.2697443453002935,,,3.8493666950354095,0.025057010352611542,0.9944909472506895,3.8493666950354095,,1.7889541012136536,0.48857548101791376,801.7852420806885,1454.580688109668,6.2697443453002935,0.014292823898100306,0.2685034192841628,6.2697443453002935,0.005,36.722308004820576,0.07326468113574454,0.07331463694572449,0.08218446522951127,0.11390454322099686,1.2665166922494422,1.0613604326168766,2.6151174019984267,,,,,,,,,,,,,,,,,,1,update_snr,bayesian,0.1,20,101770,10177,0.1,0.2674403672599307,0.14076338480799436,0.1321096829034546,0.2674397834926628,0.14076338480799436,0.1321096829034546,0.2674397834926628,0.30105448233721976,0.29452206971811296,0.3391590554765012,0.12295326286030261,0.11779045014457204,0.23173451473616197,0.30105448233721976,0.29452206971811296,0.3391590554765012,0.12295326286030261,0.11779045014457204,0.23173451473616197,2.1109651613374574,3.218920632831348,0.5483928470779371,0.8362208352305958,0.5483928470779371,814160,203540,81416,122124,0.75,,,,,,,,,0.007000112830208178,232
bayesfl_observability_v1,vi_sparse_bayesian_keep010_seed42,53,vi,18,1,9,,5,256,558.657857632637,0.28741685549418133,160.2627390467021,160.2627390467021,,,3.834122138565001,0.025066964328289032,0.9945385256399389,3.834122138565001,,-0.0,2.3096097079310103,558.657857632637,1442.364651420319,160.2627390467021,0.0141727881637056,0.28741685549418133,160.2627390467021,0.005,36.73581258886713,0.07326504186775333,0.07332414761185646,0.08219328671693801,0.11649361252784729,1.267536306381381,1.0642137990418488,2.6201596329116787,,,,,,,,,,,,,,,,,,1,update_snr,bayesian,0.1,20,101770,10177,0.1,0.2668076555605698,0.13988260422268353,0.13016787445352956,0.26679828804893724,0.13988260422268353,0.13016787445352956,0.26679828804893724,0.30069239214927945,0.2946269279830503,0.3380394618084686,0.12201485000861731,0.11603154249025484,0.2311712356476172,0.30069239214927945,0.2946269279830503,0.3380394618084686,0.12201485000861731,0.11603154249025484,0.2311712356476172,2.1082851834615766,3.202440656535366,0.5498742886293773,0.8352474284332384,0.5498742886293773,814160,203540,81416,122124,0.75,,,,,,,,,0.007006007630945597,9
bayesfl_observability_v1,vi_sparse_bayesian_keep010_seed42,53,vi,267,21,2,,5,256,545.0487858772278,2.1031432151794434,722.3158890596252,722.3158890596252,,,3.8368474067762186,0.02504631131887436,0.9945325060034184,3.8368474067762186,,-0.0,2.259365973874069,545.0487858772278,1444.6317781192504,722.3158890596252,0.01419506512841948,2.1031432151794434,722.3158890596252,0.005,36.7417384552537,0.07326394987326539,0.07331570610404015,0.08219328969717025,0.11558207869529724,1.2672006994096776,1.0668461677930519,2.6232762915995,,,,,,,,,,,,,,,,,,1,update_snr,bayesian,0.1,20,101770,10177,0.1,0.26746000817422677,0.14010147133338194,0.1308597851854938,0.26745223816893565,0.14010147133338194,0.1308597851854938,0.26745223816893565,0.3012256150307937,0.2952249118609596,0.3387705020965107,0.12219878870033618,0.1165193296834952,0.23089936909814757,0.3012256150307937,0.2952249118609596,0.3387705020965107,0.12219878870033618,0.1165193296834952,0.23089936909814757,2.1141214980985947,3.2018570102618202,0.5510048417262738,0.8345020457699339,0.5510048417262738,814160,203540,81416,122124,0.75,,,,,,,,,0.007004098091305052,2
bayesfl_observability_v1,vi_sparse_bayesian_keep010_seed42,53,vi,83,6,1,,5,256,599.3019581317901,3.900946617126465,1432.7534356914812,1432.7534356914812,,,3.8197509020730727,0.02507816255092621,0.9945757468792247,3.8197509020730727,,-0.0,2.259365973874069,599.3019581317901,1432.7534356914812,1432.7534356914812,0.014078347604318376,3.900946617126465,1432.7534356914812,0.005,36.72287673938235,0.07326650485334889,0.07332010939717293,0.08220838457345962,0.11208009719848633,1.2665612704892053,1.0622165642820105,2.618178208806342,,,,,,,,,,,,,,,,,,1,update_snr,bayesian,0.1,20,101770,10177,0.1,0.2662119935122006,0.13950433425096984,0.1301021696080778,0.26620870279142345,0.13950433425096984,0.1301021696080778,0.26620870279142345,0.3001493001994573,0.29365885431852445,0.33837026559892147,0.1216548935900268,0.11612797484552452,0.23001056194937064,0.3001493001994573,0.29365885431852445,0.33837026559892147,0.1216548935900268,0.11612797484552452,0.23001056194937064,2.10597583891942,3.1867479849802542,0.5513385278020237,0.8342816237704735,0.5513385278020237,814160,203540,81416,122124,0.75,,,,,,,,,0.006999551882505468,1
bayesfl_observability_v1,vi_sparse_bayesian_keep010_seed42,53,vi,38,3,2,,5,256,582.8451948165894,0.016765017062425613,716.5569415863985,716.5569415863985,,,3.8225243633738057,0.02499309927225113,0.9945711506289421,3.8225243633738057,,-0.0,2.311121424016332,582.8451948165894,1433.113883172797,716.5569415863985,0.01408188938953323,0.016765017062425613,716.5569415863985,0.005,36.73427217263018,0.07326532547633301,0.0733262337744236,0.08219412192702294,0.11399083584547043,1.266897091586494,1.0653755086757681,2.618060284092209,,,,,,,,,,,,,,,,,,1,update_snr,bayesian,0.1,20,101770,10177,0.1,0.2657730875074031,0.13947238916134108,0.1302032367006148,0.26577196194534136,0.13947238916134108,0.1302032367006148,0.26577196194534136,0.29983901576546323,0.29321918299911975,0.3382476873183829,0.12165387509421641,0.11584077672292624,0.2303109935069346,0.29983901576546323,0.29321918299911975,0.3382476873183829,0.12165387509421641,0.11584077672292624,0.2303109935069346,2.106939775595566,3.1894352620173434,0.551190672787748,0.834379315558452,0.551190672787748,814160,203540,81416,122124,0.75,,,,,,,,,0.0069964229406753176,2
bayesfl_observability_v1,vi_sparse_bayesian_keep010_seed42,53,vi,165,13,1662,,5,256,2080.350888571143,0.021863612672482158,1.2477915473029928,1.2477915473029928,,,4.517428057869526,0.06991823762655258,0.992435361341101,4.517428057869526,,-0.0,2.3292713582565514,2080.350888571143,2073.829551617574,1.2477915473029928,0.020377611787536346,0.021863612672482158,1.2477915473029928,0.005,36.79599630751712,0.07391078926167502,0.07386887818574905,0.08345645144581795,0.11163442581892014,1.259257865229493,1.0558350165782273,2.603286713364413,,,,,,,,,,,,,,,,,,1,update_snr,bayesian,0.1,20,101770,10177,0.1,0.31594115089218405,0.15336914671137442,0.1295498299502793,0.3159337741124457,0.15336914671137442,0.1295498299502793,0.3159337741124457,0.39697793641926515,0.3771439630052781,0.4971244115667174,0.12630150341049765,0.1147215606546155,0.2514970360598399,0.39697793641926515,0.3771439630052781,0.4971244115667174,0.12630150341049765,0.1147215606546155,0.2514970360598399,2.972114774463095,3.402012643339992,0.6579218830691862,0.7530861808443327,0.6579218830691862,814160,203540,81416,122124,0.75,,,,,,,,,0.0073970500243529715,1662
bayesfl_observability_v1,vi_sparse_bayesian_keep010_seed42,53,vi,169,13,456,,5,256,1224.8615802407264,0.001097403662769418,5.02292720646015,5.02292720646015,,,4.828299260029758,0.04749859496951103,0.991398783257607,4.828299260029758,,-0.0,2.3163460082440825,1224.8615802407264,2290.454806145828,5.02292720646015,0.022506188524573333,0.001097403662769418,5.02292720646015,0.005,36.89123386692538,0.07350977437230814,0.07354842871427536,0.08257738277316094,0.11737237870693207,1.2684451106615775,1.0632959847916914,2.621497503518308,,,,,,,,,,,,,,,,,,1,update_snr,bayesian,0.1,20,101770,10177,0.1,0.341505142460792,0.16973072625690686,0.14845080325841026,0.3414929513569736,0.16973072625690686,0.14845080325841026,0.3414929513569736,0.41277136415705856,0.3981287493446656,0.49543174272217083,0.14272621093466775,0.13205993143270892,0.27866235492384905,0.41277136415705856,0.3981287493446656,0.49543174272217083,0.14272621093466775,0.13205993143270892,0.27866235492384905,2.9902418857653243,3.7909005802076545,0.6193157724334789,0.785142008820781,0.6193157724334789,814160,203540,81416,122124,0.75,,,,,,,,,0.007099723482573415,456
bayesfl_observability_v1,vi_sparse_bayesian_keep010_seed42,53,vi,239,19,577,,5,256,1630.811674884955,0.004623142747366656,4.4348354851729885,4.4348354851729885,,,5.096474007321977,0.062038853764534,0.9904135441531439,5.096474007321977,,-0.0,2.311121424016332,1630.811674884955,2558.9000749448146,4.4348354851729885,0.025143952785150973,0.004623142747366656,4.4348354851729885,0.005,36.895128304373955,0.07366720666323533,0.07366712391376495,0.08288726210594177,0.1171661838889122,1.2655365350452301,1.05984312589881,2.6175522379132405,,,,,,,,,,,,,,,,,,1,update_snr,bayesian,0.1,20,101770,10177,0.1,0.3596478985269432,0.17606378696300326,0.15102069193146864,0.35963996996522607,0.17606378696300326,0.15102069193146864,0.35963996996522607,0.4447237684571765,0.4256265790525945,0.5463821433625852,0.14621267790809514,0.13381787053384803,0.28979934022052584,0.4447237684571765,0.4256265790525945,0.5463821433625852,0.14621267790809514,0.13381787053384803,0.28979934022052584,3.269173667570155,3.9098018924971965,0.6414579301048949,0.7671582130861614,0.6414579301048949,814160,203540,81416,122124,0.75,,,,,,,,,0.007192382576937397,577
bayesfl_observability_v1,vi_sparse_bayesian_keep010_seed42,53,vi,230,18,1,,5,256,598.3523813724518,3.0633931159973145,1434.572956769657,1434.572956769657,,,3.8240084035387105,0.025032930076122284,0.9945658987704216,3.8240084035387105,,-0.0,2.28098669344155,598.3523813724518,1434.572956769657,1434.572956769657,0.01409622636110501,3.0633931159973145,1434.572956769657,0.005,36.7307725113692,0.0732597587530038,0.07331463322043419,0.08218826949596406,0.11513552069664001,1.2672024782184352,1.0642535216694247,2.6195203080453995,,,,,,,,,,,,,,,,,,1,update_snr,bayesian,0.1,20,101770,10177,0.1,0.26632031202602535,0.13956160099530418,0.13003530654856132,0.26631416075721426,0.13956160099530418,0.13003530654856132,0.26631416075721426,0.30042055880334817,0.29420016504909957,0.3382610450235427,0.12168838346107706,0.11585878028437845,0.23013312671995256,0.30042055880334817,0.29420016504909957,0.3382610450235427,0.12168838346107706,0.11585878028437845,0.23013312671995256,2.107325201118823,3.1909592236605286,0.5510775549469815,0.8344540301500482,0.5510775549469815,814160,203540,81416,122124,0.75,,,,,,,,,0.0070027154098700455,1
bayesfl_observability_v1,vi_sparse_bayesian_keep010_seed42,53,vi,292,23,1,,5,256,573.5063050031662,0.00024685196694917977,1435.8019547278088,1435.8019547278088,,,3.824456322681853,0.025069162249565125,0.9945677826494416,3.824456322681853,,-0.0,2.3096097079310103,573.5063050031662,1435.8019547278088,1435.8019547278088,0.014108302591410129,0.00024685196694917977,1435.8019547278088,0.005,36.74146993205056,0.07326507502924287,0.07331155985593796,0.08217409998178482,0.11227602511644363,1.2669102147477782,1.0630459258952623,2.6250456767991124,,,,,,,,,,,,,,,,,,1,update_snr,bayesian,0.1,20,101770,10177,0.1,0.26688484174426214,0.13949855444774603,0.1299853434284992,0.2668629035145399,0.13949855444774603,0.1299853434284992,0.2668629035145399,0.30027547335002563,0.29368129595964465,0.3382402234064873,0.12163445234749277,0.11548963509842028,0.2309642181645947,0.30027547335002563,0.29368129595964465,0.3382402234064873,0.12163445234749277,0.11548963509842028,0.2309642181645947,2.1072959841994936,3.191515282601338,0.5510053734178295,0.8345016947044979,0.5510053734178295,814160,203540,81416,122124,0.75,,,,,,,,,0.007001700434822834,1
bayesfl_observability_v1,vi_sparse_bayesian_keep010_seed42,53,vi,293,23,2,,5,256,589.6725506544113,0.05788584053516388,715.841690035544,715.841690035544,,,3.8195316106929607,0.025036858394742012,0.9945763429773695,3.8195316106929607,,-0.0,2.3096097079310103,589.6725506544113,1431.683380071088,715.841690035544,0.01406783315388708,0.05788584053516388,715.841690035544,0.005,36.722778066037975,0.07326354838704927,0.07333866879343987,0.08219627588987351,0.11663182824850082,1.2669623916840056,1.0633178872619196,2.619860129565436,,,,,,,,,,,,,,,,,,1,update_snr,bayesian,0.1,20,101770,10177,0.1,0.2660617966730493,0.1393709720584744,0.1298776634730801,0.26605585311790847,0.1393709720584744,0.1298776634730801,0.26605585311790847,0.30015703743970834,0.293896491594958,0.33752464459732345,0.12150585368278176,0.11588466306495604,0.22971174711692027,0.30015703743970834,0.293896491594958,0.33752464459732345,0.12150585368278176,0.11588466306495604,0.22971174711692027,2.106873701938757,3.185891543847916,0.5516052533877358,0.8341052957720944,0.5516052533877358,814160,203540,81416,122124,0.75,,,,,,,,,0.006996349693550335,2
bayesfl_observability_v1,vi_sparse_bayesian_keep010_seed42,53,vi,69,5,63,,5,256,718.2188587188721,0.326125977531312,23.17175618490787,23.17175618490787,,,3.8591321836838213,0.025089502334594727,0.9944682481758833,3.8591321836838213,,0.6915136378174996,1.579280430685095,718.2188587188721,1459.8206396491958,23.17175618490787,0.014344312072803338,0.326125977531312,23.17175618490787,0.005,36.74047234190657,0.07326698903815444,0.07329556345939636,0.08217695355415344,0.11625175178050995,1.2678152463593955,1.0628160294709914,2.6201114009708673,,,,,,,,,,,,,,,,,,1,update_snr,bayesian,0.1,20,101770,10177,0.1,0.26779328689989074,0.1410556734705427,0.13239643772558043,0.2677812682123984,0.1410556734705427,0.13239643772558043,0.2677812682123984,0.30113746802696345,0.2949330807150367,0.33824579830132506,0.1232688074087182,0.11782771980366646,0.23228204640133723,0.30113746802696345,0.2949330807150367,0.33824579830132506,0.1232688074087182,0.11782771980366646,0.23228204640133723,2.112585093800771,3.229533314984545,0.5474249114173009,0.8368548060205913,0.5474249114173009,814160,203540,81416,122124,0.75,,,,,,,,,0.006998508772223701,63
bayesfl_observability_v1,vi_sparse_bayesian_keep010_seed42,53,vi,181,14,2031,,5,256,2143.275384473801,0.11761305943784427,0.9905467731963354,0.9905467731963354,,,4.431648320559555,0.062019504606723785,0.9927287752183853,4.431648320559555,,1.0649000763602765,1.25432875177699,2143.275384473801,2011.8004963617573,0.9905467731963354,0.019768109426763852,0.11761305943784427,0.9905467731963354,0.005,36.815971899279205,0.07393465478083404,0.07389660179615021,0.08348577916622162,0.11642399430274963,1.2596048911774589,1.0561928787514803,2.6038703393211975,,,,,,,,,,,,,,,,,,1,update_snr,bayesian,0.1,20,101770,10177,0.1,0.3102368717850062,0.1504244459744941,0.1269371055475076,0.3102060735526137,0.1504244459744941,0.1269371055475076,0.3102060735526137,0.38903619239758297,0.36908377901433564,0.485907119907288,0.12391202970526201,0.11259898813072315,0.24742658472317727,0.38903619239758297,0.36908377901433564,0.485907119907288,0.12391202970526201,0.11259898813072315,0.24742658472317727,2.910339736763273,3.3420696362785605,0.6567172136068332,0.7541369248037668,0.6567172136068332,814160,203540,81416,122124,0.75,,,,,,,,,0.0074346244544595125,2031
bayesfl_observability_v1,vi_sparse_bayesian_keep010_seed42,54,vi,114,9,1,,5,256,535.5157921075821,1.7147325277328491,1423.7736341032453,1423.7736341032453,,,3.828905570367589,0.025085657835006714,0.9947323771369911,3.828905570367589,,-0.0,2.3277319754160017,535.5157921075821,1423.7736341032453,1423.7736341032453,0.01399011136978722,1.7147325277328491,1423.7736341032453,0.005,37.35295109225467,0.07367075631680318,0.07373228296637535,0.08274157121777534,0.11245765537023544,1.2814796613201807,1.0783785443840759,2.6541540089583844,,,,,,,,,,,,,,,,,,1,update_snr,bayesian,0.1,20,101770,10177,0.1,0.2654591900340958,0.13896914605403343,0.1292570976224705,0.2654544131905846,0.13896914605403343,0.1292570976224705,0.2654544131905846,0.29957456901300294,0.2927402001647576,0.3386109050492499,0.12112409905859237,0.11508989293029452,0.229362760387203,0.29957456901300294,0.2927402001647576,0.3386109050492499,0.12112409905859237,0.11508989293029452,0.229362760387203,2.109117477081701,3.195644118900051,0.55084081817124,0.8346103240653326,0.55084081817124,814160,203540,81416,122124,0.75,,,,,,,,,0.00707586249529171,1
bayesfl_observability_v1,vi_sparse_bayesian_keep010_seed42,54,vi,271,21,90,,5,256,621.600660443306,0.004906008309788174,16.068532803690587,16.068532803690587,,,3.861131662283826,0.025066256523132324,0.9946438601873046,3.861131662283826,,-0.0,2.311121424016332,621.600660443306,1446.167952332153,16.068532803690587,0.014210159696690114,0.004906008309788174,16.068532803690587,0.005,37.355611070516154,0.07367066750206823,0.07369748130440712,0.08275301456451416,0.1157253161072731,1.2815616996172945,1.075110743629403,2.6511547509904436,,,,,,,,,,,,,,,,,,1,update_snr,bayesian,0.1,20,101770,10177,0.1,0.2662175091928909,0.14062627219919244,0.1321624035301368,0.266210543549934,0.14062627219919244,0.1321624035301368,0.266210543549934,0.2992991497465717,0.2928523238210505,0.33729602302163536,0.12299595247170587,0.11777802703394168,0.2305543453069351,0.2992991497465717,0.2928523238210505,0.33729602302163536,0.12299595247170587,0.11777802703394168,0.2305543453069351,2.110176843722608,3.233495229887864,0.5465177124973917,0.8374475445821186,0.5465177124973917,814160,203540,81416,122124,0.75,,,,,,,,,0.0070848055111811335,90
bayesfl_observability_v1,vi_sparse_bayesian_keep010_seed42,54,vi,212,17,1,,5,256,544.5211531162262,0.31373152136802673,1431.2776376805796,1431.2776376805796,,,3.8398229306326517,0.025041569024324417,0.9947001157987759,3.8398229306326517,,-0.0,2.185987945410232,544.5211531162262,1431.2776376805796,1431.2776376805796,0.014063846297342827,0.31373152136802673,1431.2776376805796,0.005,37.34542520632396,0.07367197542019474,0.07371559366583824,0.08272712305188179,0.11476211249828339,1.2814664299028184,1.0800172020003056,2.6506339517304394,,,,,,,,,,,,,,,,,,1,update_snr,bayesian,0.1,20,101770,10177,0.1,0.2655114116060459,0.1395884427454129,0.1305709042583577,0.2655103249621156,0.1395884427454129,0.1305709042583577,0.2655103249621156,0.2985498325801389,0.2919218654035374,0.33658197168192006,0.12192606609710999,0.11675587309659384,0.23004193273437853,0.2985498325801389,0.2919218654035374,0.33658197168192006,0.12192606609710999,0.11675587309659384,0.23004193273437853,2.1065749189500824,3.2103866199357967,0.5486125159951065,0.8360767352902003,0.5486125159951065,814160,203540,81416,122124,0.75,,,,,,,,,0.007079158880783686,1
bayesfl_observability_v1,vi_sparse_bayesian_keep010_seed42,54,vi,296,23,2,,5,256,545.6315915346146,0.48749563097953796,714.1910612938239,714.1910612938239,,,3.837245834276339,0.02501589059829712,0.9947051152426466,3.837245834276339,,-0.0,2.3096097079310103,545.6315915346146,1428.3821225876477,714.1910612938239,0.014035394738996244,0.48749563097953796,714.1910612938239,0.005,37.33764507389645,0.07367494230054211,0.07372479885816574,0.08272584676742555,0.11582217365503311,1.28072633585317,1.0759540319989036,2.6478586865563822,,,,,,,,,,,,,,,,,,1,update_snr,bayesian,0.1,20,101770,10177,0.1,0.26579241637829126,0.1392190181673619,0.1301654594526453,0.2657909005847033,0.1392190181673619,0.1301654594526453,0.2657909005847033,0.29901275385147363,0.2924864697207331,0.33615446532083765,0.12146415864690505,0.11573996537592758,0.23038054651858164,0.29901275385147363,0.2924864697207331,0.33615446532083765,0.12146415864690505,0.11573996537592758,0.23038054651858164,2.1096341546374635,3.205292393254974,0.54977821222531,0.8353106711651316,0.54977821222531,814160,203540,81416,122124,0.75,,,,,,,,,0.007083395515670048,2
bayesfl_observability_v1,vi_sparse_bayesian_keep010_seed42,54,vi,93,7,45,,5,256,649.3175603866578,0.13716071446736652,31.583668660977366,31.583668660977366,,,3.826138966571723,0.025064505636692047,0.9947415557483361,3.826138966571723,,-0.0,2.3096097079310103,649.3175603866578,1421.2650897439814,31.583668660977366,0.013965462216212848,0.13716071446736652,31.583668660977366,0.005,37.358429290379256,0.07367596970419935,0.07371975854039192,0.0827143520116806,0.1126643717288971,1.281358889511205,1.0751292607151632,2.6556970557381963,,,,,,,,,,,,,,,,,,1,update_snr,bayesian,0.1,20,101770,10177,0.1,0.26486478998039414,0.13892836549688978,0.12979504784609103,0.264842608975217,0.13892836549688978,0.12979504784609103,0.264842608975217,0.29885416304354107,0.29303189201514546,0.33649753633140017,0.1211588324361507,0.11557856909233719,0.22888610750402336,0.29885416304354107,0.29303189201514546,0.33649753633140017,0.1211588324361507,0.11557856909233719,0.22888610750402336,2.11079503856339,3.1912197819477623,0.5516775676484885,0.8340574688553831,0.5516775676484885,814160,203540,81416,122124,0.75,,,,,,,,,0.007083385367933018,45
bayesfl_observability_v1,vi_sparse_bayesian_keep010_seed42,54,vi,245,19,178,,5,256,661.4235669612884,0.0004636572485559442,8.080615998845598,8.080615998845598,,,3.850577216818438,0.025039220228791237,0.9946822593696141,3.850577216818438,,-0.0,2.185987945410232,661.4235669612884,1438.3496477945166,8.080615998845598,0.014133336423253578,0.0004636572485559442,8.080615998845598,0.005,37.386350581870424,0.07366752650497604,0.07370518893003464,0.0827152378857136,0.11604733020067215,1.28358027765039,1.078684107936762,2.6541944163076643,,,,,,,,,,,,,,,,,,1,update_snr,bayesian,0.1,20,101770,10177,0.1,0.2651441077632066,0.14032802103297304,0.13242354504584805,0.2651334091143948,0.14032802103297304,0.13242354504584805,0.2651334091143948,0.29838915354907497,0.2919205801899044,0.3358494048787625,0.12276567297562842,0.11820327684309802,0.22982857873358817,0.29838915354907497,0.2919205801899044,0.3358494048787625,0.12276567297562842,0.11820327684309802,0.22982857873358817,2.1058311456133234,3.2237276697708377,0.5468871358858969,0.8372063429062881,0.5468871358858969,814160,203540,81416,122124,0.75,,,,,,,,,0.007080975770414416,178
bayesfl_observability_v1,vi_sparse_bayesian_keep010_seed42,54,vi,157,12,1,,5,256,589.1224208593369,0.021582501009106636,1420.5174813207482,1420.5174813207482,,,3.82645468688671,0.025074869394302368,0.9947474756855156,3.82645468688671,,-0.0,2.28098669344155,589.1224208593369,1420.5174813207482,1420.5174813207482,0.013958116157224606,0.021582501009106636,1420.5174813207482,0.005,37.38160814781613,0.07367336076037394,0.07371944934129715,0.082723830640316,0.11664382368326187,1.28163791878535,1.075961627416706,2.6494364257475778,,,,,,,,,,,,,,,,,,1,update_snr,bayesian,0.1,20,101770,10177,0.1,0.2649684387077323,0.1388036279129251,0.12953945951957596,0.2649680236237923,0.1388036279129251,0.12953945951957596,0.2649680236237923,0.29824464115109545,0.2918844713636898,0.33581580631978236,0.12108795977535063,0.11553607459636869,0.22916783302591115,0.29824464115109545,0.2918844713636898,0.33581580631978236,0.12108795977535063,0.11553607459636869,0.22916783302591115,2.10480002904449,3.1955550861363045,0.5500653218912159,0.8351216328492002,0.5500653218912159,814160,203540,81416,122124,0.75,,,,,,,,,0.007079131690330319,1
bayesfl_observability_v1,vi_sparse_bayesian_keep010_seed42,54,vi,227,18,1,,5,256,545.4036599159241,0.0005264088395051658,1415.8244013929252,1415.8244013929252,,,3.8198852192011588,0.025057921186089516,0.9947541098280135,3.8198852192011588,,-0.0,2.3163460082440825,545.4036599159241,1415.8244013929252,1415.8244013929252,0.013912001585859538,0.0005264088395051658,1415.8244013929252,0.005,37.341658960018236,0.07367431176589341,0.07373261079192162,0.08272715881466866,0.1127132996916771,1.2806907120139304,1.0770363794633968,2.6538347785179766,,,,,,,,,,,,,,,,,,1,update_snr,bayesian,0.1,20,101770,10177,0.1,0.26498693928801487,0.13861856169018932,0.1291426607539673,0.26498631523660016,0.13861856169018932,0.1291426607539673,0.26498631523660016,0.2983513473036307,0.2921660825560632,0.33634627648057375,0.12087047439980693,0.11502116715788131,0.22876614925907074,0.2983513473036307,0.2921660825560632,0.33634627648057375,0.12087047439980693,0.11502116715788131,0.22876614925907074,2.105552566196263,3.187188648143663,0.5512083335940107,0.834367648567773,0.5512083335940107,814160,203540,81416,122124,0.75,,,,,,,,,0.007077676620479169,1
bayesfl_observability_v1,vi_sparse_bayesian_keep010_seed42,54,vi,1,0,3,,5,256,587.0347539901734,1.531113624572754,475.7177375129934,475.7177375129934,,,3.833219727668967,0.025067558512091637,0.9947163756234553,3.833219727668967,,-0.0,2.3277319754160017,587.0347539901734,1427.1532125389801,475.7177375129934,0.014023319372496611,1.531113624572754,475.7177375129934,0.005,37.338128804116714,0.07367612862152546,0.07372166588902473,0.08271462619304656,0.11328896135091782,1.2807670818664754,1.076339126303778,2.6552763015123966,,,,,,,,,,,,,,,,,,1,update_snr,bayesian,0.1,20,101770,10177,0.1,0.2661752548335612,0.1391390939642366,0.12967809410164136,0.26617386733038606,0.1391390939642366,0.12967809410164136,0.26617386733038606,0.2993692517058065,0.29285721652482083,0.3366487711864118,0.12133574310406216,0.1155379534489354,0.22986577865837893,0.2993692517058065,0.29285721652482083,0.3366487711864118,0.12133574310406216,0.1155379534489354,0.22986577865837893,2.108986661383709,3.2008981150133717,0.5501867388818361,0.8350416470802944,0.5501867388818361,814160,203540,81416,122124,0.75,,,,,,,,,0.00708412335612924,3
bayesfl_observability_v1,vi_sparse_bayesian_keep010_seed42,54,vi,10,0,11,,5,256,564.8387750148773,0.15080833435058594,129.37194824527086,129.37194824527086,,,3.828921920960336,0.025003531947731972,0.9947328670486206,3.828921920960336,,-0.0,2.3163460082440825,564.8387750148773,1423.0914306979794,129.37194824527086,0.01398340798563407,0.15080833435058594,129.37194824527086,0.005,37.35484987649568,0.07367991023849144,0.07372952252626419,0.08277061209082603,0.11225804686546326,1.2816334878317757,1.0760953552713264,2.6546052465348517,,,,,,,,,,,,,,,,,,1,update_snr,bayesian,0.1,20,101770,10177,0.1,0.26541117371570133,0.13906357012630202,0.12964907647699556,0.26540825950238395,0.13906357012630202,0.12964907647699556,0.26540825950238395,0.2989652714328147,0.2926494760928861,0.33613780625399825,0.12129671442557839,0.11580041378803002,0.2291342821818638,0.2989652714328147,0.2926494760928861,0.33613780625399825,0.12129671442557839,0.11580041378803002,0.2291342821818638,2.107967909676927,3.1964221198995117,0.5505382332654685,0.8348099506552,0.5505382332654685,814160,203540,81416,122124,0.75,,,,,,,,,0.007081451709829392,11
bayesfl_observability_v1,vi_sparse_bayesian_keep010_seed42,54,vi,48,3,1,,5,256,574.6720864534378,0.0004253674705978483,1414.47752163209,1414.47752163209,,,3.817664697619209,0.025087371468544006,0.9947588067765776,3.817664697619209,,-0.0,2.3292713582565514,574.6720864534378,1414.47752163209,1414.47752163209,0.013898767039717893,0.0004253674705978483,1414.47752163209,0.005,37.336429725482404,0.07367709956399184,0.0737302228808403,0.082709202170372,0.116208516061306,1.2810642402700334,1.074590066045644,2.6516959146882733,,,,,,,,,,,,,,,,,,1,update_snr,bayesian,0.1,20,101770,10177,0.1,0.26485569024972044,0.13845033676731416,0.12874820053360655,0.26484954840664,0.13845033676731416,0.12874820053360655,0.26484954840664,0.29861286289118866,0.29227796704492753,0.3368932498724416,0.12065450053132813,0.11476330545813025,0.22886387621910573,0.29861286289118866,0.29227796704492753,0.3368932498724416,0.12065450053132813,0.11476330545813025,0.22886387621910573,2.1084029364419377,3.1826405390887285,0.5522755672484256,0.8336616206953698,0.5522755672484256,814160,203540,81416,122124,0.75,,,,,,,,,0.007076961935398368,1
bayesfl_observability_v1,vi_sparse_bayesian_keep010_seed42,54,vi,127,10,1062,,5,256,2014.0347947478294,0.02734563096992938,2.2046708907094335,2.2046708907094335,,,4.872410691224906,0.06874749064445496,0.9915149729801784,4.872410691224906,,-0.0,2.28098669344155,2014.0347947478294,2341.360485933418,2.2046708907094335,0.02300639172578774,0.02734563096992938,2.2046708907094335,0.005,37.482210344947994,0.07424923957248557,0.07423930242657661,0.08371485099196434,0.12300411611795425,1.2769904665461635,1.072451155070132,2.6409952200154345,,,,,,,,,,,,,,,,,,1,update_snr,bayesian,0.1,20,101770,10177,0.1,0.33956396425504576,0.1648282063964034,0.13950205672799207,0.3395614535007171,0.1648282063964034,0.13950205672799207,0.3395614535007171,0.42613891001475473,0.4054413562271463,0.5315876361193012,0.1357936837721421,0.12350675079537378,0.27090822605613984,0.42613891001475473,0.4054413562271463,0.5315876361193012,0.1357936837721421,0.12350675079537378,0.27090822605613984,3.193986053710601,3.6795161411067534,0.6555248020169755,0.7551736448927577,0.6555248020169755,814160,203540,81416,122124,0.75,,,,,,,,,0.007398636447451899,1062
bayesfl_observability_v1,vi_sparse_bayesian_keep010_seed42,54,vi,69,5,63,,5,256,644.5518745422363,0.2965216863723028,22.7578090061669,22.7578090061669,,,3.844636673929933,0.025104429572820663,0.9946860595466731,3.844636673929933,,0.6915136378174996,1.579280430685095,644.5518745422363,1433.7419673885147,22.7578090061669,0.01408806099428628,0.2965216863723028,22.7578090061669,0.005,37.34278739521423,0.07367826564867265,0.07372631877660751,0.08272375464439392,0.11649274826049805,1.2803261600660483,1.0751950653641091,2.651453681731694,,,,,,,,,,,,,,,,,,1,update_snr,bayesian,0.1,20,101770,10177,0.1,0.26640558775811135,0.13960591604251943,0.1304471145529434,0.2663986959537154,0.13960591604251943,0.1304471145529434,0.2663986959537154,0.2993932504124764,0.2932956486640974,0.33680689626921395,0.12185176777919089,0.11627611452333639,0.230157965572626,0.2993932504124764,0.2932956486640974,0.33680689626921395,0.12185176777919089,0.11627611452333639,0.230157965572626,2.1119871915778257,3.212591050404368,0.5493333624732301,0.8356032891712764,0.5493333624732301,814160,203540,81416,122124,0.75,,,,,,,,,0.0070859409383141,63
bayesfl_observability_v1,vi_sparse_bayesian_keep010_seed42,54,vi,70,5,1,,5,256,580.7778676986694,5.985530853271484,1420.5128638939211,1420.5128638939211,,,3.824078012768075,0.025068119168281555,0.9947441488346209,3.824078012768075,,-0.0,2.3277319754160017,580.7778676986694,1420.5128638939211,1420.5128638939211,0.013958070786026542,5.985530853271484,1420.5128638939211,0.005,37.34743707384603,0.07367684435521418,0.0737442672252655,0.08273749127984047,0.11667805165052414,1.2815265146675077,1.07681172208183,2.6539608933398164,,,,,,,,,,,,,,,,,,1,update_snr,bayesian,0.1,20,101770,10177,0.1,0.2652031833271154,0.13884212193233048,0.12921637958253923,0.2651916480230343,0.13884212193233048,0.12921637958253923,0.2651916480230343,0.2988438377988793,0.2921118619615073,0.3371016017228691,0.12106415350271395,0.11515767173247231,0.2288060740805848,0.2988438377988793,0.2921118619615073,0.3371016017228691,0.12106415350271395,0.11515767173247231,0.2288060740805848,2.107783462251858,3.1907399649601365,0.5511873594665843,0.8343815043277597,0.5511873594665843,814160,203540,81416,122124,0.75,,,,,,,,,0.007078127132405694,1
bayesfl_observability_v1,vi_sparse_bayesian_keep010_seed42,54,vi,149,11,1,,5,256,547.6559258460999,3.2572662830352783,1428.5741005091654,1428.5741005091654,,,3.835520290900782,0.025089111179113388,0.994717527201379,3.835520290900782,,-0.0,2.3277319754160017,547.6559258460999,1428.5741005091654,1428.5741005091654,0.014037281129106469,3.2572662830352783,1428.5741005091654,0.005,37.36489417600979,0.07367337725842803,0.07372084632515907,0.08272666707634926,0.11669240146875381,1.2818193741501773,1.077060073174704,2.6534580293278474,,,,,,,,,,,,,,,,,,1,update_snr,bayesian,0.1,20,101770,10177,0.1,0.266164741047205,0.1391932575044334,0.1297925852855814,0.2661618521096694,0.1391932575044334,0.1297925852855814,0.2661618521096694,0.29956478886394267,0.2927272575554472,0.3377285979837949,0.12137419846448794,0.11543250440215747,0.22959355797778627,0.29956478886394267,0.2927272575554472,0.3377285979837949,0.12137419846448794,0.11543250440215747,0.22959355797778627,2.1118935557252985,3.2017372645483557,0.5506146221506013,0.8347595689022986,0.5506146221506013,814160,203540,81416,122124,0.75,,,,,,,,,0.007086575231087573,1
bayesfl_observability_v1,vi_sparse_bayesian_keep010_seed42,55,vi,195,15,1,,5,256,559.4084633767604,0.1899125725030899,1408.365450759675,1408.365450759675,,,3.8225177389047293,0.025059405714273453,0.9948730430713884,3.8225177389047293,,-0.0,2.185987945410232,559.4084633767604,1408.365450759675,1408.365450759675,0.013838709352065196,0.1899125725030899,1408.365450759675,0.005,37.79740176919876,0.07395987474189633,0.07400096952915192,0.08302059024572372,0.11653244495391846,1.291581976781336,1.0859791363326934,2.671972121329655,,,,,,,,,,,,,,,,,,1,update_snr,bayesian,0.1,20,101770,10177,0.1,0.26477171962404783,0.13804886599496832,0.12811309521595093,0.26477009941974994,0.13804886599496832,0.12811309521595093,0.26477009941974994,0.29821982612448156,0.2917323087132553,0.33623562054406525,0.12025209264724464,0.11436709849286002,0.2284032652404211,0.29821982612448156,0.2917323087132553,0.33623562054406525,0.12025209264724464,0.11436709849286002,0.2284032652404211,2.109817341842655,3.1875245329724646,0.5519444214396723,0.8338809001539885,0.5519444214396723,814160,203540,81416,122124,0.75,,,,,,,,,0.007100272991484347,1
bayesfl_observability_v1,vi_sparse_bayesian_keep010_seed42,55,vi,284,22,369,,5,256,1291.297502028942,0.008229801325294061,6.285845217235471,6.285845217235471,,,4.905463258442966,0.046830952167510986,0.9915913789510618,4.905463258442966,,-0.0,2.3096097079310103,1291.297502028942,2319.4768851598888,6.285845217235471,0.02279136174864782,0.008229801325294061,6.285845217235471,0.005,37.90656932073169,0.0742042078312358,0.07425626367330551,0.08339932188391685,0.11314229667186737,1.29084524047314,1.0846619882330577,2.671831144751114,,,,,,,,,,,,,,,,,,1,update_snr,bayesian,0.1,20,101770,10177,0.1,0.3443827992563124,0.17127412403349868,0.15109572681724692,0.34436397157013837,0.17127412403349868,0.15109572681724692,0.34436397157013837,0.4121566338253411,0.39793490086195143,0.49079572445894704,0.14450940072329393,0.1342960010361217,0.28223549953557214,0.4121566338253411,0.39793490086195143,0.49079572445894704,0.14450940072329393,0.1342960010361217,0.28223549953557214,3.010779477581596,3.8728254178709856,0.6137604786662375,0.7894922892767221,0.6137604786662375,814160,203540,81416,122124,0.75,,,,,,,,,0.007201613411835871,369
bayesfl_observability_v1,vi_sparse_bayesian_keep010_seed42,55,vi,161,12,1,,5,256,580.4342443227767,0.5327953100204468,1403.7692226815327,1403.7692226815327,,,3.8180965356165433,0.02503163367509842,0.9948835914090807,3.8180965356165433,,-0.0,2.3163460082440825,580.4342443227767,1403.7692226815327,1403.7692226815327,0.013793546454569448,0.5327953100204468,1403.7692226815327,0.005,37.792425277986574,0.07396257686230784,0.07404352352023125,0.08299899473786355,0.11500353366136551,1.2913379474398121,1.084572850391932,2.6720958550356295,,,,,,,,,,,,,,,,,,1,update_snr,bayesian,0.1,20,101770,10177,0.1,0.2635008675135254,0.13810981022830326,0.1288527265760427,0.2634954033509189,0.13810981022830326,0.1288527265760427,0.2634954033509189,0.29675534491778693,0.29047578943994373,0.3341427134754592,0.12048252859613844,0.1147800731189527,0.22749438862285778,0.29675534491778693,0.29047578943994373,0.3341427134754592,0.12048252859613844,0.1147800731189527,0.22749438862285778,2.10399201139903,3.1860757635775285,0.5510578351731693,0.8344670528512563,0.5510578351731693,814160,203540,81416,122124,0.75,,,,,,,,,0.007098706600066853,1
bayesfl_observability_v1,vi_sparse_bayesian_keep010_seed42,55,vi,137,11,1415,,5,256,2051.5716727455456,0.024678017309613446,1.516324129508199,1.516324129508199,,,4.657209991750593,0.06392819434404373,0.9924318786319394,4.657209991750593,,-0.0,2.185987945410232,2051.5716727455456,2145.5986432541017,1.516324129508199,0.021082820509522468,0.024678017309613446,1.516324129508199,0.005,37.92535724140146,0.07458836577801219,0.07456531748175621,0.08416720554232598,0.11833465099334717,1.2862710815176697,1.0798941209119155,2.6590842608474192,,,,,,,,,,,,,,,,,,1,update_snr,bayesian,0.1,20,101770,10177,0.1,0.32268684593560676,0.15667228687909202,0.13293792428771412,0.32267754967189055,0.15667228687909202,0.13293792428771412,0.32267754967189055,0.40552508099554874,0.38524817761502406,0.5059800024661714,0.12902197642170793,0.11781573278303482,0.2568350661712788,0.40552508099554874,0.38524817761502406,0.5059800024661714,0.12902197642170793,0.11781573278303482,0.2568350661712788,3.0605800892788664,3.510335372065106,0.6571703003944704,0.7537421285024793,0.6571703003944704,814160,203540,81416,122124,0.75,,,,,,,,,0.007456448683870957,1415
bayesfl_observability_v1,vi_sparse_bayesian_keep010_seed42,55,vi,65,5,50,,5,256,579.4140430688858,0.0012414386868476867,28.24063516468396,28.24063516468396,,,3.830260679070353,0.025086265057325363,0.9948522046660221,3.830260679070353,,-0.0,2.3155014849272724,579.4140430688858,1412.0317582341982,28.24063516468396,0.01387473477679275,0.0012414386868476867,28.24063516468396,0.005,37.79742116907812,0.0739590885087451,0.07402417808771133,0.08301015570759773,0.1136493906378746,1.2913147635420534,1.0852823613290816,2.672022771269582,,,,,,,,,,,,,,,,,,1,update_snr,bayesian,0.1,20,101770,10177,0.1,0.2646475326542594,0.1383775035810689,0.12932676461458587,0.26464047125594264,0.1383775035810689,0.12932676461458587,0.26464047125594264,0.2977008846076046,0.2914000941252411,0.3347830421145866,0.12067490568923162,0.11480186069932354,0.22850076653108517,0.2977008846076046,0.2914000941252411,0.3347830421145866,0.12067490568923162,0.11480186069932354,0.22850076653108517,2.1115473549047876,3.1956634111913425,0.5512803257603041,0.8343200839184046,0.5512803257603041,814160,203540,81416,122124,0.75,,,,,,,,,0.007099807790113987,50
bayesfl_observability_v1,vi_sparse_bayesian_keep010_seed42,55,vi,71,5,1,,5,256,553.1479545593262,0.006451256573200226,1409.0174869178827,1409.0174869178827,,,3.8239612208187324,0.025015220046043396,0.9948708359760794,3.8239612208187324,,-0.0,2.3155014849272724,553.1479545593262,1409.0174869178827,1409.0174869178827,0.013845116310483274,0.006451256573200226,1409.0174869178827,0.005,37.803552653820624,0.07395597442335208,0.07403440400958061,0.08299973234534264,0.11624893546104431,1.2922159886738822,1.087016440653819,2.67330727751885,,,,,,,,,,,,,,,,,,1,update_snr,bayesian,0.1,20,101770,10177,0.1,0.2639102420068386,0.13831109112915999,0.12886327397642058,0.2639092320088548,0.13831109112915999,0.12886327397642058,0.2639092320088548,0.29748057330004873,0.29092430879001063,0.3349845786253872,0.12062559311017235,0.1150942302624162,0.22815465112032982,0.29748057330004873,0.29092430879001063,0.3349845786253872,0.12062559311017235,0.1150942302624162,0.22815465112032982,2.106571239224925,3.1914004813554615,0.5508871867622904,0.8345797190569219,0.5508871867622904,814160,203540,81416,122124,0.75,,,,,,,,,0.0070953808881166125,1
bayesfl_observability_v1,vi_sparse_bayesian_keep010_seed42,55,vi,266,21,1,,5,256,572.7793658018112,2.2119438648223877,1412.0124057431597,1412.0124057431597,,,3.827240854533456,0.02510569989681244,0.9948651377447718,3.827240854533456,,-0.0,2.185987945410232,572.7793658018112,1412.0124057431597,1412.0124057431597,0.013874544617698336,2.2119438648223877,1412.0124057431597,0.005,37.81477649645155,0.07395836501842142,0.07400451973080635,0.08303153067827225,0.11191459000110626,1.2923096026012018,1.0859135278841845,2.6712714250658287,,,,,,,,,,,,,,,,,,1,update_snr,bayesian,0.1,20,101770,10177,0.1,0.2639404831284842,0.13849058014279925,0.12974009921705568,0.26393362919505403,0.13849058014279925,0.12974009921705568,0.26393362919505403,0.297499413617424,0.2910944447268182,0.33488046446400055,0.12082293197895204,0.11553015190918496,0.22837427499242924,0.297499413617424,0.2910944447268182,0.33488046446400055,0.12082293197895204,0.11553015190918496,0.22837427499242924,2.1055634305684396,3.195993616774423,0.5501517961887219,0.8350646688432724,0.5501517961887219,814160,203540,81416,122124,0.75,,,,,,,,,0.0070948740280929725,1
bayesfl_observability_v1,vi_sparse_bayesian_keep010_seed42,55,vi,93,7,45,,5,256,619.2667432785034,0.08999580807156032,31.62406355860163,31.62406355860163,,,3.844010949933753,0.02508656680583954,0.9948192511913361,3.844010949933753,,-0.0,2.3096097079310103,619.2667432785034,1423.0828601370733,31.62406355860163,0.013983323770630572,0.08999580807156032,31.62406355860163,0.005,37.812464564112446,0.07396353174828617,0.07402417063713074,0.08300785198807717,0.11247465014457703,1.2919605236114204,1.0831431868127201,2.6719155956863188,,,,,,,,,,,,,,,,,,1,update_snr,bayesian,0.1,20,101770,10177,0.1,0.2649000991857931,0.13908383058209628,0.1298424352601451,0.2648945341590021,0.13908383058209628,0.1298424352601451,0.2648945341590021,0.29842288895403757,0.29234553147537745,0.3352598662800772,0.12137949076299169,0.11554946479998714,0.22958593268221128,0.29842288895403757,0.29234553147537745,0.3352598662800772,0.12137949076299169,0.11554946479998714,0.22958593268221128,2.1119732190820746,3.2118513827838773,0.5494191474970882,0.8355468869929286,0.5494191474970882,814160,203540,81416,122124,0.75,,,,,,,,,0.007099875556370174,45
bayesfl_observability_v1,vi_sparse_bayesian_keep010_seed42,55,vi,5,0,1,,5,256,557.3458637714386,0.016438761726021767,1414.358751920826,1414.358751920826,,,3.8313204849654108,0.025067735463380814,0.9948484030562783,3.8313204849654108,,-0.0,2.311121424016332,557.3458637714386,1414.358751920826,1414.358751920826,0.013897599999222032,0.016438761726021767,1414.358751920826,0.005,37.79391469461121,0.07396354305542258,0.0740342065691948,0.08300990611314774,0.11355217546224594,1.2911511586944502,1.0856702259085416,2.67147436019619,,,,,,,,,,,,,,,,,,1,update_snr,bayesian,0.1,20,101770,10177,0.1,0.26442365585114275,0.13857589908894463,0.12925194839850718,0.2644200986331709,0.13857589908894463,0.12925194839850718,0.2644200986331709,0.29786814632562714,0.291379405879934,0.3353443935954877,0.12087676050709104,0.1155135499097991,0.22873455482722438,0.29786814632562714,0.291379405879934,0.3353443935954877,0.12087676050709104,0.1155135499097991,0.22873455482722438,2.1097617165611684,3.1981122803692297,0.550661769183795,0.8347284684011764,0.550661769183795,814160,203540,81416,122124,0.75,,,,,,,,,0.00709506418911049,1
bayesfl_observability_v1,vi_sparse_bayesian_keep010_seed42,55,vi,9,0,1,,5,256,576.5083428710699,0.1683913767337799,1408.3758358502296,1408.3758358502296,,,3.822449834390798,0.02505200356245041,0.99487641290307,3.822449834390798,,-0.0,2.3292713582565514,576.5083428710699,1408.3758358502296,1408.3758358502296,0.013838811396779302,0.1683913767337799,1408.3758358502296,0.005,37.80902644885356,0.073959577594813,0.07403656467795372,0.08302860632538796,0.11628715693950653,1.2916305009853968,1.0857481777991465,2.668869579725915,,,,,,,,,,,,,,,,,,1,update_snr,bayesian,0.1,20,101770,10177,0.1,0.263615268004216,0.1383362280002208,0.1290193356928087,0.2636150251090145,0.1383362280002208,0.1290193356928087,0.2636150251090145,0.2971406460516915,0.29036403659574517,0.3351160169290984,0.1206912926611685,0.11508295368156754,0.2279978046216638,0.2971406460516915,0.29036403659574517,0.3351160169290984,0.1206912926611685,0.11508295368156754,0.2279978046216638,2.1046129413218844,3.190881869272928,0.5505926912072363,0.8347740343285562,0.5505926912072363,814160,203540,81416,122124,0.75,,,,,,,,,0.00709857171943179,1
bayesfl_observability_v1,vi_sparse_bayesian_keep010_seed42,55,vi,244,19,1,,5,256,566.6192774772644,0.013339675031602383,1412.5613427414698,1412.5613427414698,,,3.829683474182547,0.025089435279369354,0.994853857146167,3.829683474182547,,-0.0,2.28098669344155,566.6192774772644,1412.5613427414698,1412.5613427414698,0.013879938515687038,0.013339675031602383,1412.5613427414698,0.005,37.79778013534782,0.07395984742973852,0.0740092508494854,0.08301437348127365,0.11349108070135117,1.2911280935444092,1.0846248940897605,2.671747471370441,,,,,,,,,,,,,,,,,,1,update_snr,bayesian,0.1,20,101770,10177,0.1,0.2642951823927794,0.1384866374732204,0.12900419882119135,0.26429116681581494,0.1384866374732204,0.12900419882119135,0.26429116681581494,0.2979845699207534,0.2913959496827959,0.33581282834954496,0.12076464497905008,0.11545456279218341,0.22841766906255426,0.2979845699207534,0.2913959496827959,0.33581282834954496,0.12076464497905008,0.11545456279218341,0.22841766906255426,2.1111940639314604,3.1952050226624706,0.5512711633125499,0.8343261379700558,0.5512711633125499,814160,203540,81416,122124,0.75,,,,,,,,,0.007099914042181318,1
bayesfl_observability_v1,vi_sparse_bayesian_keep010_seed42,55,vi,41,3,6,,5,256,572.9688268661499,2.4903361002604165,235.68419584217145,235.68419584217145,,,3.832572014353674,0.025098644196987152,0.9948473565854165,3.832572014353674,,-0.0,2.4040642619438994,572.9688268661499,1414.1051750530287,235.68419584217145,0.013895108333035557,2.4903361002604165,235.68419584217145,0.005,37.80249026265847,0.07396092735094752,0.07402784004807472,0.08300392776727676,0.11563101410865784,1.291181543114285,1.0844561446922154,2.6676600475008776,,,,,,,,,,,,,,,,,,1,update_snr,bayesian,0.1,20,101770,10177,0.1,0.2642538349882548,0.13855447726936682,0.12918536280480097,0.26425167587454124,0.13855447726936682,0.12918536280480097,0.26425167587454124,0.29801124845524707,0.2917885622255518,0.3362471078657863,0.12083705824871348,0.11507338625999802,0.22868573977661555,0.29801124845524707,0.2917885622255518,0.3362471078657863,0.12083705824871348,0.11507338625999802,0.22868573977661555,2.1098125078696746,3.1995780076197033,0.5504952026910508,0.8348383267520365,0.5504952026910508,814160,203540,81416,122124,0.75,,,,,,,,,0.007092178438510538,6
bayesfl_observability_v1,vi_sparse_bayesian_keep010_seed42,55,vi,47,3,1,,5,256,542.4535477876664,0.10527065396308899,1412.8006126375774,1412.8006126375774,,,3.829981217798898,0.025007542222738266,0.9948588945670145,3.829981217798898,,-0.0,2.3292713582565514,542.4535477876664,1412.8006126375774,1412.8006126375774,0.013882289600447847,0.10527065396308899,1412.8006126375774,0.005,37.8187710556121,0.07395850770604467,0.07401567324995995,0.0830195926129818,0.11535415798425674,1.2921761349682999,1.0864572579695881,2.6742072341536924,,,,,,,,,,,,,,,,,,1,update_snr,bayesian,0.1,20,101770,10177,0.1,0.2640913128718817,0.13855458635659465,0.12938897699111362,0.2640834715617132,0.13855458635659465,0.12938897699111362,0.2640834715617132,0.29767657467466535,0.2914379063450958,0.33543277869405724,0.12087436543236459,0.11518561333289705,0.22873783500237707,0.29767657467466535,0.2914379063450958,0.33543277869405724,0.12087436543236459,0.11518561333289705,0.22873783500237707,2.1083970951999347,3.197407984234233,0.5504980247427002,0.8348364658748361,0.5504980247427002,814160,203540,81416,122124,0.75,,,,,,,,,0.00709556352268369,1
bayesfl_observability_v1,vi_sparse_bayesian_keep010_seed42,55,vi,17,1,202,,5,256,683.1230789661407,0.0018606000017411639,7.115276174284856,7.115276174284856,,,3.864183756465374,0.025072649121284485,0.9947660520826126,3.864183756465374,,-0.0,2.3292713582565514,683.1230789661407,1437.2857872055408,7.115276174284856,0.014122882845686753,0.0018606000017411639,7.115276174284856,0.005,37.817640158180005,0.07395527740001351,0.07402579486370087,0.08299818485975266,0.11456707119941711,1.2923651975562276,1.0866630444258174,2.6767087208335383,,,,,,,,,,,,,,,,,,1,update_snr,bayesian,0.1,20,101770,10177,0.1,0.2646451271255947,0.14027783615059475,0.13222924081527412,0.2646409087139625,0.14027783615059475,0.13222924081527412,0.2646409087139625,0.29796856078603384,0.291553822773722,0.3354389248975259,0.12275664452443483,0.11831295189448947,0.22975090879975188,0.29796856078603384,0.291553822773722,0.3354389248975259,0.12275664452443483,0.11831295189448947,0.22975090879975188,2.109662916044908,3.2374740901504926,0.5459530521847252,0.8378157702085726,0.5459530521847252,814160,203540,81416,122124,0.75,,,,,,,,,0.007098918356471919,202
bayesfl_observability_v1,vi_sparse_bayesian_keep010_seed42,55,vi,23,1,73,,5,256,595.3540140628814,0.0014281238186849307,19.516251854529596,19.516251854529596,,,3.8465856591764838,0.025025758892297745,0.9948123461169068,3.8465856591764838,,-0.0,2.185987945410232,595.3540140628814,1424.6863853806606,19.516251854529596,0.01399908013540985,0.0014281238186849307,19.516251854529596,0.005,37.81266789171123,0.07395893478511863,0.07402065768837929,0.08302319273352624,0.112741619348526,1.2922804920679716,1.0853137271833648,2.6722262317511216,,,,,,,,,,,,,,,,,,1,update_snr,bayesian,0.1,20,101770,10177,0.1,0.2643451127672906,0.13939012234011447,0.1307163191969229,0.2643414758059814,0.13939012234011447,0.1307163191969229,0.2643414758059814,0.29779133994521095,0.2918322817072726,0.3349701743561951,0.1217899870506593,0.11654722304946274,0.22939332000896726,0.29779133994521095,0.2918322817072726,0.3349701743561951,0.1217899870506593,0.11654722304946274,0.22939332000896726,2.1064367237839576,3.218562654676231,0.547612067018137,0.8367323491153694,0.547612067018137,814160,203540,81416,122124,0.75,,,,,,,,,0.007098511219873625,73
bayesfl_observability_v1,vi_sparse_bayesian_keep010_seed42,56,vi,220,17,1,,5,256,528.1416610598565,0.0017522709676995873,1403.120289585446,1403.120289585446,,,3.8312465947837255,0.025040024891495705,0.9949881318793756,3.8312465947837255,,-0.0,2.3096097079310103,528.1416610598565,1403.120289585446,1403.120289585446,0.013787169987083089,0.0017522709676995873,1403.120289585446,0.005,38.31501062046267,0.07427615082204207,0.07433376833796501,0.08337267488241196,0.11599215120077133,1.3043280117056848,1.0967814833978513,2.694424832017296,,,,,,,,,,,,,,,,,,1,update_snr,bayesian,0.1,20,101770,10177,0.1,0.2640218856804574,0.1378756153682232,0.12828645370106462,0.2640154476907307,0.1378756153682232,0.12828645370106462,0.2640154476907307,0.297490613143064,0.29121970842894374,0.33545840010284866,0.12014061561546313,0.11408982071129607,0.2277553177758548,0.297490613143064,0.29121970842894374,0.33545840010284866,0.12014061561546313,0.11408982071129607,0.2277553177758548,2.1135185825870426,3.195542156051327,0.5516529751607782,0.8340737347478715,0.5516529751607782,814160,203540,81416,122124,0.75,,,,,,,,,0.0071278060051414216,1
bayesfl_observability_v1,vi_sparse_bayesian_keep010_seed42,56,vi,41,3,6,,5,256,591.5061054229736,2.426192124684652,233.18646163655774,233.18646163655774,,,3.825511504807552,0.025064140558242798,0.9949986914581151,3.825511504807552,,-0.0,2.4040642619438994,591.5061054229736,1399.1187698193464,233.18646163655774,0.013747850740093805,2.426192124684652,233.18646163655774,0.005,38.29794882736464,0.07427266085580968,0.07435187324881554,0.08335489109158517,0.11560916900634766,1.3028945820837887,1.0943765157786052,2.6956365067920602,,,,,,,,,,,,,,,,,,1,update_snr,bayesian,0.1,20,101770,10177,0.1,0.2632612366922687,0.13765609996058578,0.12796138419691783,0.2632572685133051,0.13765609996058578,0.12796138419691783,0.2632572685133051,0.29656087803359077,0.289904769519442,0.33419666688979355,0.12000001350802968,0.11389740681418702,0.22775723523872535,0.29656087803359077,0.289904769519442,0.33419666688979355,0.12000001350802968,0.11389740681418702,0.22775723523872535,2.1065382022962176,3.1932796738903995,0.5506553044341688,0.834732733093961,0.5506553044341688,814160,203540,81416,122124,0.75,,,,,,,,,0.0071281541581326565,6
bayesfl_observability_v1,vi_sparse_bayesian_keep010_seed42,56,vi,47,3,1,,5,256,561.582323539257,0.0824877992272377,1400.6516394058397,1400.6516394058397,,,3.8295638624269945,0.025047332048416138,0.9949865571312199,3.8295638624269945,,-0.0,2.3292713582565514,561.582323539257,1400.6516394058397,1400.6516394058397,0.013762912836846218,0.0824877992272377,1400.6516394058397,0.005,38.292030356616976,0.07427305497007274,0.074358269572258,0.08335104510188103,0.11247942596673965,1.302716373316458,1.0946536106661213,2.69276384370422,,,,,,,,,,,,,,,,,,1,update_snr,bayesian,0.1,20,101770,10177,0.1,0.2634065319124505,0.13782813529532098,0.12871645199752701,0.2634047218219625,0.13782813529532098,0.12871645199752701,0.2634047218219625,0.2964755331865537,0.29017079135592877,0.33408941323179236,0.12020064664073955,0.11459699941165798,0.22744734827550567,0.2964755331865537,0.29017079135592877,0.33408941323179236,0.12020064664073955,0.11459699941165798,0.22744734827550567,2.1072091029401263,3.197691225383252,0.5502478033111263,0.8350014101492769,0.5502478033111263,814160,203540,81416,122124,0.75,,,,,,,,,0.007127347577513965,1
bayesfl_observability_v1,vi_sparse_bayesian_keep010_seed42,56,vi,50,4,1,,5,256,551.1313318252563,0.12790217995643616,1409.131407193555,1409.131407193555,,,3.840048106751938,0.025097807869315147,0.9949632802273106,3.840048106751938,,-0.0,2.3163460082440825,551.1313318252563,1409.131407193555,1409.131407193555,0.013846235700044758,0.12790217995643616,1409.131407193555,0.005,38.30851205518905,0.07426841007409236,0.07433776929974556,0.08333569020032883,0.11622193455696106,1.3035611955146176,1.0965418412810854,2.6955167428709306,,,,,,,,,,,,,,,,,,1,update_snr,bayesian,0.1,20,101770,10177,0.1,0.26317510559308355,0.1384827131736851,0.12950895807072954,0.26316719518044573,0.1384827131736851,0.12950895807072954,0.26316719518044573,0.2969832675954047,0.290704642275948,0.33513318513772344,0.12087154046016071,0.11534648816798229,0.22792679387336787,0.2969832675954047,0.290704642275948,0.33513318513772344,0.12087154046016071,0.11534648816798229,0.22792679387336787,2.111400861283865,3.2074843515033566,0.5498370860436355,0.8352719190844647,0.5498370860436355,814160,203540,81416,122124,0.75,,,,,,,,,0.00712806920482607,1
bayesfl_observability_v1,vi_sparse_bayesian_keep010_seed42,56,vi,199,15,1,,5,256,569.9722563266754,0.5763848423957825,1398.2280502314902,1398.2280502314902,,,3.826869989832864,0.02504335343837738,0.9949947677700384,3.826869989832864,,-0.0,2.3277319754160017,569.9722563266754,1398.2280502314902,1398.2280502314902,0.01373909845958033,0.5763848423957825,1398.2280502314902,0.005,38.29653278529839,0.0742768292052755,0.07434112951159477,0.08336320891976357,0.11299873143434525,1.302422490649752,1.0915298715470105,2.696103321525597,,,,,,,,,,,,,,,,,,1,update_snr,bayesian,0.1,20,101770,10177,0.1,0.26336827339697527,0.13776605360681662,0.12836767705484542,0.2633610034971339,0.13776605360681662,0.12836767705484542,0.2633610034971339,0.2961562817880675,0.290076103702046,0.33305348170807997,0.12016713936445537,0.11416500576372628,0.2274560989363679,0.2961562817880675,0.290076103702046,0.33305348170807997,0.12016713936445537,0.11416500576372628,0.2274560989363679,2.109353219624484,3.193049156205275,0.5511954221670877,0.8343761781007694,0.5511954221670877,814160,203540,81416,122124,0.75,,,,,,,,,0.00712674925495761,1
bayesfl_observability_v1,vi_sparse_bayesian_keep010_seed42,56,vi,282,22,9,,5,256,573.3959204912186,0.005650293495919969,155.32294164449002,155.32294164449002,,,3.825094122121991,0.025095351040363312,0.995004918661413,3.825094122121991,,-0.0,2.185987945410232,573.3959204912186,1397.90647480041,155.32294164449002,0.013735938634179129,0.005650293495919969,155.32294164449002,0.005,38.31746038503429,0.07427299776642277,0.07435854896903038,0.08334577977657318,0.11210682988166809,1.3037265289228435,1.094701971974131,2.6994038054521403,,,,,,,,,,,,,,,,,,1,update_snr,bayesian,0.1,20,101770,10177,0.1,0.26282682255609574,0.13771101661368454,0.12811227726014765,0.26282520874009374,0.13771101661368454,0.12811227726014765,0.26282520874009374,0.2962796308884264,0.29000249605850237,0.3344298056162129,0.12009228169426875,0.11457574586742142,0.2272260021368116,0.2962796308884264,0.29000249605850237,0.3344298056162129,0.12009228169426875,0.11457574586742142,0.2272260021368116,2.107799155078743,3.1919473311665967,0.551045043019603,0.8344755002775845,0.551045043019603,814160,203540,81416,122124,0.75,,,,,,,,,0.007121425985762685,9
bayesfl_observability_v1,vi_sparse_bayesian_keep010_seed42,56,vi,171,13,11,,5,256,543.898556804657,0.7609975988214667,127.42463410838545,127.42463410838545,,,3.828838632315423,0.025079477578401566,0.9949869227740465,3.828838632315423,,0.6791932659915256,1.6161745905690754,543.898556804657,1401.67097519224,127.42463410838545,0.013772928910211653,0.7609975988214667,127.42463410838545,0.005,38.28590056436176,0.07427591589847125,0.07436530292034149,0.08336112573742867,0.11200757324695587,1.30226651946443,1.0942516390259904,2.697257565191351,,,,,,,,,,,,,,,,,,1,update_snr,bayesian,0.1,20,101770,10177,0.1,0.2632863224217989,0.13793864800129416,0.1282728540862961,0.26328200505634575,0.13793864800129416,0.1282728540862961,0.26328200505634575,0.2970062794862028,0.2904021327410551,0.33497178507022596,0.12026446672519323,0.11452583282872318,0.22767476888369656,0.2970062794862028,0.2904021327410551,0.33497178507022596,0.12026446672519323,0.11452583282872318,0.22767476888369656,2.110516452047178,3.1946401327769682,0.5512158267090197,0.8343626983425692,0.5512158267090197,814160,203540,81416,122124,0.75,,,,,,,,,0.007126115244645131,11
bayesfl_observability_v1,vi_sparse_bayesian_keep010_seed42,56,vi,62,5,333,,5,256,1360.0485433056951,0.003240786380953975,7.04592900401674,7.04592900401674,,,4.956767478863832,0.04719041287899017,0.991644185429168,4.956767478863832,,-0.0,2.4040642619438994,1360.0485433056951,2346.2943583375745,7.04592900401674,0.023054872342906305,0.003240786380953975,7.04592900401674,0.005,38.42351441853124,0.07451418517491457,0.07456405088305473,0.08375963047146798,0.11399191617965698,1.303566124530314,1.0936470925824047,2.698775535279437,,,,,,,,,,,,,,,,,,1,update_snr,bayesian,0.1,20,101770,10177,0.1,0.3445345011635195,0.17286010554124384,0.1533355017699803,0.3445330793237188,0.17286010554124384,0.1533355017699803,0.3445330793237188,0.41279219641064807,0.3992950141972988,0.4934487782246592,0.1462009843335323,0.13650526798204318,0.2830915680906186,0.41279219641064807,0.3992950141972988,0.4934487782246592,0.1462009843335323,0.13650526798204318,0.2830915680906186,3.0265830911185327,3.925473045644015,0.6105961403322215,0.7919421401916948,0.6105961403322215,814160,203540,81416,122124,0.75,,,,,,,,,0.0072389419069892645,333
bayesfl_observability_v1,vi_sparse_bayesian_keep010_seed42,56,vi,65,5,50,,5,256,620.1398666858673,0.0005702394247055054,27.96142550013875,27.96142550013875,,,3.8241845243769186,0.025080710649490356,0.9950054103706991,3.8241845243769186,,-0.0,2.3155014849272724,620.1398666858673,1398.0712750069374,27.96142550013875,0.0137375579739308,0.0005702394247055054,27.96142550013875,0.005,38.31038577975243,0.07427509141723704,0.0743396170437336,0.08337382823228837,0.11653207987546921,1.3036087982777698,1.095912781569294,2.694704127560324,,,,,,,,,,,,,,,,,,1,update_snr,bayesian,0.1,20,101770,10177,0.1,0.26293519026965495,0.13772705254676484,0.12842609427576568,0.2629332817237601,0.13772705254676484,0.12842609427576568,0.2629332817237601,0.2960383767254279,0.2892296731334046,0.33460694998780144,0.12013690541580226,0.11423350289454172,0.22760206819722612,0.2960383767254279,0.2892296731334046,0.33460694998780144,0.12013690541580226,0.11423350289454172,0.22760206819722612,2.103666955727806,3.193583037258126,0.5500955673865032,0.8351017104171935,0.5500955673865032,814160,203540,81416,122124,0.75,,,,,,,,,0.007124425667090761,50
bayesfl_observability_v1,vi_sparse_bayesian_keep010_seed42,56,vi,259,20,353,,5,256,1198.2871916294098,0.002844294306239055,6.343839836351847,6.343839836351847,,,4.840615340076761,0.0471145361661911,0.9920176058595392,4.840615340076761,,-0.0,2.185987945410232,1198.2871916294098,2239.375462232202,6.343839836351847,0.02200427888603913,0.002844294306239055,6.343839836351847,0.005,38.38633110650983,0.07452182815520653,0.07457113638520241,0.08373759910464287,0.11421435326337814,1.3023586342523485,1.096349349332229,2.695063202588559,,,,,,,,,,,,,,,,,,1,update_snr,bayesian,0.1,20,101770,10177,0.1,0.3389363169116219,0.16752880771074755,0.14656811333881486,0.3389362208053611,0.16752880771074755,0.14656811333881486,0.3389362208053611,0.40854626276785017,0.3937316419304517,0.4912393148633977,0.1407490904821806,0.13038393583497895,0.2759225447180145,0.40854626276785017,0.3937316419304517,0.4912393148633977,0.1407490904821806,0.13038393583497895,0.2759225447180145,3.0011017193257947,3.79801860722751,0.6199835162440741,0.7846148351807029,0.6199835162440741,814160,203540,81416,122124,0.75,,,,,,,,,0.007221932602200201,353
bayesfl_observability_v1,vi_sparse_bayesian_keep010_seed42,56,vi,107,8,1372,,5,256,1994.2750082602104,0.011083844821063839,1.5815513764207958,1.5815513764207958,,,4.706131009496582,0.0776716023683548,0.992465725182071,4.706131009496582,,-0.0,2.3155014849272724,1994.2750082602104,2169.888488449332,1.5815513764207958,0.02132149443302871,0.011083844821063839,1.5815513764207958,0.005,38.41027329451038,0.07491137328399994,0.0749124065041542,0.08452997431159019,0.12073986232280731,1.2966137520401815,1.0929092030768661,2.6860336964451834,,,,,,,,,,,,,,,,,,1,update_snr,bayesian,0.1,20,101770,10177,0.1,0.3260508108266274,0.15767647934736953,0.13298026201957103,0.3260507195974185,0.15767647934736953,0.13298026201957103,0.3260507195974185,0.4081496194634017,0.3877860012172359,0.510503768102683,0.12984613044558818,0.11805975708533138,0.25891270388983173,0.4081496194634017,0.3877860012172359,0.510503768102683,0.12984613044558818,0.11805975708533138,0.25891270388983173,3.0926343391967466,3.5472921958257917,0.6571500735861511,0.7537597633103817,0.6571500735861511,814160,203540,81416,122124,0.75,,,,,,,,,0.007508197086540286,1372
bayesfl_observability_v1,vi_sparse_bayesian_keep010_seed42,56,vi,242,19,1,,5,256,580.1855021476746,0.00036197309964336455,1404.5921889559859,1404.5921889559859,,,3.834374862561201,0.025069434195756912,0.9949792373600148,3.834374862561201,,-0.0,2.185987945410232,580.1855021476746,1404.5921889559859,1404.5921889559859,0.013801632985712744,0.00036197309964336455,1404.5921889559859,0.005,38.312456022050185,0.07427954783582073,0.07435232773423195,0.0833606816828251,0.11178874224424362,1.3030682291012243,1.0931088237877424,2.6929562839601395,,,,,,,,,,,,,,,,,,1,update_snr,bayesian,0.1,20,101770,10177,0.1,0.2632373378174908,0.13807916228249628,0.1291677114847169,0.2632338032648074,0.13807916228249628,0.1291677114847169,0.2632338032648074,0.2962700403072976,0.28978297611245457,0.33376512443461925,0.12050239805751836,0.11508944873864681,0.22777676074111664,0.2962700403072976,0.28978297611245457,0.33376512443461925,0.12050239805751836,0.11508944873864681,0.22777676074111664,2.1069761887816245,3.20360452093396,0.5494966622471161,0.835495911527567,0.5494966622471161,814160,203540,81416,122124,0.75,,,,,,,,,0.007130968597918706,1
bayesfl_observability_v1,vi_sparse_bayesian_keep010_seed42,56,vi,243,19,1,,5,256,552.624232006073,0.004324252251535654,1408.8398310958596,1408.8398310958596,,,3.8414195555451567,0.02507200837135315,0.9949589113687957,3.8414195555451567,,-0.0,2.185987945410232,552.624232006073,1408.8398310958596,1408.8398310958596,0.013843370650445707,0.004324252251535654,1408.8398310958596,0.005,38.30562602753743,0.0742699045095279,0.07431749254465103,0.08333703055977822,0.11507561057806015,1.3031802726613537,1.0950475191043663,2.696661981748251,,,,,,,,,,,,,,,,,,1,update_snr,bayesian,0.1,20,101770,10177,0.1,0.26355820280112946,0.13830065098789254,0.12891454825152418,0.2635515377670592,0.13830065098789254,0.12891454825152418,0.2635515377670592,0.29657359331153205,0.2903410200095675,0.33430305529801496,0.12071476850748818,0.11463820582015523,0.22877360367300714,0.29657359331153205,0.2903410200095675,0.33430305529801496,0.12071476850748818,0.11463820582015523,0.22877360367300714,2.109706840497315,3.2102400609430437,0.5491997971041502,0.8356910809986912,0.5491997971041502,814160,203540,81416,122124,0.75,,,,,,,,,0.007128612822072136,1
bayesfl_observability_v1,vi_sparse_bayesian_keep010_seed42,56,vi,248,19,1,,5,256,564.3652070462704,0.09291469305753708,1399.6844347846497,1399.6844347846497,,,3.826309955659031,0.025041654706001282,0.9949985978340401,3.826309955659031,,-0.0,2.28098669344155,564.3652070462704,1399.6844347846497,1399.6844347846497,0.013753409008397855,0.09291469305753708,1399.6844347846497,0.005,38.30566104457445,0.07427622411325771,0.07434636726975441,0.08337845131754876,0.1155843511223793,1.303136217680481,1.0924255764144304,2.6975572381306563,,,,,,,,,,,,,,,,,,1,update_snr,bayesian,0.1,20,101770,10177,0.1,0.2631950765538943,0.1378339835076132,0.12837897985853547,0.2631905570303465,0.1378339835076132,0.12837897985853547,0.2631905570303465,0.29654479673496975,0.2899697500183652,0.3343506707475774,0.12019944870457352,0.11425684770597985,0.2274527112651672,0.29654479673496975,0.2899697500183652,0.3343506707475774,0.12019944870457352,0.11425684770597985,0.2274527112651672,2.1065374331023783,3.194236672463998,0.5505401960410589,0.834808656245893,0.5505401960410589,814160,203540,81416,122124,0.75,,,,,,,,,0.007127026974186245,1
bayesfl_observability_v1,vi_sparse_bayesian_keep010_seed42,56,vi,177,14,1,,5,256,565.0223304986954,0.672783613204956,1401.8511425804497,1401.8511425804497,,,3.8305892144197418,0.02503054216504097,0.9949882502813229,3.8305892144197418,,-0.0,2.259365973874069,565.0223304986954,1401.8511425804497,1401.8511425804497,0.013774699249095506,0.672783613204956,1401.8511425804497,0.005,38.308980595936184,0.07427265483575227,0.07432493939995766,0.08335493281483651,0.11342382431030273,1.3028444969712276,1.0938836742082767,2.6967075658043766,,,,,,,,,,,,,,,,,,1,update_snr,bayesian,0.1,20,101770,10177,0.1,0.26322356256494145,0.13787841775681445,0.12886002793872162,0.2632211576893857,0.13787841775681445,0.12886002793872162,0.2632211576893857,0.2968256810917701,0.29045527439785634,0.33420280274704145,0.12021761071959716,0.11467896745849031,0.2274628754469965,0.2968256810917701,0.29045527439785634,0.33420280274704145,0.12021761071959716,0.11467896745849031,0.2274628754469965,2.109735649571066,3.19725338666766,0.5507600871503652,0.8346636007411148,0.5507600871503652,814160,203540,81416,122124,0.75,,,,,,,,,0.007128727273250643,1
bayesfl_observability_v1,vi_sparse_bayesian_keep010_seed42,57,vi,55,4,1,,5,256,570.6435671806336,0.06494339555501938,1389.6321641924023,1389.6321641924023,,,3.8291700932545942,0.025078587234020233,0.9951302974357301,3.8291700932545942,,-0.0,2.3292713582565514,570.6435671806336,1389.6321641924023,1389.6321641924023,0.013654634609338728,0.06494339555501938,1389.6321641924023,0.005,38.84702522336084,0.07459070317884982,0.07467054203152657,0.0837041512131691,0.11670541763305664,1.3161467502641,1.1071216968697937,2.7201030017323737,,,,,,,,,,,,,,,,,,1,update_snr,bayesian,0.1,20,101770,10177,0.1,0.2620229644678765,0.13725030221180368,0.12800484140038965,0.26201997093247237,0.13725030221180368,0.12800484140038965,0.26201997093247237,0.29570229758064454,0.28933084586731744,0.333491747126473,0.11964452494859915,0.11413221752534784,0.22670108388098653,0.29570229758064454,0.28933084586731744,0.333491747126473,0.11964452494859915,0.11413221752534784,0.22670108388098653,2.1109935709619885,3.194722170460612,0.5512927134474077,0.8343118985725874,0.5512927134474077,814160,203540,81416,122124,0.75,,,,,,,,,0.007161226302236954,1
bayesfl_observability_v1,vi_sparse_bayesian_keep010_seed42,57,vi,152,12,1,,5,256,535.5797846794128,2.218743324279785,1400.692180131761,1400.692180131761,,,3.8439683019890483,0.02506372332572937,0.9950848238556115,3.8439683019890483,,-0.0,2.3277319754160017,535.5797846794128,1400.692180131761,1400.692180131761,0.013763311193198005,2.218743324279785,1400.692180131761,0.005,38.81764735390902,0.07459895487369964,0.07469139248132706,0.08372290804982185,0.11225850135087967,1.3151366052654214,1.1038777545057084,2.721280967946073,,,,,,,,,,,,,,,,,,1,update_snr,bayesian,0.1,20,101770,10177,0.1,0.2628100246363432,0.13798112549884647,0.1293169007946695,0.2627992117450733,0.13798112549884647,0.1293169007946695,0.2627992117450733,0.2959516642385778,0.2894867752456584,0.3335223764862555,0.12042884341665408,0.11522276890541926,0.22694708317297618,0.2959516642385778,0.2894867752456584,0.3335223764862555,0.12042884341665408,0.11522276890541926,0.22694708317297618,2.1133582693904023,3.210889149736532,0.5497855610039376,0.8353058343574447,0.5497855610039376,814160,203540,81416,122124,0.75,,,,,,,,,0.007166276539006734,1
bayesfl_observability_v1,vi_sparse_bayesian_keep010_seed42,57,vi,251,20,1,,5,256,564.1581148862839,0.5406844019889832,1387.1680349926717,1387.1680349926717,,,3.8264428649685027,0.025086093693971634,0.9951334755344194,3.8264428649685027,,-0.0,2.3163460082440825,564.1581148862839,1387.1680349926717,1387.1680349926717,0.013630421882604615,0.5406844019889832,1387.1680349926717,0.005,38.83270950641871,0.07458631233273297,0.07464943453669548,0.08371230140328408,0.116136834025383,1.3155642165387613,1.1052255658977226,2.7143493292816907,,,,,,,,,,,,,,,,,,1,update_snr,bayesian,0.1,20,101770,10177,0.1,0.2617420379998667,0.1372347705597917,0.12790487543600798,0.26174199305347057,0.1372347705597917,0.12790487543600798,0.26174199305347057,0.29471484098373735,0.2885705433628628,0.33199168218585756,0.11973698495713107,0.11412273481176169,0.2267251282123389,0.29471484098373735,0.2885705433628628,0.33199168218585756,0.11973698495713107,0.11412273481176169,0.2267251282123389,2.1063526983134055,3.1945176958621175,0.5504727948762261,0.8348531021090819,0.5504727948762261,814160,203540,81416,122124,0.75,,,,,,,,,0.007161646955429171,1
bayesfl_observability_v1,vi_sparse_bayesian_keep010_seed42,57,vi,189,15,1,,5,256,566.4611561536789,0.0015758965164422989,1387.8133279510928,1387.8133279510928,,,3.8254102465530715,0.02503560483455658,0.9951335743015645,3.8254102465530715,,-0.0,2.259365973874069,566.4611561536789,1387.8133279510928,1387.8133279510928,0.013636762581812841,0.0015758965164422989,1387.8133279510928,0.005,38.82280554775802,0.07459247191516662,0.07466866821050644,0.08373908400535583,0.11486668884754181,1.31588002514317,1.106222316195589,2.718054410618261,,,,,,,,,,,,,,,,,,1,update_snr,bayesian,0.1,20,101770,10177,0.1,0.2616426437451701,0.13728062430598345,0.1284020762988687,0.2616368473345162,0.13728062430598345,0.1284020762988687,0.2616368473345162,0.29515605089723557,0.28849852780474355,0.33301354920145276,0.11973891024028872,0.11436230226766338,0.22608516818267382,0.29515605089723557,0.28849852780474355,0.33301354920145276,0.11973891024028872,0.11436230226766338,0.22608516818267382,2.10801488393074,3.192183704544542,0.5510558993849588,0.8344683311864118,0.5510558993849588,814160,203540,81416,122124,0.75,,,,,,,,,0.007163145491633127,1
bayesfl_observability_v1,vi_sparse_bayesian_keep010_seed42,57,vi,132,10,1,,5,256,556.7785677544773,1.0899450778961182,1390.1493729023523,1390.1493729023523,,,3.8299497919447907,0.025059549137949944,0.995120770854475,3.8299497919447907,,-0.0,2.311121424016332,556.7785677544773,1390.1493729023523,1390.1493729023523,0.013659716742678121,1.0899450778961182,1390.1493729023523,0.005,38.81796120364935,0.07458960735134307,0.0746786892414093,0.08367102518677712,0.11515859514474869,1.3148344553294158,1.1043439108589284,2.723618322296602,,,,,,,,,,,,,,,,,,1,update_snr,bayesian,0.1,20,101770,10177,0.1,0.2621299164863555,0.1373682723914149,0.1279785637316428,0.2621289362065009,0.1373682723914149,0.1279785637316428,0.2621289362065009,0.2951629341760549,0.28881485211791985,0.33237318141068317,0.11983553219312156,0.11426446685701615,0.22681658364222035,0.2951629341760549,0.28881485211791985,0.33237318141068317,0.11983553219312156,0.11426446685701615,0.22681658364222035,2.106427817583616,3.198668044378454,0.5499883632975783,0.8351723176909372,0.5499883632975783,814160,203540,81416,122124,0.75,,,,,,,,,0.007159265073659326,1
bayesfl_observability_v1,vi_sparse_bayesian_keep010_seed42,57,vi,166,13,9,,5,256,584.3950073242188,0.8675397766960992,154.92881145062103,154.92881145062103,,,3.8351420522694197,0.025064406916499138,0.995106648331605,3.8351420522694197,,-0.0,2.3277319754160017,584.3950073242188,1394.3593030555892,154.92881145062103,0.013701083846473314,0.8675397766960992,154.92881145062103,0.005,38.81453747769234,0.07459429862069025,0.07467339187860489,0.08371335566043854,0.11665954440832138,1.3143609576154245,1.101654803898934,2.7224148902726366,,,,,,,,,,,,,,,,,,1,update_snr,bayesian,0.1,20,101770,10177,0.1,0.2628584368002419,0.1376008717768965,0.1284889378839451,0.262855552731506,0.1376008717768965,0.1284889378839451,0.262855552731506,0.29557820713068694,0.2892327260900063,0.3320980671047182,0.12004783451536423,0.1147182029972075,0.2271868221219668,0.29557820713068694,0.2892327260900063,0.3320980671047182,0.12004783451536423,0.1147182029972075,0.2271868221219668,2.108578508008017,3.203468625826074,0.5498045389897044,0.8352933430276573,0.5498045389897044,814160,203540,81416,122124,0.75,,,,,,,,,0.007163156910651397,9
bayesfl_observability_v1,vi_sparse_bayesian_keep010_seed42,57,vi,37,3,1,,5,256,565.1268348217011,0.05542651191353798,1388.7204496709057,1388.7204496709057,,,3.8289045851947714,0.025060154497623444,0.9951234029948971,3.8289045851947714,,-0.0,2.4040642619438994,565.1268348217011,1388.7204496709057,1388.7204496709057,0.013645676030961047,0.05542651191353798,1388.7204496709057,0.005,38.817813354547276,0.07459323913033934,0.07467607408761978,0.08370899185538293,0.11591406911611557,1.314535110460062,1.1019688209137084,2.7196043222601816,,,,,,,,,,,,,,,,,,1,update_snr,bayesian,0.1,20,101770,10177,0.1,0.26181224848277085,0.13725536540670305,0.1280830359026028,0.2618019502997071,0.13725536540670305,0.1280830359026028,0.2618019502997071,0.29495302717999644,0.28863091991874645,0.3328886139095963,0.11973340298744825,0.11399029543546622,0.2264720460087567,0.29495302717999644,0.28863091991874645,0.3328886139095963,0.11973340298744825,0.11399029543546622,0.2264720460087567,2.1091814613683564,3.195600708090046,0.5508576707614836,0.8345992011518066,0.5508576707614836,814160,203540,81416,122124,0.75,,,,,,,,,0.007162293336372087,1
bayesfl_observability_v1,vi_sparse_bayesian_keep010_seed42,57,vi,149,11,1,,5,256,552.1673570394516,1.3374478816986084,1394.5865900821834,1394.5865900821834,,,3.837502809301334,0.02508285641670227,0.9951025693985012,3.837502809301334,,-0.0,2.3277319754160017,552.1673570394516,1394.5865900821834,1394.5865900821834,0.013703317186618684,1.3374478816986084,1394.5865900821834,0.005,38.82236107790271,0.07458879948705596,0.0746641755104065,0.08369088619947433,0.11159788072109222,1.3151364701018033,1.1040577321353395,2.71927872817228,,,,,,,,,,,,,,,,,,1,update_snr,bayesian,0.1,20,101770,10177,0.1,0.2628390299387433,0.1376481919274132,0.12875802915809675,0.262838964361209,0.1376481919274132,0.12875802915809675,0.262838964361209,0.295633970219131,0.2890846507406215,0.3331313184540512,0.12009421656166681,0.11461182144297563,0.22680187129369014,0.295633970219131,0.2890846507406215,0.3331313184540512,0.12009421656166681,0.11461182144297563,0.22680187129369014,2.1116754101243296,3.2042557285073068,0.5502733196718589,0.8349845948622724,0.5502733196718589,814160,203540,81416,122124,0.75,,,,,,,,,0.007158061543157983,1
bayesfl_observability_v1,vi_sparse_bayesian_keep010_seed42,57,vi,233,18,90,,5,256,596.3078758239747,0.016291654109954833,15.725341368089499,15.725341368089499,,,3.8634215653673594,0.02508411556482315,0.9950347253993804,3.8634215653673594,,-0.0,2.3096097079310103,596.3078758239747,1415.280723128055,15.725341368089499,0.013906659360597965,0.016291654109954833,15.725341368089499,0.005,38.81722210333702,0.07459522147521185,0.0746728889644146,0.08375005424022676,0.11495961248874664,1.3151319266629422,1.1059366640658848,2.7193070599473472,,,,,,,,,,,,,,,,,,1,update_snr,bayesian,0.1,20,101770,10177,0.1,0.26378106310729504,0.13885489602427686,0.12986055030179078,0.263775067981806,0.13885489602427686,0.12986055030179078,0.263775067981806,0.29651163896817484,0.29019702348689663,0.3326647400249505,0.12133748014162152,0.11586322355598579,0.2285801202160033,0.29651163896817484,0.29019702348689663,0.3326647400249505,0.12133748014162152,0.11586322355598579,0.2285801202160033,2.1126181348626076,3.234636116782725,0.5468256826541077,0.8372464826978193,0.5468256826541077,814160,203540,81416,122124,0.75,,,,,,,,,0.00716818645046343,90
bayesfl_observability_v1,vi_sparse_bayesian_keep010_seed42,57,vi,290,23,1103,,5,256,1979.9300372433663,0.0197491222149874,2.1015677360772265,2.1015677360772265,,,4.902279015753836,0.06606782227754593,0.9920335166562786,4.902279015753836,,-0.0,2.3096097079310103,1979.9300372433663,2318.029212893181,2.1015677360772265,0.02277713680744012,0.0197491222149874,2.1015677360772265,0.005,38.914329164548306,0.0751884512465282,0.07521246001124382,0.08478193804621698,0.11436720937490463,1.3091300201198226,1.0972102747341446,2.705713156306932,,,,,,,,,,,,,,,,,,1,update_snr,bayesian,0.1,20,101770,10177,0.1,0.3388970701805941,0.1641755098784522,0.13887819443322275,0.3388943272962131,0.1641755098784522,0.13887819443322275,0.3388943272962131,0.4228184242959643,0.40114732961764976,0.5277174438128742,0.13543740827650638,0.12326269026436855,0.2699954969469644,0.4228184242959643,0.40114732961764976,0.5277174438128742,0.13543740827650638,0.12326269026436855,0.2699954969469644,3.2059161208969122,3.708698069953107,0.6539644338060857,0.75652529324319,0.6539644338060857,814160,203540,81416,122124,0.75,,,,,,,,,0.007484756529732274,1103
bayesfl_observability_v1,vi_sparse_bayesian_keep010_seed42,57,vi,114,9,1,,5,256,565.0270979881286,5.6078386306762695,1392.8858735421752,1392.8858735421752,,,3.8332572234614033,0.025093398988246918,0.995112506552217,3.8332572234614033,,-0.0,2.3277319754160017,565.0270979881286,1392.8858735421752,1392.8858735421752,0.013686605812539797,5.6078386306762695,1392.8858735421752,0.005,38.81870600944583,0.07458621333847847,0.07466386631131172,0.08369356468319893,0.11513170599937439,1.315522618573807,1.1084280940596574,2.7191713979249585,,,,,,,,,,,,,,,,,,1,update_snr,bayesian,0.1,20,101770,10177,0.1,0.26229011961148296,0.13766156732643986,0.1285241599984005,0.26228110892386897,0.13766156732643986,0.1285241599984005,0.26228110892386897,0.2953387306621544,0.2889198327259095,0.3332265173076681,0.12014188251136043,0.11445045550617022,0.22670164773248197,0.2953387306621544,0.2889198327259095,0.3332265173076681,0.12014188251136043,0.11445045550617022,0.22670164773248197,2.106435172857256,3.2026226446100177,0.5495157381990557,0.8354833651674627,0.5495157381990557,814160,203540,81416,122124,0.75,,,,,,,,,0.0071628215122461454,1
bayesfl_observability_v1,vi_sparse_bayesian_keep010_seed42,57,vi,101,8,1,,5,256,558.608351802826,2.1576648578047752e-05,1388.559388673526,1388.559388673526,,,3.826833679943949,0.0250651016831398,0.9951304279987665,3.826833679943949,,-0.0,2.185987945410232,558.608351802826,1388.559388673526,1388.559388673526,0.013644093432971661,2.1576648578047752e-05,1388.559388673526,0.005,38.82471945910378,0.07458944637538865,0.07467202097177505,0.0837370477616787,0.11254343390464783,1.3153371691273548,1.104680800061232,2.721527191564514,,,,,,,,,,,,,,,,,,1,update_snr,bayesian,0.1,20,101770,10177,0.1,0.2622944737368127,0.13729298903161333,0.128142651988915,0.2622889149285388,0.13729298903161333,0.128142651988915,0.2622889149285388,0.2952299362000041,0.288728185806442,0.3327448598187684,0.11974443934623658,0.11406082908310272,0.22659303215002755,0.2952299362000041,0.288728185806442,0.3327448598187684,0.11974443934623658,0.11406082908310272,0.22659303215002755,2.106764085078618,3.194714557480247,0.5505240784620343,0.8348192852549159,0.5505240784620343,814160,203540,81416,122124,0.75,,,,,,,,,0.007165023594684212,1
bayesfl_observability_v1,vi_sparse_bayesian_keep010_seed42,57,vi,107,8,1372,,5,256,1979.339485296607,0.006886533333895505,1.5753304792328835,1.5753304792328835,,,4.715344655324681,0.07113906741142273,0.992620573829959,4.715344655324681,,-0.0,2.3155014849272724,1979.339485296607,2161.353417507516,1.5753304792328835,0.021237628156701542,0.006886533333895505,1.5753304792328835,0.005,38.88467695298281,0.075228208060614,0.07521454617381096,0.08488118201494217,0.11524560302495956,1.3076665192340367,1.0923956892910205,2.706285357375711,,,,,,,,,,,,,,,,,,1,update_snr,bayesian,0.1,20,101770,10177,0.1,0.3229598462026945,0.15759177053228532,0.13395187937696545,0.32295444377459986,0.15759177053228532,0.13395187937696545,0.32295444377459986,0.40580810120719446,0.3855126905118469,0.5067168843036618,0.13001217823507313,0.11885669852413934,0.2587128486768479,0.40580810120719446,0.3855126905118469,0.5067168843036618,0.13001217823507313,0.11885669852413934,0.2587128486768479,3.091303090709919,3.560662918596269,0.6555836988965685,0.7551225157158942,0.6555836988965685,814160,203540,81416,122124,0.75,,,,,,,,,0.007532541261444554,1372
bayesfl_observability_v1,vi_sparse_bayesian_keep010_seed42,57,vi,99,7,4,,5,256,560.396995639801,0.8928568363189697,348.1436428531034,348.1436428531034,,,3.8337755392415076,0.025096729397773743,0.9951145893060923,3.8337755392415076,,-0.0,2.311121424016332,560.396995639801,1392.5745714124137,348.1436428531034,0.013683546933402905,0.8928568363189697,348.1436428531034,0.005,38.83207309900107,0.07459155546820291,0.07465365901589394,0.08371874913573266,0.11199327558279037,1.3154432367571727,1.1065197809680134,2.7185945638699875,,,,,,,,,,,,,,,,,,1,update_snr,bayesian,0.1,20,101770,10177,0.1,0.26244271440220923,0.13745382700332412,0.1278931315100921,0.2624361875803114,0.13745382700332412,0.1278931315100921,0.2624361875803114,0.29568006422187254,0.2893470216859391,0.3337859213992798,0.11987313397904097,0.1140019472421155,0.2269463949052277,0.29568006422187254,0.2893470216859391,0.3337859213992798,0.11987313397904097,0.1140019472421155,0.2269463949052277,2.1123359890521187,3.199354865381727,0.5509806110010377,0.8345180443231434,0.5509806110010377,814160,203540,81416,122124,0.75,,,,,,,,,0.007160666599591672,4
bayesfl_observability_v1,vi_sparse_bayesian_keep010_seed42,57,vi,285,22,3,,5,256,541.1918344259262,0.061927596728006996,464.0117925686736,464.0117925686736,,,3.833048773807077,0.025055594742298126,0.9951116794593853,3.833048773807077,,-0.0,2.259365973874069,541.1918344259262,1392.0353777060209,464.0117925686736,0.013678248773764575,0.061927596728006996,464.0117925686736,0.005,38.81323861499659,0.07459521663167556,0.07466156035661697,0.08373032808303833,0.1147393137216568,1.3149445356077214,1.1054206504871371,2.7168109023107316,,,,,,,,,,,,,,,,,,1,update_snr,bayesian,0.1,20,101770,10177,0.1,0.26253039968452296,0.1374356401782214,0.12823122298553974,0.26252465536238945,0.1374356401782214,0.12823122298553974,0.26252465536238945,0.29533732873525226,0.2894668245283988,0.33175886547390876,0.11989100811632912,0.11419798188871715,0.22704907920426892,0.29533732873525226,0.2894668245283988,0.33175886547390876,0.11989100811632912,0.11419798188871715,0.22704907920426892,2.108488809632488,3.201021374817501,0.5500813931825569,0.8351110470316737,0.5500813931825569,814160,203540,81416,122124,0.75,,,,,,,,,0.00716060695874039,3
bayesfl_observability_v1,vi_sparse_bayesian_keep010_seed42,58,vi,297,23,72,,5,256,564.7336615562439,0.08473440673616198,19.214312204265546,19.214312204265546,,,3.836207523716636,0.025091446936130524,0.9952234888622096,3.836207523716636,,-0.0,2.3096097079310103,564.7336615562439,1383.4304787071194,19.214312204265546,0.01359369636147312,0.08473440673616198,19.214312204265546,0.005,39.29616184449387,0.07494138299304598,0.07501610741019249,0.08413428068161011,0.11278097331523895,1.325225422932515,1.1143437744821352,2.7413119571515145,,,,,,,,,,,,,,,,,,1,update_snr,bayesian,0.1,20,101770,10177,0.1,0.2613062323027975,0.13710215102537698,0.12855904665443466,0.26130202153269505,0.13710215102537698,0.12855904665443466,0.26130202153269505,0.2944042951746612,0.2881005907627006,0.3322580038164449,0.11962413500878988,0.11434607413107475,0.2255653769174676,0.2944042951746612,0.2881005907627006,0.3322580038164449,0.11962413500878988,0.11434607413107475,0.2255653769174676,2.1064243915219087,3.2061603902209406,0.5490903134148332,0.8357630212650001,0.5490903134148332,814160,203540,81416,122124,0.75,,,,,,,,,0.007204431456855878,72
bayesfl_observability_v1,vi_sparse_bayesian_keep010_seed42,58,vi,161,12,1,,5,256,560.0846153199673,0.3790632486343384,1376.1515001811347,1376.1515001811347,,,3.8270847442573075,0.025019988417625427,0.9952410878429808,3.8270847442573075,,-0.0,2.3163460082440825,560.0846153199673,1376.1515001811347,1376.1515001811347,0.01352217254771676,0.3790632486343384,1376.1515001811347,0.005,39.27479570265835,0.07494152687772578,0.07501387223601341,0.08411396816372872,0.11584405601024628,1.3247959019081115,1.1131473436053159,2.7368679900348347,,,,,,,,,,,,,,,,,,1,update_snr,bayesian,0.1,20,101770,10177,0.1,0.26091258717750604,0.136546110533663,0.12722468233986559,0.2609112729633214,0.136546110533663,0.12722468233986559,0.2609112729633214,0.29417591822358574,0.28771958888933596,0.33172538548702013,0.11903168745700494,0.11354987791348274,0.22556233768825193,0.29417591822358574,0.28771958888933596,0.33172538548702013,0.11903168745700494,0.11354987791348274,0.22556233768825193,2.1093075454939143,3.1933367060567663,0.5511525577422904,0.8344044930932075,0.5511525577422904,814160,203540,81416,122124,0.75,,,,,,,,,0.007207186979710042,1
bayesfl_observability_v1,vi_sparse_bayesian_keep010_seed42,58,vi,94,7,1,,5,256,567.1452969193458,0.3114437162876129,1385.6295977482878,1385.6295977482878,,,3.840428240343696,0.025068923830986023,0.9952139670108149,3.840428240343696,,-0.0,2.3292713582565514,567.1452969193458,1385.6295977482878,1385.6295977482878,0.013615305077609195,0.3114437162876129,1385.6295977482878,0.005,39.30024811986151,0.07494299418124649,0.07503263652324677,0.08415697515010834,0.1124483197927475,1.325771365205312,1.112037354584416,2.7362796158311227,,,,,,,,,,,,,,,,,,1,update_snr,bayesian,0.1,20,101770,10177,0.1,0.26132071398551115,0.13721340995603917,0.1285451726608508,0.2613194190200701,0.13721340995603917,0.1285451726608508,0.2613194190200701,0.29419472073781083,0.2879872624318105,0.3326750985213936,0.11977104209139787,0.11459684255822165,0.22623902429356754,0.29419472073781083,0.2879872624318105,0.3326750985213936,0.11977104209139787,0.11459684255822165,0.22623902429356754,2.106780255291935,3.2109758680409666,0.5485795133886918,0.8360983898383174,0.5485795133886918,814160,203540,81416,122124,0.75,,,,,,,,,0.007208661638135824,1
bayesfl_observability_v1,vi_sparse_bayesian_keep010_seed42,58,vi,168,13,2012,,5,256,2147.125293827057,0.13084959841627725,0.9936727363867416,0.9936727363867416,,,4.523506563433688,0.07085734605789185,0.9933792216540879,4.523506563433688,,0.33910841614601644,1.9866937607637536,2147.125293827057,1999.2695456101242,0.9936727363867416,0.01964497932210007,0.13084959841627725,0.9936727363867416,0.005,39.375294950632906,0.07562955673266057,0.07562144845724106,0.08543549031019211,0.11683427542448044,1.3172642666852783,1.104538412756956,2.725661029666021,,,,,,,,,,,,,,,,,,1,update_snr,bayesian,0.1,20,101770,10177,0.1,0.30992867279150005,0.14978549705165806,0.1261872338339595,0.3099182123727308,0.14978549705165806,0.1261872338339595,0.3099182123727308,0.3883255464003862,0.3676337905641387,0.48567735436395926,0.1232810471240216,0.11175733448787578,0.24634814099265037,0.3883255464003862,0.3676337905641387,0.48567735436395926,0.1232810471240216,0.11175733448787578,0.24634814099265037,2.979927097841234,3.403255224190407,0.6587648444969296,0.7523489081901708,0.6587648444969296,814160,203540,81416,122124,0.75,,,,,,,,,0.0076435104974997515,2012
bayesfl_observability_v1,vi_sparse_bayesian_keep010_seed42,58,vi,118,9,3,,5,256,548.1679407179356,0.4202045996983846,460.67740824911897,460.67740824911897,,,3.8366488169269575,0.02508607693016529,0.9952272027398562,3.8366488169269575,,-0.0,2.259365973874069,548.1679407179356,1382.0322247473568,460.67740824911897,0.013579957008424456,0.4202045996983846,460.67740824911897,0.005,39.315082208413884,0.07494041989038111,0.07503174617886543,0.08411167040467263,0.11646951735019684,1.3260448433128305,1.113144048188637,2.7431655515463422,,,,,,,,,,,,,,,,,,1,update_snr,bayesian,0.1,20,101770,10177,0.1,0.26194812741212187,0.13695020136738187,0.12757769720421686,0.2619172643624385,0.13695020136738187,0.12757769720421686,0.2619172643624385,0.29458948808280827,0.2883055567304876,0.33179807420517216,0.11943472506566784,0.1139576925060208,0.22577164614814357,0.29458948808280827,0.2883055567304876,0.33179807420517216,0.11943472506566784,0.1139576925060208,0.22577164614814357,2.1119054125228156,3.203081277923474,0.5504557527405882,0.8348643388448171,0.5504557527405882,814160,203540,81416,122124,0.75,,,,,,,,,0.0072032756955841435,3
bayesfl_observability_v1,vi_sparse_bayesian_keep010_seed42,58,vi,249,19,1,,5,256,542.6840807676315,0.15652675926685333,1383.2872639403572,1383.2872639403572,,,3.838587937381724,0.025063982233405113,0.9952181113741384,3.838587937381724,,-0.0,2.3163460082440825,542.6840807676315,1383.2872639403572,1383.2872639403572,0.013592289121945144,0.15652675926685333,1383.2872639403572,0.005,39.298437764706826,0.07494333934811609,0.07501912117004395,0.0841466672718525,0.11556334048509598,1.3254418407111288,1.112584362409573,2.7381227539948023,,,,,,,,,,,,,,,,,,1,update_snr,bayesian,0.1,20,101770,10177,0.1,0.26120565157434117,0.137050421472666,0.12819741105150428,0.2611989160446403,0.137050421472666,0.12819741105150428,0.2611989160446403,0.2940776321269422,0.2882667051264593,0.33014071089455527,0.11960295362219088,0.11429541225404045,0.22612972877806087,0.2940776321269422,0.2882667051264593,0.33014071089455527,0.11960295362219088,0.11429541225404045,0.22612972877806087,2.108517206815799,3.2076334799309905,0.5492950119188894,0.8356284999214832,0.5492950119188894,814160,203540,81416,122124,0.75,,,,,,,,,0.007209978454478474,1
bayesfl_observability_v1,vi_sparse_bayesian_keep010_seed42,58,vi,147,11,1921,,5,256,2094.870508182049,0.07922379862573356,1.0440518734997217,1.0440518734997217,,,4.523713509777691,0.06530793011188507,0.9933757447459398,4.523713509777691,,0.7419061377582201,1.6227932907659905,2094.870508182049,2005.6236489929656,1.0440518734997217,0.019707415240178498,0.07922379862573356,1.0440518734997217,0.005,39.3669449161151,0.07564679046715214,0.07560117170214653,0.0854976437985897,0.11461232602596283,1.3163385655741535,1.1028402976939007,2.718635464056899,,,,,,,,,,,,,,,,,,1,update_snr,bayesian,0.1,20,101770,10177,0.1,0.30906320871046206,0.14974982495869743,0.1260648335263205,0.3090597152346306,0.14974982495869743,0.1260648335263205,0.3090597152346306,0.39028120138974187,0.36992882059227383,0.48976424098589166,0.12302411646635915,0.11195578822569936,0.24529854591573277,0.39028120138974187,0.36992882059227383,0.48976424098589166,0.12302411646635915,0.11195578822569936,0.24529854591573277,2.988441990213571,3.396056299544175,0.6606169872946778,0.75072311546782,0.6606169872946778,814160,203540,81416,122124,0.75,,,,,,,,,0.007660025088603844,1921
bayesfl_observability_v1,vi_sparse_bayesian_keep010_seed42,58,vi,34,2,1824,,5,256,2046.9228118989618,0.03208925996563936,1.0862501790900427,1.0862501790900427,,,4.497590240585101,0.07118174433708191,0.9934538839484611,4.497590240585101,,-0.0,2.3163460082440825,2046.9228118989618,1981.320326660238,1.0862501790900427,0.019468608889262433,0.03208925996563936,1.0862501790900427,0.005,39.37161246319502,0.07563753187772806,0.07560575008392334,0.08546497151255608,0.11876746267080307,1.3171604999047126,1.104036167317874,2.7238610494858624,,,,,,,,,,,,,,,,,,1,update_snr,bayesian,0.1,20,101770,10177,0.1,0.3070527702178351,0.14916372498689118,0.12605653475694095,0.3070504312476056,0.14916372498689118,0.12605653475694095,0.3070504312476056,0.3861488110860433,0.36568898456418397,0.48278110363448284,0.12283204875365206,0.11199508468029759,0.2448106150081234,0.3861488110860433,0.36568898456418397,0.48278110363448284,0.12283204875365206,0.11199508468029759,0.2448106150081234,2.956663882294129,3.3891675466615516,0.6573884511785784,0.7535518723067683,0.6573884511785784,814160,203540,81416,122124,0.75,,,,,,,,,0.007659088131130176,1824
bayesfl_observability_v1,vi_sparse_bayesian_keep010_seed42,58,vi,216,17,1,,5,256,552.4147392630578,0.09956816583871841,1378.1945721460231,1378.1945721460231,,,3.82898232948981,0.025059480220079422,0.9952372691647501,3.82898232948981,,-0.0,2.3096097079310103,552.4147392630578,1378.1945721460231,1378.1945721460231,0.013542247933045329,0.09956816583871841,1378.1945721460231,0.005,39.27866446475418,0.07494633828708111,0.07503592595458031,0.0841321311891079,0.11614259332418442,1.324738844581171,1.1112961900644787,2.741485716481028,,,,,,,,,,,,,,,,,,1,update_snr,bayesian,0.1,20,101770,10177,0.1,0.2609123728211623,0.1367449902392437,0.12761282992843798,0.2609119457226109,0.1367449902392437,0.12761282992843798,0.2609119457226109,0.294210791902183,0.28768319369535594,0.3319515079826466,0.11924879005447267,0.11363833676188674,0.2255195482190389,0.294210791902183,0.28768319369535594,0.3319515079826466,0.11924879005447267,0.11363833676188674,0.2255195482190389,2.1084455808324876,3.196179424283496,0.5506542990793656,0.8347333963041216,0.5506542990793656,814160,203540,81416,122124,0.75,,,,,,,,,0.007212434324220026,1
bayesfl_observability_v1,vi_sparse_bayesian_keep010_seed42,58,vi,267,21,2,,5,256,562.1459111690522,1.139131784439087,691.4704067985091,691.4704067985091,,,3.8371000858331175,0.025050103664398193,0.99522436601542,3.8371000858331175,,-0.0,2.259365973874069,562.1459111690522,1382.9408135970182,691.4704067985091,0.013588884873705593,1.139131784439087,691.4704067985091,0.005,39.308464973110695,0.07494508523471677,0.07503785565495491,0.08414557129144669,0.11210513859987259,1.3251503199758006,1.1104828667306665,2.741037553960747,,,,,,,,,,,,,,,,,,1,update_snr,bayesian,0.1,20,101770,10177,0.1,0.26123273360922544,0.1370595505800544,0.12808699003844098,0.2612308949002787,0.1370595505800544,0.12808699003844098,0.2612308949002787,0.2940878073871352,0.2873327902346859,0.33168692421704465,0.11961196649037875,0.11415967128876428,0.2261591754577291,0.2940878073871352,0.2873327902346859,0.33168692421704465,0.11961196649037875,0.11415967128876428,0.2261591754577291,2.1092442980919293,3.205374480410552,0.5496974931353573,0.8353637926321111,0.5496974931353573,814160,203540,81416,122124,0.75,,,,,,,,,0.007204101416774981,2
bayesfl_observability_v1,vi_sparse_bayesian_keep010_seed42,58,vi,211,16,21,,5,256,567.2089003562927,0.20894359406970797,65.99775636295703,65.99775636295703,,,3.8430269166688853,0.025096192955970764,0.9952024961871541,3.8430269166688853,,-0.0,2.311121424016332,567.2089003562927,1385.9528836220977,65.99775636295703,0.013618481709954777,0.20894359406970797,65.99775636295703,0.005,39.2799477036246,0.07494492777350072,0.07501913979649544,0.08418440446257591,0.1160830706357956,1.3249436131984593,1.1106845354790957,2.7375350237419225,,,,,,,,,,,,,,,,,,1,update_snr,bayesian,0.1,20,101770,10177,0.1,0.261928309739491,0.13714202816634277,0.12803216151981606,0.26192655690168615,0.13714202816634277,0.12803216151981606,0.26192655690168615,0.29464459893122946,0.28857019180668014,0.3315358182797486,0.11964174252579982,0.11427793206067757,0.22640925217987437,0.29464459893122946,0.28857019180668014,0.3315358182797486,0.11964174252579982,0.11427793206067757,0.22640925217987437,2.1125949656276544,3.2102645363655413,0.5497216156526012,0.8353479187047124,0.5497216156526012,814160,203540,81416,122124,0.75,,,,,,,,,0.00720791905931033,21
bayesfl_observability_v1,vi_sparse_bayesian_keep010_seed42,58,vi,126,10,1,,5,256,562.69428024292,4.051178932189941,1380.013965471508,1380.013965471508,,,3.8339691196447006,0.02501542866230011,0.9952311073480173,3.8339691196447006,,-0.0,2.3277319754160017,562.69428024292,1380.013965471508,1380.013965471508,0.013560125434524006,4.051178932189941,1380.013965471508,0.005,39.30425875289786,0.07494081912989248,0.07500265166163445,0.08411415740847587,0.11667577177286148,1.3255997057648394,1.1141552886871913,2.739697862722867,,,,,,,,,,,,,,,,,,1,update_snr,bayesian,0.1,20,101770,10177,0.1,0.2612679097668074,0.1369364720307557,0.1277321895756262,0.261267660271223,0.1369364720307557,0.1277321895756262,0.261267660271223,0.2940138751203467,0.2875498577050097,0.3308445577138821,0.11948342724302334,0.11399591314747279,0.22579322282220995,0.2940138751203467,0.2875498577050097,0.3308445577138821,0.11948342724302334,0.11399591314747279,0.22579322282220995,2.1080516146511434,3.20241121662348,0.549835313970004,0.8352730855902805,0.549835313970004,814160,203540,81416,122124,0.75,,,,,,,,,0.007206635719436028,1
bayesfl_observability_v1,vi_sparse_bayesian_keep010_seed42,58,vi,15,1,1,,5,256,551.0166622161865,4.2421417236328125,1378.5994482807096,1378.5994482807096,,,3.8312157101243742,0.02507178485393524,0.9952304141319976,3.8312157101243742,,-0.0,2.3277319754160017,551.0166622161865,1378.5994482807096,1378.5994482807096,0.013546226277691947,4.2421417236328125,1378.5994482807096,0.005,39.273199911060836,0.07494471243645719,0.07502004504203796,0.0841430775821209,0.11523943394422531,1.3247212425362163,1.1106676890132006,2.7365423342588393,,,,,,,,,,,,,,,,,,1,update_snr,bayesian,0.1,20,101770,10177,0.1,0.2612625010038836,0.13662817935366106,0.12711354065590286,0.26125790542647775,0.13662817935366106,0.12711354065590286,0.26125790542647775,0.2941743218095478,0.28770714616699156,0.33150421748158565,0.11912305241411812,0.11312483278385166,0.22609646590005622,0.2941743218095478,0.28770714616699156,0.33150421748158565,0.11912305241411812,0.11312483278385166,0.22609646590005622,2.1097722059621007,3.1979798399073185,0.55067956638067,0.834716727501491,0.55067956638067,814160,203540,81416,122124,0.75,,,,,,,,,0.007203226833647817,1
bayesfl_observability_v1,vi_sparse_bayesian_keep010_seed42,58,vi,24,1,142,,5,256,595.2752727508545,0.07615081357284331,9.769694827646028,9.769694827646028,,,3.843472873875921,0.025078963488340378,0.9952052120976869,3.843472873875921,,0.40519466481919386,1.9096930536110042,595.2752727508545,1387.296665525736,9.769694827646028,0.013631685816308695,0.07615081357284331,9.769694827646028,0.005,39.29567803984984,0.07494242384611031,0.0750056728720665,0.08413420021533966,0.11474272608757019,1.3253327599151559,1.1105512270673925,2.7368088336644343,,,,,,,,,,,,,,,,,,1,update_snr,bayesian,0.1,20,101770,10177,0.1,0.26119855391904173,0.13729024484568025,0.12833536632176495,0.2611983637757041,0.13729024484568025,0.12833536632176495,0.2611983637757041,0.29403124914685,0.2875413436158814,0.3307459976815126,0.1198745777011058,0.1143054726360696,0.22666711436037734,0.29403124914685,0.2875413436158814,0.3307459976815126,0.1198745777011058,0.1143054726360696,0.22666711436037734,2.1062956716973504,3.2149342568097805,0.5480188727267568,0.8364659677089653,0.5480188727267568,814160,203540,81416,122124,0.75,,,,,,,,,0.007208516916768758,142
bayesfl_observability_v1,vi_sparse_bayesian_keep010_seed42,58,vi,228,18,5,,5,256,569.6368217468262,0.39191417694091796,275.1643639399799,275.1643639399799,,,3.827910882154239,0.02502923458814621,0.995240689567824,3.827910882154239,,0.6730116670092565,1.5651195035345156,569.6368217468262,1375.8218196998996,275.1643639399799,0.013518933081457204,0.39191417694091796,275.1643639399799,0.005,39.28181696623391,0.07493745671240933,0.07501844316720963,0.08414392396807671,0.11315227299928665,1.324850426417581,1.1084501130251625,2.740102253567501,,,,,,,,,,,,,,,,,,1,update_snr,bayesian,0.1,20,101770,10177,0.1,0.26096151853307736,0.1366714443984052,0.12714044243233574,0.26095381927560546,0.1366714443984052,0.12714044243233574,0.26095381927560546,0.29370934712463553,0.28750630339676775,0.3313393803405862,0.11922278853993513,0.11339331300638299,0.22566820818942557,0.29370934712463553,0.28750630339676775,0.3313393803405862,0.11922278853993513,0.11339331300638299,0.22566820818942557,2.108000989649733,3.1951891257561895,0.5506922847857445,0.8347083367724664,0.5506922847857445,814160,203540,81416,122124,0.75,,,,,,,,,0.007205017306724486,5
bayesfl_observability_v1,vi_sparse_bayesian_keep010_seed42,59,vi,211,16,21,,5,256,584.4923125267029,0.3923109145391555,65.30225749476537,65.30225749476537,,,3.8423766052714514,0.02497362345457077,0.9953305715016783,3.8423766052714514,,-0.0,2.311121424016332,584.4923125267029,1371.3474073900727,65.30225749476537,0.013474967155252753,0.3923109145391555,65.30225749476537,0.005,39.807071159677996,0.07538512920924362,0.07546231523156166,0.08467623889446259,0.11186280101537704,1.3351415161519926,1.117300804784384,2.76092767419341,,,,,,,,,,,,,,,,,,1,update_snr,bayesian,0.1,20,101770,10177,0.1,0.26010355290857884,0.13632325233874149,0.12699127380373804,0.2601003590523413,0.13632325233874149,0.12699127380373804,0.2601003590523413,0.2929816420496901,0.28688466238450133,0.33054982437067826,0.11891676459308055,0.11310826821263327,0.22565615260360844,0.2929816420496901,0.28688466238450133,0.33054982437067826,0.11891676459308055,0.11310826821263327,0.22565615260360844,2.112390219414944,3.209620777857948,0.5497613681378613,0.8353217572308217,0.5497613681378613,814160,203540,81416,122124,0.75,,,,,,,,,0.007303340875630507,21
bayesfl_observability_v1,vi_sparse_bayesian_keep010_seed42,59,vi,15,1,1,,5,256,531.8248322486877,0.5437898635864258,1371.2082954746902,1371.2082954746902,,,3.8427026695456643,0.02502259612083435,0.9953275389125587,3.8427026695456643,,-0.0,2.3277319754160017,531.8248322486877,1371.2082954746902,1371.2082954746902,0.013473600230664146,0.5437898635864258,1371.2082954746902,0.005,39.79757103587455,0.07538474858428712,0.07545361667871475,0.08465387448668481,0.11228114366531372,1.3352496771602314,1.1195963642776183,2.7640439455698367,,,,,,,,,,,,,,,,,,1,update_snr,bayesian,0.1,20,101770,10177,0.1,0.2602691475348035,0.13646172541636348,0.12759090405944024,0.2602657518321409,0.13646172541636348,0.12759090405944024,0.2602657518321409,0.29295945162426706,0.28612479775477984,0.32979209632061046,0.11907308917104083,0.1138133533186451,0.22513729319320083,0.29295945162426706,0.28612479775477984,0.32979209632061046,0.11907308917104083,0.1138133533186451,0.22513729319320083,2.109317784870141,3.212030866751425,0.5489151688958368,0.8358780636887512,0.5489151688958368,814160,203540,81416,122124,0.75,,,,,,,,,0.007300600274840362,1
bayesfl_observability_v1,vi_sparse_bayesian_keep010_seed42,59,vi,3,0,1,,5,256,542.3134025216102,0.019778532907366753,1365.7516283504726,1365.7516283504726,,,3.8347404064941863,0.02503107488155365,0.9953443997373694,3.8347404064941863,,-0.0,2.185987945410232,542.3134025216102,1365.7516283504726,1365.7516283504726,0.013419982591632825,0.019778532907366753,1365.7516283504726,0.005,39.78652805716452,0.07538375432341426,0.07547996565699577,0.08472877889871598,0.11646005511283875,1.334527300903616,1.115821559728997,2.761332477325803,,,,,,,,,,,,,,,,,,1,update_snr,bayesian,0.1,20,101770,10177,0.1,0.26026385323887785,0.13606298972394862,0.12642247744137097,0.26026356933645,0.13606298972394862,0.12642247744137097,0.26026356933645,0.29291264578545995,0.28641082666204093,0.33006386647799096,0.1186352501615584,0.11254376656688916,0.22456283990441087,0.29291264578545995,0.28641082666204093,0.33006386647799096,0.1186352501615584,0.11254376656688916,0.22456283990441087,2.1105799341981344,3.2016693031228893,0.5503840444124556,0.8349116142779359,0.5503840444124556,814160,203540,81416,122124,0.75,,,,,,,,,0.007308857321565829,1
bayesfl_observability_v1,vi_sparse_bayesian_keep010_seed42,59,vi,5,0,1,,5,256,529.4575433254242,0.5904722213745117,1364.2924433576172,1364.2924433576172,,,3.8326141050766123,0.025051794946193695,0.9953568337061217,3.8326141050766123,,-0.0,2.311121424016332,529.4575433254242,1364.2924433576172,1364.2924433576172,0.01340564452547526,0.5904722213745117,1364.2924433576172,0.005,39.8174622935305,0.07538271457684571,0.07546598464250565,0.08470350801944733,0.11455907672643661,1.3354683503206648,1.1164880405456945,2.7628740754163523,,,,,,,,,,,,,,,,,,1,update_snr,bayesian,0.1,20,101770,10177,0.1,0.2597596021508247,0.13605155693680515,0.127357556924663,0.25975957117749293,0.13605155693680515,0.127357556924663,0.25975957117749293,0.29264500021842066,0.28643973145332713,0.3294107215939611,0.1186522854610701,0.1133097479802505,0.22426630570213263,0.29264500021842066,0.28643973145332713,0.3294107215939611,0.1186522854610701,0.1133097479802505,0.22426630570213263,2.108898757880235,3.2002307584678045,0.5502507427206995,0.8349994731347558,0.5502507427206995,814160,203540,81416,122124,0.75,,,,,,,,,0.007309610286279107,1
bayesfl_observability_v1,vi_sparse_bayesian_keep010_seed42,59,vi,275,22,35,,5,256,656.3038282394409,0.19671881539481026,39.53737855101878,39.53737855101878,,,3.8624269104616564,0.025107190012931824,0.995279648301508,3.8624269104616564,,-0.0,2.28098669344155,656.3038282394409,1383.8082492856574,39.53737855101878,0.013597408364799621,0.19671881539481026,39.53737855101878,0.005,39.7988809303905,0.07537633300305636,0.07545103132724762,0.08469362407922745,0.11667283624410629,1.335808652930467,1.1197548987045458,2.768680968239717,,,,,,,,,,,,,,,,,,1,update_snr,bayesian,0.1,20,101770,10177,0.1,0.2606249651246694,0.13730623061359357,0.12865077026136862,0.2606183193407441,0.13730623061359357,0.12865077026136862,0.2606183193407441,0.2933382986043959,0.28685693209026664,0.33048088245071305,0.1199693341701711,0.11459880277370263,0.22604174031434107,0.2933382986043959,0.28685693209026664,0.33048088245071305,0.1199693341701711,0.11459880277370263,0.22604174031434107,2.1145671802668664,3.2321737698949025,0.5474711183632787,0.8368245781273767,0.5474711183632787,814160,203540,81416,122124,0.75,,,,,,,,,0.0073079707300684,35
bayesfl_observability_v1,vi_sparse_bayesian_keep010_seed42,59,vi,280,22,9,,5,256,538.0698370575905,0.007709225018819173,152.08197889484185,152.08197889484185,,,3.842053320467026,0.02510412037372589,0.9953279608210569,3.842053320467026,,-0.0,2.259365973874069,538.0698370575905,1368.7378100535766,152.08197889484185,0.01344932504720032,0.007709225018819173,152.08197889484185,0.005,39.79254724794835,0.07538292662789549,0.07544900104403496,0.08467336595058442,0.11581073701381683,1.3348748084952518,1.1193826512456866,2.7633811727835336,,,,,,,,,,,,,,,,,,1,update_snr,bayesian,0.1,20,101770,10177,0.1,0.2591575946686608,0.13645635671214218,0.12741165801859988,0.25915706431583596,0.13645635671214218,0.12741165801859988,0.25915706431583596,0.2920700488063161,0.2861364055037197,0.3289520999480601,0.11916594647945616,0.11374647010392515,0.22493171342229756,0.2920700488063161,0.2861364055037197,0.3289520999480601,0.11916594647945616,0.11374647010392515,0.22493171342229756,2.107653360608046,3.2123466545236554,0.5485747293980416,0.8361015286828903,0.5485747293980416,814160,203540,81416,122124,0.75,,,,,,,,,0.007309513522646197,9
bayesfl_observability_v1,vi_sparse_bayesian_keep010_seed42,59,vi,157,12,1,,5,256,534.2425992965698,1.8805477619171143,1363.5472267810674,1363.5472267810674,,,3.8331902541621456,0.02507009357213974,0.9953523083206838,3.8331902541621456,,-0.0,2.28098669344155,534.2425992965698,1363.5472267810674,1363.5472267810674,0.01339832196896008,1.8805477619171143,1363.5472267810674,0.005,39.80446030525551,0.07538959458441061,0.07547261193394661,0.08469764962792396,0.11267994344234467,1.3349545728202221,1.119548231356211,2.75921995808566,,,,,,,,,,,,,,,,,,1,update_snr,bayesian,0.1,20,101770,10177,0.1,0.2593639970134517,0.13607511013258483,0.1269925774313518,0.2593605923641817,0.13607511013258483,0.1269925774313518,0.2593605923641817,0.2923066738413324,0.28585066485882465,0.32991677327381747,0.11871604749827958,0.11300819772980113,0.22425509694218443,0.2923066738413324,0.28585066485882465,0.32991677327381747,0.11871604749827958,0.11300819772980113,0.22425509694218443,2.1082265155656326,3.201363535069028,0.5499926629721765,0.8351694861983255,0.5499926629721765,814160,203540,81416,122124,0.75,,,,,,,,,0.007306592201226931,1
bayesfl_observability_v1,vi_sparse_bayesian_keep010_seed42,59,vi,161,12,1,,5,256,557.9223403453827,0.15367764234542847,1359.8162616413708,1359.8162616413708,,,3.8282419314746874,0.02504795789718628,0.9953678028415976,3.8282419314746874,,-0.0,2.3163460082440825,557.9223403453827,1359.8162616413708,1359.8162616413708,0.01336166121294459,0.15367764234542847,1359.8162616413708,0.005,39.81890214585988,0.07538338783651465,0.07545770332217216,0.08468452170491218,0.11581263691186905,1.3358230434937348,1.1177327640774055,2.7650761143366247,,,,,,,,,,,,,,,,,,1,update_snr,bayesian,0.1,20,101770,10177,0.1,0.25955287464654575,0.1358367921093775,0.12626757066812216,0.2595511751047921,0.1358367921093775,0.12626757066812216,0.2595511751047921,0.2919543771667123,0.2857719845948753,0.32819944814192953,0.11849039376967362,0.11245334392945155,0.22474407283815492,0.2919543771667123,0.2857719845948753,0.32819944814192953,0.11849039376967362,0.11245334392945155,0.22474407283815492,2.104966737243075,3.197585232796978,0.5498520665417338,0.8352620576320858,0.5498520665417338,814160,203540,81416,122124,0.75,,,,,,,,,0.007302461146630508,1
bayesfl_observability_v1,vi_sparse_bayesian_keep010_seed42,59,vi,237,19,1,,5,256,519.722522097826,0.4307245910167694,1371.5867979036661,1371.5867979036661,,,3.844903697588077,0.025081492960453033,0.9953255466154923,3.844903697588077,,-0.0,2.3163460082440825,519.722522097826,1371.5867979036661,1371.5867979036661,0.013477319425210436,0.4307245910167694,1371.5867979036661,0.005,39.81179517073322,0.07537953485737964,0.07545009255409241,0.08468848615884782,0.11477131396532059,1.3355723526415644,1.1162084257694302,2.767743031631846,,,,,,,,,,,,,,,,,,1,update_snr,bayesian,0.1,20,101770,10177,0.1,0.26007307767004884,0.1363909735667533,0.12711029866270204,0.2600689762169205,0.1363909735667533,0.12711029866270204,0.2600689762169205,0.292879071431064,0.2868211719120603,0.3299945882929745,0.11900340713738541,0.11317288117713083,0.22553797729796515,0.292879071431064,0.2868211719120603,0.3299945882929745,0.11900340713738541,0.11317288117713083,0.22553797729796515,2.11107474380431,3.2135102100037036,0.5490578984146197,0.8357843167878434,0.5490578984146197,814160,203540,81416,122124,0.75,,,,,,,,,0.007306547281346795,1
bayesfl_observability_v1,vi_sparse_bayesian_keep010_seed42,59,vi,134,10,1,,5,256,589.41559176445,0.0014818650670349598,1354.3145909675825,1354.3145909675825,,,3.8210350475685373,0.025081457570195198,0.9953889105228536,3.8210350475685373,,-0.0,2.3096097079310103,589.41559176445,1354.3145909675825,1354.3145909675825,0.013307601365506362,0.0014818650670349598,1354.3145909675825,0.005,39.833490962727794,0.07538264276304425,0.07544710487127304,0.08468838781118393,0.11653055995702744,1.3363677316475717,1.1198926607007822,2.763133379064431,,,,,,,,,,,,,,,,,,1,update_snr,bayesian,0.1,20,101770,10177,0.1,0.25867669585149294,0.13551425309485424,0.12605557160386593,0.25867668247084813,0.13551425309485424,0.12605557160386593,0.25867668247084813,0.29166528172533046,0.285274872755189,0.32888539875253975,0.1181641388025791,0.11259695953066347,0.22393523741514895,0.29166528172533046,0.285274872755189,0.32888539875253975,0.1181641388025791,0.11259695953066347,0.22393523741514895,2.1056522105437696,3.188500839419561,0.5510685414633064,0.8344599826291882,0.5510685414633064,814160,203540,81416,122124,0.75,,,,,,,,,0.007307955818717848,1
bayesfl_observability_v1,vi_sparse_bayesian_keep010_seed42,59,vi,76,6,70,,5,256,596.4367986679077,0.0198951176234654,19.5497778284881,19.5497778284881,,,3.8383448684137496,0.02506062388420105,0.9953309420771359,3.8383448684137496,,-0.0,2.311121424016332,596.4367986679077,1368.4844479941669,19.5497778284881,0.013446835491737908,0.0198951176234654,19.5497778284881,0.005,39.765120920246325,0.07538183913179532,0.07544517889618874,0.08468281999230386,0.11457368731498718,1.3344108633500582,1.1167280485225524,2.7607478670714336,,,,,,,,,,,,,,,,,,1,update_snr,bayesian,0.1,20,101770,10177,0.1,0.25931161576727346,0.1364030677095649,0.1277604006678396,0.2592999974438171,0.1364030677095649,0.1277604006678396,0.2592999974438171,0.29236980911012483,0.2860934212820892,0.32939279425549445,0.1190734297761693,0.11388760044498875,0.22488665414438294,0.29236980911012483,0.2860934212820892,0.32939279425549445,0.1190734297761693,0.11388760044498875,0.22488665414438294,2.108674092252551,3.2072394518559193,0.5493706700523735,0.8355787616294511,0.5493706700523735,814160,203540,81416,122124,0.75,,,,,,,,,0.00730803262459807,70
bayesfl_observability_v1,vi_sparse_bayesian_keep010_seed42,59,vi,233,18,90,,5,256,616.48431224823,0.017639046245151096,15.225911263616382,15.225911263616382,,,3.8418495971922835,0.025109142065048218,0.9953317097985634,3.8418495971922835,,-0.0,2.3096097079310103,616.48431224823,1370.3320137254743,15.225911263616382,0.013464989817485255,0.017639046245151096,15.225911263616382,0.005,39.80645981811307,0.07538194604810275,0.07545455545186996,0.08466313555836677,0.11184828728437424,1.335647847271191,1.1188550257149346,2.764860554097466,,,,,,,,,,,,,,,,,,1,update_snr,bayesian,0.1,20,101770,10177,0.1,0.25961151013982114,0.13640030972029346,0.12710457961128677,0.2596097011511751,0.13640030972029346,0.12710457961128677,0.2596097011511751,0.29306156114913134,0.2866426385368968,0.33060095172875936,0.11899350400597816,0.11319856974797719,0.22552805771352225,0.29306156114913134,0.2866426385368968,0.33060095172875936,0.11899350400597816,0.11319856974797719,0.22552805771352225,2.1119352940107476,3.20928927355548,0.5497183688695677,0.8353500553225474,0.5497183688695677,814160,203540,81416,122124,0.75,,,,,,,,,0.007300129508847004,90
bayesfl_observability_v1,vi_sparse_bayesian_keep010_seed42,59,vi,264,21,1,,5,256,565.4228625297546,2.8132995794294402e-05,1356.7025363239186,1356.7025363239186,,,3.8235077506928516,0.025053173303604126,0.9953767972452149,3.8235077506928516,,-0.0,2.259365973874069,565.4228625297546,1356.7025363239186,1356.7025363239186,0.013331065503821545,2.8132995794294402e-05,1356.7025363239186,0.005,39.808602713102786,0.07538553354889227,0.0754556804895401,0.08467190265655518,0.11273729801177979,1.3355098385316972,1.119332391956418,2.7618110805375715,,,,,,,,,,,,,,,,,,1,update_snr,bayesian,0.1,20,101770,10177,0.1,0.2589686198717992,0.1356278007744142,0.12665652005615546,0.2589670778352411,0.1356278007744142,0.12665652005615546,0.2589670778352411,0.2917424140463393,0.2854211293663262,0.32879217534104954,0.11828173263308918,0.11280659759621514,0.2237495074973044,0.2917424140463393,0.2854211293663262,0.32879217534104954,0.11828173263308918,0.11280659759621514,0.2237495074973044,2.1060878215657994,3.1911762106565895,0.5508260892590472,0.8346200449255848,0.5508260892590472,814160,203540,81416,122124,0.75,,,,,,,,,0.007303810307064312,1
bayesfl_observability_v1,vi_sparse_bayesian_keep010_seed42,59,vi,27,2,1,,5,256,538.8611092329025,0.018573179841041565,1364.1349408531355,1364.1349408531355,,,3.8325988548673107,0.025060594081878662,0.9953571729671474,3.8325988548673107,,-0.0,2.3163460082440825,538.8611092329025,1364.1349408531355,1364.1349408531355,0.01340409689351612,0.018573179841041565,1364.1349408531355,0.005,39.81869695344295,0.07539007272042383,0.07547394558787346,0.08467612266540528,0.1125563457608223,1.3357580178570883,1.1184385223429159,2.76203731017571,,,,,,,,,,,,,,,,,,1,update_snr,bayesian,0.1,20,101770,10177,0.1,0.2597518715578384,0.13582844744981393,0.12672878136096558,0.25975176630676244,0.13582844744981393,0.12672878136096558,0.25975176630676244,0.2926859660623909,0.28591505560898645,0.3303068122754819,0.11839983427063873,0.11257176812930386,0.22481162242162483,0.2926859660623909,0.28591505560898645,0.3303068122754819,0.11839983427063873,0.11257176812930386,0.22481162242162483,2.1109775874534598,3.1988416040184617,0.5507953395050901,0.8346403380974786,0.5507953395050901,814160,203540,81416,122124,0.75,,,,,,,,,0.007304420327070417,1
bayesfl_observability_v1,vi_sparse_bayesian_keep010_seed42,59,vi,139,11,6,,5,256,558.9423360824585,0.6371095975240072,227.8530293469953,227.8530293469953,,,3.8369164704532275,0.02508368343114853,0.995337820558279,3.8369164704532275,,-0.0,2.28098669344155,558.9423360824585,1367.1181760819718,227.8530293469953,0.013433410396796422,0.6371095975240072,227.8530293469953,0.005,39.78078830640864,0.07538485598345104,0.07545287534594536,0.08470802232623101,0.1164219081401825,1.3348557472411233,1.1180653092335882,2.7632889855668292,,,,,,,,,,,,,,,,,,1,update_snr,bayesian,0.1,20,101770,10177,0.1,0.25950969531735457,0.13630610308425672,0.12738089305740147,0.2595079589236891,0.13630610308425672,0.12738089305740147,0.2595079589236891,0.29265850922504943,0.28661180806904574,0.3288137489481879,0.11893361351305755,0.11355402397977546,0.22483160932530905,0.29265850922504943,0.28661180806904574,0.3288137489481879,0.11893361351305755,0.11355402397977546,0.22483160932530905,2.109401618902343,3.2050511402171793,0.5497648007576184,0.8353194980652235,0.5497648007576184,814160,203540,81416,122124,0.75,,,,,,,,,0.007306982062432663,6
bayesfl_observability_v1,vi_sparse_bayesian_keep010_seed42,60,vi,293,23,2,,5,256,560.0746861934662,0.026433996856212616,674.544792110144,674.544792110144,,,3.8239595855747552,0.025077223777770996,0.9954512123482198,3.8239595855747552,,-0.0,2.3096097079310103,560.0746861934662,1349.089584220288,674.544792110144,0.013256260039503667,0.026433996856212616,674.544792110144,0.005,40.13695650777016,0.07562555728420371,0.07571028918027878,0.08489537686109543,0.11652274429798126,1.3412056414443483,1.12009059610764,2.773547967370047,,,,,,,,,,,,,,,,,,1,update_snr,bayesian,0.1,20,101770,10177,0.1,0.2582587280431156,0.13522242876414564,0.12579248648783692,0.25825492518454224,0.13522242876414564,0.12579248648783692,0.25825492518454224,0.29108829238854966,0.2848684804717852,0.3287246941635395,0.11790399947254518,0.11221312986572589,0.2232761485293013,0.29108829238854966,0.2848684804717852,0.3287246941635395,0.11790399947254518,0.11221312986572589,0.2232761485293013,2.1084255374485887,3.190173767233331,0.5513723380870106,0.8342592791167891,0.5513723380870106,814160,203540,81416,122124,0.75,,,,,,,,,0.007291454382776425,2
bayesfl_observability_v1,vi_sparse_bayesian_keep010_seed42,60,vi,50,4,1,,5,256,563.0439207911492,0.022735176607966423,1356.529156170504,1356.529156170504,,,3.8334882577330482,0.025073587894439697,0.9954284157443004,3.8334882577330482,,-0.0,2.3163460082440825,563.0439207911492,1356.529156170504,1356.529156170504,0.01332936185683899,0.022735176607966423,1356.529156170504,0.005,40.136767886652024,0.07562225561311171,0.07569946721196175,0.08488004729151725,0.11420411616563797,1.341387305696299,1.1265760582920092,2.7719907850975063,,,,,,,,,,,,,,,,,,1,update_snr,bayesian,0.1,20,101770,10177,0.1,0.25843029373353094,0.1356771767227009,0.12625447699107667,0.2584239955734078,0.1356771767227009,0.12625447699107667,0.2584239955734078,0.2917496168592852,0.285450252582627,0.3292686012926549,0.11833579448530271,0.11269533679476487,0.2235843603298425,0.2917496168592852,0.285450252582627,0.3292686012926549,0.11833579448530271,0.11269533679476487,0.2235843603298425,2.107832341122038,3.201979863131116,0.549847084276323,0.8352653374304639,0.549847084276323,814160,203540,81416,122124,0.75,,,,,,,,,0.00728659005006816,1
bayesfl_observability_v1,vi_sparse_bayesian_keep010_seed42,60,vi,276,22,1,,5,256,541.7404811754823,0.49721717834472656,1361.8064585964155,1361.8064585964155,,,3.8396166663660236,0.025039643049240112,0.9954101920012046,3.8396166663660236,,-0.0,2.311121424016332,541.7404811754823,1361.8064585964155,1361.8064585964155,0.013381217044280393,0.49721717834472656,1361.8064585964155,0.005,40.12106428335514,0.07562522603297903,0.0757007822394371,0.0849212221801281,0.11616616696119308,1.3410322195690791,1.1244333193596363,2.777575820000039,,,,,,,,,,,,,,,,,,1,update_snr,bayesian,0.1,20,101770,10177,0.1,0.2589967648878614,0.1359599664861309,0.1267825505754092,0.2589943740993826,0.1359599664861309,0.1267825505754092,0.2589943740993826,0.2917461021567884,0.28546719915830476,0.32908468472945696,0.11865039585605787,0.11315914674284348,0.22465593165279754,0.2917461021567884,0.28546719915830476,0.32908468472945696,0.11865039585605787,0.11315914674284348,0.22465593165279754,2.1062740067206196,3.210337358167956,0.5485636170847458,0.8361088194791997,0.5485636170847458,814160,203540,81416,122124,0.75,,,,,,,,,0.007293067200253851,1
bayesfl_observability_v1,vi_sparse_bayesian_keep010_seed42,60,vi,86,6,1,,5,256,529.663483941555,0.8372339010238647,1358.7206142517136,1358.7206142517136,,,3.838046016362051,0.0250670425593853,0.9954158160008842,3.838046016362051,,-0.0,2.3292713582565514,529.663483941555,1358.7206142517136,1358.7206142517136,0.013350895295781798,0.8372339010238647,1358.7206142517136,0.005,40.12936471623409,0.07563004103174692,0.07571498304605484,0.08490543514490127,0.11439977586269379,1.3415888914992589,1.1242199048898933,2.768880274388735,,,,,,,,,,,,,,,,,,1,update_snr,bayesian,0.1,20,101770,10177,0.1,0.2590433163947388,0.13575082654263404,0.12684231809910074,0.2590414639560317,0.13575082654263404,0.12684231809910074,0.2590414639560317,0.2917163088019457,0.28543432602306196,0.32863134184020626,0.11842132851382163,0.11309118292836151,0.2237838085710508,0.2917163088019457,0.28543432602306196,0.32863134184020626,0.11842132851382163,0.11309118292836151,0.2237838085710508,2.112311075664792,3.2044873448550972,0.5503610604614316,0.8349267651283968,0.5503610604614316,814160,203540,81416,122124,0.75,,,,,,,,,0.007291416131742617,1
bayesfl_observability_v1,vi_sparse_bayesian_keep010_seed42,60,vi,202,16,1,,5,256,538.9151314020157,0.022194916382431984,1354.3665414088975,1354.3665414088975,,,3.8311281848013143,0.025036320090293884,0.9954301533136098,3.8311281848013143,,-0.0,2.28098669344155,538.9151314020157,1354.3665414088975,1354.3665414088975,0.013308111834616268,0.022194916382431984,1354.3665414088975,0.005,40.119474843821855,0.0756273591787156,0.07570868730545044,0.0849037729203701,0.1143437922000885,1.3408805977296225,1.119228872798789,2.771259860756015,,,,,,,,,,,,,,,,,,1,update_snr,bayesian,0.1,20,101770,10177,0.1,0.25827157732380435,0.1355270415262377,0.1263903236638883,0.2582698714309637,0.1355270415262377,0.1263903236638883,0.2582698714309637,0.2914183656559759,0.28486938821387564,0.3282935206087429,0.11820578328960012,0.11279839092167557,0.22363854963883015,0.2914183656559759,0.28486938821387564,0.3282935206087429,0.11820578328960012,0.11279839092167557,0.22363854963883015,2.1082536665810876,3.198876309851074,0.5502957783936492,0.8349697936345533,0.5502957783936492,814160,203540,81416,122124,0.75,,,,,,,,,0.0072929369420501305,1
bayesfl_observability_v1,vi_sparse_bayesian_keep010_seed42,60,vi,114,9,1,,5,256,551.7389342308045,0.32960566878318787,1357.055913515815,1357.055913515815,,,3.8363872495044866,0.02507360279560089,0.995424135400233,3.8363872495044866,,-0.0,2.3277319754160017,551.7389342308045,1357.055913515815,1357.055913515815,0.013334537815818169,0.32960566878318787,1357.055913515815,0.005,40.14806910173996,0.07562659217394838,0.07572388276457787,0.08489257171750068,0.11472068727016449,1.3417165562391196,1.1234198070241943,2.7762365572848213,,,,,,,,,,,,,,,,,,1,update_snr,bayesian,0.1,20,101770,10177,0.1,0.2586875406904182,0.13576079005954111,0.12674158905252428,0.2586868083517987,0.13576079005954111,0.12674158905252428,0.2586868083517987,0.29146029678359603,0.2852387876233844,0.32863829719466614,0.11846084486797942,0.11274901944150917,0.22372659510322537,0.29146029678359603,0.2852387876233844,0.32863829719466614,0.11846084486797942,0.11274901944150917,0.22372659510322537,2.1107750847972566,3.203513020039055,0.5501986498025943,0.8350337991694726,0.5501986498025943,814160,203540,81416,122124,0.75,,,,,,,,,0.007295437455153595,1
bayesfl_observability_v1,vi_sparse_bayesian_keep010_seed42,60,vi,17,1,202,,5,256,756.2581129550933,0.0002622870673047434,7.087671355168923,7.087671355168923,,,3.9411896506803905,0.025023896247148514,0.9951641806846265,3.9411896506803905,,-0.0,2.3292713582565514,756.2581129550933,1431.7096137441224,7.087671355168923,0.014068090928015352,0.0002622870673047434,7.087671355168923,0.005,40.12339909474358,0.07561871781282678,0.07571030408143997,0.0849130615592003,0.11586056649684906,1.3409753739999541,1.1225742814937547,2.775376620336644,,,,,,,,,,,,,,,,,,1,update_snr,bayesian,0.1,20,101770,10177,0.1,0.26166099136013726,0.14070623579321484,0.1347493349824151,0.26165920624188765,0.14070623579321484,0.1347493349824151,0.26165920624188765,0.2934819272397161,0.28676113269890635,0.33040499040009,0.12373115896582582,0.12034868535154143,0.2289770822758062,0.2934819272397161,0.28676113269890635,0.33040499040009,0.12373115896582582,0.12034868535154143,0.2289770822758062,2.1118311021330394,3.3276335823966234,0.5358359503883457,0.844322115232936,0.5358359503883457,814160,203540,81416,122124,0.75,,,,,,,,,0.007286613777321678,202
bayesfl_observability_v1,vi_sparse_bayesian_keep010_seed42,60,vi,23,1,73,,5,256,568.0392805218696,0.0006929242549693748,18.71479329466596,18.71479329466596,,,3.84738676226085,0.025089070200920105,0.9953996915910629,3.84738676226085,,-0.0,2.185987945410232,568.0392805218696,1366.179910510615,18.71479329466596,0.01342419092572089,0.0006929242549693748,18.71479329466596,0.005,40.15596095023789,0.07562380393970144,0.07569365575909615,0.08493443876504898,0.11596588045358658,1.3420895309363805,1.1245314710737961,2.7781005051994763,,,,,,,,,,,,,,,,,,1,update_snr,bayesian,0.1,20,101770,10177,0.1,0.259633021696732,0.13639721005743644,0.12752498481427754,0.2596282943230123,0.13639721005743644,0.12752498481427754,0.2596282943230123,0.29212592380211383,0.28618936036171716,0.3285340273240945,0.11909401964136117,0.11390539551127046,0.22449118212137084,0.29212592380211383,0.28618936036171716,0.3285340273240945,0.11909401964136117,0.11390539551127046,0.22449118212137084,2.110589289718552,3.216799301875294,0.5485773643610242,0.8360997998508987,0.5485773643610242,814160,203540,81416,122124,0.75,,,,,,,,,0.0072952357145219205,73
bayesfl_observability_v1,vi_sparse_bayesian_keep010_seed42,60,vi,149,11,1,,5,256,553.5985093355179,0.19128163158893585,1355.0144256049564,1355.0144256049564,,,3.833103902879754,0.025042150169610977,0.9954252212256147,3.833103902879754,,-0.0,2.3277319754160017,553.5985093355179,1355.0144256049564,1355.0144256049564,0.013314477995528706,0.19128163158893585,1355.0144256049564,0.005,40.118529781807354,0.07562389293464278,0.0757133848965168,0.08490053191781044,0.11321140825748444,1.3409916803377933,1.1236312261998567,2.7694350066095055,,,,,,,,,,,,,,,,,,1,update_snr,bayesian,0.1,20,101770,10177,0.1,0.25880883575886443,0.13562116442158784,0.12696367038545567,0.25880766049094067,0.13562116442158784,0.12696367038545567,0.25880766049094067,0.29139132436789006,0.2852974859643706,0.3277293259675796,0.11831336887199871,0.11289917597585673,0.22339402499897953,0.29139132436789006,0.2852974859643706,0.3277293259675796,0.11831336887199871,0.11289917597585673,0.22339402499897953,2.1066067388378245,3.202326276030455,0.5495824773377946,0.8354394655528631,0.5495824773377946,814160,203540,81416,122124,0.75,,,,,,,,,0.0072907898327400095,1
bayesfl_observability_v1,vi_sparse_bayesian_keep010_seed42,60,vi,62,5,333,,5,256,1300.2838881075381,0.001311885707594969,6.7259574219105875,6.7259574219105875,,,4.923523872964682,0.046824462711811066,0.9924984279606182,4.923523872964682,,-0.0,2.4040642619438994,1300.2838881075381,2239.743821496226,6.7259574219105875,0.02200789841305125,0.001311885707594969,6.7259574219105875,0.005,40.27143675375934,0.07586980123825827,0.07594064623117447,0.08528880700469017,0.11336790025234222,1.341704767023584,1.1233913590815419,2.7772108642360545,,,,,,,,,,,,,,,,,,1,update_snr,bayesian,0.1,20,101770,10177,0.1,0.3369906065589409,0.1685257813188165,0.14943345322212198,0.33698394660000613,0.1685257813188165,0.14943345322212198,0.33698394660000613,0.40399297651284016,0.3891817463119219,0.48135818882984266,0.14236275963059164,0.13296144300047086,0.27696801372916946,0.40399297651284016,0.3891817463119219,0.48135818882984266,0.14236275963059164,0.13296144300047086,0.27696801372916946,3.0119386567946766,3.8947802062965264,0.6117445013993704,0.7910554120968034,0.6117445013993704,814160,203540,81416,122124,0.75,,,,,,,,,0.0074037691293451936,333
bayesfl_observability_v1,vi_sparse_bayesian_keep010_seed42,60,vi,68,5,1,,5,256,558.5915123522282,0.12509013712406158,1353.187120394297,1353.187120394297,,,3.829720803149113,0.025042667984962463,0.9954350251348447,3.829720803149113,,-0.0,2.4040642619438994,558.5915123522282,1353.187120394297,1353.187120394297,0.013296522751245916,0.12509013712406158,1353.187120394297,0.005,40.1262563444642,0.07562741703459336,0.07572463154792786,0.08491225466132164,0.11647940427064896,1.3406165334746938,1.1242107748872296,2.7742503811313424,,,,,,,,,,,,,,,,,,1,update_snr,bayesian,0.1,20,101770,10177,0.1,0.2592139600432134,0.1355391138473713,0.12599698510222695,0.259197010211181,0.1355391138473713,0.12599698510222695,0.259197010211181,0.2915971106642971,0.285490642832839,0.328948378491551,0.11819933642326842,0.11217113860853076,0.22392833917287178,0.2915971106642971,0.285490642832839,0.328948378491551,0.11819933642326842,0.11217113860853076,0.22392833917287178,2.110297398459889,3.195842036166137,0.5510316565961226,0.8344843398344474,0.5510316565961226,814160,203540,81416,122124,0.75,,,,,,,,,0.007292539953605566,1
bayesfl_observability_v1,vi_sparse_bayesian_keep010_seed42,60,vi,102,8,341,,5,256,1214.180789589882,0.006036535866798893,6.557466104009762,6.557466104009762,,,4.920412650133875,0.04797281324863434,0.992502923032024,4.920412650133875,,-0.0,2.4040642619438994,1214.180789589882,2236.095941467329,6.557466104009762,0.021972054057849355,0.006036535866798893,6.557466104009762,0.005,40.258308551603534,0.07588937470832724,0.07596477121114731,0.08531869724392892,0.1161438375711441,1.3417371463927714,1.1234018230148932,2.7771415458745463,,,,,,,,,,,,,,,,,,1,update_snr,bayesian,0.1,20,101770,10177,0.1,0.33775166652686267,0.16795649210562677,0.14804034072259903,0.3377320522325889,0.16795649210562677,0.14804034072259903,0.3377320522325889,0.40564958753111674,0.3915983172819965,0.4858459310202488,0.14154614816946123,0.13159669899787374,0.2763260815179856,0.40564958753111674,0.3915983172819965,0.4858459310202488,0.14154614816946123,0.13159669899787374,0.2763260815179856,3.0279447480021657,3.8784031830953,0.6153843108910348,0.7882272197210484,0.6153843108910348,814160,203540,81416,122124,0.75,,,,,,,,,0.0073989563341733885,341
bayesfl_observability_v1,vi_sparse_bayesian_keep010_seed42,60,vi,216,17,1,,5,256,533.7114633083344,0.08144300431013107,1357.7791823511254,1357.7791823511254,,,3.837097318660626,0.02508094161748886,0.9954187242230603,3.837097318660626,,-0.0,2.3096097079310103,533.7114633083344,1357.7791823511254,1357.7791823511254,0.013341644712106962,0.08144300431013107,1357.7791823511254,0.005,40.132163378856845,0.07562455677050228,0.07571414485573769,0.0849018082022667,0.11243187636137009,1.3412805286980785,1.1208320948651087,2.772625098103372,,,,,,,,,,,,,,,,,,1,update_snr,bayesian,0.1,20,101770,10177,0.1,0.25893638350583564,0.13574939499553165,0.12667533872152467,0.2589329616094436,0.13574939499553165,0.12667533872152467,0.2589329616094436,0.29126934557324513,0.28474010414727036,0.327879394938837,0.1184694004868968,0.1128852224291664,0.2237161604466712,0.29126934557324513,0.28474010414727036,0.327879394938837,0.1184694004868968,0.1128852224291664,0.2237161604466712,2.1085711158942226,3.2058140435916065,0.54952244907623,0.8354789512377094,0.54952244907623,814160,203540,81416,122124,0.75,,,,,,,,,0.007292782803345042,1
bayesfl_observability_v1,vi_sparse_bayesian_keep010_seed42,60,vi,165,13,1662,,5,256,2042.152938226291,0.03794698221732276,1.2205378319563136,1.2205378319563136,,,4.607836361757067,0.06580750644207001,0.9934172528375563,4.607836361757067,,-0.0,2.3292713582565514,2042.152938226291,2028.533876711393,1.2205378319563136,0.019932532934178963,0.03794698221732276,1.2205378319563136,0.005,40.22472463312735,0.07631718563540951,0.07631918415427208,0.08621073886752129,0.11478860676288605,1.3330905647758367,1.1143607271258928,2.7550035487298414,,,,,,,,,,,,,,,,,,1,update_snr,bayesian,0.1,20,101770,10177,0.1,0.3119553247512254,0.15128720066925094,0.1275518989019998,0.3119421454634449,0.15128720066925094,0.1275518989019998,0.3119421454634449,0.39281844774716757,0.3731142018361661,0.4915796871989319,0.12445039543837132,0.11329039855714308,0.24825710393263975,0.39281844774716757,0.3731142018361661,0.4915796871989319,0.12445039543837132,0.11329039855714308,0.24825710393263975,3.0365631127941684,3.4657525010809027,0.6589997722133217,0.7521431381211934,0.6589997722133217,814160,203540,81416,122124,0.75,,,,,,,,,0.007724599234274553,1662
bayesfl_observability_v1,vi_sparse_bayesian_keep010_seed42,60,vi,150,12,1,,5,256,549.9343324422837,0.02412324585020542,1357.0205865628247,1357.0205865628247,,,3.833615135861357,0.025045111775398254,0.9954333918701349,3.833615135861357,,-0.0,2.3155014849272724,549.9343324422837,1357.0205865628247,1357.0205865628247,0.013334190690408025,0.02412324585020542,1357.0205865628247,0.005,40.158956016829585,0.07562926249772418,0.0757274366915226,0.08492213785648346,0.1151481419801712,1.3422396734130204,1.1239947341146532,2.776394101769713,,,,,,,,,,,,,,,,,,1,update_snr,bayesian,0.1,20,101770,10177,0.1,0.2594019791751373,0.13555323456886662,0.1261691151369677,0.25940005793399523,0.13555323456886662,0.1261691151369677,0.25940005793399523,0.2919795954796303,0.28570957975637423,0.3283558634548317,0.11817252780100401,0.1125583304676854,0.22380209962871844,0.2919795954796303,0.28570957975637423,0.3283558634548317,0.11817252780100401,0.1125583304676854,0.22380209962871844,2.1113408607455026,3.199819491729454,0.5507440851313092,0.8346741595933577,0.5507440851313092,814160,203540,81416,122124,0.75,,,,,,,,,0.007292436905122426,1
bayesfl_observability_v1,vi_sparse_bayesian_keep010_seed42,61,vi,270,21,1,,5,256,552.2306317329407,0.1771836131811142,1339.1977445210257,1339.1977445210257,,,3.8266257289598458,0.025031138211488724,0.9955556672881677,3.8266257289598458,,-0.0,2.185987945410232,552.2306317329407,1339.1977445210257,1339.1977445210257,0.013159062046978733,0.1771836131811142,1339.1977445210257,0.005,40.63309940681065,0.0759662059190185,0.07606511190533638,0.0853036679327488,0.11399325728416443,1.3526535137563236,1.1320836233325045,2.7934364807417706,,,,,,,,,,,,,,,,,,1,update_snr,bayesian,0.1,20,101770,10177,0.1,0.25758364479141366,0.13462694309202183,0.12555734411634706,0.25758323581697107,0.13462694309202183,0.12555734411634706,0.25758323581697107,0.2903471275025032,0.2837578910993004,0.32780626490320897,0.11732470037974617,0.11196582557668286,0.22233544128781355,0.2903471275025032,0.2837578910993004,0.32780626490320897,0.11732470037974617,0.11196582557668286,0.22233544128781355,2.10811315944948,3.1935753281382633,0.5509065450261601,0.8345669407826675,0.5509065450261601,814160,203540,81416,122124,0.75,,,,,,,,,0.007330646851897482,1
bayesfl_observability_v1,vi_sparse_bayesian_keep010_seed42,61,vi,175,14,1,,5,256,565.133089697361,0.11160452663898468,1339.0256552142032,1339.0256552142032,,,3.8275756470821656,0.02504340559244156,0.9955463414488687,3.8275756470821656,,-0.0,2.259365973874069,565.133089697361,1339.0256552142032,1339.0256552142032,0.01315737108395601,0.11160452663898468,1339.0256552142032,0.005,40.599847058290145,0.07596917025045027,0.07606778293848038,0.0853184476494789,0.11341079324483871,1.3516941971174201,1.1312318807864052,2.7925488337229574,,,,,,,,,,,,,,,,,,1,update_snr,bayesian,0.1,20,101770,10177,0.1,0.2566338463789458,0.13486174939660578,0.1260577535687353,0.2566310524601368,0.13486174939660578,0.1260577535687353,0.2566310524601368,0.28952199689409097,0.2830691190370334,0.3262987087488897,0.11767727745244073,0.1121476934469913,0.22221078468611768,0.28952199689409097,0.2830691190370334,0.3262987087488897,0.11767727745244073,0.1121476934469913,0.22221078468611768,2.1050104634676714,3.19675871514071,0.5499592059199042,0.8351915180507695,0.5499592059199042,814160,203540,81416,122124,0.75,,,,,,,,,0.007334486746585476,1
bayesfl_observability_v1,vi_sparse_bayesian_keep010_seed42,61,vi,180,14,4,,5,256,524.4903797149658,0.19291169941425323,338.1862421429135,338.1862421429135,,,3.844481032572351,0.02505055069923401,0.9955123045382841,3.844481032572351,,-0.0,2.3163460082440825,524.4903797149658,1352.744968571654,338.1862421429135,0.013292178132766572,0.19291169941425323,338.1862421429135,0.005,40.62550562280092,0.0759662645219676,0.07606546208262444,0.08532843291759491,0.11627569794654846,1.3522997130761056,1.1337943717258958,2.793569563094253,,,,,,,,,,,,,,,,,,1,update_snr,bayesian,0.1,20,101770,10177,0.1,0.2578446937430807,0.13557042280648793,0.12678463022479491,0.2578432897509887,0.13557042280648793,0.12678463022479491,0.2578432897509887,0.2909143404041371,0.2848726283455742,0.3286147534450774,0.11830998751786022,0.11286335277684846,0.2229587468117136,0.2909143404041371,0.2848726283455742,0.3286147534450774,0.11830998751786022,0.11286335277684846,0.2229587468117136,2.1118966008498563,3.2124643433238917,0.5493320380454008,0.8356041598609278,0.5493320380454008,814160,203540,81416,122124,0.75,,,,,,,,,0.007333047651079134,4
bayesfl_observability_v1,vi_sparse_bayesian_keep010_seed42,61,vi,146,11,1,,5,256,523.1734699785709,0.008477415889501572,1346.5716604338015,1346.5716604338015,,,3.835462640875837,0.02505282312631607,0.9955345090870785,3.835462640875837,,-0.0,2.3292713582565514,523.1734699785709,1346.5716604338015,1346.5716604338015,0.013231518722941944,0.008477415889501572,1346.5716604338015,0.005,40.63060389802024,0.0759684023122923,0.07606588676571846,0.08532584682106972,0.11219798773527145,1.3520233293281685,1.1300744228755357,2.798728346230605,,,,,,,,,,,,,,,,,,1,update_snr,bayesian,0.1,20,101770,10177,0.1,0.258836869380497,0.13505082745209673,0.12565690615768557,0.25883663041156163,0.13505082745209673,0.12565690615768557,0.25883663041156163,0.2909078338080034,0.2844258279700348,0.32803276736091486,0.11773338230144045,0.11171312047440655,0.22299563283936086,0.2909078338080034,0.2844258279700348,0.32803276736091486,0.11773338230144045,0.11171312047440655,0.22299563283936086,2.111985187128074,3.2016077584404146,0.5506467888957973,0.8347383505498882,0.5506467888957973,814160,203540,81416,122124,0.75,,,,,,,,,0.0073335334308916,1
bayesfl_observability_v1,vi_sparse_bayesian_keep010_seed42,61,vi,149,11,1,,5,256,520.3434052944183,0.5496202707290649,1347.999701479494,1347.999701479494,,,3.839391696578028,0.0250022504478693,0.9955280486491839,3.839391696578028,,-0.0,2.3277319754160017,520.3434052944183,1347.999701479494,1347.999701479494,0.013245550766232623,0.5496202707290649,1347.999701479494,0.005,40.642581799418345,0.07597099543891651,0.0760725885629654,0.08534626364707946,0.11638430505990982,1.3525460379809642,1.1329081110270405,2.7920516871769863,,,,,,,,,,,,,,,,,,1,update_snr,bayesian,0.1,20,101770,10177,0.1,0.2575328443709846,0.1352844678776178,0.1265500993732192,0.2575257180142957,0.1352844678776178,0.1265500993732192,0.2575257180142957,0.29029893695401626,0.2839021438696722,0.3271976267025463,0.11806063798024023,0.1127191449277632,0.22323787077140217,0.29029893695401626,0.2839021438696722,0.3271976267025463,0.11806063798024023,0.1127191449277632,0.22323787077140217,2.1081774003834615,3.2088185751557767,0.5490915142267034,0.8357622323389748,0.5490915142267034,814160,203540,81416,122124,0.75,,,,,,,,,0.007331670567434853,1
bayesfl_observability_v1,vi_sparse_bayesian_keep010_seed42,61,vi,2,0,48,,5,256,565.0960821151733,0.08385525147120158,28.22796749018303,28.22796749018303,,,3.8498466761520596,0.025090234354138374,0.9954988607548018,3.8498466761520596,,-0.0,2.185987945410232,565.0960821151733,1354.9424395287854,28.22796749018303,0.01331377065469967,0.08385525147120158,28.22796749018303,0.005,40.621492088963,0.07596874949628013,0.07607964053750038,0.08537086173892021,0.11524820327758789,1.3517388158955586,1.13124397012216,2.7981561255300855,,,,,,,,,,,,,,,,,,1,update_snr,bayesian,0.1,20,101770,10177,0.1,0.258210328342657,0.13570892455234843,0.126760195846296,0.258208997527796,0.13570892455234843,0.126760195846296,0.258208997527796,0.29059750153282243,0.2842656085074994,0.32621894248621197,0.11849908266562906,0.11292036380876593,0.22369766197837257,0.29059750153282243,0.2842656085074994,0.32621894248621197,0.11849908266562906,0.11292036380876593,0.22369766197837257,2.1099115636424535,3.220185184657387,0.5480508033507766,0.836445047176782,0.5480508033507766,814160,203540,81416,122124,0.75,,,,,,,,,0.007334772580986483,48
bayesfl_observability_v1,vi_sparse_bayesian_keep010_seed42,61,vi,218,17,1,,5,256,532.7007624387741,0.010268595069646835,1347.2280368085799,1347.2280368085799,,,3.8387575491699417,0.025069884955883026,0.9955259624070548,3.8387575491699417,,-0.0,2.185987945410232,532.7007624387741,1347.2280368085799,1347.2280368085799,0.013237968328668368,0.010268595069646835,1347.2280368085799,0.005,40.62675899277088,0.07596852498148594,0.07605881616473198,0.08532714024186135,0.11658674478530884,1.3523533201756401,1.13274203234405,2.8005245667850294,,,,,,,,,,,,,,,,,,1,update_snr,bayesian,0.1,20,101770,10177,0.1,0.2577130752703829,0.13525552950886388,0.12621400239616393,0.257708417824259,0.13525552950886388,0.12621400239616393,0.257708417824259,0.2903476398315361,0.28423867567955946,0.3274124855739187,0.11802307280634478,0.11243754483923228,0.22290058883577987,0.2903476398315361,0.28423867567955946,0.3274124855739187,0.11802307280634478,0.11243754483923228,0.22290058883577987,2.1108715123047412,3.2062877256805145,0.5498840406738313,0.8352410082199156,0.5498840406738313,814160,203540,81416,122124,0.75,,,,,,,,,0.007336223863120871,1
bayesfl_observability_v1,vi_sparse_bayesian_keep010_seed42,61,vi,222,17,107,,5,256,572.303138256073,0.0013415381730159867,12.536628422839133,12.536628422839133,,,3.830741553139558,0.025072194635868073,0.9955471523475385,3.830741553139558,,-0.0,2.185987945410232,572.303138256073,1341.4192412437872,12.536628422839133,0.013180890647968823,0.0013415381730159867,12.536628422839133,0.005,40.637861727608225,0.07596681305205756,0.07607155665755272,0.08530676290392876,0.11543112993240356,1.3526981220336427,1.13219276946373,2.795361978217305,,,,,,,,,,,,,,,,,,1,update_snr,bayesian,0.1,20,101770,10177,0.1,0.2575005381141448,0.1349023142958119,0.12549387291836153,0.25749456407563276,0.1349023142958119,0.12549387291836153,0.25749456407563276,0.2903872035850222,0.2842048751043527,0.32735873266276067,0.11762621548589966,0.11174984049314099,0.2225738254021985,0.2903872035850222,0.2842048751043527,0.32735873266276067,0.11762621548589966,0.11174984049314099,0.2225738254021985,2.1080859347400676,3.1985238061801544,0.5503075332796453,0.8349620463324504,0.5503075332796453,814160,203540,81416,122124,0.75,,,,,,,,,0.0073340908163644514,107
bayesfl_observability_v1,vi_sparse_bayesian_keep010_seed42,61,vi,82,6,1,,5,256,533.5169487476348,0.02069452777504921,1347.8759750080708,1347.8759750080708,,,3.839165950178153,0.02503957413136959,0.9955267360181519,3.839165950178153,,-0.0,2.3155014849272724,533.5169487476348,1347.8759750080708,1347.8759750080708,0.013244335020222766,0.02069452777504921,1347.8759750080708,0.005,40.63450465738108,0.07596423880218979,0.07606382668018341,0.08533838838338852,0.1159101352095604,1.3526963226401725,1.1333860789820815,2.7952760540261075,,,,,,,,,,,,,,,,,,1,update_snr,bayesian,0.1,20,101770,10177,0.1,0.25840346967694017,0.13521134940571217,0.12612820448622253,0.25840313282690935,0.13521134940571217,0.12612820448622253,0.25840313282690935,0.29095787182405397,0.28461522108943615,0.3280496803957833,0.11790618024811862,0.11245248180834011,0.22310671893167325,0.29095787182405397,0.28461522108943615,0.3280496803957833,0.11790618024811862,0.11245248180834011,0.22310671893167325,2.1134713591755863,3.205063807001638,0.5505027359073948,0.8348333592750555,0.5505027359073948,814160,203540,81416,122124,0.75,,,,,,,,,0.007334216395974196,1
bayesfl_observability_v1,vi_sparse_bayesian_keep010_seed42,61,vi,48,3,1,,5,256,522.7622913300991,0.008553772233426571,1352.6508201541053,1352.6508201541053,,,3.8457328707653655,0.025067821145057678,0.995510775001159,3.8457328707653655,,-0.0,2.3292713582565514,522.7622913300991,1352.6508201541053,1352.6508201541053,0.013291253023033363,0.008553772233426571,1352.6508201541053,0.005,40.63180435323529,0.07596504029259561,0.07606692612171173,0.08532887473702432,0.11547594517469406,1.3523752261693012,1.1332221526371908,2.7959602259054654,,,,,,,,,,,,,,,,,,1,update_snr,bayesian,0.1,20,101770,10177,0.1,0.25871865713048964,0.13550450106354464,0.1262694283528542,0.25871398797176065,0.13550450106354464,0.1262694283528542,0.25871398797176065,0.2913252589727436,0.2851247191312378,0.32817570203705676,0.11819108351807811,0.11262208218768577,0.22348843294948445,0.2913252589727436,0.2851247191312378,0.32817570203705676,0.11819108351807811,0.11262208218768577,0.22348843294948445,2.1146523364549563,3.212149873404232,0.5498697927071843,0.8352503882478349,0.5498697927071843,814160,203540,81416,122124,0.75,,,,,,,,,0.007335886375953247,1
bayesfl_observability_v1,vi_sparse_bayesian_keep010_seed42,61,vi,28,2,568,,5,256,1526.0306621630987,0.006229271641670083,4.284110292118801,4.284110292118801,,,5.146921986708532,0.06418444961309433,0.9920029659699878,5.146921986708532,,0.08787175099597194,2.241159561925204,1526.0306621630987,2433.374645923479,4.284110292118801,0.023910530076874117,0.006229271641670083,4.284110292118801,0.005,40.77909693059784,0.07638234583690427,0.07644399628043175,0.08599068075418473,0.11850215494632721,1.3495026586342453,1.1284849642848793,2.7908391371705767,,,,,,,,,,,,,,,,,,1,update_snr,bayesian,0.1,20,101770,10177,0.1,0.3510574984826136,0.17134684654043755,0.1465543221841193,0.35104166249072627,0.17134684654043755,0.1465543221841193,0.35104166249072627,0.43363769708136296,0.41417495150049893,0.5341568087146418,0.14220341870255698,0.13011005345082693,0.2820341259910302,0.43363769708136296,0.41417495150049893,0.5341568087146418,0.14220341870255698,0.13011005345082693,0.2820341259910302,3.300673303787964,3.9492229208953695,0.6412907194458473,0.7672979950140855,0.6412907194458473,814160,203540,81416,122124,0.75,,,,,,,,,0.007525189777217544,568
bayesfl_observability_v1,vi_sparse_bayesian_keep010_seed42,61,vi,35,2,1,,5,256,510.5612981557846,0.01824934408068657,1352.6766434191375,1352.6766434191375,,,3.8458751918407033,0.025105565786361694,0.9955077004820307,3.8458751918407033,,-0.0,2.3163460082440825,510.5612981557846,1352.6766434191375,1352.6766434191375,0.013291506764460425,0.01824934408068657,1352.6766434191375,0.005,40.619367723650214,0.07596394100262244,0.07605668529868126,0.08531718626618386,0.11556753516197205,1.3517809341244378,1.1318618949348507,2.7934993863199487,,,,,,,,,,,,,,,,,,1,update_snr,bayesian,0.1,20,101770,10177,0.1,0.2582721147089378,0.13551997614909636,0.12662177641790673,0.2582714175118012,0.13551997614909636,0.12662177641790673,0.2582714175118012,0.29050504075588973,0.2843117124153603,0.3266506294800092,0.11829941341500824,0.11257188384514374,0.22362856550064686,0.29050504075588973,0.2843117124153603,0.3266506294800092,0.11829941341500824,0.11257188384514374,0.22362856550064686,2.1089699791567695,3.2160537337288493,0.5483719241932496,0.8362345560646209,0.5483719241932496,814160,203540,81416,122124,0.75,,,,,,,,,0.0073303793334131406,1
bayesfl_observability_v1,vi_sparse_bayesian_keep010_seed42,61,vi,114,9,1,,5,256,550.2546010494232,1.2066408395767212,1342.884427043401,1342.884427043401,,,3.833403256564208,0.02509024739265442,0.9955393723715208,3.833403256564208,,-0.0,2.3277319754160017,550.2546010494232,1342.884427043401,1342.884427043401,0.013195287678524133,1.2066408395767212,1342.884427043401,0.005,40.630864178634404,0.07596626108080526,0.0760725773870945,0.08530638366937637,0.11299680173397064,1.3517750694233057,1.1306889543178604,2.7974756211725555,,,,,,,,,,,,,,,,,,1,update_snr,bayesian,0.1,20,101770,10177,0.1,0.2572728756931461,0.13496362084244032,0.12590384869651167,0.2572717735886071,0.13496362084244032,0.12590384869651167,0.2572717735886071,0.2902271193429866,0.28408673372334764,0.3268832833463796,0.11771212100904624,0.11227905996670276,0.22294819696079418,0.2902271193429866,0.28408673372334764,0.3268832833463796,0.11771212100904624,0.11227905996670276,0.22294819696079418,2.111283924947224,3.1996032122275,0.5507596732308094,0.8346638738694117,0.5507596732308094,814160,203540,81416,122124,0.75,,,,,,,,,0.007332873803367489,1
bayesfl_observability_v1,vi_sparse_bayesian_keep010_seed42,61,vi,251,20,1,,5,256,550.1648169517517,0.543987512588501,1339.8784537470704,1339.8784537470704,,,3.8300665093567106,0.02505532093346119,0.9955429857194259,3.8300665093567106,,-0.0,2.3163460082440825,550.1648169517517,1339.8784537470704,1339.8784537470704,0.013165750749209691,0.543987512588501,1339.8784537470704,0.005,40.611656067614625,0.07596663022544713,0.07606633380055428,0.0853404499590397,0.11324970424175262,1.3515894909844852,1.132250407120711,2.7938500496703704,,,,,,,,,,,,,,,,,,1,update_snr,bayesian,0.1,20,101770,10177,0.1,0.25714281053742044,0.13479669940399255,0.12544324567680903,0.2571396868566149,0.13479669940399255,0.12544324567680903,0.2571396868566149,0.28978562959201914,0.2832710475397371,0.32653854878148936,0.1175757071608785,0.1116913324861298,0.22245991093540168,0.28978562959201914,0.2832710475397371,0.32653854878148936,0.1175757071608785,0.1116913324861298,0.22245991093540168,2.107349896265743,3.1982004128579358,0.5502123503906695,0.8350247717748114,0.5502123503906695,814160,203540,81416,122124,0.75,,,,,,,,,0.0073278512197721985,1
bayesfl_observability_v1,vi_sparse_bayesian_keep010_seed42,61,vi,261,20,20,,5,256,567.857986497879,0.35639209747314454,67.91542939357359,67.91542939357359,,,3.8531517896775056,0.02503024786710739,0.9954962301994432,3.8531517896775056,,-0.0,2.311121424016332,567.857986497879,1358.308587871472,67.91542939357359,0.013346846692261688,0.35639209747314454,67.91542939357359,0.005,40.64421689342241,0.0759635365202143,0.07607414200901985,0.08531421646475792,0.11520987749099731,1.3528950240436914,1.1345026152719582,2.7931315185416614,,,,,,,,,,,,,,,,,,1,update_snr,bayesian,0.1,20,101770,10177,0.1,0.2591601223023576,0.13575718305832465,0.12705838192070407,0.2591591081219717,0.13575718305832465,0.12705838192070407,0.2591591081219717,0.29110946360573703,0.28488700840020975,0.3276188941814024,0.11849581855305662,0.11327564055365631,0.22433794948530253,0.29110946360573703,0.28488700840020975,0.3276188941814024,0.11849581855305662,0.11327564055365631,0.22433794948530253,2.1119605503965078,3.2227940281476037,0.5481124714718989,0.8364046380891056,0.5481124714718989,814160,203540,81416,122124,0.75,,,,,,,,,0.007327809078539399,20
bayesfl_observability_v1,vi_sparse_bayesian_keep010_seed42,62,vi,257,20,22,,5,256,569.9800930976868,0.07522124593908136,60.85247443073502,60.85247443073502,,,3.8402100836299486,0.02504803240299225,0.9956187361586294,3.8402100836299486,,-0.0,2.259365973874069,569.9800930976868,1338.7544374761706,60.85247443073502,0.013154706077195348,0.07522124593908136,60.85247443073502,0.005,41.06917764436961,0.07623370640291714,0.07634107768535614,0.08555889278650285,0.1159251406788826,1.3608651317030873,1.138745761639325,2.8173526550007377,,,,,,,,,,,,,,,,,,1,update_snr,bayesian,0.1,20,101770,10177,0.1,0.25711591494968306,0.13481158331760462,0.1259749063833145,0.2571081521144884,0.13481158331760462,0.1259749063833145,0.2571081521144884,0.2899155469932238,0.2835966086584083,0.32778788292788696,0.11757780957586918,0.11209128996149265,0.221916450362648,0.2899155469932238,0.2835966086584083,0.32778788292788696,0.11757780957586918,0.11209128996149265,0.221916450362648,2.113940774264279,3.206004973376693,0.550475293858424,0.8348514543626804,0.550475293858424,814160,203540,81416,122124,0.75,,,,,,,,,0.0073301256940560625,22
bayesfl_observability_v1,vi_sparse_bayesian_keep010_seed42,62,vi,87,7,14,,5,256,579.7998767852783,0.3414387362343924,96.17168467762006,96.17168467762006,,,3.8510363981944646,0.025070080533623695,0.9955960900920228,3.8510363981944646,,0.39267446722755217,1.9352627592338563,579.7998767852783,1346.4035854866809,96.17168467762006,0.013229867205332424,0.3414387362343924,96.17168467762006,0.005,41.079195468462046,0.0762423413189693,0.07636970281600952,0.0856052577495575,0.11512906104326248,1.361451526660181,1.1383851194885806,2.8196018105294955,,,,,,,,,,,,,,,,,,1,update_snr,bayesian,0.1,20,101770,10177,0.1,0.2571753704658226,0.13529829785751063,0.12673383001568522,0.2571724608498754,0.13529829785751063,0.12673383001568522,0.2571724608498754,0.28973839575687976,0.2836938480432045,0.32646821432738143,0.11813828697980294,0.11286968768846602,0.22320812284767075,0.28973839575687976,0.2836938480432045,0.32646821432738143,0.11813828697980294,0.11286968768846602,0.22320812284767075,2.11203255573968,3.220217356594788,0.5484322497522729,0.8361949936657487,0.5484322497522729,814160,203540,81416,122124,0.75,,,,,,,,,0.0073329120408772465,14
bayesfl_observability_v1,vi_sparse_bayesian_keep010_seed42,62,vi,97,7,1882,,5,256,2017.908015898615,0.0375802490333695,1.036049024839219,1.036049024839219,,,4.534933272884546,0.06967277824878693,0.9939041326240521,4.534933272884546,,-0.0,2.3096097079310103,2017.908015898615,1949.84426474741,1.036049024839219,0.019159322636802693,0.0375802490333695,1.036049024839219,0.005,41.13386522755688,0.07693455406360587,0.07697296142578125,0.08684963956475258,0.11392756551504135,1.3525207923528242,1.1319090530591551,2.8028911347185694,,,,,,,,,,,,,,,,,,1,update_snr,bayesian,0.1,20,101770,10177,0.1,0.30509347115338153,0.147886883812221,0.12505468051850896,0.3050851520214901,0.147886883812221,0.12505468051850896,0.3050851520214901,0.3831140434163588,0.36425314280853965,0.47686292434836286,0.12175053274509462,0.11078732885050939,0.24286017129068793,0.3831140434163588,0.36425314280853965,0.47686292434836286,0.12175053274509462,0.11078732885050939,0.24286017129068793,2.981695103502263,3.416886609073544,0.6574948128411356,0.7534590706116734,0.6574948128411356,814160,203540,81416,122124,0.75,,,,,,,,,0.007783880657355473,1882
bayesfl_observability_v1,vi_sparse_bayesian_keep010_seed42,62,vi,167,13,726,,5,256,1517.9420663118362,0.0007996209550741291,3.3496141978566354,3.3496141978566354,,,5.159467515145143,0.06462880969047546,0.9921195882365557,5.159467515145143,,-0.0,2.3292713582565514,1517.9420663118362,2431.8199076439173,3.3496141978566354,0.023895253096628842,0.0007996209550741291,3.3496141978566354,0.005,41.177334407191,0.07665126871870727,0.07672668620944023,0.08623142540454865,0.11456630378961563,1.3580450130156925,1.1349801912784039,2.8107813277261626,,,,,,,,,,,,,,,,,,1,update_snr,bayesian,0.1,20,101770,10177,0.1,0.35042006593412817,0.17129330160340236,0.14641076890298976,0.3504032004675297,0.17129330160340236,0.14641076890298976,0.3504032004675297,0.4334521394266376,0.41359484441716143,0.5337477525548243,0.1421645418452652,0.12961250196964955,0.28241154977481214,0.4334521394266376,0.41359484441716143,0.5337477525548243,0.1421645418452652,0.12961250196964955,0.28241154977481214,3.303475488780759,3.963225294487173,0.6402745010185082,0.7681461861817114,0.6402745010185082,814160,203540,81416,122124,0.75,,,,,,,,,0.00752884101645374,726
bayesfl_observability_v1,vi_sparse_bayesian_keep010_seed42,62,vi,171,13,11,,5,256,552.3518524169922,0.4649565436623313,121.91734478219097,121.91734478219097,,,3.8446440094322636,0.025097154080867767,0.9956114739567338,3.8446440094322636,,0.6791932659915256,1.6161745905690754,552.3518524169922,1341.0907926041007,121.91734478219097,0.013177663285880915,0.4649565436623313,121.91734478219097,0.005,41.08260831922286,0.07623318634539993,0.07634289190173149,0.08556963577866554,0.11375419795513153,1.3612962818120735,1.1371348498460325,2.822023709900498,,,,,,,,,,,,,,,,,,1,update_snr,bayesian,0.1,20,101770,10177,0.1,0.25700326113907407,0.1349646190565056,0.12625818676287226,0.2570032324161917,0.1349646190565056,0.12625818676287226,0.2570032324161917,0.28941860690512655,0.2830781444688421,0.3264726206542527,0.1178030648511033,0.11220866999531481,0.22217739908003067,0.28941860690512655,0.2830781444688421,0.3264726206542527,0.1178030648511033,0.11220866999531481,0.22217739908003067,2.1100683587698876,3.213860463769633,0.548833221903809,0.8359318719457258,0.548833221903809,814160,203540,81416,122124,0.75,,,,,,,,,0.007330341018513696,11
bayesfl_observability_v1,vi_sparse_bayesian_keep010_seed42,62,vi,172,13,1,,5,256,531.5970508098602,0.0002343380037928,1335.4374283883935,1335.4374283883935,,,3.8349417962849772,0.025100380182266235,0.9956269588164582,3.8349417962849772,,-0.0,2.185987945410232,531.5970508098602,1335.4374283883935,1335.4374283883935,0.013122112885805183,0.0002343380037928,1335.4374283883935,0.005,41.05053545887421,0.07623060105396498,0.07635129988193512,0.08556528761982918,0.11530868709087372,1.3601963607160297,1.1394540638734556,2.8124532278050762,,,,,,,,,,,,,,,,,,1,update_snr,bayesian,0.1,20,101770,10177,0.1,0.25633744356971283,0.1346501718736083,0.12573642771011967,0.2563371140392916,0.1346501718736083,0.12573642771011967,0.2563371140392916,0.28897504900227666,0.282758243698952,0.3255505470988172,0.11750296330375622,0.11212197193886675,0.22247725809045257,0.28897504900227666,0.282758243698952,0.3255505470988172,0.11750296330375622,0.11212197193886675,0.22247725809045257,2.105711650467856,3.205114198585972,0.5490856869086571,0.8357660608280579,0.5490856869086571,814160,203540,81416,122124,0.75,,,,,,,,,0.007327783898888296,1
bayesfl_observability_v1,vi_sparse_bayesian_keep010_seed42,62,vi,188,15,1,,5,256,532.170940208435,4.486868858337402,1336.9419237715822,1336.9419237715822,,,3.838957547337606,0.025058940052986145,0.9956195068327673,3.838957547337606,,-0.0,2.28098669344155,532.170940208435,1336.9419237715822,1336.9419237715822,0.013136896175411047,4.486868858337402,1336.9419237715822,0.005,41.059085582142984,0.07623291479677498,0.07633712142705917,0.08558519035577775,0.11246836185455322,1.361009358014076,1.139465749216106,2.8130992877348144,,,,,,,,,,,,,,,,,,1,update_snr,bayesian,0.1,20,101770,10177,0.1,0.2563327478820632,0.13473778685659035,0.12597056729275502,0.2563327464159028,0.13473778685659035,0.12597056729275502,0.2563327464159028,0.28908969365724985,0.28255694605882203,0.3263486289383365,0.1175875749898504,0.11222197599246284,0.22217002556509238,0.28908969365724985,0.28255694605882203,0.3263486289383365,0.1175875749898504,0.11222197599246284,0.22217002556509238,2.1083212392470827,3.208204576145359,0.5491910794140575,0.8356968100286268,0.5491910794140575,814160,203540,81416,122124,0.75,,,,,,,,,0.007331716204640564,1
bayesfl_observability_v1,vi_sparse_bayesian_keep010_seed42,62,vi,199,15,1,,5,256,533.3862205088138,0.5802169442176819,1337.8670288307783,1337.8670288307783,,,3.8387497830925996,0.025061126798391342,0.9956225255030526,3.8387497830925996,,-0.0,2.3277319754160017,533.3862205088138,1337.8670288307783,1337.8670288307783,0.013145986330262142,0.5802169442176819,1337.8670288307783,0.005,41.071315837258524,0.07623764791262252,0.07637205347418785,0.08555841967463494,0.11646626889705658,1.3608059431314379,1.1390638633873074,2.818774302336604,,,,,,,,,,,,,,,,,,1,update_snr,bayesian,0.1,20,101770,10177,0.1,0.25716570622364643,0.1346978275769198,0.1257535601777252,0.25716261550918434,0.1346978275769198,0.1257535601777252,0.25716261550918434,0.2895405865604049,0.2828752054936148,0.3262474814084055,0.1174930765787548,0.11193304919339538,0.222152313672949,0.2895405865604049,0.2828752054936148,0.3262474814084055,0.1174930765787548,0.11193304919339538,0.222152313672949,2.1090679266589816,3.2074651015922027,0.54941531640019,0.8355494061423776,0.54941531640019,814160,203540,81416,122124,0.75,,,,,,,,,0.0073332873801064975,1
bayesfl_observability_v1,vi_sparse_bayesian_keep010_seed42,62,vi,133,10,129,,5,256,629.6451540946961,0.041348353836887564,10.574460069004708,10.574460069004708,,,3.8785990497593543,0.025068387389183044,0.9955367382526906,3.8785990497593543,,-0.0,2.259365973874069,629.6451540946961,1364.1053489016074,10.574460069004708,0.013403806120680038,0.041348353836887564,10.574460069004708,0.005,41.09733681700777,0.07623290373617321,0.07635720074176788,0.08556737080216407,0.11425859481096268,1.3623441583236962,1.1392041808884583,2.823957045202216,,,,,,,,,,,,,,,,,,1,update_snr,bayesian,0.1,20,101770,10177,0.1,0.2579178453525639,0.13650497235268322,0.12831769433585585,0.257915526670253,0.13650497235268322,0.12831769433585585,0.257915526670253,0.29034097898522154,0.2841570393831281,0.3275457954627706,0.1194120827268456,0.11452480030970048,0.22424153346207676,0.29034097898522154,0.2841570393831281,0.3275457954627706,0.1194120827268456,0.11452480030970048,0.22424153346207676,2.1152656859273358,3.2510277862135433,0.5453684845456187,0.838196406616263,0.5453684845456187,814160,203540,81416,122124,0.75,,,,,,,,,0.007332323445219659,129
bayesfl_observability_v1,vi_sparse_bayesian_keep010_seed42,62,vi,4,0,3,,5,256,537.30853805542,0.9357233842213949,447.86202800778705,447.86202800778705,,,3.8487798709194077,0.025096982717514038,0.9955994806076269,3.8487798709194077,,0.6365141682948128,1.6763487837974358,537.30853805542,1343.586084023361,447.86202800778705,0.013202182215027622,0.9357233842213949,447.86202800778705,0.005,41.07088567772611,0.0762387024842871,0.07635486125946045,0.08556811809539795,0.11405627429485321,1.3618009716151458,1.1382035163515924,2.8145320019857314,,,,,,,,,,,,,,,,,,1,update_snr,bayesian,0.1,20,101770,10177,0.1,0.2569937639108896,0.13514418956996194,0.12653555596374244,0.2569925328485314,0.13514418956996194,0.12653555596374244,0.2569925328485314,0.28936470006442677,0.2826936263031349,0.32639283010586706,0.11800857729279916,0.11268490056178233,0.22253293599973326,0.28936470006442677,0.2826936263031349,0.32639283010586706,0.11800857729279916,0.11268490056178233,0.22253293599973326,2.1132493826847973,3.216719375602533,0.5490699529614766,0.835776397581843,0.5490699529614766,814160,203540,81416,122124,0.75,,,,,,,,,0.007330647238866463,3
bayesfl_observability_v1,vi_sparse_bayesian_keep010_seed42,62,vi,7,0,80,,5,256,577.8067737579346,0.06425514221191406,16.774574914807772,16.774574914807772,,,3.8438991916898946,0.025005877017974854,0.9956120425299423,3.8438991916898946,,-0.0,2.4040642619438994,577.8067737579346,1341.9659931846218,16.774574914807772,0.013186263075411436,0.06425514221191406,16.774574914807772,0.005,41.07737283198752,0.07623112884780138,0.07635883614420891,0.08555374816060067,0.11356482654809952,1.3617952954666808,1.135568205353449,2.8164359251253264,,,,,,,,,,,,,,,,,,1,update_snr,bayesian,0.1,20,101770,10177,0.1,0.25710377780160765,0.13498445327438555,0.12634095621159086,0.257102697082358,0.13498445327438555,0.12634095621159086,0.257102697082358,0.2896601918048748,0.28340526542304206,0.3265978954944529,0.11779826010433124,0.11259283804694249,0.22254602000633036,0.2896601918048748,0.28340526542304206,0.3265978954944529,0.11779826010433124,0.11259283804694249,0.22254602000633036,2.109222964711926,3.2135244640435014,0.5487196358509723,0.836006436118513,0.5487196358509723,814160,203540,81416,122124,0.75,,,,,,,,,0.00733376457535221,80
bayesfl_observability_v1,vi_sparse_bayesian_keep010_seed42,62,vi,139,11,6,,5,256,561.9612861633301,0.7305245399475098,223.6995205952791,223.6995205952791,,,3.843605742123364,0.025088399648666382,0.9956118242428903,3.843605742123364,,-0.0,2.28098669344155,561.9612861633301,1342.1971235716746,223.6995205952791,0.013188534180718038,0.7305245399475098,223.6995205952791,0.005,41.07321825443574,0.07623417363163032,0.07636204361915588,0.08556476086378098,0.11571401357650757,1.3618463629282729,1.1387424655946896,2.820626931214367,,,,,,,,,,,,,,,,,,1,update_snr,bayesian,0.1,20,101770,10177,0.1,0.25721424574234986,0.13493610735718647,0.12590562559144963,0.25721363437427947,0.13493610735718647,0.12590562559144963,0.25721363437427947,0.2896322740759517,0.2833341953688535,0.32628982314779,0.11774764438843476,0.11186568078213902,0.2227775919185201,0.2896322740759517,0.2833341953688535,0.32628982314779,0.11774764438843476,0.11186568078213902,0.2227775919185201,2.1091624607703046,3.2132131605234444,0.5487457877521844,0.835989270519805,0.5487457877521844,814160,203540,81416,122124,0.75,,,,,,,,,0.007331270628807631,6
bayesfl_observability_v1,vi_sparse_bayesian_keep010_seed42,62,vi,112,9,234,,5,256,594.5815440177918,0.0010817058575459016,5.851980536349474,5.851980536349474,,,3.882431259361318,0.025099895894527435,0.9955253403177368,3.882431259361318,,-0.0,2.3155014849272724,594.5815440177918,1369.363445505777,5.851980536349474,0.013455472590211034,0.0010817058575459016,5.851980536349474,0.005,41.08605062142706,0.07623541664738101,0.07636483013629913,0.08556823059916496,0.11256275326013565,1.3617495517829155,1.1380812987844195,2.8176637767511594,,,,,,,,,,,,,,,,,,1,update_snr,bayesian,0.1,20,101770,10177,0.1,0.258094511873439,0.13701138432306217,0.12931427807379836,0.2580886576384063,0.13701138432306217,0.12931427807379836,0.2580886576384063,0.2901965335045667,0.28402030367766257,0.3264233747914818,0.11999081219178392,0.11566600829000076,0.22435811566679933,0.2901965335045667,0.28402030367766257,0.3264233747914818,0.11999081219178392,0.11566600829000076,0.22435811566679933,2.1101844559180902,3.258894604872579,0.5435213954735229,0.8393953137005922,0.5435213954735229,814160,203540,81416,122124,0.75,,,,,,,,,0.007332639199585649,234
bayesfl_observability_v1,vi_sparse_bayesian_keep010_seed42,62,vi,227,18,1,,5,256,543.0556393623352,0.06370864063501358,1337.5449879007058,1337.5449879007058,,,3.8357518589054678,0.025097176432609558,0.9956294946522322,3.8357518589054678,,-0.0,2.3163460082440825,543.0556393623352,1337.5449879007058,1337.5449879007058,0.013142821930831343,0.06370864063501358,1337.5449879007058,0.005,41.07188339018982,0.07624059986095069,0.07636045664548874,0.08560219705104828,0.11607696115970612,1.3613955949349386,1.1392998308943343,2.8190102832771817,,,,,,,,,,,,,,,,,,1,update_snr,bayesian,0.1,20,101770,10177,0.1,0.2567161476625059,0.13472335717229317,0.12568365406442836,0.25671572446307966,0.13472335717229317,0.12568365406442836,0.25671572446307966,0.2892475998286496,0.2830688513167495,0.3256289299503678,0.11755399687714249,0.11209185428143058,0.22211368406903712,0.2892475998286496,0.2830688513167495,0.3256289299503678,0.11755399687714249,0.11209185428143058,0.22211368406903712,2.109968470367786,3.203283530559009,0.5500795014852357,0.8351122930754614,0.5500795014852357,814160,203540,81416,122124,0.75,,,,,,,,,0.007334483674989744,1
bayesfl_observability_v1,vi_sparse_bayesian_keep010_seed42,62,vi,80,6,1188,,5,256,2052.186393703222,0.013781391284883223,1.9447519517535719,1.9447519517535719,,,5.010388947960604,0.0664467066526413,0.9925755240109453,5.010388947960604,,-0.0,2.28098669344155,2052.186393703222,2310.3653186832435,1.9447519517535719,0.02270183078199119,0.013781391284883223,1.9447519517535719,0.005,41.193690345123635,0.07681416367792224,0.07685957103967667,0.08659868389368058,0.11655004322528839,1.3553377281103396,1.1321607357003243,2.803770582648725,,,,,,,,,,,,,,,,,,1,update_snr,bayesian,0.1,20,101770,10177,0.1,0.33799959993163703,0.16432407322048323,0.1393488386954234,0.3379807481837082,0.16432407322048323,0.1393488386954234,0.3379807481837082,0.421342931105808,0.4011184074102224,0.5215184676772487,0.13576642234433606,0.12389825641750364,0.2704306452806471,0.421342931105808,0.4011184074102224,0.5215184676772487,0.13576642234433606,0.12389825641750364,0.2704306452806471,3.2675576838554146,3.7982975387038103,0.6521564927979134,0.7580843679311253,0.6521564927979134,814160,203540,81416,122124,0.75,,,,,,,,,0.007665553592646214,1188
bayesfl_observability_v1,vi_sparse_bayesian_keep010_seed42,63,vi,283,22,9,,5,256,530.3780856132507,0.023457116550869413,147.39893689062424,147.39893689062424,,,3.8401170888125162,0.02506055124104023,0.9957233594130327,3.8401170888125162,,-0.0,2.185987945410232,530.3780856132507,1326.5904320156183,147.39893689062424,0.01303518160573468,0.023457116550869413,147.39893689062424,0.005,41.5662333099821,0.0766158792928668,0.0767352357506752,0.08600838407874108,0.11513766646385193,1.3711394386516345,1.1499848156639494,2.840552231766414,,,,,,,,,,,,,,,,,,1,update_snr,bayesian,0.1,20,101770,10177,0.1,0.255774837384001,0.1341603591484133,0.12516407440193728,0.255771364685916,0.1341603591484133,0.12516407440193728,0.255771364685916,0.28784455420689753,0.281107704644163,0.32423327014080894,0.11708433747524839,0.11161698801297765,0.22186081491722032,0.28784455420689753,0.281107704644163,0.32423327014080894,0.11708433747524839,0.11161698801297765,0.22186081491722032,2.108645347740081,3.209379075965324,0.5491096492560699,0.8357503174357019,0.5491096492560699,814160,203540,81416,122124,0.75,,,,,,,,,0.0073949119920868655,9
bayesfl_observability_v1,vi_sparse_bayesian_keep010_seed42,63,vi,255,20,1,,5,256,513.4695754528045,0.00040904260822571814,1331.6486046230616,1331.6486046230616,,,3.8470612050868076,0.025080710649490356,0.9957064790579276,3.8470612050868076,,-0.0,2.28098669344155,513.4695754528045,1331.6486046230616,1331.6486046230616,0.013084883606397382,0.00040904260822571814,1331.6486046230616,0.005,41.559289692879496,0.0766254743219075,0.07674016058444977,0.0860113687813282,0.11648354679346085,1.370766721728441,1.147654428203086,2.8339734627428865,,,,,,,,,,,,,,,,,,1,update_snr,bayesian,0.1,20,101770,10177,0.1,0.25623161538113587,0.13455025577763552,0.1256012325127554,0.2562283545014901,0.13455025577763552,0.1256012325127554,0.2562283545014901,0.28855271557365997,0.28253348793037353,0.3250459916615086,0.11743887135585504,0.11203892376092711,0.22166560010749667,0.28855271557365997,0.28253348793037353,0.3250459916615086,0.11743887135585504,0.11203892376092711,0.22166560010749667,2.111343390725742,3.215914955673222,0.5488198076843699,0.8359406789319995,0.5488198076843699,814160,203540,81416,122124,0.75,,,,,,,,,0.007393605038252338,1
bayesfl_observability_v1,vi_sparse_bayesian_keep010_seed42,63,vi,262,21,46,,5,256,516.6891235351562,0.033186544542727264,28.884035968313764,28.884035968313764,,,3.8441599863950757,0.025054246187210083,0.9957189692305497,3.8441599863950757,,-0.0,2.28098669344155,516.6891235351562,1328.6656545424332,28.884035968313764,0.013055572905005731,0.033186544542727264,28.884035968313764,0.005,41.58877653628632,0.07662622380865906,0.07673326507210732,0.08603475987911224,0.11520574241876602,1.3713051109455436,1.1467555718579554,2.842933900424859,,,,,,,,,,,,,,,,,,1,update_snr,bayesian,0.1,20,101770,10177,0.1,0.25603059578082976,0.1342411268857787,0.12586945280827094,0.2560300543893723,0.1342411268857787,0.12586945280827094,0.2560300543893723,0.2885795605089428,0.2823254499058891,0.3250901247144547,0.11709241203876043,0.11177957336802398,0.2213393870862554,0.2885795605089428,0.2823254499058891,0.3250901247144547,0.11709241203876043,0.11177957336802398,0.2213393870862554,2.112345763204266,3.2117847651537903,0.5494947584596116,0.8354971636249964,0.5494947584596116,814160,203540,81416,122124,0.75,,,,,,,,,0.007397342549931762,46
bayesfl_observability_v1,vi_sparse_bayesian_keep010_seed42,63,vi,272,21,1,,5,256,516.3485005378723,0.08243291079998016,1322.3192295112694,1322.3192295112694,,,3.8352305685645955,0.02502630650997162,0.9957368592352305,3.8352305685645955,,-0.0,2.28098669344155,516.3485005378723,1322.3192295112694,1322.3192295112694,0.012993212435012965,0.08243291079998016,1322.3192295112694,0.005,41.579090716592724,0.07662371866089475,0.0767357312142849,0.08602250292897226,0.11607998609542847,1.3712675056772006,1.1456199953491661,2.8402965020610056,,,,,,,,,,,,,,,,,,1,update_snr,bayesian,0.1,20,101770,10177,0.1,0.25530422170872025,0.13396327956217063,0.12502517886567366,0.2553039999624741,0.13396327956217063,0.12502517886567366,0.2553039999624741,0.2878166211257102,0.2815246771513957,0.3244454700741408,0.11686846383288849,0.1116135885793173,0.22081186784711648,0.2878166211257102,0.2815246771513957,0.3244454700741408,0.11686846383288849,0.1116135885793173,0.22081186784711648,2.110305298996476,3.2024373622414095,0.5502420939939201,0.8350051724373848,0.5502420939939201,814160,203540,81416,122124,0.75,,,,,,,,,0.007396054218337297,1
bayesfl_observability_v1,vi_sparse_bayesian_keep010_seed42,63,vi,228,18,5,,5,256,520.658725976944,0.299487829208374,265.2357002626243,265.2357002626243,,,3.8404843505857733,0.025024671107530594,0.9957290817678952,3.8404843505857733,,0.6730116670092565,1.5651195035345156,520.658725976944,1326.1785013131214,265.2357002626243,0.013031133942351591,0.299487829208374,265.2357002626243,0.005,41.59768413255419,0.0766202253954542,0.07676033675670624,0.08602381721138955,0.11662562936544418,1.3720866682410577,1.1513400267066258,2.8401682488849707,,,,,,,,,,,,,,,,,,1,update_snr,bayesian,0.1,20,101770,10177,0.1,0.2560180550217886,0.13413898923501572,0.12501985945945537,0.25601105456281326,0.13413898923501572,0.12501985945945537,0.25601105456281326,0.288239505577474,0.2822667794117246,0.32432882643108246,0.11701670964140923,0.11133018320697281,0.221642756208684,0.288239505577474,0.2822667794117246,0.32432882643108246,0.11701670964140923,0.11133018320697281,0.221642756208684,2.111280187314258,3.2080860365252843,0.5497432080389113,0.8353337088942878,0.5497432080389113,814160,203540,81416,122124,0.75,,,,,,,,,0.007399996849807168,5
bayesfl_observability_v1,vi_sparse_bayesian_keep010_seed42,63,vi,50,4,1,,5,256,543.3009105235338,0.7624923586845398,1325.0962940123109,1325.0962940123109,,,3.840520110020751,0.025054022669792175,0.9957227926402649,3.840520110020751,,-0.0,2.3163460082440825,543.3009105235338,1325.0962940123109,1325.0962940123109,0.013020500088555674,0.7624923586845398,1325.0962940123109,0.005,41.567900511149844,0.07661857897944882,0.07673881202936172,0.086002267152071,0.11524155735969543,1.3708684564846996,1.1449783001781988,2.8431175080811015,,,,,,,,,,,,,,,,,,1,update_snr,bayesian,0.1,20,101770,10177,0.1,0.25614944775892007,0.1340920615339641,0.1253249599340177,0.2561483205073899,0.1340920615339641,0.1253249599340177,0.2561483205073899,0.28782072171575945,0.2815445547694582,0.32387449298474114,0.11701109929154235,0.1114981784755382,0.2210752903149153,0.28782072171575945,0.2815445547694582,0.32387449298474114,0.11701109929154235,0.1114981784755382,0.2210752903149153,2.1099047653653282,3.2090335923082023,0.549379955037894,0.8355726569261118,0.549379955037894,814160,203540,81416,122124,0.75,,,,,,,,,0.007392229651402458,1
bayesfl_observability_v1,vi_sparse_bayesian_keep010_seed42,63,vi,157,12,1,,5,256,509.65151991844175,0.005124291870743036,1333.040809248624,1333.040809248624,,,3.850768702118723,0.02509191632270813,0.9957012577586617,3.850768702118723,,-0.0,2.28098669344155,509.65151991844175,1333.040809248624,1333.040809248624,0.013098563518213856,0.005124291870743036,1333.040809248624,0.005,41.574651222266475,0.0766173227164604,0.07672979682683945,0.08599840477108955,0.11427108198404312,1.371304868648847,1.1491251896389838,2.836732929701102,,,,,,,,,,,,,,,,,,1,update_snr,bayesian,0.1,20,101770,10177,0.1,0.2562183636097863,0.13453042907630927,0.12579016779310556,0.25621632256775034,0.13453042907630927,0.12579016779310556,0.25621632256775034,0.2885665137889606,0.282331260970896,0.32454831464307315,0.11741530855268134,0.11191058887458025,0.2217986671746633,0.2885665137889606,0.282331260970896,0.32454831464307315,0.11741530855268134,0.11191058887458025,0.2217986671746633,2.1120047556769994,3.2199154506314085,0.5484631560745151,0.8361747224287415,0.5484631560745151,814160,203540,81416,122124,0.75,,,,,,,,,0.007392597135051327,1
bayesfl_observability_v1,vi_sparse_bayesian_keep010_seed42,63,vi,194,15,861,,5,256,1793.244256925583,0.004480135167378859,2.8038861267585604,2.8038861267585604,,,5.160526551113896,0.06794071197509766,0.9923307378131084,5.160526551113896,,-0.0,2.3163460082440825,1793.244256925583,2414.1459551391204,2.8038861267585604,0.023721587453464876,0.004480135167378859,2.8038861267585604,0.005,41.74752833095116,0.07714764141637151,0.07720641791820526,0.08694755584001541,0.11838711053133011,1.3683186193545838,1.144730533335399,2.8298156923184576,,,,,,,,,,,,,,,,,,1,update_snr,bayesian,0.1,20,101770,10177,0.1,0.3472544229217441,0.16872421302733367,0.14277818268860287,0.34725237309037504,0.16872421302733367,0.14277818268860287,0.34725237309037504,0.4338893702668004,0.41338534430786805,0.5402896100819793,0.13926141777850412,0.1266075677510857,0.2778172895982312,0.4338893702668004,0.41338534430786805,0.5402896100819793,0.13926141777850412,0.1266075677510857,0.2778172895982312,3.36487281385209,3.912628941178915,0.6520405971219709,0.7581840539768906,0.6520405971219709,814160,203540,81416,122124,0.75,,,,,,,,,0.007666368281487564,861
bayesfl_observability_v1,vi_sparse_bayesian_keep010_seed42,63,vi,198,15,1,,5,256,532.28228058815,0.07975418120622635,1320.1549217704867,1320.1549217704867,,,3.8315752530510303,0.025094114243984222,0.9957420099864083,3.8315752530510303,,-0.0,2.3096097079310103,532.28228058815,1320.1549217704867,1320.1549217704867,0.012971945777444106,0.07975418120622635,1320.1549217704867,0.005,41.5642672950005,0.07662009174501842,0.07674502581357956,0.08600505888462066,0.11665624380111694,1.3708707788106747,1.1487278451498657,2.837377049933871,,,,,,,,,,,,,,,,,,1,update_snr,bayesian,0.1,20,101770,10177,0.1,0.2554195721379231,0.1337876311458398,0.12490641640651573,0.2554173263914851,0.1337876311458398,0.12490641640651573,0.2554173263914851,0.28788933138337436,0.28190173513691635,0.3247528950568011,0.11666522000833593,0.11120290028303671,0.22044387958724296,0.28788933138337436,0.28190173513691635,0.3247528950568011,0.11666522000833593,0.11120290028303671,0.22044387958724296,2.1104294929812073,3.1979769034419507,0.5507994372029367,0.834637633932792,0.5507994372029367,814160,203540,81416,122124,0.75,,,,,,,,,0.00739417576979847,1
bayesfl_observability_v1,vi_sparse_bayesian_keep010_seed42,63,vi,125,10,1,,5,256,529.6969878017902,1.1615018844604492,1324.5244120255384,1324.5244120255384,,,3.836398549704872,0.025067895650863647,0.9957337223830282,3.836398549704872,,-0.0,2.311121424016332,529.6969878017902,1324.5244120255384,1324.5244120255384,0.013014880731311176,1.1615018844604492,1324.5244120255384,0.005,41.57648984432327,0.07661708224602494,0.0767400674521923,0.08601758033037185,0.11665626615285873,1.3716718974988855,1.1482843520526576,2.8447019094007273,,,,,,,,,,,,,,,,,,1,update_snr,bayesian,0.1,20,101770,10177,0.1,0.2561515463473574,0.13398140424360475,0.12535257104821118,0.2561510044711522,0.13398140424360475,0.12535257104821118,0.2561510044711522,0.2883990199192531,0.28177060340443777,0.3255791844715761,0.11682389139075493,0.11147813616486686,0.2209624484747527,0.2883990199192531,0.28177060340443777,0.3255791844715761,0.11682389139075493,0.11147813616486686,0.2209624484747527,2.1108111827963008,3.2035027677153236,0.5502064385251846,0.8350286671758241,0.5502064385251846,814160,203540,81416,122124,0.75,,,,,,,,,0.007395637186178607,1
bayesfl_observability_v1,vi_sparse_bayesian_keep010_seed42,63,vi,135,10,1,,5,256,553.8553871870041,1.5610949993133545,1321.2182286880486,1321.2182286880486,,,3.8331935758843314,0.02504461258649826,0.9957405826139496,3.8331935758843314,,-0.0,2.311121424016332,553.8553871870041,1321.2182286880486,1321.2182286880486,0.012982393914592204,1.5610949993133545,1321.2182286880486,0.005,41.5751181676205,0.07662608888103842,0.07672681286931038,0.08603300005197526,0.11402646452188492,1.3707524193624656,1.146144335081298,2.846668530469432,,,,,,,,,,,,,,,,,,1,update_snr,bayesian,0.1,20,101770,10177,0.1,0.2551443732771229,0.13398208738534206,0.12547060693668022,0.2551437510591422,0.13398208738534206,0.12547060693668022,0.2551437510591422,0.2873006261176307,0.28141003847040064,0.3239775706996885,0.11694669419286557,0.11206232433342612,0.22089463218735222,0.2873006261176307,0.28141003847040064,0.3239775706996885,0.11694669419286557,0.11206232433342612,0.22089463218735222,2.1059208486744136,3.202884694977227,0.5493906861170115,0.835565601259339,0.5493906861170115,814160,203540,81416,122124,0.75,,,,,,,,,0.007398984896384834,1
bayesfl_observability_v1,vi_sparse_bayesian_keep010_seed42,63,vi,163,13,1,,5,256,482.55052403509615,0.11112621426582336,1337.4081951574224,1337.4081951574224,,,3.854857949053688,0.025032062083482742,0.9956908171788541,3.854857949053688,,-0.0,2.185987945410232,482.55052403509615,1337.4081951574224,1337.4081951574224,0.013141477794609634,0.11112621426582336,1337.4081951574224,0.005,41.56830412573084,0.07662241087176423,0.07672885432839394,0.08603172078728676,0.11356700211763382,1.3712255941166094,1.1486514902731382,2.841436833092721,,,,,,,,,,,,,,,,,,1,update_snr,bayesian,0.1,20,101770,10177,0.1,0.2571306516933374,0.13476410450631462,0.12558760851910478,0.25712934239303753,0.13476410450631462,0.12558760851910478,0.25712934239303753,0.28943338601683083,0.283367294893167,0.3255019356559869,0.11757862878292394,0.11229730616989057,0.22207226572293434,0.28943338601683083,0.283367294893167,0.3255019356559869,0.11757862878292394,0.11229730616989057,0.22207226572293434,2.1164069964773455,3.2219173224408104,0.5490233426103011,0.8358070167622504,0.5490233426103011,814160,203540,81416,122124,0.75,,,,,,,,,0.007397363318250644,1
bayesfl_observability_v1,vi_sparse_bayesian_keep010_seed42,63,vi,170,13,1,,5,256,514.4461277067661,0.08629922568798065,1326.3090145888264,1326.3090145888264,,,3.8401376045576407,0.025073550641536713,0.9957229171239016,3.8401376045576407,,-0.0,2.3096097079310103,514.4461277067661,1326.3090145888264,1326.3090145888264,0.013032416376032488,0.08629922568798065,1326.3090145888264,0.005,41.564235128848914,0.0766218501370932,0.07674102485179901,0.08601725175976753,0.11618193238973618,1.3708669798581157,1.1467630195109075,2.8405122029826435,,,,,,,,,,,,,,,,,,1,update_snr,bayesian,0.1,20,101770,10177,0.1,0.25590620392721464,0.13425139022032195,0.125184655298944,0.2559023140558889,0.13425139022032195,0.125184655298944,0.2559023140558889,0.28832263372273054,0.28190473811866623,0.3253387439305466,0.11713236316449877,0.1117587127213081,0.22074936211566334,0.28832263372273054,0.28190473811866623,0.3253387439305466,0.11713236316449877,0.1117587127213081,0.22074936211566334,2.112269772169965,3.207019368746431,0.5500505423719796,0.835131367412512,0.5500505423719796,814160,203540,81416,122124,0.75,,,,,,,,,0.007394999637510691,1
bayesfl_observability_v1,vi_sparse_bayesian_keep010_seed42,63,vi,89,7,4,,5,256,519.0142584323883,0.3770434260368347,331.97274395432987,331.97274395432987,,,3.8427403829031905,0.025038599967956543,0.9957186096297042,3.8427403829031905,,-0.0,2.185987945410232,519.0142584323883,1327.8909758173195,331.97274395432987,0.013047960851108573,0.3770434260368347,331.97274395432987,0.005,41.571743809091586,0.07662225835588295,0.07673704624176025,0.08602778762578965,0.11668501794338226,1.371140933667673,1.1483778840465662,2.8425012840330566,,,,,,,,,,,,,,,,,,1,update_snr,bayesian,0.1,20,101770,10177,0.1,0.256011417552135,0.13417854670438623,0.12526116866431486,0.2560105390242665,0.13417854670438623,0.12526116866431486,0.2560105390242665,0.2886048177525663,0.28212243405623966,0.32621847461510145,0.11702007214347732,0.11166706844575287,0.2212934379442627,0.2886048177525663,0.28212243405623966,0.32621847461510145,0.11702007214347732,0.11166706844575287,0.2212934379442627,2.112328003400297,3.210097203582142,0.5496931337850186,0.8353666612150659,0.5496931337850186,814160,203540,81416,122124,0.75,,,,,,,,,0.007398078988526065,4
bayesfl_observability_v1,vi_sparse_bayesian_keep010_seed42,63,vi,65,5,50,,5,256,550.6839450836181,0.0003903843834996223,26.539760336351048,26.539760336351048,,,3.8421163664428013,0.025084948167204857,0.9957179895212933,3.8421163664428013,,-0.0,2.3155014849272724,550.6839450836181,1326.9880168175523,26.539760336351048,0.013039088305173944,0.0003903843834996223,26.539760336351048,0.005,41.56164605557377,0.07662070713585142,0.07674746960401535,0.08601801320910454,0.11606000363826752,1.3709383421378423,1.1468495565809944,2.8389521073231094,,,,,,,,,,,,,,,,,,1,update_snr,bayesian,0.1,20,101770,10177,0.1,0.256155597736956,0.1343001508424433,0.12560714180828342,0.25615430251525073,0.1343001508424433,0.12560714180828342,0.25615430251525073,0.2879733192494844,0.2819620136504881,0.3234658599992302,0.11722535435277207,0.11187415517378936,0.22133429847429195,0.2879733192494844,0.2819620136504881,0.3234658599992302,0.11722535435277207,0.11187415517378936,0.22133429847429195,2.1112640799682656,3.2100501799696843,0.5495055012930193,0.835490098115297,0.5495055012930193,814160,203540,81416,122124,0.75,,,,,,,,,0.007395223910398435,50
bayesfl_observability_v1,vi_sparse_bayesian_keep010_seed42,64,vi,207,16,1,,5,256,518.2489789485932,0.02635989524424076,1317.1056980283902,1317.1056980283902,,,3.840190347429885,0.025043755769729614,0.9958047386685693,3.840190347429885,,-0.0,2.259365973874069,518.2489789485932,1317.1056980283902,1317.1056980283902,0.012941983865858212,0.02635989524424076,1317.1056980283902,0.005,41.96754178759746,0.07691227128313574,0.07705540210008621,0.08631507232785225,0.11565019935369492,1.3786799227229005,1.1559782199468451,2.855854874639796,,,,,,,,,,,,,,,,,,1,update_snr,bayesian,0.1,20,101770,10177,0.1,0.2549447841179503,0.1336809754734259,0.1252185536022877,0.254944089535219,0.1336809754734259,0.1252185536022877,0.254944089535219,0.2870415385242823,0.2808906633484464,0.3239430530238566,0.1166409129122196,0.11176970062512114,0.22043730687468602,0.2870415385242823,0.2808906633484464,0.3239430530238566,0.1166409129122196,0.11176970062512114,0.22043730687468602,2.1092566478600863,3.2090650192776873,0.5492583588393589,0.8356525924360522,0.5492583588393589,814160,203540,81416,122124,0.75,,,,,,,,,0.007410297603424088,1
bayesfl_observability_v1,vi_sparse_bayesian_keep010_seed42,64,vi,126,10,1,,5,256,527.2964572906494,5.396562576293945,1318.2451287563279,1318.2451287563279,,,3.8427982599728336,0.02507021650671959,0.9958008675352783,3.8427982599728336,,-0.0,2.3277319754160017,527.2964572906494,1318.2451287563279,1318.2451287563279,0.01295318000153609,5.396562576293945,1318.2451287563279,0.005,41.97678011345291,0.07690946709416266,0.07704658433794975,0.08630159571766853,0.11638171225786209,1.3788243038845869,1.1558500435217598,2.8567190630904085,,,,,,,,,,,,,,,,,,1,update_snr,bayesian,0.1,20,101770,10177,0.1,0.2546956865368096,0.13376432502553648,0.12480487432951434,0.2546849422824348,0.13376432502553648,0.12480487432951434,0.2546849422824348,0.2872254474596396,0.2809747309506696,0.32394712152030014,0.11671308919952501,0.11096172365924942,0.22053775060482592,0.2872254474596396,0.2809747309506696,0.32394712152030014,0.11671308919952501,0.11096172365924942,0.22053775060482592,2.1100556991237793,3.2116605383267864,0.5490935397526427,0.8357609015752732,0.5490935397526427,814160,203540,81416,122124,0.75,,,,,,,,,0.00740317709928394,1
bayesfl_observability_v1,vi_sparse_bayesian_keep010_seed42,64,vi,152,12,1,,5,256,540.8187756061554,1.972072958946228,1312.2380917396931,1312.2380917396931,,,3.8369404430064633,0.02506621927022934,0.995812061140818,3.8369404430064633,,-0.0,2.3277319754160017,540.8187756061554,1312.2380917396931,1312.2380917396931,0.012894154384786215,1.972072958946228,1312.2380917396931,0.005,41.96861452244072,0.07691183300633772,0.07706674560904503,0.08628848865628243,0.11611717939376831,1.3783360286562374,1.154782708937938,2.860653796802546,,,,,,,,,,,,,,,,,,1,update_snr,bayesian,0.1,20,101770,10177,0.1,0.2543324956484283,0.13341831802708656,0.12483064718859374,0.25433052633937586,0.13341831802708656,0.12483064718859374,0.25433052633937586,0.2863521711707572,0.28035497024019457,0.32273224055829003,0.11642566767778983,0.11114721634424804,0.22021836541178416,0.2863521711707572,0.28035497024019457,0.32273224055829003,0.11642566767778983,0.11114721634424804,0.22021836541178416,2.1108846176592677,3.204103321384648,0.5501478714653356,0.8350672544904161,0.5501478714653356,814160,203540,81416,122124,0.75,,,,,,,,,0.007403581062282849,1
bayesfl_observability_v1,vi_sparse_bayesian_keep010_seed42,64,vi,158,12,58,,5,256,539.1238788604736,0.00436592410350668,22.823921344838702,22.823921344838702,,,3.850735157939626,0.02499818056821823,0.9957843184744951,3.850735157939626,,-0.0,2.3292713582565514,539.1238788604736,1323.7874380006447,22.823921344838702,0.013007639166754886,0.00436592410350668,22.823921344838702,0.005,41.98097064724054,0.0769106211494539,0.07707168534398079,0.08630333542823791,0.1156751736998558,1.3787093369814964,1.1546726403980574,2.85957213750065,,,,,,,,,,,,,,,,,,1,update_snr,bayesian,0.1,20,101770,10177,0.1,0.25543805592061297,0.134128546867204,0.1252153200892557,0.25542802980846263,0.134128546867204,0.1252153200892557,0.25542802980846263,0.2876036518911172,0.2812536086673796,0.32377924237985223,0.11707575742010248,0.11145864228723212,0.22071635169887877,0.2876036518911172,0.2812536086673796,0.32377924237985223,0.11707575742010248,0.11145864228723212,0.22071635169887877,2.1136759778838323,3.218778513211053,0.548901934615201,0.8358867543966052,0.548901934615201,814160,203540,81416,122124,0.75,,,,,,,,,0.007406834102427737,58
bayesfl_observability_v1,vi_sparse_bayesian_keep010_seed42,64,vi,46,3,2,,5,256,516.4171466588974,0.6620689630508423,660.5227539271643,660.5227539271643,,,3.8476284259245985,0.025054777041077614,0.995787994849303,3.8476284259245985,,-0.0,2.4040642619438994,516.4171466588974,1321.0455078543287,660.5227539271643,0.012980696746136668,0.6620689630508423,660.5227539271643,0.005,41.965274713709356,0.07690805074779601,0.07706101983785629,0.08628858029842376,0.11493915319442749,1.378427977749625,1.1564137378677617,2.852955244297226,,,,,,,,,,,,,,,,,,1,update_snr,bayesian,0.1,20,101770,10177,0.1,0.25532091918443245,0.1338980748050102,0.12507287666525654,0.25531332840898396,0.1338980748050102,0.12507287666525654,0.25531332840898396,0.28757187649263094,0.2810608599911181,0.324439976354385,0.11682320795083011,0.11146271177551519,0.2209244642737395,0.28757187649263094,0.2810608599911181,0.324439976354385,0.11682320795083011,0.11146271177551519,0.2209244642737395,2.1125368262763815,3.2158097987301932,0.5490490745006729,0.835790113479428,0.5490490745006729,814160,203540,81416,122124,0.75,,,,,,,,,0.007402693345857102,2
bayesfl_observability_v1,vi_sparse_bayesian_keep010_seed42,64,vi,72,5,1,,5,256,523.0857759714127,0.0026666102930903435,1316.9226960744231,1316.9226960744231,,,3.84405716856648,0.02502617985010147,0.9957956394420663,3.84405716856648,,-0.0,2.28098669344155,523.0857759714127,1316.9226960744231,1316.9226960744231,0.012940185674308963,0.0026666102930903435,1316.9226960744231,0.005,41.964324220945876,0.076908325804424,0.07704561576247215,0.08629621490836144,0.11515437066555023,1.3785512522465562,1.154371562041295,2.854359267993317,,,,,,,,,,,,,,,,,,1,update_snr,bayesian,0.1,20,101770,10177,0.1,0.2544157871632605,0.13371500298839353,0.12487791119791124,0.25441401446609235,0.13371500298839353,0.12487791119791124,0.25441401446609235,0.2865559265742644,0.28017200733816044,0.3235033577604969,0.11673267814551898,0.11130871934554001,0.22064535942221813,0.2865559265742644,0.28017200733816044,0.3235033577604969,0.11673267814551898,0.11130871934554001,0.22064535942221813,2.1121815605981085,3.2117696944638943,0.5494667399511595,0.8355155903317698,0.5494667399511595,814160,203540,81416,122124,0.75,,,,,,,,,0.007404376319592153,1
bayesfl_observability_v1,vi_sparse_bayesian_keep010_seed42,64,vi,215,17,2060,,5,256,1955.0245673590236,0.017938806852597057,0.9249629050139905,0.9249629050139905,,,4.504802180612793,0.08295688033103943,0.9942436331566301,4.504802180612793,,-0.0,2.185987945410232,1955.0245673590236,1905.4235843288204,0.9249629050139905,0.018722841547890542,0.017938806852597057,0.9249629050139905,0.005,42.044788575277764,0.07764358830661931,0.07765349000692368,0.08774714171886444,0.1183791309595108,1.369137675357688,1.1463186264503331,2.8357275368684545,,,,,,,,,,,,,,,,,,1,update_snr,bayesian,0.1,20,101770,10177,0.1,0.29929139837568575,0.14556113921377256,0.12300194561621489,0.2992794520742282,0.14556113921377256,0.12300194561621489,0.2992794520742282,0.3772022842114551,0.3588988351871722,0.4719288139807011,0.1198232342140301,0.10911352336602773,0.23868238720973467,0.3772022842114551,0.3588988351871722,0.4719288139807011,0.1198232342140301,0.10911352336602773,0.23868238720973467,2.962472451881068,3.393670528837422,0.6576254257358044,0.7533450732737342,0.6576254257358044,814160,203540,81416,122124,0.75,,,,,,,,,0.007912024252296685,2060
bayesfl_observability_v1,vi_sparse_bayesian_keep010_seed42,64,vi,78,6,1,,5,256,523.2240601539612,4.410734163684538e-06,1318.108860405208,1318.108860405208,,,3.8429475745831225,0.025082789361476898,0.9958001801672848,3.8429475745831225,,-0.0,2.3155014849272724,523.2240601539612,1318.108860405208,1318.108860405208,0.012951841018032897,4.410734163684538e-06,1318.108860405208,0.005,41.97498974839709,0.07691190668069785,0.0770522952079773,0.08629192858934402,0.115713931620121,1.3784110116730417,1.155085634549752,2.8500362044639025,,,,,,,,,,,,,,,,,,1,update_snr,bayesian,0.1,20,101770,10177,0.1,0.25499589423567254,0.13368523953356548,0.12436778424329885,0.2549946981373329,0.13368523953356548,0.12436778424329885,0.2549946981373329,0.28737361085663626,0.2811593878757629,0.3238968275329757,0.11660875383100204,0.11098539086152878,0.22107091898052475,0.28737361085663626,0.2811593878757629,0.3238968275329757,0.11660875383100204,0.11098539086152878,0.22107091898052475,2.1124122137051096,3.2102898156371795,0.5496854101462108,0.8353717435204479,0.5496854101462108,814160,203540,81416,122124,0.75,,,,,,,,,0.007400286594557539,1
bayesfl_observability_v1,vi_sparse_bayesian_keep010_seed42,64,vi,293,23,2,,5,256,533.1383995056152,1.287441611289978,658.1674225356892,658.1674225356892,,,3.840802155380914,0.025076143443584442,0.99580673937992,3.840802155380914,,-0.0,2.3096097079310103,533.1383995056152,1316.3348450713784,658.1674225356892,0.01293440940425841,1.287441611289978,658.1674225356892,0.005,41.98414891124857,0.07691237619198867,0.07704479247331619,0.08635663762688638,0.11583975702524185,1.3792538156881575,1.1572517464781207,2.8599039718165797,,,,,,,,,,,,,,,,,,1,update_snr,bayesian,0.1,20,101770,10177,0.1,0.25519231603051895,0.13351414634771097,0.12432162820010834,0.25519102045723835,0.13351414634771097,0.12432162820010834,0.25519102045723835,0.2871753870178494,0.281017826450755,0.3232819259681396,0.11644067516214004,0.11070641437697865,0.2206608372079039,0.2871753870178494,0.281017826450755,0.3232819259681396,0.11644067516214004,0.11070641437697865,0.2206608372079039,2.110959908264201,3.208677213818785,0.5496143312945119,0.8354185099910627,0.5496143312945119,814160,203540,81416,122124,0.75,,,,,,,,,0.007413583858812605,2
bayesfl_observability_v1,vi_sparse_bayesian_keep010_seed42,64,vi,186,14,12,,5,256,575.8633935928344,1.605635643005371,109.83203596350154,109.83203596350154,,,3.8436482694406715,0.025058161467313766,0.9957988403182899,3.8436482694406715,,-0.0,2.3277319754160017,575.8633935928344,1317.9844315620185,109.83203596350154,0.012950618370462989,1.605635643005371,109.83203596350154,0.005,41.97595987216973,0.07691075878126853,0.07705256342887878,0.08631409779191017,0.11431682109832764,1.3788769773285119,1.1557081369606776,2.8527779162955116,,,,,,,,,,,,,,,,,,1,update_snr,bayesian,0.1,20,101770,10177,0.1,0.2548551424468247,0.1337504657980085,0.12518422154041675,0.254854297949645,0.1337504657980085,0.12518422154041675,0.254854297949645,0.28707624415201444,0.280614562276061,0.3240743687338518,0.11671426820311895,0.11137527918812432,0.2202942403834051,0.28707624415201444,0.280614562276061,0.3240743687338518,0.11671426820311895,0.11137527918812432,0.2202942403834051,2.112412796809299,3.211128181037094,0.5495853545196261,0.8354375728308715,0.5495853545196261,814160,203540,81416,122124,0.75,,,,,,,,,0.007403439073257852,12
bayesfl_observability_v1,vi_sparse_bayesian_keep010_seed42,64,vi,166,13,9,,5,256,590.8293690681458,1.3311608632405598,146.83744655828548,146.83744655828548,,,3.846565848308404,0.02507925033569336,0.9957927933126742,3.846565848308404,,-0.0,2.3277319754160017,590.8293690681458,1321.5370190245694,146.83744655828548,0.012985526373435878,1.3311608632405598,146.83744655828548,0.005,41.97767781049405,0.0769095172097679,0.07704569399356842,0.08631076887249947,0.11444013565778732,1.3792640240542884,1.1575665523817311,2.860963571518732,,,,,,,,,,,,,,,,,,1,update_snr,bayesian,0.1,20,101770,10177,0.1,0.2557264929274655,0.13391001013993942,0.12464969511264434,0.25571900096133426,0.13391001013993942,0.12464969511264434,0.25571900096133426,0.28783850980294506,0.2817875074459501,0.32436062818635997,0.11680684351071657,0.11120363808478147,0.22056620493244958,0.28783850980294506,0.2817875074459501,0.32436062818635997,0.11680684351071657,0.11120363808478147,0.22056620493244958,2.115632132925327,3.2125020628018897,0.550005437669997,0.8351610734064633,0.550005437669997,814160,203540,81416,122124,0.75,,,,,,,,,0.007408631023299199,9
bayesfl_observability_v1,vi_sparse_bayesian_keep010_seed42,64,vi,171,13,11,,5,256,564.4847791671752,0.03223004395311529,119.20258074422482,119.20258074422482,,,3.8333862744391145,0.025065936148166656,0.9958256201015836,3.8333862744391145,,0.6791932659915256,1.6161745905690754,564.4847791671752,1311.228388186473,119.20258074422482,0.012884232958499293,0.03223004395311529,119.20258074422482,0.005,41.99690488147089,0.07691126317093294,0.07705570757389069,0.08629432246088982,0.11570387333631516,1.3796115419480406,1.1578972285136206,2.8602472491388546,,,,,,,,,,,,,,,,,,1,update_snr,bayesian,0.1,20,101770,10177,0.1,0.2542356206937793,0.13341000834060396,0.12443438168932305,0.2542203593732777,0.13341000834060396,0.12443438168932305,0.2542203593732777,0.2865398716464965,0.2800973228146446,0.3234667889911315,0.11639557908439367,0.11088484653959978,0.22003692304143266,0.2865398716464965,0.2800973228146446,0.3234667889911315,0.11639557908439367,0.11088484653959978,0.22003692304143266,2.1083185860965448,3.2015376100520934,0.5499885571549987,0.8351721900294353,0.5499885571549987,814160,203540,81416,122124,0.75,,,,,,,,,0.0074033863023202275,11
bayesfl_observability_v1,vi_sparse_bayesian_keep010_seed42,64,vi,138,11,1,,5,256,522.1376470148564,1.0597516298294067,1317.897968855943,1317.897968855943,,,3.8435419612325563,0.02507057785987854,0.9957987443877472,3.8435419612325563,,-0.0,2.3277319754160017,522.1376470148564,1317.897968855943,1317.897968855943,0.012949768781133368,1.0597516298294067,1317.897968855943,0.005,41.97432297378025,0.07691219965360382,0.07704341411590576,0.08630410507321358,0.11603843420743942,1.3779031410273441,1.1553293028255494,2.858149016758782,,,,,,,,,,,,,,,,,,1,update_snr,bayesian,0.1,20,101770,10177,0.1,0.25511467340847477,0.13374892148597062,0.12497603234337631,0.25511165349857723,0.13374892148597062,0.12497603234337631,0.25511165349857723,0.28711356586421727,0.28096908231201073,0.3226763043690539,0.11670840544394323,0.11137931875536208,0.22047944765845254,0.28711356586421727,0.28096908231201073,0.3226763043690539,0.11670840544394323,0.11137931875536208,0.22047944765845254,2.1132184271366605,3.2104707889911537,0.5498101616819577,0.8352896420471528,0.5498101616819577,814160,203540,81416,122124,0.75,,,,,,,,,0.007403505058951451,1
bayesfl_observability_v1,vi_sparse_bayesian_keep010_seed42,64,vi,4,0,3,,5,256,512.5613119125367,0.15744187434514365,439.61993051048734,439.61993051048734,,,3.8437599640181723,0.02508285641670227,0.9957996611735753,3.8437599640181723,,0.6365141682948128,1.6763487837974358,512.5613119125367,1318.859791531462,439.61993051048734,0.01295921972616156,0.15744187434514365,439.61993051048734,0.005,41.98121354870684,0.07690644516074535,0.0770520344376564,0.08627398908138276,0.11450809240341187,1.379213365329731,1.1558185766165558,2.8579820588388194,,,,,,,,,,,,,,,,,,1,update_snr,bayesian,0.1,20,101770,10177,0.1,0.25502963178946214,0.13373676345899244,0.12511210533929837,0.2550290074255128,0.13373676345899244,0.12511210533929837,0.2550290074255128,0.2872473668872597,0.2806431755214877,0.32297281559359753,0.11668002974474051,0.11114042436535689,0.2206970660570033,0.2872473668872597,0.2806431755214877,0.32297281559359753,0.11668002974474051,0.11114042436535689,0.2206970660570033,2.111293365172874,3.21199797434027,0.5492781508046564,0.8356395832227063,0.5492781508046564,814160,203540,81416,122124,0.75,,,,,,,,,0.007403784449293506,3
bayesfl_observability_v1,vi_sparse_bayesian_keep010_seed42,64,vi,35,2,1,,5,256,546.5227597713471,5.2569914259947836e-05,1317.0286655839177,1317.0286655839177,,,3.838954779601498,0.02499803900718689,0.9958081924726313,3.838954779601498,,-0.0,2.3163460082440825,546.5227597713471,1317.0286655839177,1317.0286655839177,0.012941226939018549,5.2569914259947836e-05,1317.0286655839177,0.005,41.97133714338305,0.07691441131405218,0.07705408707261086,0.08632880970835685,0.11431194096803665,1.3784676704868062,1.154684370559087,2.8551508154086696,,,,,,,,,,,,,,,,,,1,update_snr,bayesian,0.1,20,101770,10177,0.1,0.2550934605894402,0.13361912802089215,0.12466090671116314,0.2550923782503212,0.13361912802089215,0.12466090671116314,0.2550923782503212,0.28714949825677066,0.2805095823529033,0.32349066469993915,0.11656019799468344,0.11097837748823776,0.22059233334552927,0.28714949825677066,0.2805095823529033,0.32349066469993915,0.11656019799468344,0.11097837748823776,0.22059233334552927,2.1078081712875614,3.20853837640733,0.5490578275335565,0.8357843633522539,0.5490578275335565,814160,203540,81416,122124,0.75,,,,,,,,,0.007406824819825228,1
bayesfl_observability_v1,vi_sparse_bayesian_keep010_seed42,65,vi,254,20,1,,5,256,536.4386650443078,0.001909934333525598,1301.8925384093438,1301.8925384093438,,,3.83736392503463,0.025071419775485992,0.9958852374976027,3.83736392503463,,-0.0,2.28098669344155,536.4386650443078,1301.8925384093438,1301.8925384093438,0.012792498166545582,0.001909934333525598,1301.8925384093438,0.005,42.3439547748558,0.07723947575366531,0.07739418372511864,0.08666716739535332,0.11407443881034851,1.3848385927962827,1.1592967820643192,2.866115461031658,,,,,,,,,,,,,,,,,,1,update_snr,bayesian,0.1,20,101770,10177,0.1,0.2536397780995633,0.13280538720792953,0.12414032487147947,0.25363684708669526,0.13280538720792953,0.12414032487147947,0.25363684708669526,0.2854075243097208,0.27920420962933645,0.3210993839714428,0.11584959419661942,0.11025220495017082,0.2193736564674414,0.2854075243097208,0.27920420962933645,0.3210993839714428,0.11584959419661942,0.11025220495017082,0.2193736564674414,2.1102993240923094,3.204995890152239,0.5499346335970116,0.8352076979832752,0.5499346335970116,814160,203540,81416,122124,0.75,,,,,,,,,0.007446123889977623,1
bayesfl_observability_v1,vi_sparse_bayesian_keep010_seed42,65,vi,177,14,1,,5,256,487.86703370809556,0.4052170515060425,1315.8765685108845,1315.8765685108845,,,3.855622223754524,0.025049112737178802,0.9958475799386236,3.855622223754524,,-0.0,2.259365973874069,487.86703370809556,1315.8765685108845,1315.8765685108845,0.012929906342840566,0.4052170515060425,1315.8765685108845,0.005,42.35259635753888,0.07723530334704831,0.07738133519887924,0.08669634833931923,0.11326979100704193,1.3854953381976909,1.1598463728149615,2.867439360390402,,,,,,,,,,,,,,,,,,1,update_snr,bayesian,0.1,20,101770,10177,0.1,0.2549089917161217,0.13375870588231745,0.12514900761957726,0.25490744342864247,0.13375870588231745,0.12514900761957726,0.25490744342864247,0.2866450462856273,0.2802990503673059,0.3233980531124252,0.1167713347263941,0.11159536374003183,0.22029422147738525,0.2866450462856273,0.2802990503673059,0.3233980531124252,0.1167713347263941,0.11159536374003183,0.22029422147738525,2.11555143355188,3.2233933772200967,0.5486926132228277,0.8360241720158008,0.5486926132228277,814160,203540,81416,122124,0.75,,,,,,,,,0.007444241600892845,1
bayesfl_observability_v1,vi_sparse_bayesian_keep010_seed42,65,vi,205,16,1,,5,256,525.0346598148346,0.2673143744468689,1306.8282524231922,1306.8282524231922,,,3.8443737143788033,0.025089383125305176,0.9958667223212365,3.8443737143788033,,-0.0,2.3096097079310103,525.0346598148346,1306.8282524231922,1306.8282524231922,0.012840996879465385,0.2673143744468689,1306.8282524231922,0.005,42.32530451390575,0.07723528659393063,0.07738206535577774,0.08668843805789948,0.112299345433712,1.3844925293316726,1.158231185207901,2.868111151884356,,,,,,,,,,,,,,,,,,1,update_snr,bayesian,0.1,20,101770,10177,0.1,0.25400798950704956,0.13316446582088617,0.1242858325198013,0.25400128083613904,0.13316446582088617,0.1242858325198013,0.25400128083613904,0.2859808137361901,0.2799228417212455,0.32177807073950526,0.11618487160807457,0.11061630705533926,0.21982909681751017,0.2859808137361901,0.2799228417212455,0.32177807073950526,0.11618487160807457,0.11061630705533926,0.21982909681751017,2.111429952935224,3.212642652031913,0.5492259883678872,0.8356738680258693,0.5492259883678872,814160,203540,81416,122124,0.75,,,,,,,,,0.007440222267400692,1
bayesfl_observability_v1,vi_sparse_bayesian_keep010_seed42,65,vi,84,6,12,,5,256,546.6949628829956,0.7532403469085693,109.46352497962788,109.46352497962788,,,3.853720122480989,0.025059252977371216,0.9958517829453674,3.853720122480989,,-0.0,2.3277319754160017,546.6949628829956,1313.5622997555345,109.46352497962788,0.012907166156583811,0.7532403469085693,109.46352497962788,0.005,42.353102508771606,0.07724145959981846,0.07737547159194946,0.08668195307254792,0.1166781410574913,1.3854636036612507,1.1609398435145588,2.867707794903953,,,,,,,,,,,,,,,,,,1,update_snr,bayesian,0.1,20,101770,10177,0.1,0.25366662254581496,0.13363568923317456,0.12473965389692543,0.2536657744167692,0.13363568923317456,0.12473965389692543,0.2536657744167692,0.2866359634380614,0.2804185960385103,0.32369608657390087,0.11663565876596492,0.11130778767212184,0.21966449784168232,0.2866359634380614,0.2804185960385103,0.32369608657390087,0.11663565876596492,0.11130778767212184,0.21966449784168232,2.1182900253494483,3.2193176530003895,0.5496740702554479,0.8353792052049236,0.5496740702554479,814160,203540,81416,122124,0.75,,,,,,,,,0.007440568918517942,12
bayesfl_observability_v1,vi_sparse_bayesian_keep010_seed42,65,vi,223,17,1,,5,256,517.082447719574,3.6583364009857178,1311.4646399020014,1311.4646399020014,,,3.8501920721758154,0.02508433908224106,0.9958625699777279,3.8501920721758154,,-0.0,2.311121424016332,517.082447719574,1311.4646399020014,1311.4646399020014,0.01288655438638107,3.6583364009857178,1311.4646399020014,0.005,42.369053139490674,0.0772430600016252,0.07738814130425453,0.08669312000274658,0.11377961188554764,1.3862369337066267,1.1586098800890916,2.875120594201646,,,,,,,,,,,,,,,,,,1,update_snr,bayesian,0.1,20,101770,10177,0.1,0.25456850891521093,0.13348478962687896,0.12455309956382882,0.2545618263801312,0.13348478962687896,0.12455309956382882,0.2545618263801312,0.28645027798654993,0.28064472228950943,0.32252518441957767,0.11648862425358214,0.1110776177880008,0.2201577614445356,0.28645027798654993,0.28064472228950943,0.32252518441957767,0.11648862425358214,0.1110776177880008,0.2201577614445356,2.1130335414361667,3.218550643598954,0.5488125012532302,0.8359454757746907,0.5488125012532302,814160,203540,81416,122124,0.75,,,,,,,,,0.007445071272304679,1
bayesfl_observability_v1,vi_sparse_bayesian_keep010_seed42,65,vi,129,10,54,,5,256,566.5687456130981,0.024208395569412795,24.372457918438,24.372457918438,,,3.8562012124717913,0.025029346346855164,0.9958479350818716,3.8562012124717913,,-0.0,2.28098669344155,566.5687456130981,1316.112727595652,24.372457918438,0.012932226860525222,0.024208395569412795,24.372457918438,0.005,42.36073354968003,0.07723960478857732,0.07738102599978447,0.08672055006027223,0.11605969071388245,1.3854428601121882,1.1611130773366636,2.868641457244041,,,,,,,,,,,,,,,,,,1,update_snr,bayesian,0.1,20,101770,10177,0.1,0.25432572461480885,0.1336340997387389,0.12542416237585985,0.25432277857060803,0.1336340997387389,0.12542416237585985,0.25432277857060803,0.2865307883714757,0.28007365771723725,0.3236671806329614,0.11664557877954596,0.11150653095156039,0.22034772365650615,0.2865307883714757,0.28007365771723725,0.3236671806329614,0.11664557877954596,0.11150653095156039,0.22034772365650615,2.1136389805931595,3.2253399899523827,0.5481142876458812,0.8364034479116218,0.5481142876458812,814160,203540,81416,122124,0.75,,,,,,,,,0.007451640428541074,54
bayesfl_observability_v1,vi_sparse_bayesian_keep010_seed42,65,vi,286,22,1,,5,256,515.7918987646699,0.0012278169160708785,1306.8844033800615,1306.8844033800615,,,3.842742929664966,0.025032889097929,0.9958766177682893,3.842742929664966,,-0.0,2.185987945410232,515.7918987646699,1306.8844033800615,1306.8844033800615,0.012841548623170497,0.0012278169160708785,1306.8844033800615,0.005,42.359157914815114,0.07723590306622159,0.07739171385765076,0.08666838258504868,0.11340723931789398,1.385237960062421,1.1579576806749197,2.868428795774257,,,,,,,,,,,,,,,,,,1,update_snr,bayesian,0.1,20,101770,10177,0.1,0.25353932829409265,0.1332449424880539,0.12454426901588117,0.25352694115664653,0.1332449424880539,0.12454426901588117,0.25352694115664653,0.2861514743994369,0.2801443340136033,0.32263583122784595,0.11625532783123356,0.11086302107432898,0.21925064543666742,0.2861514743994369,0.2801443340136033,0.32263583122784595,0.11625532783123356,0.11086302107432898,0.21925064543666742,2.1143040675220854,3.20879907964797,0.5502070021911207,0.8350282957719821,0.5502070021911207,814160,203540,81416,122124,0.75,,,,,,,,,0.0074365556857735925,1
bayesfl_observability_v1,vi_sparse_bayesian_keep010_seed42,65,vi,197,15,49,,5,256,554.8530614852905,0.16674722943987166,26.584459515865788,26.584459515865788,,,3.8363477982147374,0.025072064250707626,0.9958911097098218,3.8363477982147374,,-0.0,2.259365973874069,554.8530614852905,1302.6385162774236,26.584459515865788,0.012799828203571029,0.16674722943987166,26.584459515865788,0.005,42.362928609540184,0.07723914362022365,0.07737688720226288,0.08668929487466813,0.1152508482336998,1.3854838854907443,1.159665782682258,2.8744085302095796,,,,,,,,,,,,,,,,,,1,update_snr,bayesian,0.1,20,101770,10177,0.1,0.2543025536667798,0.13280257339872711,0.12392946928602905,0.2542907773350481,0.13280257339872711,0.12392946928602905,0.2542907773350481,0.2861878949205571,0.27996310372354977,0.3222937677771928,0.1157597598963016,0.11006231605421253,0.2190263070000869,0.2861878949205571,0.27996310372354977,0.3222937677771928,0.1157597598963016,0.11006231605421253,0.2190263070000869,2.112613043148703,3.202253980992927,0.5506833984478199,0.8347141993963924,0.5506833984478199,814160,203540,81416,122124,0.75,,,,,,,,,0.007444320584007873,49
bayesfl_observability_v1,vi_sparse_bayesian_keep010_seed42,65,vi,143,11,27,,5,256,535.854363155365,0.01810732815000746,48.453073260816346,48.453073260816346,,,3.845057314982271,0.025044143199920654,0.9958709703495583,3.845057314982271,,0.149994923610415,2.1788016114278856,535.854363155365,1308.2329780420414,48.453073260816346,0.01285479982354369,0.01810732815000746,48.453073260816346,0.005,42.35576763802323,0.07723812688388412,0.07738063484430313,0.08668801486492157,0.1158813014626503,1.3856313006909937,1.1582869267257339,2.869240454197907,,,,,,,,,,,,,,,,,,1,update_snr,bayesian,0.1,20,101770,10177,0.1,0.2538791821396934,0.13315494858706617,0.12457215062566508,0.2538776248886384,0.13315494858706617,0.12457215062566508,0.2538776248886384,0.2863323367013171,0.27996458686685244,0.3226085422438378,0.11613523879659379,0.11099927112935555,0.2195325060018875,0.2863323367013171,0.27996458686685244,0.3226085422438378,0.11613523879659379,0.11099927112935555,0.2195325060018875,2.1121115548071794,3.2130126883578733,0.5493056102381969,0.8356215330883014,0.5493056102381969,814160,203540,81416,122124,0.75,,,,,,,,,0.007436266817706862,27
bayesfl_observability_v1,vi_sparse_bayesian_keep010_seed42,65,vi,115,9,1,,5,256,514.185811805725,0.00016675988445058465,1303.1720489374673,1303.1720489374673,,,3.838473055448742,0.025076353922486305,0.9958893359691967,3.838473055448742,,-0.0,2.185987945410232,514.185811805725,1303.1720489374673,1303.1720489374673,0.012805070737324037,0.00016675988445058465,1303.1720489374673,0.005,42.37663793275034,0.07724593940152627,0.07739400118589401,0.08670428544282914,0.11527101695537567,1.385827560906912,1.1608462574377625,2.874328017604187,,,,,,,,,,,,,,,,,,1,update_snr,bayesian,0.1,20,101770,10177,0.1,0.25318649737500903,0.1329745168707157,0.12423648876663565,0.25318132670815363,0.1329745168707157,0.12423648876663565,0.25318132670815363,0.28530536747569557,0.2789650674414707,0.32213788862279863,0.11604886680349573,0.11078622178455967,0.21911092161499549,0.28530536747569557,0.2789650674414707,0.32213788862279863,0.11604886680349573,0.11078622178455967,0.21911092161499549,2.107103615826053,3.208424808154118,0.5489431827155862,0.8358596665410309,0.5489431827155862,814160,203540,81416,122124,0.75,,,,,,,,,0.0074419977885204335,1
bayesfl_observability_v1,vi_sparse_bayesian_keep010_seed42,65,vi,51,4,126,,5,256,547.3400139808655,0.016981671726892866,10.390716335888778,10.390716335888778,,,3.8460292067560498,0.02509567141532898,0.9958718804890221,3.8460292067560498,,-0.0,2.185987945410232,547.3400139808655,1309.230258321986,10.390716335888778,0.012864599177773273,0.016981671726892866,10.390716335888778,0.005,42.370752979382466,0.07723572290760279,0.07737438008189201,0.08667723014950753,0.11608032882213593,1.3862520578333983,1.1589136772247337,2.8731328530597615,,,,,,,,,,,,,,,,,,1,update_snr,bayesian,0.1,20,101770,10177,0.1,0.25453246932367396,0.1333087964587819,0.12431710067768934,0.254531884273628,0.1333087964587819,0.12431710067768934,0.254531884273628,0.28592204987318326,0.27979852803805194,0.32185829388673065,0.11635176830162622,0.11062200298045213,0.219908325867715,0.28592204987318326,0.27979852803805194,0.32185829388673065,0.11635176830162622,0.11062200298045213,0.219908325867715,2.1099188313199395,3.215615521865461,0.5485966741005485,0.8360871301280851,0.5485966741005485,814160,203540,81416,122124,0.75,,,,,,,,,0.00744734965768378,126
bayesfl_observability_v1,vi_sparse_bayesian_keep010_seed42,65,vi,173,13,1,,5,256,479.12459270954133,0.0022044898942112923,1314.2711685347433,1314.2711685347433,,,3.8556009478768623,0.025006502866744995,0.9958476774144949,3.8556009478768623,,-0.0,2.3292713582565514,479.12459270954133,1314.2711685347433,1314.2711685347433,0.01291413155679221,0.0022044898942112923,1314.2711685347433,0.005,42.352860707531065,0.077237832633171,0.077362310141325,0.08669950887560844,0.1141926646232605,1.3852788029012126,1.1607597824432117,2.8696358753791262,,,,,,,,,,,,,,,,,,1,update_snr,bayesian,0.1,20,101770,10177,0.1,0.2544790102089311,0.13364016569066733,0.12510526113361722,0.2544783887624188,0.13364016569066733,0.12510526113361722,0.2544783887624188,0.2864877839990377,0.28040325343156863,0.3225759544980616,0.11665709698973728,0.11126732369943025,0.22014115602191967,0.2864877839990377,0.28040325343156863,0.3225759544980616,0.11665709698973728,0.11126732369943025,0.22014115602191967,2.1149258376291953,3.2237784307544186,0.5485333846060514,0.8361286539598023,0.5485333846060514,814160,203540,81416,122124,0.75,,,,,,,,,0.007443932852166241,1
bayesfl_observability_v1,vi_sparse_bayesian_keep010_seed42,65,vi,12,1,1,,5,256,526.3507590651512,1.336106777191162,1303.7282981462047,1303.7282981462047,,,3.8388006141237407,0.02508334256708622,0.9958828937402354,3.8388006141237407,,-0.0,2.3277319754160017,526.3507590651512,1303.7282981462047,1303.7282981462047,0.012810536485665764,1.336106777191162,1303.7282981462047,0.005,42.34785976929252,0.07723972502167196,0.07738569751381874,0.0866739310324192,0.11397270113229752,1.3851417276629268,1.1593656899028737,2.8682637554359736,,,,,,,,,,,,,,,,,,1,update_snr,bayesian,0.1,20,101770,10177,0.1,0.2534810884909715,0.13310858400177547,0.12428282599279503,0.25346681764318696,0.13310858400177547,0.12428282599279503,0.25346681764318696,0.28518615616720805,0.27895007124441806,0.32166297269251065,0.11621107598339411,0.11104401998147381,0.21925781869767044,0.28518615616720805,0.27895007124441806,0.32166297269251065,0.11621107598339411,0.11104401998147381,0.21925781869767044,2.109727915083911,3.2070918726024225,0.5495799670662201,0.8354411168954357,0.5495799670662201,814160,203540,81416,122124,0.75,,,,,,,,,0.00744010507476609,1
bayesfl_observability_v1,vi_sparse_bayesian_keep010_seed42,65,vi,270,21,1,,5,256,545.0046568393707,8.49926145747304e-05,1302.1386568966716,1302.1386568966716,,,3.837441549302121,0.025057733058929443,0.9958872780113429,3.837441549302121,,-0.0,2.185987945410232,545.0046568393707,1302.1386568966716,1302.1386568966716,0.012794916546100732,8.49926145747304e-05,1302.1386568966716,0.005,42.35542523088753,0.07724202048456996,0.07737550511956215,0.0866968423128128,0.11365856230258942,1.3854352110523478,1.1594322477366061,2.8698606993441698,,,,,,,,,,,,,,,,,,1,update_snr,bayesian,0.1,20,101770,10177,0.1,0.2536713333460263,0.13276876303059443,0.12370415805763835,0.25366830503844684,0.13276876303059443,0.12370415805763835,0.25366830503844684,0.2858228122600305,0.2796022955976822,0.322028253470975,0.11576275756065713,0.11004848725467427,0.2194856935260782,0.2858228122600305,0.2796022955976822,0.322028253470975,0.11576275756065713,0.11004848725467427,0.2194856935260782,2.111849961433567,3.204067319003038,0.550327590479555,0.8349488266696157,0.550327590479555,814160,203540,81416,122124,0.75,,,,,,,,,0.0074484175721547365,1
bayesfl_observability_v1,vi_sparse_bayesian_keep010_seed42,65,vi,87,7,14,,5,256,568.3015350341797,0.137725864137922,93.7522649296006,93.7522649296006,,,3.8515983228380017,0.02502526342868805,0.9958521855304855,3.8515983228380017,,0.39267446722755217,1.9352627592338563,568.3015350341797,1312.5317090144083,93.7522649296006,0.012897039491150715,0.137725864137922,93.7522649296006,0.005,42.33101529225564,0.07724242303266037,0.07738810405135155,0.08669722527265548,0.11346699297428131,1.384457998911471,1.1592087311935089,2.870874055603192,,,,,,,,,,,,,,,,,,1,update_snr,bayesian,0.1,20,101770,10177,0.1,0.2544302508236724,0.1334681752838151,0.12516221709143188,0.2544286683230806,0.1334681752838151,0.12516221709143188,0.2544286683230806,0.2864478541638009,0.28038349470032736,0.32270203076886567,0.1164704331860389,0.11177392108259115,0.21991621944478015,0.2864478541638009,0.28038349470032736,0.32270203076886567,0.1164704331860389,0.11177392108259115,0.21991621944478015,2.11641378476971,3.218012170910058,0.5494897461712096,0.8355004601151935,0.5494897461712096,814160,203540,81416,122124,0.75,,,,,,,,,0.0074438863030371625,14
bayesfl_observability_v1,vi_sparse_bayesian_keep010_seed42,66,vi,66,5,62,,5,256,624.3287900924682,0.09332114650357154,21.055982211467285,21.055982211467285,,,3.8531536328045126,0.025085104629397392,0.9959128903583573,3.8531536328045126,,0.5614271145662422,1.826949466466651,624.3287900924682,1305.4708971109717,21.055982211467285,0.012827659399734417,0.09332114650357154,21.055982211467285,0.005,42.66162201117271,0.07748745449024251,0.07765628024935722,0.08689968809485435,0.11451741307973862,1.3907614276057296,1.1641290219397857,2.8816782759798425,,,,,,,,,,,,,,,,,,1,update_snr,bayesian,0.1,20,101770,10177,0.1,0.253268951033227,0.1331344734179926,0.12473856128013014,0.2532646423317542,0.1331344734179926,0.12473856128013014,0.2532646423317542,0.28521288028470176,0.278774926472103,0.32207055030849896,0.11623687265502489,0.11156038889721216,0.2190468439587954,0.28521288028470176,0.278774926472103,0.32207055030849896,0.11623687265502489,0.11156038889721216,0.2190468439587954,2.112556788296132,3.2224054267299382,0.5482669495216859,0.836303385179198,0.5482669495216859,814160,203540,81416,122124,0.75,,,,,,,,,0.007431579719568705,62
bayesfl_observability_v1,vi_sparse_bayesian_keep010_seed42,66,vi,68,5,1,,5,256,534.9124975681304,0.8304060101509094,1293.449014319131,1293.449014319131,,,3.8368040474574325,0.02504509687423706,0.9959482605420993,3.8368040474574325,,-0.0,2.4040642619438994,534.9124975681304,1293.449014319131,1293.449014319131,0.012709531436760646,0.8304060101509094,1293.449014319131,0.005,42.66518375750938,0.07748132153160975,0.07764268666505814,0.08692214414477349,0.11291218549013138,1.391275280243707,1.1662366343200583,2.8765884375970714,,,,,,,,,,,,,,,,,,1,update_snr,bayesian,0.1,20,101770,10177,0.1,0.2524485094212448,0.13239745511065568,0.12327157051507423,0.2524402991989204,0.13239745511065568,0.12327157051507423,0.2524402991989204,0.28461968438811663,0.2785357497276571,0.32101244069611556,0.11548387407982669,0.1095852549785742,0.21831904239389058,0.28461968438811663,0.2785357497276571,0.32101244069611556,0.11548387407982669,0.1095852549785742,0.21831904239389058,2.1087995182758292,3.2053127601382956,0.5496239818849454,0.835412160874462,0.5496239818849454,814160,203540,81416,122124,0.75,,,,,,,,,0.007431281186320631,1
bayesfl_observability_v1,vi_sparse_bayesian_keep010_seed42,66,vi,33,2,1,,5,256,511.3701908349991,0.103105828166008,1301.8739133861873,1301.8739133861873,,,3.8490288848240843,0.02508799359202385,0.9959221813422198,3.8490288848240843,,-0.0,2.3096097079310103,511.3701908349991,1301.8739133861873,1301.8739133861873,0.012792315155607617,0.103105828166008,1301.8739133861873,0.005,42.66434894081886,0.07747878259692297,0.07765215262770653,0.08692751377820969,0.11640743911266327,1.3911843452535695,1.1660620266348745,2.8807284876767167,,,,,,,,,,,,,,,,,,1,update_snr,bayesian,0.1,20,101770,10177,0.1,0.2535560045133522,0.13299145379235153,0.12427021912312092,0.25355592470958127,0.13299145379235153,0.12427021912312092,0.25355592470958127,0.2852353460913548,0.2789593149038152,0.3211553060451024,0.11607546575912893,0.11084578293842293,0.2191724709513585,0.2852353460913548,0.2789593149038152,0.3211553060451024,0.11607546575912893,0.11084578293842293,0.2191724709513585,2.112526816350669,3.2174918502475576,0.5488467038218187,0.8359230202021748,0.5488467038218187,814160,203540,81416,122124,0.75,,,,,,,,,0.007431704313563448,1
bayesfl_observability_v1,vi_sparse_bayesian_keep010_seed42,66,vi,13,1,2367,,5,256,2016.43780147925,0.026890594646000993,0.793508251423492,0.793508251423492,,,4.492726012991182,0.0737483948469162,0.9944492882243956,4.492726012991182,,0.003375492055621423,2.400659735165369,2016.43780147925,1878.2340311194057,0.793508251423492,0.01845567486606471,0.026890594646000993,0.793508251423492,0.005,42.69902422011661,0.07822036434389952,0.078254833817482,0.08834878653287888,0.11775067448616028,1.3806789904736083,1.15685535180046,2.8626260648134405,,,,,,,,,,,,,,,,,,1,update_snr,bayesian,0.1,20,101770,10177,0.1,0.2972157417660554,0.144017438049243,0.12141714809734559,0.29720479384789744,0.144017438049243,0.12141714809734559,0.29720479384789744,0.3745680172516232,0.3545448501813058,0.47090163474685676,0.1184007070267563,0.10744379016303811,0.2360940582674727,0.3745680172516232,0.3545448501813058,0.47090163474685676,0.1184007070267563,0.10744379016303811,0.2360940582674727,2.9619410986140355,3.3780899863900653,0.6592748122296522,0.7519020693943875,0.6592748122296522,814160,203540,81416,122124,0.75,,,,,,,,,0.007941355851625462,2367
bayesfl_observability_v1,vi_sparse_bayesian_keep010_seed42,66,vi,104,8,810,,5,256,1728.4270212262868,0.008602439286762182,2.940912866395244,2.940912866395244,,,5.18293199139412,0.07066334784030914,0.9926420736971165,5.18293199139412,,0.008677115299901474,2.3068194974795277,1728.4270212262868,2382.1394217801476,2.940912866395244,0.023407088746979932,0.008602439286762182,2.940912866395244,0.005,42.80387351956499,0.07800621043653148,0.0780830904841423,0.0877856582403183,0.1194295659661293,1.3865756169328747,1.1627198622706263,2.8758785570067436,,,,,,,,,,,,,,,,,,1,update_snr,bayesian,0.1,20,101770,10177,0.1,0.3446791359581477,0.16761781601460363,0.14176801186098437,0.34467409229613466,0.16761781601460363,0.14176801186098437,0.34467409229613466,0.43114637647063114,0.4104074251590058,0.5366071400620525,0.13833686485282276,0.12576302291205144,0.27632998274343973,0.43114637647063114,0.4104074251590058,0.5366071400620525,0.13833686485282276,0.12576302291205144,0.27632998274343973,3.375900438668786,3.932693765806426,0.6513495535488836,0.7587778061406897,0.6513495535488836,814160,203540,81416,122124,0.75,,,,,,,,,0.0076961528968239115,810
bayesfl_observability_v1,vi_sparse_bayesian_keep010_seed42,66,vi,196,15,1,,5,256,515.2572427272796,2.825220326485578e-05,1300.7146813843287,1300.7146813843287,,,3.8470229738573374,0.025024421513080597,0.9959239086409869,3.8470229738573374,,-0.0,2.185987945410232,515.2572427272796,1300.7146813843287,1300.7146813843287,0.012780924451059534,2.825220326485578e-05,1300.7146813843287,0.005,42.65104929637822,0.07748818056055941,0.07765715941786766,0.08693318963050843,0.11534618586301804,1.3907928708242228,1.1659623718738445,2.882273185499306,,,,,,,,,,,,,,,,,,1,update_snr,bayesian,0.1,20,101770,10177,0.1,0.2528136448595299,0.13292875698695758,0.12398165057659963,0.25281292500542474,0.13292875698695758,0.12398165057659963,0.25281292500542474,0.28484064246994584,0.2784643808860213,0.3220729979611488,0.11604965859995885,0.11060456780180049,0.2188765651493488,0.28484064246994584,0.2784643808860213,0.3220729979611488,0.11604965859995885,0.11060456780180049,0.2188765651493488,2.1118413782707166,3.215542217793106,0.5489547092964753,0.8358520964508154,0.5489547092964753,814160,203540,81416,122124,0.75,,,,,,,,,0.007433843423831572,1
bayesfl_observability_v1,vi_sparse_bayesian_keep010_seed42,66,vi,181,14,2031,,5,256,2051.0582067847254,0.14988885144187217,0.9562921936228176,0.9562921936228176,,,4.596998207397277,0.06741511821746826,0.994195702916806,4.596998207397277,,1.0649000763602765,1.25432875177699,2051.0582067847254,1942.2294452479425,0.9562921936228176,0.019084498823306893,0.14988885144187217,0.9562921936228176,0.005,42.72826921618835,0.07820159265067045,0.07828150317072868,0.08824395388364793,0.1198081374168396,1.3818109955229718,1.1579777395256416,2.864770539533978,,,,,,,,,,,,,,,,,,1,update_snr,bayesian,0.1,20,101770,10177,0.1,0.30448537790515323,0.147343791182293,0.12403634310783099,0.3044843590917053,0.147343791182293,0.12403634310783099,0.3044843590917053,0.38278117188142896,0.3630772077667298,0.4787705422051047,0.12118408221572238,0.10989928062455646,0.24205731990204232,0.38278117188142896,0.3630772077667298,0.4787705422051047,0.12118408221572238,0.10989928062455646,0.24205731990204232,3.025548841339498,3.46098927006183,0.6581574986196264,0.7528802740215487,0.6581574986196264,814160,203540,81416,122124,0.75,,,,,,,,,0.007892868905945576,2031
bayesfl_observability_v1,vi_sparse_bayesian_keep010_seed42,66,vi,98,7,50,,5,256,499.0619757652283,0.0001762748882174492,26.077707033001342,26.077707033001342,,,3.850855931652198,0.025075525045394897,0.9959189265613533,3.850855931652198,,-0.0,2.185987945410232,499.0619757652283,1303.8853516500672,26.077707033001342,0.012812079705709611,0.0001762748882174492,26.077707033001342,0.005,42.667558385086366,0.07748177156135641,0.07763314247131348,0.08691511899232865,0.11576949059963226,1.391082202292014,1.1668785906069272,2.877252576318768,,,,,,,,,,,,,,,,,,1,update_snr,bayesian,0.1,20,101770,10177,0.1,0.25353035422450937,0.13298541807053604,0.12408705851230468,0.2535298957058742,0.13298541807053604,0.12408705851230468,0.2535298957058742,0.2850217357653946,0.2789485305887957,0.32137833355295087,0.11609249388221846,0.11065583070708314,0.21983344470354874,0.2850217357653946,0.2789485305887957,0.32137833355295087,0.11609249388221846,0.11065583070708314,0.21983344470354874,2.113581972548345,3.21898472373815,0.5488603079579555,0.8359140878991685,0.5488603079579555,814160,203540,81416,122124,0.75,,,,,,,,,0.007425022597722384,50
bayesfl_observability_v1,vi_sparse_bayesian_keep010_seed42,66,vi,37,3,1,,5,256,529.5684220790863,0.12195881456136703,1297.882894274379,1297.882894274379,,,3.8414231717369125,0.025077302008867264,0.9959396487167038,3.8414231717369125,,-0.0,2.4040642619438994,529.5684220790863,1297.882894274379,1297.882894274379,0.012753099088870777,0.12195881456136703,1297.882894274379,0.005,42.67116782352291,0.07748553294341082,0.07763781398534775,0.086915422976017,0.11657100170850754,1.3913021362512474,1.166262425368365,2.8820053681936506,,,,,,,,,,,,,,,,,,1,update_snr,bayesian,0.1,20,101770,10177,0.1,0.25221925596326555,0.13269492492591242,0.12373959922099573,0.25221843361708846,0.13269492492591242,0.12373959922099573,0.25221843361708846,0.2850607859088401,0.27892135053660405,0.321845270501478,0.11576538481669828,0.11038625894277447,0.2187018913837513,0.2850607859088401,0.27892135053660405,0.321845270501478,0.11576538481669828,0.11038625894277447,0.2187018913837513,2.112346683758984,3.2085079822200413,0.5498864845978111,0.8352393992483008,0.5498864845978111,814160,203540,81416,122124,0.75,,,,,,,,,0.007433868454910335,1
bayesfl_observability_v1,vi_sparse_bayesian_keep010_seed42,66,vi,46,3,2,,5,256,530.583411192894,1.4204596281051636,649.0896764592559,649.0896764592559,,,3.842816519438543,0.02502261847257614,0.9959328313564646,3.842816519438543,,-0.0,2.4040642619438994,530.583411192894,1298.1793529185118,649.0896764592559,0.012756012114753973,1.4204596281051636,649.0896764592559,0.005,42.65103478295066,0.07748399994223416,0.07764532044529915,0.08690226674079896,0.11666262149810791,1.3904224336401458,1.1648836737085424,2.882372446225716,,,,,,,,,,,,,,,,,,1,update_snr,bayesian,0.1,20,101770,10177,0.1,0.25277657426568534,0.1327641665644505,0.12420254919307812,0.2527743085933556,0.1327641665644505,0.12420254919307812,0.2527743085933556,0.2848611613676001,0.2787517561053963,0.32160215460169983,0.11586450047521167,0.11039636341938608,0.2186692682357734,0.2848611613676001,0.2787517561053963,0.32160215460169983,0.11586450047521167,0.11039636341938608,0.2186692682357734,2.1114145917377276,3.2107891901940206,0.5494445496050426,0.8355301831228557,0.5494445496050426,814160,203540,81416,122124,0.75,,,,,,,,,0.007426336660522291,2
bayesfl_observability_v1,vi_sparse_bayesian_keep010_seed42,66,vi,128,10,1025,,5,256,1869.2738142108917,0.02021242973281116,2.1692659236325738,2.1692659236325738,,,4.98881759609325,0.06637603789567947,0.9931797747762113,4.98881759609325,,0.10892171136653514,2.2170760364031934,1869.2738142108917,2223.4975717233883,2.1692659236325738,0.021848261488880694,0.02021242973281116,2.1692659236325738,0.005,42.78820577736892,0.07808837164231827,0.07817179709672928,0.0880066342651844,0.11826074123382568,1.3856123867431154,1.1608438773506573,2.8636507218799143,,,,,,,,,,,,,,,,,,1,update_snr,bayesian,0.1,20,101770,10177,0.1,0.33142054267715104,0.16078972509832762,0.1365197490658857,0.3314100480785424,0.16078972509832762,0.1365197490658857,0.3314100480785424,0.41383617072413803,0.3931536193283774,0.5163412005556499,0.13267345336212644,0.12089383022447034,0.2642910959123412,0.41383617072413803,0.3931536193283774,0.5163412005556499,0.13267345336212644,0.12089383022447034,0.2642910959123412,3.2625949855984366,3.774092601810104,0.6539816144317201,0.7565104414251587,0.6539816144317201,814160,203540,81416,122124,0.75,,,,,,,,,0.0077774415754027215,1025
bayesfl_observability_v1,vi_sparse_bayesian_keep010_seed42,66,vi,130,10,1,,5,256,524.4884329319,0.7300135493278503,1295.1384880549958,1295.1384880549958,,,3.8377903606440715,0.025054525583982468,0.9959440135406981,3.8377903606440715,,-0.0,2.311121424016332,524.4884329319,1295.1384880549958,1295.1384880549958,0.012726132338164447,0.7300135493278503,1295.1384880549958,0.005,42.65387049893263,0.07748882462371862,0.07765012606978416,0.08691737279295922,0.11470714211463928,1.3903792971904922,1.1647325628284133,2.884435162283498,,,,,,,,,,,,,,,,,,1,update_snr,bayesian,0.1,20,101770,10177,0.1,0.2524746298122045,0.13262753433939328,0.12407362399228877,0.2524731425233747,0.13262753433939328,0.12407362399228877,0.2524731425233747,0.2845509903324529,0.27835592730263337,0.3205239268360854,0.11574715034016445,0.11036251482237852,0.21840365739937634,0.2845509903324529,0.27835592730263337,0.3205239268360854,0.11574715034016445,0.11036251482237852,0.21840365739937634,2.107746988264553,3.2071852902060822,0.5492084741988938,0.8356853785176116,0.5492084741988938,814160,203540,81416,122124,0.75,,,,,,,,,0.007429356672834401,1
bayesfl_observability_v1,vi_sparse_bayesian_keep010_seed42,66,vi,228,18,5,,5,256,509.7663513064384,0.0035889774560928346,259.71128983490524,259.71128983490524,,,3.8437686927750674,0.02501741051673889,0.9959300500314584,3.8437686927750674,,0.6730116670092565,1.5651195035345156,509.7663513064384,1298.5564491745263,259.71128983490524,0.012759717492134483,0.0035889774560928346,259.71128983490524,0.005,42.64692599397028,0.07748776510675588,0.07763650640845299,0.08693311586976052,0.11519410461187363,1.3904766785435538,1.162842134086793,2.881670101584175,,,,,,,,,,,,,,,,,,1,update_snr,bayesian,0.1,20,101770,10177,0.1,0.25293367316238374,0.13276819982685353,0.12395060665213278,0.2529243680169215,0.13276819982685353,0.12395060665213278,0.2529243680169215,0.28490439854009686,0.2783026771539284,0.32114858525675116,0.11586417774760426,0.11046276187066108,0.21858063028771066,0.28490439854009686,0.2783026771539284,0.32114858525675116,0.11586417774760426,0.11046276187066108,0.21858063028771066,2.1121509259341886,3.211444570537239,0.549500007610835,0.8354937113082858,0.549500007610835,814160,203540,81416,122124,0.75,,,,,,,,,0.00743244774539853,5
bayesfl_observability_v1,vi_sparse_bayesian_keep010_seed42,66,vi,219,17,1,,5,256,519.0092630386353,0.001525192055851221,1299.6352148036406,1299.6352148036406,,,3.8453133659286842,0.025094881653785706,0.9959321366138996,3.8453133659286842,,-0.0,2.259365973874069,519.0092630386353,1299.6352148036406,1299.6352148036406,0.012770317527794443,0.001525192055851221,1299.6352148036406,0.005,42.67487015535901,0.07747987536106753,0.07766268402338028,0.08690106719732285,0.11668745428323746,1.391673973642521,1.163422060112288,2.8810822833181957,,,,,,,,,,,,,,,,,,1,update_snr,bayesian,0.1,20,101770,10177,0.1,0.2535020261802779,0.13270602939817933,0.12370123770172312,0.25349982952374633,0.13270602939817933,0.12370123770172312,0.25349982952374633,0.28546993805335025,0.2792138540532982,0.3218410038007666,0.11573226176982702,0.11011781870349897,0.21893141782201322,0.28546993805335025,0.2792138540532982,0.3218410038007666,0.11573226176982702,0.11011781870349897,0.21893141782201322,2.1147830865969346,3.211561517211423,0.549963783273146,0.8351885039246462,0.549963783273146,814160,203540,81416,122124,0.75,,,,,,,,,0.00743245317547236,1
bayesfl_observability_v1,vi_sparse_bayesian_keep010_seed42,66,vi,247,19,83,,5,256,540.2028512954712,0.10921997621834996,15.682883186608366,15.682883186608366,,,3.845937155986746,0.025076642632484436,0.9959274748220951,3.845937155986746,,0.37911466974801067,1.93024026923342,540.2028512954712,1301.6793044884944,15.682883186608366,0.012790402913319194,0.10921997621834996,15.682883186608366,0.005,42.657742003317644,0.07748207530118228,0.0776437260210514,0.08691965416073799,0.11609961092472076,1.3909941065698808,1.1664426209115972,2.882486131197818,,,,,,,,,,,,,,,,,,1,update_snr,bayesian,0.1,20,101770,10177,0.1,0.25335397271253046,0.13291836983980532,0.12395263561900854,0.253353759095437,0.13291836983980532,0.12395263561900854,0.253353759095437,0.2859002454685977,0.2797814929880137,0.3232655548935865,0.1159203836588284,0.11048518128766321,0.21900914335560517,0.2859002454685977,0.2797814929880137,0.3232655548935865,0.1159203836588284,0.11048518128766321,0.21900914335560517,2.115577456666155,3.2117852718769035,0.5500811299979146,0.8351112203893672,0.5500811299979146,814160,203540,81416,122124,0.75,,,,,,,,,0.007428152810711949,83
bayesfl_observability_v1,vi_sparse_bayesian_keep010_seed42,67,vi,241,19,265,,5,256,1215.0966767787934,0.0014135039915585503,8.073898288692794,8.073898288692794,,,4.9535634196509255,0.04714640602469444,0.9934338956473278,4.9535634196509255,,-0.0,2.259365973874069,1215.0966767787934,2139.5830465035906,8.073898288692794,0.021023710784156338,0.0014135039915585503,8.073898288692794,0.005,43.297343793714525,0.0782015516257692,0.07832453027367592,0.08790607154369355,0.11812697350978851,1.3999377534676833,1.1729830520704616,2.906208612415116,,,,,,,,,,,,,,,,,,1,update_snr,bayesian,0.1,20,101770,10177,0.1,0.32926110644359025,0.16492318531209246,0.14676587442676653,0.32925638787211375,0.16492318531209246,0.14676587442676653,0.32925638787211375,0.39376871712400485,0.3803773204623813,0.4680432961676437,0.13949590399965775,0.13061546949632175,0.2699865249728085,0.39376871712400485,0.3803773204623813,0.4680432961676437,0.13949590399965775,0.13061546949632175,0.2699865249728085,3.0207626800684695,3.9259117900443865,0.6098160907933506,0.7925429549302193,0.6098160907933506,814160,203540,81416,122124,0.75,,,,,,,,,0.007658913830187352,265
bayesfl_observability_v1,vi_sparse_bayesian_keep010_seed42,67,vi,62,5,333,,5,256,1093.9056215524674,0.0018789869573739197,6.355677805096479,6.355677805096479,,,4.9277279530251885,0.048556551337242126,0.9935063044354477,4.9277279530251885,,-0.0,2.4040642619438994,1093.9056215524674,2116.4407090971276,6.355677805096479,0.020796312362161028,0.0018789869573739197,6.355677805096479,0.005,43.31037107377695,0.07821555059453329,0.07834172248840332,0.08792312890291214,0.11676155030727386,1.3998913380551117,1.1751440666246369,2.9050900431870748,,,,,,,,,,,,,,,,,,1,update_snr,bayesian,0.1,20,101770,10177,0.1,0.32793300610742543,0.16319911388750036,0.1433760581074591,0.3279283022808183,0.16319911388750036,0.1433760581074591,0.3279283022808183,0.3949380357944814,0.38122291885392706,0.4734236318243322,0.13745034478672466,0.1278019595651827,0.2684324167879916,0.3949380357944814,0.38122291885392706,0.4734236318243322,0.13745034478672466,0.1278019595651827,0.2684324167879916,3.034193780007608,3.8828045127702673,0.6157388981152828,0.787950258168487,0.6157388981152828,814160,203540,81416,122124,0.75,,,,,,,,,0.007646376982338046,333
bayesfl_observability_v1,vi_sparse_bayesian_keep010_seed42,67,vi,66,5,62,,5,256,539.8977134704589,0.06236470130182082,20.796389818393973,20.796389818393973,,,3.8527648685724003,0.025065220892429352,0.9960161422372862,3.8527648685724003,,0.5614271145662422,1.826949466466651,539.8977134704589,1289.3761687404262,20.796389818393973,0.012669511336743896,0.06236470130182082,20.796389818393973,0.005,43.20539192672619,0.07795398471562359,0.07807070761919022,0.08750189021229744,0.11380086839199066,1.400841433472329,1.1750943858897673,2.905880414917332,,,,,,,,,,,,,,,,,,1,update_snr,bayesian,0.1,20,101770,10177,0.1,0.25202507748991676,0.13231002059233243,0.12334604298992394,0.252022908845831,0.13231002059233243,0.12334604298992394,0.252022908845831,0.2836321541260831,0.2771692216103593,0.31935542222798097,0.11549645019969347,0.11008872297624685,0.21838692032039012,0.2836321541260831,0.2771692216103593,0.31935542222798097,0.11549645019969347,0.11008872297624685,0.21838692032039012,2.1160211684044223,3.219666372059394,0.5492214657751722,0.8356768403705898,0.5492214657751722,814160,203540,81416,122124,0.75,,,,,,,,,0.007540288214254337,62
bayesfl_observability_v1,vi_sparse_bayesian_keep010_seed42,67,vi,169,13,456,,5,256,1167.7042998790741,3.149023630836031e-05,4.69039437714115,4.69039437714115,,,4.957234242168943,0.04794237017631531,0.9934271376946868,4.957234242168943,,-0.0,2.3163460082440825,1167.7042998790741,2138.819835976364,4.69039437714115,0.021016211417670867,3.149023630836031e-05,4.69039437714115,0.005,43.30737358312764,0.07819898768445357,0.07831110805273056,0.08792348355054856,0.11557013541460037,1.399669288025861,1.1708651095262583,2.9047824171206225,,,,,,,,,,,,,,,,,,1,update_snr,bayesian,0.1,20,101770,10177,0.1,0.33072426798688564,0.16404145375527737,0.14406274837538607,0.33071990058646816,0.16404145375527737,0.14406274837538607,0.33071990058646816,0.3969397864357753,0.38317135121489904,0.4752640542694617,0.13816386123522204,0.1280684047692444,0.2704815322386241,0.3969397864357753,0.38317135121489904,0.4752640542694617,0.13816386123522204,0.1280684047692444,0.2704815322386241,3.0481150965294086,3.9093689631501904,0.6148821999574835,0.7886189702102357,0.6148821999574835,814160,203540,81416,122124,0.75,,,,,,,,,0.007653827885671438,456
bayesfl_observability_v1,vi_sparse_bayesian_keep010_seed42,67,vi,218,17,1,,5,256,521.4248479366303,0.0003491030656732619,1284.2887733495825,1284.2887733495825,,,3.8434161962721087,0.025018401443958282,0.9960289849585714,3.8434161962721087,,-0.0,2.185987945410232,521.4248479366303,1284.2887733495825,1284.2887733495825,0.01261952219072008,0.0003491030656732619,1284.2887733495825,0.005,43.16886066185812,0.07794577014376562,0.07807670906186104,0.08752001002430916,0.1133187785744667,1.3993467623942182,1.1744154558738211,2.9062466234377773,,,,,,,,,,,,,,,,,,1,update_snr,bayesian,0.1,20,101770,10177,0.1,0.2517549267871768,0.13198747397670688,0.12337363949619445,0.2517542901580085,0.13198747397670688,0.12337363949619445,0.2517542901580085,0.28343591062994217,0.27742699390922726,0.31937801517472153,0.11515986990412516,0.10983928337879308,0.21740258728988282,0.28343591062994217,0.27742699390922726,0.31937801517472153,0.11515986990412516,0.10983928337879308,0.21740258728988282,2.111779071752057,3.211267228038924,0.5494536537053574,0.8355241961965159,0.5494536537053574,814160,203540,81416,122124,0.75,,,,,,,,,0.007543337288801149,1
bayesfl_observability_v1,vi_sparse_bayesian_keep010_seed42,67,vi,79,6,1614,,5,256,2064.186022240775,0.11710678334572945,1.226597668359957,1.226597668359957,,,4.689642844600461,0.06473454087972641,0.9941100934018433,4.689642844600461,,0.227611568069938,2.10471822493949,2064.186022240775,1979.7286367329707,1.226597668359957,0.01945296881922935,0.11710678334572945,1.226597668359957,0.005,43.27231624997849,0.07862533786891134,0.078672856092453,0.08880472630262375,0.12052436172962189,1.3921314927724675,1.164050384192925,2.887355977739044,,,,,,,,,,,,,,,,,,1,update_snr,bayesian,0.1,20,101770,10177,0.1,0.3080308256201271,0.14980080397181061,0.12655801886645368,0.30802497931368966,0.14980080397181061,0.12655801886645368,0.30802497931368966,0.3873072040125682,0.3681246902751371,0.484941370918162,0.12341120396728203,0.1125435102898678,0.24565720731778193,0.3873072040125682,0.3681246902751371,0.484941370918162,0.12341120396728203,0.1125435102898678,0.24565720731778193,3.0791928687886205,3.5371346152943857,0.6565943230269502,0.7542439227257903,0.6565943230269502,814160,203540,81416,122124,0.75,,,,,,,,,0.007973207953223382,1614
bayesfl_observability_v1,vi_sparse_bayesian_keep010_seed42,67,vi,93,7,45,,5,256,616.5712951660156,0.21706930796305338,28.97134864921977,28.97134864921977,,,3.8711662255284502,0.025092680007219315,0.9959755195757012,3.8711662255284502,,-0.0,2.3096097079310103,616.5712951660156,1303.7106892148897,28.97134864921977,0.01281036345892591,0.21706930796305338,28.97134864921977,0.005,43.19250156027866,0.0779390189736654,0.07805708423256874,0.08750812262296677,0.11367262154817581,1.4003148799815288,1.1721439072564959,2.90839206845923,,,,,,,,,,,,,,,,,,1,update_snr,bayesian,0.1,20,101770,10177,0.1,0.2531106794392167,0.13304025876827943,0.12466287964968645,0.25311031180675725,0.13304025876827943,0.12466287964968645,0.25311031180675725,0.28513537289766755,0.27877748179174255,0.3216860138586283,0.11614080164279182,0.11089783728424493,0.21932587044497376,0.28513537289766755,0.27877748179174255,0.3216860138586283,0.11614080164279182,0.11089783728424493,0.21932587044497376,2.1190463359423393,3.239686801498186,0.5473922359541845,0.8368761796210232,0.5473922359541845,814160,203540,81416,122124,0.75,,,,,,,,,0.007536943587875066,45
bayesfl_observability_v1,vi_sparse_bayesian_keep010_seed42,67,vi,116,9,1,,5,256,537.0293266534806,0.004810545593500137,1280.1124650953186,1280.1124650953186,,,3.837754228665022,0.025062523782253265,0.9960487447601094,3.837754228665022,,-0.0,2.3292713582565514,537.0293266534806,1280.1124650953186,1280.1124650953186,0.012578485458340559,0.004810545593500137,1280.1124650953186,0.005,43.213579096842,0.07794558251432367,0.07806849852204323,0.08748290687799454,0.1159566193819046,1.4011115366515723,1.1755192528157044,2.9074916858728743,,,,,,,,,,,,,,,,,,1,update_snr,bayesian,0.1,20,101770,10177,0.1,0.2513664872622123,0.13173476244781893,0.12286750048006753,0.25135980498501437,0.13173476244781893,0.12286750048006753,0.25135980498501437,0.2833140071848103,0.2770787563165076,0.3186358394620966,0.11489262414370875,0.10936717422830708,0.21749807156142217,0.2833140071848103,0.2770787563165076,0.3186358394620966,0.11489262414370875,0.10936717422830708,0.21749807156142217,2.111019894137204,3.2049886936139442,0.5500664629249932,0.8351208812891627,0.5500664629249932,814160,203540,81416,122124,0.75,,,,,,,,,0.007544089531451359,1
bayesfl_observability_v1,vi_sparse_bayesian_keep010_seed42,67,vi,158,12,58,,5,256,529.4881954669952,0.013241729859648079,22.172062968799764,22.172062968799764,,,3.847235251717622,0.025061696767807007,0.9960276670095514,3.847235251717622,,-0.0,2.3292713582565514,529.4881954669952,1285.9796521903863,22.172062968799764,0.012636136898795189,0.013241729859648079,22.172062968799764,0.005,43.205779038619255,0.07794321045053285,0.07807615399360657,0.08748082369565964,0.11523068696260452,1.4005443171111396,1.1738572772481173,2.9072250973114335,,,,,,,,,,,,,,,,,,1,update_snr,bayesian,0.1,20,101770,10177,0.1,0.2517691141721877,0.13220428488638553,0.1233559544190662,0.2517667693438626,0.13220428488638553,0.1233559544190662,0.2517667693438626,0.2833099519211251,0.276892641034291,0.3195564369159075,0.11541476632697004,0.11016544499562433,0.2177486114368801,0.2833099519211251,0.276892641034291,0.3195564369159075,0.11541476632697004,0.11016544499562433,0.2177486114368801,2.1091834608983793,3.2175400868258808,0.5482335555011151,0.8363252768047886,0.5482335555011151,814160,203540,81416,122124,0.75,,,,,,,,,0.007538782482202672,58
bayesfl_observability_v1,vi_sparse_bayesian_keep010_seed42,67,vi,196,15,1,,5,256,523.7984724998474,0.0017090728506445885,1278.5204221477964,1278.5204221477964,,,3.8362653057206533,0.0250798761844635,0.9960481957709383,3.8362653057206533,,-0.0,2.185987945410232,523.7984724998474,1278.5204221477964,1278.5204221477964,0.012562841919502764,0.0017090728506445885,1278.5204221477964,0.005,43.19418196544324,0.07794568528873935,0.07808325067162514,0.08748909384012223,0.11381188035011292,1.4006681263755159,1.175695697078114,2.9069055587433508,,,,,,,,,,,,,,,,,,1,update_snr,bayesian,0.1,20,101770,10177,0.1,0.25122892385430734,0.13165035131160047,0.12240587832998856,0.25121971377109414,0.13165035131160047,0.12240587832998856,0.25121971377109414,0.28331481602648106,0.27730050871309525,0.31999739931013316,0.11479874412105819,0.10913781763204579,0.21713602015627628,0.28331481602648106,0.27730050871309525,0.31999739931013316,0.11479874412105819,0.10913781763204579,0.21713602015627628,2.112712661013257,3.20208942846234,0.5507212073843726,0.8346892545954452,0.5507212073843726,814160,203540,81416,122124,0.75,,,,,,,,,0.007541076284795597,1
bayesfl_observability_v1,vi_sparse_bayesian_keep010_seed42,67,vi,100,8,22,,5,256,534.6092065811157,0.011783851818604902,58.187930304314705,58.187930304314705,,,3.8385275914635635,0.025042667984962463,0.9960429466020561,3.8385275914635635,,-0.0,2.3163460082440825,534.6092065811157,1280.1344666949235,58.187930304314705,0.012578701647783467,0.011783851818604902,58.187930304314705,0.005,43.19098534899284,0.07795106610752715,0.07807773351669312,0.08750348761677743,0.11520189046859741,1.4003644714959267,1.1756753415025876,2.900748220599537,,,,,,,,,,,,,,,,,,1,update_snr,bayesian,0.1,20,101770,10177,0.1,0.2514747220199058,0.13174934067620808,0.12263230133608281,0.25147394479807555,0.13174934067620808,0.12263230133608281,0.25147394479807555,0.28303194964879963,0.27677905124545266,0.31911927231674814,0.11494016190147573,0.10942865359274932,0.21750055140236157,0.28303194964879963,0.27677905124545266,0.31911927231674814,0.11494016190147573,0.10942865359274932,0.21750055140236157,2.107687237463019,3.20810669701969,0.5490874266868028,0.835764917817484,0.5490874266868028,814160,203540,81416,122124,0.75,,,,,,,,,0.007547719778597188,22
bayesfl_observability_v1,vi_sparse_bayesian_keep010_seed42,67,vi,59,4,1,,5,256,522.0542139053344,2.622600959512056e-06,1285.1593041537487,1285.1593041537487,,,3.8442862764938592,0.025090090930461884,0.996033972086061,3.8442862764938592,,-0.0,2.3155014849272724,522.0542139053344,1285.1593041537487,1285.1593041537487,0.012628076094661971,2.622600959512056e-06,1285.1593041537487,0.005,43.20686443992687,0.07794605660288603,0.07808497920632362,0.0875433586537838,0.11652316153049469,1.4010093772358123,1.173876597147245,2.9073574439569456,,,,,,,,,,,,,,,,,,1,update_snr,bayesian,0.1,20,101770,10177,0.1,0.2515381143536953,0.13208868826716766,0.12360665034221294,0.2515366975906325,0.13208868826716766,0.12360665034221294,0.2515366975906325,0.2833525747849732,0.27696433956282096,0.3191194162613568,0.11528158976518925,0.11004194974528586,0.21779431486831258,0.2833525747849732,0.27696433956282096,0.3191194162613568,0.11528158976518925,0.11004194974528586,0.21779431486831258,2.1088280102711496,3.2142466300417665,0.5485616467133878,0.8361101122191363,0.5485616467133878,814160,203540,81416,122124,0.75,,,,,,,,,0.007542555013968672,1
bayesfl_observability_v1,vi_sparse_bayesian_keep010_seed42,67,vi,2,0,48,,5,256,519.8606750488282,0.03681675593058268,26.849721613321147,26.849721613321147,,,3.850788216025951,0.02506476640701294,0.9960167334953284,3.850788216025951,,-0.0,2.185987945410232,519.8606750488282,1288.786637439415,26.849721613321147,0.012663718555953768,0.03681675593058268,26.849721613321147,0.005,43.186257031856954,0.07794892754165242,0.07806134596467018,0.08752153515815735,0.11512400209903717,1.4001796002508142,1.1765205426724725,2.9000552813428566,,,,,,,,,,,,,,,,,,1,update_snr,bayesian,0.1,20,101770,10177,0.1,0.251843048900033,0.13229816568803046,0.12334110581940516,0.25184053545868984,0.13229816568803046,0.12334110581940516,0.25184053545868984,0.2837599627602407,0.27765734108184253,0.3200318264815773,0.11546907712445154,0.10996151989846406,0.21807239661110597,0.2837599627602407,0.27765734108184253,0.3200318264815773,0.11546907712445154,0.10996151989846406,0.21807239661110597,2.1117567882362023,3.2201014195243385,0.5483959827880523,0.8362187788264068,0.5483959827880523,814160,203540,81416,122124,0.75,,,,,,,,,0.007544354988687562,48
bayesfl_observability_v1,vi_sparse_bayesian_keep010_seed42,67,vi,8,0,25,,5,256,524.6235279083252,0.13299007415771485,51.61885721561208,51.61885721561208,,,3.852516586873755,0.02505052089691162,0.9960136525864827,3.852516586873755,,0.34883209584303193,1.9674200764769605,524.6235279083252,1290.471430390302,51.61885721561208,0.012680273463597347,0.13299007415771485,51.61885721561208,0.005,43.18906148044805,0.07794668794947013,0.0780801922082901,0.08751719370484352,0.11652381718158722,1.4003361438823785,1.171529019308605,2.9019202248512466,,,,,,,,,,,,,,,,,,1,update_snr,bayesian,0.1,20,101770,10177,0.1,0.2521163416492633,0.13231483795424184,0.12373274419957031,0.2521151103940715,0.13231483795424184,0.12373274419957031,0.2521151103940715,0.2839662836237487,0.2777638202626729,0.3196715585065955,0.11546467732429662,0.11008257322948962,0.21831901788736302,0.2839662836237487,0.2777638202626729,0.3196715585065955,0.11546467732429662,0.11008257322948962,0.21831901788736302,2.1147157222522726,3.220226927748488,0.5489180058192364,0.8358762006944769,0.5489180058192364,814160,203540,81416,122124,0.75,,,,,,,,,0.007544874537439645,25
bayesfl_observability_v1,vi_sparse_bayesian_keep010_seed42,67,vi,15,1,1,,5,256,502.3229940414429,2.5530338287353516,1292.5458473527144,1292.5458473527144,,,3.855096296994032,0.02508874610066414,0.996009100145102,3.855096296994032,,-0.0,2.3277319754160017,502.3229940414429,1292.5458473527144,1292.5458473527144,0.012700656847329414,2.5530338287353516,1292.5458473527144,0.005,43.193469214917684,0.07794201632477896,0.07807712629437447,0.08747799843549729,0.11331123858690262,1.400618836537136,1.1738711138549747,2.906129432868476,,,,,,,,,,,,,,,,,,1,update_snr,bayesian,0.1,20,101770,10177,0.1,0.25263827298322783,0.1324691425069681,0.1238752922749172,0.2526337532440371,0.1324691425069681,0.1238752922749172,0.2526337532440371,0.28389804993202056,0.27797525306485316,0.3193402819421778,0.11564370834862894,0.11021950031702059,0.2188623874705248,0.28389804993202056,0.27797525306485316,0.3193402819421778,0.11564370834862894,0.11021950031702059,0.2188623874705248,2.1107830604382647,3.225889386024261,0.5475305667679752,0.836785682510606,0.5475305667679752,814160,203540,81416,122124,0.75,,,,,,,,,0.007538750279498786,1
bayesfl_observability_v1,vi_sparse_bayesian_keep010_seed42,68,vi,72,5,1,,5,256,522.487464094162,4.038841247558594,1274.2080159862146,1274.2080159862146,,,3.8459393167801634,0.025099994614720345,0.9961187482516938,3.8459393167801634,,-0.0,2.28098669344155,522.487464094162,1274.2080159862146,1274.2080159862146,0.012520467878414215,4.038841247558594,1274.2080159862146,0.005,43.693986467501134,0.07829354153300878,0.07842794060707092,0.08792382031679154,0.12187936902046204,1.409635599420688,1.1843547802746353,2.9194557761658477,,,,,,,,,,,,,,,,,,1,update_snr,bayesian,0.1,20,101770,10177,0.1,0.25042291895078056,0.13144240385406272,0.12244583926926579,0.25042158293278866,0.13144240385406272,0.12244583926926579,0.25042158293278866,0.28231198520352596,0.27618415675069263,0.31813250731688536,0.11467911703745569,0.10891637551870954,0.21675850754201417,0.28231198520352596,0.27618415675069263,0.31813250731688536,0.11467911703745569,0.10891637551870954,0.21675850754201417,2.114504348302774,3.2124944497016865,0.5498017972038742,0.835295147712107,0.5498017972038742,814160,203540,81416,122124,0.75,,,,,,,,,0.007578273890139754,1
bayesfl_observability_v1,vi_sparse_bayesian_keep010_seed42,68,vi,73,5,1,,5,256,527.1665532946587,0.6928192973136902,1263.9420846492917,1263.9420846492917,,,3.8289522605316377,0.02507619559764862,0.9961523853451135,3.8289522605316377,,-0.0,2.28098669344155,527.1665532946587,1263.9420846492917,1263.9420846492917,0.012419594032124316,0.6928192973136902,1263.9420846492917,0.005,43.69042143076704,0.07829402014843763,0.07841935753822327,0.08789284452795983,0.12332546710968018,1.4098520228638376,1.18149023625196,2.927412388087276,,,,,,,,,,,,,,,,,,1,update_snr,bayesian,0.1,20,101770,10177,0.1,0.2497797775782995,0.13087609775597916,0.12204798758723778,0.24977542512538706,0.13087609775597916,0.12204798758723778,0.24977542512538706,0.28179869158029747,0.27509590251655713,0.3184286332788034,0.11410692066438824,0.10847842160613667,0.2155044261532356,0.28179869158029747,0.27509590251655713,0.3184286332788034,0.11410692066438824,0.10847842160613667,0.2155044261532356,2.107259315579108,3.1969256466698477,0.5503488088113488,0.8349348409546283,0.5503488088113488,814160,203540,81416,122124,0.75,,,,,,,,,0.007583633168125441,1
bayesfl_observability_v1,vi_sparse_bayesian_keep010_seed42,68,vi,29,2,1170,,5,256,1822.5397367525102,0.002992273185752396,1.9010134305525268,1.9010134305525268,,,5.0386054001238305,0.07225119322538376,0.9933603531070985,5.0386054001238305,,0.011509519042002474,2.3048351889352334,1822.5397367525102,2224.1857137464563,1.9010134305525268,0.021855023226358024,0.002992273185752396,1.9010134305525268,0.005,43.79700994184245,0.07891173074101551,0.078989677131176,0.08899573832750321,0.12509092688560486,1.4032079392737833,1.174296394745835,2.9132312815877794,,,,,,,,,,,,,,,,,,1,update_snr,bayesian,0.1,20,101770,10177,0.1,0.33049707302987275,0.16045156151721746,0.1355152381384203,0.3304959398889428,0.16045156151721746,0.1355152381384203,0.3304959398889428,0.41527892124698645,0.3946244591749016,0.5176039773868231,0.13213741043613203,0.1201187469241267,0.2634171662394956,0.41527892124698645,0.3946244591749016,0.5176039773868231,0.13213741043613203,0.1201187469241267,0.2634171662394956,3.3068784418122883,3.80159168628541,0.6563082796146364,0.7544928376792477,0.6563082796146364,814160,203540,81416,122124,0.75,,,,,,,,,0.007920434876181942,1170
bayesfl_observability_v1,vi_sparse_bayesian_keep010_seed42,68,vi,295,23,1,,5,256,505.3366862773895,0.20460665225982666,1275.106726629494,1275.106726629494,,,3.846350514178022,0.02507665753364563,0.9961145291873802,3.846350514178022,,-0.0,2.3096097079310103,505.3366862773895,1275.106726629494,1275.106726629494,0.012529298679664872,0.20460665225982666,1275.106726629494,0.005,43.67503541977971,0.0782929110615037,0.0784253366291523,0.08792725875973702,0.1198936328291893,1.4095497028251163,1.1823901900917306,2.9253835175423473,,,,,,,,,,,,,,,,,,1,update_snr,bayesian,0.1,20,101770,10177,0.1,0.25042311487497637,0.1315413194074889,0.12307977087089843,0.2504074887692318,0.1315413194074889,0.12307977087089843,0.2504074887692318,0.28238661961062544,0.27604892239970086,0.318729647337178,0.1147807304960293,0.10944814829955221,0.2165412963835182,0.28238661961062544,0.27604892239970086,0.318729647337178,0.1147807304960293,0.10944814829955221,0.2165412963835182,2.1142169014185526,3.2131758700192052,0.5496682878030339,0.835383009992232,0.5496682878030339,814160,203540,81416,122124,0.75,,,,,,,,,0.007587166232838916,1
bayesfl_observability_v1,vi_sparse_bayesian_keep010_seed42,68,vi,206,16,38,,5,256,539.0849702835083,0.006569882756785343,33.70361088168229,33.70361088168229,,,3.854638744630923,0.025099024176597595,0.996099054955787,3.854638744630923,,-0.0,2.3277319754160017,539.0849702835083,1280.7372135039268,33.70361088168229,0.01258462428519138,0.006569882756785343,33.70361088168229,0.005,43.682519828258194,0.07829273275469496,0.07844539359211922,0.08792561367154121,0.118250772356987,1.4100581380706374,1.182195479718208,2.931331307730703,,,,,,,,,,,,,,,,,,1,update_snr,bayesian,0.1,20,101770,10177,0.1,0.25063955047057657,0.13188893401736906,0.12357224852777492,0.25063311055038634,0.13188893401736906,0.12357224852777492,0.25063311055038634,0.2823996321080462,0.27627992623154046,0.31870966967110254,0.11516552311840496,0.11003570535304595,0.21729988447001203,0.2823996321080462,0.27627992623154046,0.31870966967110254,0.11516552311840496,0.11003570535304595,0.21729988447001203,2.1135332618349114,3.223541065773376,0.5483090379815293,0.8362757911525185,0.5483090379815293,814160,203540,81416,122124,0.75,,,,,,,,,0.007580756342693861,38
bayesfl_observability_v1,vi_sparse_bayesian_keep010_seed42,68,vi,282,22,9,,5,256,516.4951132774353,0.06926550467809041,142.4340966192301,142.4340966192301,,,3.856143300218405,0.025075020268559456,0.9960975697215756,3.856143300218405,,-0.0,2.185987945410232,516.4951132774353,1281.906869573071,142.4340966192301,0.012596117417441986,0.06926550467809041,142.4340966192301,0.005,43.69120274440106,0.07829382724352045,0.0784243792295456,0.08791899234056473,0.1200719103217125,1.4101846848384967,1.1836660239582772,2.9254434329072674,,,,,,,,,,,,,,,,,,1,update_snr,bayesian,0.1,20,101770,10177,0.1,0.25135027887859085,0.13189611963534015,0.12335283292628621,0.2513478089706532,0.13189611963534015,0.12335283292628621,0.2513478089706532,0.28291194591479435,0.2768005466118965,0.3183134775529438,0.11511658338206747,0.10983034564904422,0.2171294529851078,0.28291194591479435,0.2768005466118965,0.3183134775529438,0.11511658338206747,0.10983034564904422,0.2171294529851078,2.1137174024641525,3.2252193560034796,0.5481428561911679,0.8363847255937841,0.5481428561911679,814160,203540,81416,122124,0.75,,,,,,,,,0.007580075252215046,9
bayesfl_observability_v1,vi_sparse_bayesian_keep010_seed42,68,vi,174,13,3,,5,256,512.6859178543091,1.5914011001586914,425.82730767809744,425.82730767809744,,,3.8472917610146586,0.025103285908699036,0.9961131493105913,3.8472917610146586,,-0.0,2.28098669344155,512.6859178543091,1277.4819230342923,425.82730767809744,0.012552637545782572,1.5914011001586914,425.82730767809744,0.005,43.678043392058484,0.07829711696399685,0.07844019681215286,0.08793792501091957,0.11953390389680862,1.4095508524058535,1.1855284451364014,2.924081304157178,,,,,,,,,,,,,,,,,,1,update_snr,bayesian,0.1,20,101770,10177,0.1,0.25064458382747806,0.13163750166958343,0.12292256457115475,0.2506422044267307,0.13163750166958343,0.12292256457115475,0.2506422044267307,0.2827278733573768,0.2767318483817186,0.3193468971665258,0.11484968259316192,0.10974708058405405,0.21696535427043423,0.2827278733573768,0.2767318483817186,0.3193468971665258,0.11484968259316192,0.10974708058405405,0.21696535427043423,2.1127592280068233,3.2152608508242833,0.549154927478029,0.8357205667127029,0.549154927478029,814160,203540,81416,122124,0.75,,,,,,,,,0.0075854170812939955,3
bayesfl_observability_v1,vi_sparse_bayesian_keep010_seed42,68,vi,0,0,1,,5,256,485.4289930105209,0.27213233709335327,1277.5942836917939,1277.5942836917939,,,3.8503982921575175,0.025042487308382988,0.9961081900684693,3.8503982921575175,,-0.0,2.28098669344155,485.4289930105209,1277.5942836917939,1277.5942836917939,0.012553741610413617,0.27213233709335327,1277.5942836917939,0.005,43.685545234296185,0.07829745205395071,0.07842287421226501,0.08791968002915383,0.1180325374007225,1.4096153093991945,1.1823869970530947,2.926073665890965,,,,,,,,,,,,,,,,,,1,update_snr,bayesian,0.1,20,101770,10177,0.1,0.25050496227390895,0.1316609663008265,0.12306898893079538,0.25049975880455666,0.1316609663008265,0.12306898893079538,0.25049975880455666,0.28244817503171704,0.2762144967128526,0.31831762374511363,0.11490683199739422,0.10949254307616647,0.21700297484020462,0.28244817503171704,0.2762144967128526,0.31831762374511363,0.11490683199739422,0.10949254307616647,0.21700297484020462,2.112853645240308,3.2189154201445374,0.5487363864522181,0.8359954414847983,0.5487363864522181,814160,203540,81416,122124,0.75,,,,,,,,,0.007585879432192703,1
bayesfl_observability_v1,vi_sparse_bayesian_keep010_seed42,68,vi,4,0,3,,5,256,516.9186522245407,0.1864074468612671,423.07400263552773,423.07400263552773,,,3.836698988935761,0.02509467303752899,0.9961347445880313,3.836698988935761,,0.6365141682948128,1.6763487837974358,516.9186522245407,1269.2220079065833,423.07400263552773,0.012471474972060364,0.1864074468612671,423.07400263552773,0.005,43.679083943540846,0.07830397816893042,0.07841900736093521,0.0879547156393528,0.12230464816093445,1.4091967241273191,1.179435797257807,2.9224538428198326,,,,,,,,,,,,,,,,,,1,update_snr,bayesian,0.1,20,101770,10177,0.1,0.25062519962026847,0.13111391819929627,0.12240508239272163,0.25062337169413723,0.13111391819929627,0.12240508239272163,0.25062337169413723,0.2826848051851508,0.2765581122314653,0.3187275341731495,0.11427270853420127,0.10888932037423417,0.21625329963013878,0.2826848051851508,0.2765581122314653,0.3187275341731495,0.11427270853420127,0.10888932037423417,0.21625329963013878,2.115169460026007,3.200986923914872,0.5512992982054923,0.8343075474896129,0.5512992982054923,814160,203540,81416,122124,0.75,,,,,,,,,0.007588841505802305,3
bayesfl_observability_v1,vi_sparse_bayesian_keep010_seed42,68,vi,10,0,11,,5,256,521.6223220825195,0.295268405567516,115.69685359345611,115.69685359345611,,,3.8443269285111197,0.02502601221203804,0.996118832181044,3.8443269285111197,,-0.0,2.3163460082440825,521.6223220825195,1272.6653895280172,115.69685359345611,0.012505309909875377,0.295268405567516,115.69685359345611,0.005,43.6762335906024,0.07829369962979736,0.07843151316046715,0.08790749758481979,0.12318771332502365,1.409168310404196,1.1810182302353243,2.92543334126319,,,,,,,,,,,,,,,,,,1,update_snr,bayesian,0.1,20,101770,10177,0.1,0.25038100835325633,0.13149399408167037,0.12252079284872,0.2503807772953337,0.13149399408167037,0.12252079284872,0.2503807772953337,0.2816338558638978,0.27545564301764813,0.3165047835480332,0.11481178721697843,0.1094538396675205,0.21610752358889718,0.2816338558638978,0.27545564301764813,0.3165047835480332,0.11481178721697843,0.1094538396675205,0.21610752358889718,2.108900707770642,3.2142475539448165,0.5485747562545114,0.8361015110620864,0.5485747562545114,814160,203540,81416,122124,0.75,,,,,,,,,0.007580609568801249,11
bayesfl_observability_v1,vi_sparse_bayesian_keep010_seed42,68,vi,112,9,234,,5,256,861.3328355550766,0.0012631035513348049,5.739524649234239,5.739524649234239,,,3.9533368015223846,0.02505398914217949,0.9958996477964865,3.9533368015223846,,-0.0,2.3155014849272724,861.3328355550766,1343.048767920812,5.739524649234239,0.013196902504871887,0.0012631035513348049,5.739524649234239,0.005,43.70017298541187,0.07827175958580823,0.07841532304883003,0.08786575123667717,0.11971576511859894,1.4104928390607119,1.1815676060586087,2.9257879330593815,,,,,,,,,,,,,,,,,,1,update_snr,bayesian,0.1,20,101770,10177,0.1,0.2492444678961583,0.1378153375627348,0.135445453538236,0.249243785453904,0.1378153375627348,0.135445453538236,0.249243785453904,0.2805960039332817,0.2742774529082446,0.31563027903493296,0.1219508190771185,0.12207088078909177,0.21798993516472945,0.2805960039332817,0.2742774529082446,0.31563027903493296,0.1219508190771185,0.12207088078909177,0.21798993516472945,2.098139696758282,3.350624073088223,0.530726270514142,0.8475432884438118,0.530726270514142,814160,203540,81416,122124,0.75,,,,,,,,,0.007578814263636862,234
bayesfl_observability_v1,vi_sparse_bayesian_keep010_seed42,68,vi,221,17,1,,5,256,482.5290306568146,0.17557929456233978,1281.1613690931285,1281.1613690931285,,,3.8558427721742414,0.02504010871052742,0.9961004264866862,3.8558427721742414,,-0.0,2.311121424016332,482.5290306568146,1281.1613690931285,1281.1613690931285,0.01258879207126981,0.17557929456233978,1281.1613690931285,0.005,43.7032994309858,0.07829754572829153,0.07842596992850304,0.08793535679578782,0.12141498923301697,1.41019034921338,1.183679352059324,2.9256532031485913,,,,,,,,,,,,,,,,,,1,update_snr,bayesian,0.1,20,101770,10177,0.1,0.25149549467594406,0.1318940125813662,0.1232023051547716,0.25149252027966723,0.1318940125813662,0.1232023051547716,0.25149252027966723,0.28289960037229417,0.27689161210529295,0.31877287262373233,0.11511561393792975,0.10998758931637492,0.21760818218294914,0.28289960037229417,0.27689161210529295,0.31877287262373233,0.11511561393792975,0.10998758931637492,0.21760818218294914,2.1152875867550684,3.2238303164168354,0.5485928010395236,0.8360896714154593,0.5485928010395236,814160,203540,81416,122124,0.75,,,,,,,,,0.007582206188791728,1
bayesfl_observability_v1,vi_sparse_bayesian_keep010_seed42,68,vi,138,11,1,,5,256,504.99624130725863,0.00466223806142807,1277.6790340053929,1277.6790340053929,,,3.8498428513215557,0.025076061487197876,0.9961098840708675,3.8498428513215557,,-0.0,2.3277319754160017,504.99624130725863,1277.6790340053929,1277.6790340053929,0.012554574373640492,0.00466223806142807,1277.6790340053929,0.005,43.68870200977645,0.07829810207406032,0.07842285931110382,0.08791195154190064,0.12214212119579315,1.4092634976914673,1.18346536710103,2.9242820271734544,,,,,,,,,,,,,,,,,,1,update_snr,bayesian,0.1,20,101770,10177,0.1,0.25132244440601764,0.13164009943733393,0.12259503833775187,0.2513159282450225,0.13164009943733393,0.12259503833775187,0.2513159282450225,0.2826112629852037,0.276476140242815,0.3182929303670849,0.11486552570979283,0.10951871573345437,0.21730713196125706,0.2826112629852037,0.276476140242815,0.3182929303670849,0.11486552570979283,0.10951871573345437,0.21730713196125706,2.1142042056785786,3.217363914225854,0.5491663653109438,0.835713050760348,0.5491663653109438,814160,203540,81416,122124,0.75,,,,,,,,,0.007584186601201776,1
bayesfl_observability_v1,vi_sparse_bayesian_keep010_seed42,68,vi,145,11,1,,5,256,500.41149042844773,0.13894671201705933,1274.257360518579,1274.257360518579,,,3.845209421151159,0.025063343346118927,0.9961181285017155,3.845209421151159,,-0.0,2.3096097079310103,500.41149042844773,1274.257360518579,1274.257360518579,0.012520952741658434,0.13894671201705933,1274.257360518579,0.005,43.68237952527463,0.07829477935839088,0.07843479886651039,0.0878954440355301,0.11899147182703018,1.409654506206847,1.1827701368747103,2.925338722874834,,,,,,,,,,,,,,,,,,1,update_snr,bayesian,0.1,20,101770,10177,0.1,0.2508121056949971,0.13154468805961828,0.12313373323171875,0.2508083577324841,0.13154468805961828,0.12313373323171875,0.2508083577324841,0.2820419787659333,0.2757995117910834,0.3174371891510648,0.11482276687002772,0.1096986540362479,0.2168221363238921,0.2820419787659333,0.2757995117910834,0.3174371891510648,0.11482276687002772,0.1096986540362479,0.2168221363238921,2.1112590564423606,3.2137549205096154,0.5490621771675319,0.8357815058997484,0.5490621771675319,814160,203540,81416,122124,0.75,,,,,,,,,0.0075800816591165285,1
bayesfl_observability_v1,vi_sparse_bayesian_keep010_seed42,68,vi,87,7,14,,5,256,526.6232690811157,0.006829701364040375,91.45613380812314,91.45613380812314,,,3.855974800403029,0.02507697232067585,0.9960950323795698,3.855974800403029,,0.39267446722755217,1.9352627592338563,526.6232690811157,1280.385873313724,91.45613380812314,0.012581171988933123,0.006829701364040375,91.45613380812314,0.005,43.67507073706601,0.07829197639440394,0.07840919494628906,0.08792963922023773,0.12006379663944244,1.4093324200203783,1.1826942485743972,2.9213820653973053,,,,,,,,,,,,,,,,,,1,update_snr,bayesian,0.1,20,101770,10177,0.1,0.2509422800675643,0.13190951438652684,0.12345318748896425,0.25094018421419784,0.13190951438652684,0.12345318748896425,0.25094018421419784,0.2821186658304613,0.27553770947364276,0.3180755350364309,0.11521960867053414,0.10968079864488184,0.21777429463162465,0.2821186658304613,0.27553770947364276,0.3180755350364309,0.11521960867053414,0.10968079864488184,0.21777429463162465,2.1116254112584274,3.2263880398784757,0.547624276755574,0.8367243581418767,0.547624276755574,814160,203540,81416,122124,0.75,,,,,,,,,0.007583024625398989,14
bayesfl_observability_v1,vi_sparse_bayesian_keep010_seed42,69,vi,186,14,12,,5,256,541.3257051467896,0.6072168747584025,105.5253663387697,105.5253663387697,,,3.851888305776126,0.02504676580429077,0.9961763628131526,3.851888305776126,,-0.0,2.3277319754160017,541.3257051467896,1266.3043960652365,105.5253663387697,0.012442806289331202,0.6072168747584025,105.5253663387697,0.005,44.08957287234751,0.07860065217560819,0.07875320315361023,0.088222174346447,0.12317871302366257,1.4162616015830491,1.1849573578666,2.950187822560075,,,,,,,,,,,,,,,,,,1,update_snr,bayesian,0.1,20,101770,10177,0.1,0.2495832104583059,0.1313011154999122,0.12285033011777169,0.24957005740880836,0.1313011154999122,0.12285033011777169,0.24957005740880836,0.280402513611162,0.2741139767249762,0.3160680182987951,0.11473429348755113,0.10951166729719854,0.21578868448571448,0.280402513611162,0.2741139767249762,0.3160680182987951,0.11473429348755113,0.10951166729719854,0.21578868448571448,2.1104250566196243,3.2222894967036932,0.5478936275111929,0.8365480099388362,0.5478936275111929,814160,203540,81416,122124,0.75,,,,,,,,,0.007607697976660849,12
bayesfl_observability_v1,vi_sparse_bayesian_keep010_seed42,69,vi,95,7,18,,5,256,562.8023149490357,0.5494771533542209,70.67588746797217,70.67588746797217,,,3.8577146219356244,0.02509365975856781,0.9961624423823607,3.8577146219356244,,-0.0,2.28098669344155,562.8023149490357,1272.1659744234992,70.67588746797217,0.012500402617898193,0.5494771533542209,70.67588746797217,0.005,44.0759707069244,0.07860230186713829,0.07876883447170258,0.08822481781244278,0.12307301163673401,1.4160095467651659,1.1863720765782415,2.9429286794258687,,,,,,,,,,,,,,,,,,1,update_snr,bayesian,0.1,20,101770,10177,0.1,0.25044285260251736,0.131311114972219,0.12229293829412476,0.25043991858069814,0.131311114972219,0.12229293829412476,0.25043991858069814,0.28180629374182004,0.2756682652174648,0.31760976000403174,0.11458942844226334,0.10886326486885757,0.21705278753799562,0.28180629374182004,0.2756682652174648,0.31760976000403174,0.11458942844226334,0.10886326486885757,0.21705278753799562,2.1170622165561577,3.2249045994457357,0.5487866325098752,0.8359624584743457,0.5487866325098752,814160,203540,81416,122124,0.75,,,,,,,,,0.007604813235784057,18
bayesfl_observability_v1,vi_sparse_bayesian_keep010_seed42,69,vi,255,20,1,,5,256,505.8013080120087,0.003337054280564189,1262.1060458917188,1262.1060458917188,,,3.841997601112512,0.025078874081373215,0.9961943552867707,3.841997601112512,,-0.0,2.28098669344155,505.8013080120087,1262.1060458917188,1262.1060458917188,0.01240155297132474,0.003337054280564189,1262.1060458917188,0.005,44.07988702042799,0.07859979513478037,0.07876180484890938,0.08820382878184319,0.12126624584197998,1.4157935793407637,1.1850856956893692,2.9413851578408092,,,,,,,,,,,,,,,,,,1,update_snr,bayesian,0.1,20,101770,10177,0.1,0.24953300865663608,0.13087625100436687,0.1221970523991241,0.24952698019770528,0.13087625100436687,0.1221970523991241,0.24952698019770528,0.2811623452667647,0.2750576394515801,0.31707724442617835,0.11417779608632268,0.10893659658059433,0.21530626772092884,0.2811623452667647,0.2750576394515801,0.31707724442617835,0.11417779608632268,0.10893659658059433,0.21530626772092884,2.112930400765959,3.2088114136660186,0.5499561999086429,0.8351934974495705,0.5499561999086429,814160,203540,81416,122124,0.75,,,,,,,,,0.0075951972623795145,1
bayesfl_observability_v1,vi_sparse_bayesian_keep010_seed42,69,vi,85,6,1,,5,256,486.72796055078504,0.07532049715518951,1264.4593152851014,1264.4593152851014,,,3.844046168593453,0.025077253580093384,0.9961931990590313,3.844046168593453,,-0.0,2.3277319754160017,486.72796055078504,1264.4593152851014,1264.4593152851014,0.012424676380908927,0.07532049715518951,1264.4593152851014,0.005,44.09671668151593,0.07859607324204769,0.07874531671404839,0.08824143335223199,0.12111599743366241,1.4166017320205204,1.1864550964286391,2.943148564945701,,,,,,,,,,,,,,,,,,1,update_snr,bayesian,0.1,20,101770,10177,0.1,0.24958240432383952,0.13094897719284995,0.12192924835506078,0.24958198617730878,0.13094897719284995,0.12192924835506078,0.24958198617730878,0.28136405389563285,0.27517938957338306,0.31709076483159276,0.11423619089254074,0.10877308050059978,0.2157922386033315,0.28136405389563285,0.27517938957338306,0.31709076483159276,0.11423619089254074,0.10877308050059978,0.2157922386033315,2.1110955587032536,3.2124704649695093,0.5491857969738457,0.8357002814419788,0.5491857969738457,814160,203540,81416,122124,0.75,,,,,,,,,0.007602002387599331,1
bayesfl_observability_v1,vi_sparse_bayesian_keep010_seed42,69,vi,58,4,1,,5,256,516.2649751663208,0.015204952098429203,1262.8660084301675,1262.8660084301675,,,3.8424713439126585,0.025050088763237,0.9961951497522493,3.8424713439126585,,-0.0,2.3292713582565514,516.2649751663208,1262.8660084301675,1262.8660084301675,0.0124090204228178,0.015204952098429203,1262.8660084301675,0.005,44.0900224535347,0.07860043125593692,0.0787486732006073,0.08820265755057335,0.12200935930013657,1.4160049189238828,1.1849659498746812,2.9468587073670087,,,,,,,,,,,,,,,,,,1,update_snr,bayesian,0.1,20,101770,10177,0.1,0.24937162783733058,0.13083837672161372,0.12251110838570278,0.24936615502229262,0.13083837672161372,0.12251110838570278,0.24936615502229262,0.2814136323498248,0.2748449773902555,0.3176811712578514,0.11410779276292361,0.10925717919904183,0.21538950773391013,0.2814136323498248,0.2748449773902555,0.3176811712578514,0.11410779276292361,0.10925717919904183,0.21538950773391013,2.1129772955541264,3.2093477495065463,0.5499005994934898,0.8352301064237935,0.5499005994934898,814160,203540,81416,122124,0.75,,,,,,,,,0.00760271263909609,1
bayesfl_observability_v1,vi_sparse_bayesian_keep010_seed42,69,vi,59,4,1,,5,256,517.916407775879,0.00017987063620239496,1260.017322389442,1260.017322389442,,,3.8388390017441623,0.025080606341362,0.9962020101681212,3.8388390017441623,,-0.0,2.3155014849272724,517.916407775879,1260.017322389442,1260.017322389442,0.012381029010410159,0.00017987063620239496,1260.017322389442,0.005,44.08803624852466,0.07859593224857679,0.07875598967075348,0.08820035308599472,0.12019016593694687,1.4162725288617737,1.1871894624354824,2.943236649251189,,,,,,,,,,,,,,,,,,1,update_snr,bayesian,0.1,20,101770,10177,0.1,0.2495033664696316,0.13073053093868953,0.12207597694112692,0.24949787717891653,0.13073053093868953,0.12207597694112692,0.24949787717891653,0.28084367195958276,0.2744383291580417,0.3162797083478457,0.11405129304747917,0.10887660320248739,0.21515833219158226,0.28084367195958276,0.2744383291580417,0.3162797083478457,0.11405129304747917,0.10887660320248739,0.21515833219158226,2.111834855523668,3.2057508362796163,0.5501233197235319,0.8350834288239479,0.5501233197235319,814160,203540,81416,122124,0.75,,,,,,,,,0.007602174291930638,1
bayesfl_observability_v1,vi_sparse_bayesian_keep010_seed42,69,vi,18,1,9,,5,256,527.6490695953369,0.9202544954087999,141.03426840072834,141.03426840072834,,,3.8521279375153528,0.02505585551261902,0.9961755932042494,3.8521279375153528,,-0.0,2.3096097079310103,527.6490695953369,1269.308415606555,141.03426840072834,0.012472324020895695,0.9202544954087999,141.03426840072834,0.005,44.087884543101865,0.07859742557231864,0.07874845713376999,0.08822347000241279,0.120309978723526,1.4165384302008095,1.1859396097450476,2.9447966042158815,,,,,,,,,,,,,,,,,,1,update_snr,bayesian,0.1,20,101770,10177,0.1,0.25014437743602536,0.1312700245581667,0.12274894105943542,0.25014246005576124,0.1312700245581667,0.12274894105943542,0.25014246005576124,0.2817324771695352,0.2755341459371244,0.3175464015167127,0.11455197426801465,0.10950177198661865,0.216331924908906,0.2817324771695352,0.2755341459371244,0.3175464015167127,0.11455197426801465,0.10950177198661865,0.216331924908906,2.1151296303398213,3.2194900673623508,0.5490808365269647,0.8357692474354688,0.5490808365269647,814160,203540,81416,122124,0.75,,,,,,,,,0.007604759160463808,9
bayesfl_observability_v1,vi_sparse_bayesian_keep010_seed42,69,vi,19,1,279,,5,256,1184.869362938404,0.15936555165971053,7.430373647440924,7.430373647440924,,,4.918919287780801,0.047735545784235,0.9937896444696462,4.918919287780801,,0.3705115655529096,1.9463369459516098,1184.869362938404,2073.074247636018,7.430373647440924,0.0203701901113886,0.15936555165971053,7.430373647440924,0.005,44.20495485783215,0.07885958652859547,0.07899558171629906,0.08862540498375893,0.12146970629692078,1.41588508349783,1.1870746380171517,2.939485655488196,,,,,,,,,,,,,,,,,,1,update_snr,bayesian,0.1,20,101770,10177,0.1,0.3255667537609775,0.16150406095899525,0.14187724343661523,0.3255656075247111,0.16150406095899525,0.14187724343661523,0.3255656075247111,0.39055066175996095,0.37656570948812346,0.4681947502866125,0.1360544386477769,0.12634931627286702,0.2657381360339659,0.39055066175996095,0.37656570948812346,0.4681947502866125,0.1360544386477769,0.12634931627286702,0.2657381360339659,3.0277439940411117,3.876665224938843,0.6155303262573142,0.788113200915688,0.6155303262573142,814160,203540,81416,122124,0.75,,,,,,,,,0.007711948554998086,279
bayesfl_observability_v1,vi_sparse_bayesian_keep010_seed42,69,vi,22,1,18,,5,256,517.2765303611756,0.13454453150431314,70.53849656459568,70.53849656459568,,,3.8532730231318175,0.0250864177942276,0.9961741542147252,3.8532730231318175,,-0.0,2.3277319754160017,517.2765303611756,1269.6929381627222,70.53849656459568,0.012476102369683818,0.13454453150431314,70.53849656459568,0.005,44.092698616805784,0.07859867684641234,0.07873941212892532,0.08822119906544686,0.12288074940443039,1.4159542354847006,1.1832389388330107,2.948703857452511,,,,,,,,,,,,,,,,,,1,update_snr,bayesian,0.1,20,101770,10177,0.1,0.2500348201466557,0.13131432164134524,0.1229269168666851,0.2500313324587241,0.13131432164134524,0.1229269168666851,0.2500313324587241,0.28132335344707854,0.2750017835625924,0.3168977759693752,0.11464665144070824,0.10935186949517559,0.2165034422524673,0.28132335344707854,0.2750017835625924,0.3168977759693752,0.11464665144070824,0.10935186949517559,0.2165034422524673,2.1153690767092264,3.220702820829296,0.5489798060013723,0.8358356133850103,0.5489798060013723,814160,203540,81416,122124,0.75,,,,,,,,,0.007597786391121339,18
bayesfl_observability_v1,vi_sparse_bayesian_keep010_seed42,69,vi,23,1,73,,5,256,518.0768949508667,0.015928839984005443,17.37434280352197,17.37434280352197,,,3.850989662063117,0.025070101022720337,0.9961760658910156,3.850989662063117,,-0.0,2.185987945410232,518.0768949508667,1268.3270246571037,17.37434280352197,0.012462680796473457,0.015928839984005443,17.37434280352197,0.005,44.07736831387668,0.07859757995673847,0.0787515677511692,0.08823230862617493,0.12087557464838028,1.4154216711895344,1.1869137952158346,2.9414011121307246,,,,,,,,,,,,,,,,,,1,update_snr,bayesian,0.1,20,101770,10177,0.1,0.2495677089450935,0.13129148055150056,0.12282983413453206,0.24956009831232762,0.13129148055150056,0.12282983413453206,0.24956009831232762,0.28127558899727473,0.2752042542591517,0.3171249089580267,0.1146265796130812,0.10955236019894728,0.2160694509206756,0.28127558899727473,0.2752042542591517,0.3171249089580267,0.1146265796130812,0.10955236019894728,0.2160694509206756,2.110188159571389,3.221370408463102,0.547959964774583,0.8365045588663811,0.547959964774583,814160,203540,81416,122124,0.75,,,,,,,,,0.0075984638784461584,73
bayesfl_observability_v1,vi_sparse_bayesian_keep010_seed42,69,vi,213,17,204,,5,256,496.2087062835693,0.005550098185445748,6.24275416981203,6.24275416981203,,,3.8576415533732287,0.025051623582839966,0.9961661043827851,3.8576415533732287,,-0.0,2.3163460082440825,496.2087062835693,1273.521850641654,6.24275416981203,0.012513725563934893,0.005550098185445748,6.24275416981203,0.005,44.09636175009337,0.0785939142220707,0.07875127717852592,0.08823074400424957,0.11893849819898605,1.4162740823298496,1.1859243292380763,2.9489655579891534,,,,,,,,,,,,,,,,,,1,update_snr,bayesian,0.1,20,101770,10177,0.1,0.2506775379477683,0.13143822894315385,0.12287179821398503,0.25067278906471907,0.13143822894315385,0.12287179821398503,0.25067278906471907,0.2823281995790679,0.276163061120471,0.3178686874609433,0.11467267665027453,0.10957331184213592,0.216608256368359,0.2823281995790679,0.276163061120471,0.3178686874609433,0.11467267665027453,0.10957331184213592,0.216608256368359,2.1189259442241872,3.2235929019039395,0.5492801534065133,0.8356382668797054,0.5492801534065133,814160,203540,81416,122124,0.75,,,,,,,,,0.007603405273051703,204
bayesfl_observability_v1,vi_sparse_bayesian_keep010_seed42,69,vi,220,17,1,,5,256,514.3994964241981,0.11266770958900452,1270.915325389699,1270.915325389699,,,3.8558022155769125,0.025033961981534958,0.9961684403194271,3.8558022155769125,,-0.0,2.3096097079310103,514.3994964241981,1270.915325389699,1270.915325389699,0.01248811364242605,0.11266770958900452,1270.915325389699,0.005,44.08880709846718,0.0785980649072473,0.07876469194889069,0.08820944055914878,0.12066586315631866,1.416147261976844,1.1857402023855732,2.94765931795795,,,,,,,,,,,,,,,,,,1,update_snr,bayesian,0.1,20,101770,10177,0.1,0.25014399924962283,0.13142759982299884,0.1229139540384925,0.25014336527207265,0.13142759982299884,0.1229139540384925,0.25014336527207265,0.2813715625161605,0.2748024419611653,0.3177741913840639,0.11476715952375872,0.10957813889821019,0.21658191364564658,0.2813715625161605,0.2748024419611653,0.3177741913840639,0.11476715952375872,0.10957813889821019,0.21658191364564658,2.1134663898838997,3.224976053318683,0.5481262449992339,0.8363956118626162,0.5481262449992339,814160,203540,81416,122124,0.75,,,,,,,,,0.00760437289368176,1
bayesfl_observability_v1,vi_sparse_bayesian_keep010_seed42,69,vi,174,13,3,,5,256,530.7941556930542,1.2447784741719563,421.63999506956634,421.63999506956634,,,3.8457811009880842,0.02508603036403656,0.9961867534300561,3.8457811009880842,,-0.0,2.28098669344155,530.7941556930542,1264.919985208699,421.63999506956634,0.012429202959700295,1.2447784741719563,421.63999506956634,0.005,44.079353916082354,0.07859936488300512,0.07875464856624603,0.08821236118674278,0.12025395780801773,1.415986157582024,1.1855337068429188,2.943502128966909,,,,,,,,,,,,,,,,,,1,update_snr,bayesian,0.1,20,101770,10177,0.1,0.24987683807427002,0.1309619948940493,0.12244278374463133,0.24987521125500772,0.1309619948940493,0.12244278374463133,0.24987521125500772,0.2810690297811101,0.27494729368923476,0.3162232984209688,0.1142834354621537,0.10897073084543703,0.21593453861933282,0.2810690297811101,0.27494729368923476,0.3162232984209688,0.1142834354621537,0.10897073084543703,0.21593453861933282,2.109394283269211,3.2156629230111022,0.5484956704184882,0.8361533947381748,0.5484956704184882,814160,203540,81416,122124,0.75,,,,,,,,,0.007599930973303823,3
bayesfl_observability_v1,vi_sparse_bayesian_keep010_seed42,69,vi,234,18,560,,5,256,1615.6636008342107,0.0012760364868362169,4.356797554460215,4.356797554460215,,,5.33443212816116,0.06264133751392365,0.9927003819658411,5.33443212816116,,-0.0,2.28098669344155,1615.6636008342107,2439.80663049772,4.356797554460215,0.023973731261646064,0.0012760364868362169,4.356797554460215,0.005,44.22987275196437,0.079017248524173,0.07912737876176834,0.08894928395748139,0.12253466993570328,1.4139722699414363,1.1817316634034238,2.945457933153183,,,,,,,,,,,,,,,,,,1,update_snr,bayesian,0.1,20,101770,10177,0.1,0.34991309346145555,0.17299397594155091,0.15007648541615926,0.349906974798981,0.17299397594155091,0.15007648541615926,0.349906974798981,0.4285567985342875,0.41063721387491053,0.5218747251260825,0.14459810676458018,0.13340715965821245,0.28393534298694634,0.4285567985342875,0.41063721387491053,0.5218747251260825,0.14459810676458018,0.13340715965821245,0.28393534298694634,3.3622654165581705,4.141417317606996,0.6302949097071334,0.7763557991006983,0.6302949097071334,814160,203540,81416,122124,0.75,,,,,,,,,0.007800593598684947,560
bayesfl_observability_v1,vi_sparse_bayesian_keep010_seed42,69,vi,287,23,1,,5,256,506.39138679504396,0.00011503035057103261,1266.9533037835788,1266.9533037835788,,,3.845823704097974,0.02504054270684719,0.9961889245233568,3.845823704097974,,-0.0,2.259365973874069,506.39138679504396,1266.9533037835788,1266.9533037835788,0.012449182507453855,0.00011503035057103261,1266.9533037835788,0.005,44.092484660101825,0.07860153528742826,0.07874065265059471,0.08824623823165893,0.12331384420394897,1.4161750984328574,1.1851498501949027,2.943907955178924,,,,,,,,,,,,,,,,,,1,update_snr,bayesian,0.1,20,101770,10177,0.1,0.2495911886017956,0.13109403936302705,0.12244619593660588,0.24959102621745663,0.13109403936302705,0.12244619593660588,0.24959102621745663,0.2816204397876153,0.2753962505705538,0.3168964000004409,0.11436888376029501,0.10905621727494447,0.21624084430731114,0.2816204397876153,0.2753962505705538,0.3168964000004409,0.11436888376029501,0.10905621727494447,0.21624084430731114,2.110973622234595,3.214677328944792,0.5489002576964763,0.8358878555767768,0.5489002576964763,814160,203540,81416,122124,0.75,,,,,,,,,0.007600758592954542,1
bayesfl_observability_v1,vi_sparse_bayesian_keep010_seed42,70,vi,80,6,1188,,5,256,1784.3463388818502,0.008495744957466318,1.870727401723903,1.870727401723903,,,5.074992363631603,0.06967628002166748,0.9935230657109514,5.074992363631603,,-0.0,2.28098669344155,1784.3463388818502,2222.424153247997,1.870727401723903,0.021837713994772495,0.008495744957466318,1.870727401723903,0.005,44.66218851822608,0.07951636538777046,0.07964660599827766,0.08959633558988572,0.1216316968202591,1.4188896841803407,1.1882509177483567,2.944410273056283,,,,,,,,,,,,,,,,,,1,update_snr,bayesian,0.1,20,101770,10177,0.1,0.3302106510386421,0.16051383517732118,0.13611104313420985,0.33021020174664695,0.16051383517732118,0.13611104313420985,0.33021020174664695,0.41419510089852474,0.39297519417399196,0.5182569968216555,0.1323270278749653,0.12052219757214297,0.26319425554667975,0.41419510089852474,0.39297519417399196,0.5182569968216555,0.1323270278749653,0.12052219757214297,0.26319425554667975,3.3258857482476176,3.8332794680955202,0.6553479315715963,0.7553271401087335,0.6553479315715963,814160,203540,81416,122124,0.75,,,,,,,,,0.007937845493015641,1188
bayesfl_observability_v1,vi_sparse_bayesian_keep010_seed42,70,vi,52,4,14,,5,256,537.9594954490661,0.09856213842119489,89.79448799724288,89.79448799724288,,,3.8490659223417594,0.025056183338165283,0.9962599409996207,3.8490659223417594,,-0.0,2.4040642619438994,537.9594954490661,1257.1228319614004,89.79448799724288,0.012352587520501133,0.09856213842119489,89.79448799724288,0.005,44.54579658906468,0.0788930464266905,0.07906278595328331,0.08853504285216332,0.1212383434176445,1.4256119923534845,1.1955733091207286,2.9634618213382327,,,,,,,,,,,,,,,,,,1,update_snr,bayesian,0.1,20,101770,10177,0.1,0.24827459688095677,0.13057174213837963,0.12230383289401708,0.24826924091786925,0.13057174213837963,0.12230383289401708,0.24826924091786925,0.2798439193117386,0.27377285896231096,0.3159535496240377,0.11398594467467307,0.1089823567516422,0.21536067892317765,0.2798439193117386,0.27377285896231096,0.3159535496240377,0.11398594467467307,0.1089823567516422,0.21536067892317765,2.1089849468462902,3.219858842947681,0.5479212332022597,0.8365299290558081,0.5479212332022597,814160,203540,81416,122124,0.75,,,,,,,,,0.007610633356124916,14
bayesfl_observability_v1,vi_sparse_bayesian_keep010_seed42,70,vi,53,4,1,,5,256,499.19268612861634,0.0008823553798720241,1259.5454197985598,1259.5454197985598,,,3.849010111372892,0.025068610906600952,0.9962582666711206,3.849010111372892,,-0.0,2.3155014849272724,499.19268612861634,1259.5454197985598,1259.5454197985598,0.012376392058549276,0.0008823553798720241,1259.5454197985598,0.005,44.53527558860042,0.07889426858323144,0.07903764769434929,0.08854764699935913,0.12006214261054993,1.4249973029236445,1.193350030346413,2.959670022904016,,,,,,,,,,,,,,,,,,1,update_snr,bayesian,0.1,20,101770,10177,0.1,0.2489250475793711,0.13072821912188487,0.12216181415593264,0.2489244437006097,0.13072821912188487,0.12216181415593264,0.2489244437006097,0.28073204938549856,0.27447758759369933,0.31663930795651357,0.11406112687037225,0.10868312712696467,0.21529812968576326,0.28073204938549856,0.27447758759369933,0.31663930795651357,0.11406112687037225,0.10868312712696467,0.21529812968576326,2.112287863066524,3.2176262711807646,0.5487872990578084,0.8359620209033639,0.5487872990578084,814160,203540,81416,122124,0.75,,,,,,,,,0.007609549391578026,1
bayesfl_observability_v1,vi_sparse_bayesian_keep010_seed42,70,vi,148,11,2,,5,256,490.2297555923462,1.2639672756195068,631.4193488470116,631.4193488470116,,,3.856498692421852,0.02502550184726715,0.9962463916110322,3.856498692421852,,-0.0,2.3277319754160017,490.2297555923462,1262.8386976940233,631.4193488470116,0.012408752065382955,1.2639672756195068,631.4193488470116,0.005,44.551199124538364,0.07889032578660425,0.07905074581503868,0.08852489143610001,0.11859603226184845,1.4257922256117728,1.1933545175042801,2.9670483991387577,,,,,,,,,,,,,,,,,,1,update_snr,bayesian,0.1,20,101770,10177,0.1,0.24892784325887224,0.13102916607487516,0.12267971090030183,0.24892422173547776,0.13102916607487516,0.12267971090030183,0.24892422173547776,0.2808681041053307,0.2748351683922974,0.3163592951533222,0.11438039518260229,0.10948373958232921,0.21559384467778575,0.2808681041053307,0.2748351683922974,0.3163592951533222,0.11438039518260229,0.10948373958232921,0.21559384467778575,2.115444346592928,3.2245119601452084,0.5485401436152036,0.8361242197440599,0.5485401436152036,814160,203540,81416,122124,0.75,,,,,,,,,0.0076084583968418,2
bayesfl_observability_v1,vi_sparse_bayesian_keep010_seed42,70,vi,208,16,1492,,5,256,1977.9915905634562,0.03879356160560178,1.3960086331178991,1.3960086331178991,,,4.887096381966613,0.07005389779806137,0.9939912487661132,4.887096381966613,,0.2345060748432112,2.0889349747065498,1977.9915905634562,2082.8448806119054,1.3960086331178991,0.020466197117145576,0.03879356160560178,1.3960086331178991,0.005,44.64744852553225,0.07956386448285974,0.07963002473115921,0.08971054032444954,0.12171486020088196,1.4184040745402373,1.185894702775279,2.9486574155739027,,,,,,,,,,,,,,,,,,1,update_snr,bayesian,0.1,20,101770,10177,0.1,0.31791071001952687,0.15431624063633637,0.1303926718325106,0.3179013060022443,0.15431624063633637,0.1303926718325106,0.3179013060022443,0.399143575378716,0.37932877189601927,0.49919189864707264,0.1271132034427386,0.11572486175429052,0.2536084786273332,0.399143575378716,0.37932877189601927,0.49919189864707264,0.1271132034427386,0.11572486175429052,0.2536084786273332,3.2089297451845966,3.68598439186886,0.6566127398316818,0.7542278898918678,0.6566127398316818,814160,203540,81416,122124,0.75,,,,,,,,,0.008003898787075846,1492
bayesfl_observability_v1,vi_sparse_bayesian_keep010_seed42,70,vi,277,22,783,,5,256,1795.2269161581994,0.2181348181014469,2.9799798606629255,2.9799798606629255,,,5.215733496459309,0.06901468336582184,0.9931604437039291,5.215733496459309,,1.0837153259927952,1.2034482275163363,1795.2269161581994,2333.3242308990707,2.9799798606629255,0.02292742685368056,0.2181348181014469,2.9799798606629255,0.005,44.6714491693896,0.0794429584810893,0.07953864336013794,0.08947588503360748,0.11711064726114273,1.41993897144907,1.1872693442201752,2.9521670442324894,,,,,,,,,,,,,,,,,,1,update_snr,bayesian,0.1,20,101770,10177,0.1,0.3405470952691649,0.16593958720769714,0.14095437360208501,0.3405279186331872,0.16593958720769714,0.14095437360208501,0.3405279186331872,0.42511286093083306,0.40434855749552545,0.5280606759517982,0.13714255679401532,0.12515290392191136,0.27315204789051734,0.42511286093083306,0.40434855749552545,0.5280606759517982,0.13714255679401532,0.12515290392191136,0.27315204789051734,3.3870504582272716,3.966328919732994,0.6493910128894745,0.7604546747692398,0.6493910128894745,814160,203540,81416,122124,0.75,,,,,,,,,0.007891682118611146,783
bayesfl_observability_v1,vi_sparse_bayesian_keep010_seed42,70,vi,28,2,568,,5,256,1563.9353839874268,0.001657171849088422,4.262497004524073,4.262497004524073,,,5.3296364795182125,0.06025039032101631,0.9928722090428628,5.3296364795182125,,0.08787175099597194,2.241159561925204,1563.9353839874268,2421.0982985696737,4.262497004524073,0.02378990172516138,0.001657171849088422,4.262497004524073,0.005,44.7172258860848,0.07930950859287574,0.07941488176584244,0.08926504403352738,0.12124119699001312,1.424297378553766,1.1940007397009842,2.958579642245556,,,,,,,,,,,,,,,,,,1,update_snr,bayesian,0.1,20,101770,10177,0.1,0.34928267388145035,0.17183460153223684,0.1483622259129298,0.3492687992651296,0.17183460153223684,0.1483622259129298,0.3492687992651296,0.42901256829177464,0.41045691041110755,0.5237737308279478,0.14325927189228818,0.1314836210668025,0.2827519626949246,0.42901256829177464,0.41045691041110755,0.5237737308279478,0.14325927189228818,0.1314836210668025,0.2827519626949246,3.378003213235312,4.122392423724773,0.6338149377010937,0.7734847281924617,0.6338149377010937,814160,203540,81416,122124,0.75,,,,,,,,,0.0078082552703658825,568
bayesfl_observability_v1,vi_sparse_bayesian_keep010_seed42,70,vi,31,2,1,,5,256,475.2488193511963,9.298280929215252e-06,1260.4545036890222,1260.4545036890222,,,3.8545721273744475,0.025070279836654663,0.9962465128257822,3.8545721273744475,,-0.0,2.3163460082440825,475.2488193511963,1260.4545036890222,1260.4545036890222,0.012385324788140141,9.298280929215252e-06,1260.4545036890222,0.005,44.529769721247796,0.07889541720981898,0.07904678210616112,0.08852160051465034,0.11928680539131165,1.4249500766021974,1.1948877824114423,2.9607046561941783,,,,,,,,,,,,,,,,,,1,update_snr,bayesian,0.1,20,101770,10177,0.1,0.24932192297254047,0.1306772057220605,0.12185028776648124,0.24931656509168593,0.1306772057220605,0.12185028776648124,0.24931656509168593,0.2806233521227892,0.274616248502595,0.3161048118407889,0.11401652278864624,0.10857565063904434,0.21602720769918068,0.2806233521227892,0.274616248502595,0.3161048118407889,0.11401652278864624,0.10857565063904434,0.21602720769918068,2.1149436802652954,3.2225361928825365,0.5486844221295958,0.8360295478703562,0.5486844221295958,814160,203540,81416,122124,0.75,,,,,,,,,0.007605998307741267,1
bayesfl_observability_v1,vi_sparse_bayesian_keep010_seed42,70,vi,253,20,1,,5,256,511.9937023639679,0.0011848341673612595,1251.7072893002264,1251.7072893002264,,,3.8402402748445796,0.02506941743195057,0.9962729333287875,3.8402402748445796,,-0.0,2.259365973874069,511.9937023639679,1251.7072893002264,1251.7072893002264,0.012299373973668334,0.0011848341673612595,1251.7072893002264,0.005,44.52056035545789,0.07890017597182122,0.07907313480973244,0.08854172080755233,0.12301021814346313,1.4244424771975004,1.1927908149721604,2.962096712013359,,,,,,,,,,,,,,,,,,1,update_snr,bayesian,0.1,20,101770,10177,0.1,0.24818863214778386,0.13024978913306082,0.12205138063389076,0.2481865349627673,0.13024978913306082,0.12205138063389076,0.2481865349627673,0.2800205151494991,0.27379651859075405,0.3165764244171262,0.11360859735345652,0.10857712675725198,0.21463462706969394,0.2800205151494991,0.27379651859075405,0.3165764244171262,0.11360859735345652,0.10857712675725198,0.21463462706969394,2.110709806719313,3.208169178886505,0.5496296209759263,0.835408450846567,0.5496296209759263,814160,203540,81416,122124,0.75,,,,,,,,,0.007615524302206725,1
bayesfl_observability_v1,vi_sparse_bayesian_keep010_seed42,70,vi,188,15,1,,5,256,501.7052872657776,0.31444844603538513,1259.6198297589988,1259.6198297589988,,,3.850724270351995,0.025099806487560272,0.9962535315836818,3.850724270351995,,-0.0,2.28098669344155,501.7052872657776,1259.6198297589988,1259.6198297589988,0.01237712321665519,0.31444844603538513,1259.6198297589988,0.005,44.52680819625971,0.07889524488745099,0.07905973121523857,0.08853275552392006,0.12024901807308197,1.4251049683324797,1.1943848534376658,2.964037138694669,,,,,,,,,,,,,,,,,,1,update_snr,bayesian,0.1,20,101770,10177,0.1,0.24876697866745912,0.13074417266928579,0.12205602684675647,0.24876426453669404,0.13074417266928579,0.12205602684675647,0.24876426453669404,0.280436872361365,0.27416796991108766,0.31683942342870486,0.11411165048127696,0.10875594519758525,0.2152860844478408,0.280436872361365,0.27416796991108766,0.31683942342870486,0.11411165048127696,0.10875594519758525,0.2152860844478408,2.1109750032522276,3.220537523756271,0.5482020666879022,0.8363459177153396,0.5482020666879022,814160,203540,81416,122124,0.75,,,,,,,,,0.007614696395347059,1
bayesfl_observability_v1,vi_sparse_bayesian_keep010_seed42,70,vi,196,15,1,,5,256,511.61641721725465,0.013581021688878536,1256.1841194823467,1256.1841194823467,,,3.8465060802376896,0.02506457269191742,0.9962688398458757,3.8465060802376896,,-0.0,2.185987945410232,511.61641721725465,1256.1841194823467,1256.1841194823467,0.01234336365807553,0.013581021688878536,1256.1841194823467,0.005,44.5678591990612,0.07890129878379787,0.07906297221779823,0.08852569833397865,0.12166484445333481,1.4260905861736506,1.1936804907661505,2.961684534646324,,,,,,,,,,,,,,,,,,1,update_snr,bayesian,0.1,20,101770,10177,0.1,0.24906285724187316,0.13044767097337837,0.12166859063494317,0.24906038214516615,0.13044767097337837,0.12166859063494317,0.24906038214516615,0.2801821361920508,0.2736906151654248,0.31560416604513336,0.11381050817130367,0.10817817616559655,0.21549453988738862,0.2801821361920508,0.2736906151654248,0.31560416604513336,0.11381050817130367,0.10817817616559655,0.21549453988738862,2.1135872306701815,3.213776290231397,0.5494823579063666,0.8355053191629963,0.5494823579063666,814160,203540,81416,122124,0.75,,,,,,,,,0.007609462799751372,1
bayesfl_observability_v1,vi_sparse_bayesian_keep010_seed42,70,vi,274,21,69,,5,256,575.7626997947693,0.008138145225635473,18.365516912066393,18.365516912066393,,,3.863986666590995,0.0250760018825531,0.9962307857990865,3.863986666590995,,-0.0,2.259365973874069,575.7626997947693,1267.2206669325813,18.365516912066393,0.01245180963872046,0.008138145225635473,18.365516912066393,0.005,44.54554758701278,0.07889557047489468,0.07905590161681175,0.0885269545018673,0.12231031805276871,1.4252799207606237,1.193139244479829,2.9657533900434623,,,,,,,,,,,,,,,,,,1,update_snr,bayesian,0.1,20,101770,10177,0.1,0.24979600318212394,0.1312059019649075,0.12232279020717679,0.2497956356069587,0.1312059019649075,0.12232279020717679,0.2497956356069587,0.2809003028242664,0.2749498148381286,0.31599693328617673,0.11457319075831203,0.10915056504081218,0.21625253811497192,0.2809003028242664,0.2749498148381286,0.31599693328617673,0.11457319075831203,0.10915056504081218,0.21625253811497192,2.1176454249442362,3.2320227124520255,0.548046773363359,0.8364476876685187,0.548046773363359,814160,203540,81416,122124,0.75,,,,,,,,,0.0076140463633955005,69
bayesfl_observability_v1,vi_sparse_bayesian_keep010_seed42,70,vi,214,17,232,,5,256,730.6621801376343,0.24827056095517916,5.4486934803295215,5.4486934803295215,,,3.8610374466797883,0.025004234164953232,0.9962350503345638,3.8610374466797883,,1.7889541012136536,0.48857548101791376,730.6621801376343,1264.096887436449,5.4486934803295215,0.012421115136449336,0.24827056095517916,5.4486934803295215,0.005,44.53674729042165,0.07888938171626707,0.07905460894107819,0.08850385770201684,0.12067057937383652,1.4253458416023939,1.1947269065800308,2.957789917715632,,,,,,,,,,,,,,,,,,1,update_snr,bayesian,0.1,20,101770,10177,0.1,0.24924731877847126,0.13107484037489806,0.12281083120404317,0.24924713129094636,0.13107484037489806,0.12281083120404317,0.24924713129094636,0.28045478095388526,0.2745155779528956,0.3157154520040436,0.11447706919945505,0.10970122170668857,0.2155926979769089,0.28045478095388526,0.2745155779528956,0.3157154520040436,0.11447706919945505,0.10970122170668857,0.2155926979769089,2.115419916704257,3.229954913102433,0.5478889925098667,0.8365510455952608,0.5478889925098667,814160,203540,81416,122124,0.75,,,,,,,,,0.007608512759691664,232
bayesfl_observability_v1,vi_sparse_bayesian_keep010_seed42,70,vi,293,23,2,,5,256,529.1266697883606,3.169846773147583,628.705887209099,628.705887209099,,,3.848302076957573,0.02507951110601425,0.9962603077295923,3.848302076957573,,-0.0,2.3096097079310103,529.1266697883606,1257.411774418198,628.705887209099,0.012355426691738215,3.169846773147583,628.705887209099,0.005,44.53922124285097,0.07889403299451127,0.07906115800142288,0.08853052332997322,0.12268950045108795,1.4255999571307176,1.193334456244781,2.9635975445521607,,,,,,,,,,,,,,,,,,1,update_snr,bayesian,0.1,20,101770,10177,0.1,0.2486484482611985,0.13060183176397405,0.12215946231442747,0.24863570950486513,0.13060183176397405,0.12215946231442747,0.24863570950486513,0.2803693217830536,0.27435987978593607,0.3156660700768155,0.11396099953963186,0.10902552070739017,0.2151265886877069,0.2803693217830536,0.27435987978593607,0.3156660700768155,0.11396099953963186,0.10902552070739017,0.2151265886877069,2.111714981810025,3.21715537565643,0.5487394023598907,0.8359934618749781,0.5487394023598907,814160,203540,81416,122124,0.75,,,,,,,,,0.007610095039300281,2
bayesfl_observability_v1,vi_sparse_bayesian_keep010_seed42,70,vi,184,14,1,,5,256,507.8620299339294,0.00018142008048016578,1253.770805510141,1253.770805510141,,,3.842470445542201,0.02505245804786682,0.9962735432554004,3.842470445542201,,-0.0,2.3163460082440825,507.8620299339294,1253.770805510141,1253.770805510141,0.012319650245751606,0.00018142008048016578,1253.770805510141,0.005,44.55024713176004,0.0788968342720695,0.0790681354701519,0.08853726983070374,0.122719407081604,1.4253528108189724,1.1926481942727207,2.966706778754236,,,,,,,,,,,,,,,,,,1,update_snr,bayesian,0.1,20,101770,10177,0.1,0.2487165871805178,0.13035305834087682,0.12149636718053325,0.24870647302094154,0.13035305834087682,0.12149636718053325,0.24870647302094154,0.2797377649859798,0.2738038475743095,0.3149764986468913,0.11375475760253202,0.10836858596831671,0.21549432088211373,0.2797377649859798,0.2738038475743095,0.3149764986468913,0.11375475760253202,0.10836858596831671,0.21549432088211373,2.110580590975913,3.2109233397670924,0.5492769875236073,0.835640347863237,0.5492769875236073,814160,203540,81416,122124,0.75,,,,,,,,,0.007609133779220992,1
bayesfl_observability_v1,vi_sparse_bayesian_keep010_seed42,71,vi,138,11,1,,5,256,483.7874026298523,0.0006356602534651756,1250.7153299244799,1250.7153299244799,,,3.858769386890266,0.0249777939170599,0.9963319266034587,3.858769386890266,,-0.0,2.3277319754160017,483.7874026298523,1250.7153299244799,1250.7153299244799,0.012289626903060626,0.0006356602534651756,1250.7153299244799,0.005,45.09344173739168,0.07932387170790631,0.07949791848659515,0.08902518674731255,0.12161055952310562,1.434705420592382,1.202448439109612,2.9816910234598355,,,,,,,,,,,,,,,,,,1,update_snr,bayesian,0.1,20,101770,10177,0.1,0.24776459839427203,0.13034033861734765,0.12179827963334947,0.247748722564051,0.13034033861734765,0.12179827963334947,0.247748722564051,0.2791751843575465,0.27349461039362666,0.3139149232023028,0.11380313353510332,0.1087815945266542,0.2144496676354191,0.2791751843575465,0.27349461039362666,0.3139149232023028,0.11380313353510332,0.1087815945266542,0.2144496676354191,2.1145672840933214,3.2278020977506805,0.5479900642099331,0.8364848411819514,0.5479900642099331,814160,203540,81416,122124,0.75,,,,,,,,,0.007687255058864976,1
bayesfl_observability_v1,vi_sparse_bayesian_keep010_seed42,71,vi,164,13,1,,5,256,495.1856438994408,0.014168973080813885,1246.5905013648826,1246.5905013648826,,,3.852594818106511,0.025011979043483734,0.9963453947232648,3.852594818106511,,-0.0,2.185987945410232,495.1856438994408,1246.5905013648826,1246.5905013648826,0.01224909601419753,0.014168973080813885,1246.5905013648826,0.005,45.103769540404414,0.07932038361976637,0.07949118688702583,0.08900633677840233,0.1232399046421051,1.4347062942320508,1.2028546534643005,2.9834096273366266,,,,,,,,,,,,,,,,,,1,update_snr,bayesian,0.1,20,101770,10177,0.1,0.24796387767543687,0.13010228335582452,0.12136012739068615,0.24794706338212832,0.13010228335582452,0.12136012739068615,0.24794706338212832,0.27918427983951477,0.27322029767751055,0.3144575917814665,0.11353761707985892,0.10839371087539261,0.21385291320918504,0.27918427983951477,0.27322029767751055,0.3144575917814665,0.11353761707985892,0.10839371087539261,0.21385291320918504,2.1159384668347223,3.2195172366474876,0.5492242415138461,0.8356750160998838,0.5492242415138461,814160,203540,81416,122124,0.75,,,,,,,,,0.007681789887895492,1
bayesfl_observability_v1,vi_sparse_bayesian_keep010_seed42,71,vi,136,10,1,,5,256,493.3105797290802,0.000474936212413013,1245.3782015197937,1245.3782015197937,,,3.850672869114456,0.025050878524780273,0.9963480299441202,3.850672869114456,,-0.0,2.3155014849272724,493.3105797290802,1245.3782015197937,1245.3782015197937,0.012237183860860703,0.000474936212413013,1245.3782015197937,0.005,45.09767943147502,0.07931685350638389,0.0794823169708252,0.0889989271759987,0.12255372107028961,1.434453748841821,1.201323588232055,2.9778625196015285,,,,,,,,,,,,,,,,,,1,update_snr,bayesian,0.1,20,101770,10177,0.1,0.24723569908086487,0.13010905089992217,0.12185110507864613,0.24723488785558162,0.13010905089992217,0.12185110507864613,0.24723488785558162,0.27847687651869946,0.2725334987118262,0.3135404585975973,0.1136237369422802,0.10870565830681714,0.2140857847119247,0.27847687651869946,0.2725334987118262,0.3135404585975973,0.1136237369422802,0.10870565830681714,0.2140857847119247,2.1105465732175834,3.2207568531656787,0.5480981233555029,0.8364140405171214,0.5480981233555029,814160,203540,81416,122124,0.75,,,,,,,,,0.007685506248565132,1
bayesfl_observability_v1,vi_sparse_bayesian_keep010_seed42,71,vi,41,3,6,,5,256,519.6634365081787,1.4524110158284504,208.18280605741003,208.18280605741003,,,3.8565883018209215,0.025049284100532532,0.9963358524626781,3.8565883018209215,,-0.0,2.4040642619438994,519.6634365081787,1249.0968363444601,208.18280605741003,0.012273723458233863,1.4524110158284504,208.18280605741003,0.005,45.09205126740319,0.0793182636368564,0.07947161421179771,0.0890006497502327,0.1216418445110321,1.4351513203087758,1.202066392609252,2.9780242431368142,,,,,,,,,,,,,,,,,,1,update_snr,bayesian,0.1,20,101770,10177,0.1,0.24760657301327543,0.1302674012877441,0.12198866353375404,0.24759677211873948,0.1302674012877441,0.12198866353375404,0.24759677211873948,0.27864429802591945,0.2719172081186166,0.3143223968311753,0.11378107942794691,0.10878857116368824,0.2144585960287073,0.27864429802591945,0.2719172081186166,0.3143223968311753,0.11378107942794691,0.10878857116368824,0.2144585960287073,2.112014019998177,3.2268669184013663,0.547637926247137,0.8367154245833742,0.547637926247137,814160,203540,81416,122124,0.75,,,,,,,,,0.007677125605204959,6
bayesfl_observability_v1,vi_sparse_bayesian_keep010_seed42,71,vi,43,3,1,,5,256,500.9369389824569,0.1388622671365738,1241.5001827296453,1241.5001827296453,,,3.844462255217626,0.02502298168838024,0.9963549557545555,3.844462255217626,,-0.0,2.311121424016332,500.9369389824569,1241.5001827296453,1241.5001827296453,0.012199078144145085,0.1388622671365738,1241.5001827296453,0.005,45.066850036854895,0.07931459140648592,0.0794854611158371,0.08900995030999184,0.11961644887924194,1.4338597523237455,1.2021582386184946,2.9819087084396596,,,,,,,,,,,,,,,,,,1,update_snr,bayesian,0.1,20,101770,10177,0.1,0.24723353024748995,0.1297619749148687,0.12070078548416713,0.2472300028751929,0.1297619749148687,0.12070078548416713,0.2472300028751929,0.27855493450701885,0.27245165152197054,0.31386545466959903,0.11322942384907425,0.10772628862041947,0.21383350493863726,0.27855493450701885,0.27245165152197054,0.31386545466959903,0.11322942384907425,0.10772628862041947,0.21383350493863726,2.111920626129824,3.212426077082618,0.5493409704474451,0.8355982875687694,0.5493409704474451,814160,203540,81416,122124,0.75,,,,,,,,,0.007681529444168088,1
bayesfl_observability_v1,vi_sparse_bayesian_keep010_seed42,71,vi,48,3,1,,5,256,488.0839213728905,0.0010252702049911022,1239.938975554131,1239.938975554131,,,3.8426650967848452,0.025046290829777718,0.9963632947906351,3.8426650967848452,,-0.0,2.3292713582565514,488.0839213728905,1239.938975554131,1239.938975554131,0.01218373760002094,0.0010252702049911022,1239.938975554131,0.005,45.0980502152604,0.07932111120095442,0.07948236167430878,0.08899739459156991,0.1223817691206932,1.4342945243936935,1.2029467375814158,2.9813191877607985,,,,,,,,,,,,,,,,,,1,update_snr,bayesian,0.1,20,101770,10177,0.1,0.24711225240777848,0.12960453533046376,0.12113043935786125,0.247107196187522,0.12960453533046376,0.12113043935786125,0.247107196187522,0.2780698636580531,0.2717088101608016,0.31388911287108995,0.11310838773850942,0.1077712234357122,0.21360907236169327,0.2780698636580531,0.2717088101608016,0.31388911287108995,0.11310838773850942,0.1077712234357122,0.21360907236169327,2.107095056188981,3.2134444868757965,0.5483421019312835,0.8362541116488353,0.5483421019312835,814160,203540,81416,122124,0.75,,,,,,,,,0.007680945016962095,1
bayesfl_observability_v1,vi_sparse_bayesian_keep010_seed42,71,vi,255,20,1,,5,256,485.5551452636719,0.0,1249.2109797106361,1249.2109797106361,,,3.8571638302010403,0.025086432695388794,0.9963353572424939,3.8571638302010403,,-0.0,2.28098669344155,485.5551452636719,1249.2109797106361,1249.2109797106361,0.01227484503990013,0.0,1249.2109797106361,0.005,45.095710637656595,0.07931616472897922,0.07947516068816185,0.08902609869837762,0.12323243916034698,1.4346462721967115,1.203421035578018,2.9781232460559077,,,,,,,,,,,,,,,,,,1,update_snr,bayesian,0.1,20,101770,10177,0.1,0.24800362857342514,0.13023675208879756,0.12169384459219959,0.24800159742347722,0.13023675208879756,0.12169384459219959,0.24800159742347722,0.27912412752678073,0.27319020849212483,0.31376309138403946,0.1136937103734661,0.10855679174272254,0.2147438056980537,0.27912412752678073,0.27319020849212483,0.31376309138403946,0.1136937103734661,0.10855679174272254,0.2147438056980537,2.1149498805841924,3.225631692494988,0.5483173579572737,0.8362703360533338,0.5483173579572737,814160,203540,81416,122124,0.75,,,,,,,,,0.007683539644907931,1
bayesfl_observability_v1,vi_sparse_bayesian_keep010_seed42,71,vi,256,20,1979,,5,256,1967.2326975941658,0.07872225649131555,0.9604585616621537,0.9604585616621537,,,4.657503067776757,0.06956055760383606,0.9946646794392183,4.657503067776757,,1.070915936878561,1.1916887974754844,1967.2326975941658,1900.7474935294022,0.9604585616621537,0.018676893913033333,0.07872225649131555,0.9604585616621537,0.005,45.14754828886867,0.08004978602171717,0.08010023459792137,0.09042842164635659,0.12350258976221085,1.4244204531967368,1.1915411969670813,2.956187466179431,,,,,,,,,,,,,,,,,,1,update_snr,bayesian,0.1,20,101770,10177,0.1,0.3005749805363091,0.1459478729986543,0.12317991009131046,0.3005737348817452,0.1459478729986543,0.12317991009131046,0.3005737348817452,0.3774398031700886,0.3589965941870566,0.4713743035814325,0.1202265474240505,0.10921976741748597,0.24007822940417656,0.3774398031700886,0.3589965941870566,0.4713743035814325,0.1202265474240505,0.10921976741748597,0.24007822940417656,3.06192856415258,3.509548160999726,0.6574184750057892,0.7535256788730355,0.6574184750057892,814160,203540,81416,122124,0.75,,,,,,,,,0.00815088021505157,1979
bayesfl_observability_v1,vi_sparse_bayesian_keep010_seed42,71,vi,259,20,353,,5,256,1106.7697651326657,0.006032743836850688,5.806357186415762,5.806357186415762,,,4.9362231568610015,0.04683177173137665,0.994021469097491,4.9362231568610015,,-0.0,2.185987945410232,1106.7697651326657,2049.644086804764,5.806357186415762,0.02013996351385245,0.006032743836850688,5.806357186415762,0.005,45.20964122671633,0.07958506545388881,0.07972556352615356,0.08945595398545265,0.11974877119064331,1.433746765174255,1.2015078676426052,2.9729438988586927,,,,,,,,,,,,,,,,,,1,update_snr,bayesian,0.1,20,101770,10177,0.1,0.32263194323754824,0.16076003848672746,0.1414828501332399,0.3226283974010708,0.16076003848672746,0.1414828501332399,0.3226283974010708,0.38783905579312117,0.37363747879943576,0.4648521572749454,0.13552903656379484,0.12572835499194093,0.264638964176559,0.38783905579312117,0.37363747879943576,0.4648521572749454,0.13552903656379484,0.12572835499194093,0.264638964176559,3.0357759479866444,3.892346778995516,0.6149997379610219,0.7885273123411021,0.6149997379610219,814160,203540,81416,122124,0.75,,,,,,,,,0.007789398764053137,353
bayesfl_observability_v1,vi_sparse_bayesian_keep010_seed42,71,vi,14,1,7,,5,256,501.39654631614684,0.2674876110894339,177.95298693835733,177.95298693835733,,,3.8504177401064554,0.025080248713493347,0.9963489884422589,3.8504177401064554,,0.410116318288409,1.9178355689619568,501.39654631614684,1245.6709085685013,177.95298693835733,0.01224006002327308,0.2674876110894339,177.95298693835733,0.005,45.10052646934001,0.07931878582324689,0.07948959991335869,0.08898821696639062,0.12024534493684769,1.4349155662376212,1.2030309468403417,2.981805456518819,,,,,,,,,,,,,,,,,,1,update_snr,bayesian,0.1,20,101770,10177,0.1,0.24772450656145872,0.12999132245966083,0.1215581920514252,0.24772193718046126,0.12999132245966083,0.1215581920514252,0.24772193718046126,0.2788506230356323,0.2728119319681006,0.3144362703373484,0.11345140017344178,0.10835925462614665,0.21406701540573023,0.2788506230356323,0.2728119319681006,0.3144362703373484,0.11345140017344178,0.10835925462614665,0.21406701540573023,2.1137934164102985,3.2183216380696003,0.5489776847828093,0.8358370066050602,0.5489776847828093,814160,203540,81416,122124,0.75,,,,,,,,,0.007679431519124179,7
bayesfl_observability_v1,vi_sparse_bayesian_keep010_seed42,71,vi,232,18,259,,5,256,1114.369539964199,0.0009385518239599021,7.970580245433902,7.970580245433902,,,4.954617741841506,0.04828256741166115,0.9939833137577249,4.954617741841506,,-0.0,2.311121424016332,1114.369539964199,2064.3802835673805,7.970580245433902,0.02028476253873814,0.0009385518239599021,7.970580245433902,0.005,45.23345279701155,0.07958097930928426,0.07973438873887062,0.08945908695459366,0.12063179910182953,1.4337271432106453,1.202068544051317,2.978970956614121,,,,,,,,,,,,,,,,,,1,update_snr,bayesian,0.1,20,101770,10177,0.1,0.32345427534119414,0.16127781644177416,0.14235962185015,0.3234394710067364,0.16127781644177416,0.14235962185015,0.3234394710067364,0.3884385951416298,0.37492889220949543,0.4665510382445725,0.13603772991956795,0.12676099260779158,0.26587004007070053,0.3884385951416298,0.37492889220949543,0.4665510382445725,0.13603772991956795,0.12676099260779158,0.26587004007070053,3.041515251665983,3.9111918824897893,0.6138748557695046,0.7894033578937814,0.6138748557695046,814160,203540,81416,122124,0.75,,,,,,,,,0.0077955188797193525,259
bayesfl_observability_v1,vi_sparse_bayesian_keep010_seed42,71,vi,205,16,1,,5,256,514.162736582756,0.4984220564365387,1240.808423997163,1240.808423997163,,,3.8426797259123013,0.02510599046945572,0.996358228367941,3.8426797259123013,,-0.0,2.3096097079310103,514.162736582756,1240.808423997163,1240.808423997163,0.012192280868597454,0.4984220564365387,1240.808423997163,0.005,45.066108971195874,0.07931626298776617,0.07948356866836548,0.08900069892406463,0.12298563122749329,1.433218435718797,1.200932908364364,2.981961022338029,,,,,,,,,,,,,,,,,,1,update_snr,bayesian,0.1,20,101770,10177,0.1,0.24716310358264246,0.12971589571162603,0.12157174683547664,0.24716002583157876,0.12971589571162603,0.12157174683547664,0.24716002583157876,0.27850857578946603,0.2726238384828988,0.3137880711908684,0.11318337570297714,0.10802024184138095,0.21349496030119108,0.27850857578946603,0.2726238384828988,0.3137880711908684,0.11318337570297714,0.10802024184138095,0.21349496030119108,2.111100643101113,3.2108319094333666,0.5493824085482197,0.8355710437645371,0.5493824085482197,814160,203540,81416,122124,0.75,,,,,,,,,0.007679737974006094,1
bayesfl_observability_v1,vi_sparse_bayesian_keep010_seed42,71,vi,210,16,633,,5,256,1504.3664412816365,0.005320275658491475,3.715537358288907,3.715537358288907,,,5.282702860708634,0.06150247901678085,0.9931548873648531,5.282702860708634,,-0.0,2.311121424016332,1504.3664412816365,2351.935147796878,3.715537358288907,0.0231102991824396,0.005320275658491475,3.715537358288907,0.005,45.226682496839416,0.07974479604851781,0.07989659160375595,0.08979149237275123,0.12624603509902954,1.4321656472700353,1.2002600318045915,2.972240095935914,,,,,,,,,,,,,,,,,,1,update_snr,bayesian,0.1,20,101770,10177,0.1,0.3448748387686327,0.16899396041299142,0.14505489103881217,0.34486418711816014,0.16899396041299142,0.14505489103881217,0.34486418711816014,0.42375378258218205,0.405707936620383,0.5183937010296591,0.14068731350530359,0.1289266473514909,0.2781115052285301,0.42375378258218205,0.405707936620383,0.5183937010296591,0.14068731350530359,0.1289266473514909,0.2781115052285301,3.3609479478426656,4.07565680675294,0.6362174887481407,0.7715097582085513,0.6362174887481407,814160,203540,81416,122124,0.75,,,,,,,,,0.007895690355218065,633
bayesfl_observability_v1,vi_sparse_bayesian_keep010_seed42,71,vi,56,4,308,,5,256,1050.5137243032455,0.0030993843268203947,6.62882323352395,6.62882323352395,,,4.921655613033588,0.04856414720416069,0.9940483053348286,4.921655613033588,,-0.0,2.3292713582565514,1050.5137243032455,2041.6775559253765,6.62882323352395,0.020061683756759128,0.0030993843268203947,6.62882323352395,0.005,45.17729936733641,0.07959190169945059,0.07972824573516846,0.0894857332110405,0.11992039531469345,1.4328210725918649,1.1979990245378194,2.97760000566266,,,,,,,,,,,,,,,,,,1,update_snr,bayesian,0.1,20,101770,10177,0.1,0.32309684830309204,0.16001168588294862,0.14030642214683253,0.3230847398402597,0.16001168588294862,0.14030642214683253,0.3230847398402597,0.3890202087912139,0.37445825108086783,0.4669319601521597,0.13456629444869692,0.12481975610708688,0.26318188673846526,0.3890202087912139,0.37445825108086783,0.4669319601521597,0.13456629444869692,0.12481975610708688,0.26318188673846526,3.043610365396872,3.8677034422191574,0.6184118932126714,0.7858541406222448,0.6184118932126714,814160,203540,81416,122124,0.75,,,,,,,,,0.007792785758350273,308
bayesfl_observability_v1,vi_sparse_bayesian_keep010_seed42,71,vi,111,8,11,,5,256,515.085228061676,0.0539670315655795,113.18703295486007,113.18703295486007,,,3.848795961539834,0.025090932846069336,0.9963498101199704,3.848795961539834,,-0.0,2.3096097079310103,515.085228061676,1245.0573625034608,113.18703295486007,0.012234031271528552,0.0539670315655795,113.18703295486007,0.005,45.08671678090339,0.07932050245059688,0.07949680835008621,0.08901796713471413,0.12216851115226746,1.4344925539098892,1.2038501937245683,2.9829445359930418,,,,,,,,,,,,,,,,,,1,update_snr,bayesian,0.1,20,101770,10177,0.1,0.2474833476993744,0.1298834700896577,0.12140452248358627,0.24747988912520566,0.1298834700896577,0.12140452248358627,0.24747988912520566,0.27893040771342464,0.2728383750507196,0.31419029786540187,0.11332269924257249,0.10782892924804782,0.21438316282256176,0.27893040771342464,0.2728383750507196,0.31419029786540187,0.11332269924257249,0.10782892924804782,0.21438316282256176,2.1142376736402344,3.216089148783919,0.5493244367244571,0.8356091569731381,0.5493244367244571,814160,203540,81416,122124,0.75,,,,,,,,,0.00768234883199698,11
bayesfl_observability_v1,vi_sparse_bayesian_keep010_seed42,72,vi,144,11,1,,5,256,477.04072947502135,0.001954313600435853,1235.961901493146,1235.961901493146,,,3.8540672056595984,0.025079116225242615,0.9964221014360535,3.8540672056595984,,-0.0,2.185987945410232,477.04072947502135,1235.961901493146,1235.961901493146,0.012144658558446948,0.001954313600435853,1235.961901493146,0.005,45.60147822928388,0.07971525356357273,0.07990739494562149,0.08952671512961388,0.12306886166334152,1.4433926768149363,1.2086022725353183,2.9935778542485934,,,,,,,,,,,,,,,,,,1,update_snr,bayesian,0.1,20,101770,10177,0.1,0.24643947017503737,0.12949092601070378,0.12091412354054046,0.2464336990830526,0.12949092601070378,0.12091412354054046,0.2464336990830526,0.2777988807228521,0.2715687872984402,0.313106655110743,0.1130122643760206,0.10772509605105281,0.21343980991908965,0.2777988807228521,0.2715687872984402,0.313106655110743,0.1130122643760206,0.10772509605105281,0.21343980991908965,2.1137432428124656,3.2227198961755024,0.5484448324379212,0.8361867409688708,0.5484448324379212,814160,203540,81416,122124,0.75,,,,,,,,,0.00774681059100275,1
bayesfl_observability_v1,vi_sparse_bayesian_keep010_seed42,72,vi,289,23,4615,,5,256,1959.7764874872407,0.162284481816018,0.3994274723178705,0.3994274723178705,,,4.541608434945047,0.08644215762615204,0.9950383174630127,4.541608434945047,,0.8496433488150035,1.4144019597737127,1959.7764874872407,1843.3577847469724,0.3994274723178705,0.018112978134489265,0.162284481816018,0.3994274723178705,0.005,45.647288730757296,0.0803585038270292,0.08039919286966324,0.09097583293914796,0.12589137256145477,1.435042958873953,1.2011213703471681,2.9819007086042646,,,,,,,,,,,,,,,,,,1,update_snr,bayesian,0.1,20,101770,10177,0.1,0.29187574371150676,0.14147601737459164,0.11872891035932251,0.2918685331031439,0.14147601737459164,0.11872891035932251,0.2918685331031439,0.3701607076994383,0.34922999114667996,0.4635187911002236,0.11606660733849757,0.10527076209451453,0.23216607250036084,0.3701607076994383,0.34922999114667996,0.4635187911002236,0.11606660733849757,0.10527076209451453,0.23216607250036084,3.00480971879004,3.4054846542348467,0.6616179624094779,0.7498410977114659,0.6616179624094779,814160,203540,81416,122124,0.75,,,,,,,,,0.008361657812497824,4615
bayesfl_observability_v1,vi_sparse_bayesian_keep010_seed42,72,vi,264,21,1,,5,256,480.94157752990725,0.026334816589951515,1236.7211624985669,1236.7211624985669,,,3.8544098496044197,0.02502782642841339,0.9964196788779628,3.8544098496044197,,-0.0,2.259365973874069,480.94157752990725,1236.7211624985669,1236.7211624985669,0.012152119116621469,0.026334816589951515,1236.7211624985669,0.005,45.58979501239793,0.07971953969213434,0.07989214360713959,0.08952662944793702,0.12147870659828186,1.4430413447281958,1.207581566715891,2.9987612334812073,,,,,,,,,,,,,,,,,,1,update_snr,bayesian,0.1,20,101770,10177,0.1,0.2468405983980149,0.1294370647435176,0.12090278627124884,0.24683708455415587,0.1294370647435176,0.12090278627124884,0.24683708455415587,0.27820195961553573,0.2724228791762104,0.31295023057453,0.11290763197995998,0.10783633587966827,0.21358200921470985,0.27820195961553573,0.2724228791762104,0.31295023057453,0.11290763197995998,0.10783633587966827,0.21358200921470985,2.1132065147705292,3.223481582801268,0.5482568271735319,0.8363100211390587,0.5482568271735319,814160,203540,81416,122124,0.75,,,,,,,,,0.007751158097845387,1
bayesfl_observability_v1,vi_sparse_bayesian_keep010_seed42,72,vi,117,9,1,,5,256,504.67981867790223,0.10334408283233643,1223.3948388828564,1223.3948388828564,,,3.835087261915648,0.02508050948381424,0.9964583239218038,3.835087261915648,,-0.0,2.3277319754160017,504.67981867790223,1223.3948388828564,1223.3948388828564,0.012021173615828402,0.10334408283233643,1223.3948388828564,0.005,45.60793180728808,0.07971876585229952,0.07988734543323517,0.08949895650148391,0.11882986128330231,1.4438085729729524,1.2117922696752994,2.9948171055602777,,,,,,,,,,,,,,,,,,1,update_snr,bayesian,0.1,20,101770,10177,0.1,0.24571708177396714,0.12867664543409044,0.11979671415108996,0.24571050495429517,0.12867664543409044,0.11979671415108996,0.24571050495429517,0.27683113753215555,0.270657830201941,0.31184694531628265,0.11221503520097209,0.1068891468023183,0.2124194528722769,0.27683113753215555,0.270657830201941,0.31184694531628265,0.11221503520097209,0.1068891468023183,0.2124194528722769,2.1097191444141195,3.2026519383473797,0.5501098150659296,0.8350923250564152,0.5501098150659296,814160,203540,81416,122124,0.75,,,,,,,,,0.007740731926027273,1
bayesfl_observability_v1,vi_sparse_bayesian_keep010_seed42,72,vi,237,19,1,,5,256,493.8090961456299,3.6551029682159424,1232.4947037520296,1232.4947037520296,,,3.8491062775707103,0.02503371238708496,0.9964323165974595,3.8491062775707103,,-0.0,2.3163460082440825,493.8090961456299,1232.4947037520296,1232.4947037520296,0.012110589601572463,3.6551029682159424,1232.4947037520296,0.005,45.60781665948989,0.0797133411190854,0.07989127188920975,0.08948661014437675,0.12335224449634552,1.4438069407914955,1.2095975055149206,2.9962072460121516,,,,,,,,,,,,,,,,,,1,update_snr,bayesian,0.1,20,101770,10177,0.1,0.2458921165707227,0.12928018002616895,0.1210081780427757,0.24589187382174718,0.12928018002616895,0.1210081780427757,0.24589187382174718,0.27714820185812206,0.2710404671790784,0.31247299935584416,0.11285039982261856,0.10763236024680704,0.21332541230632365,0.27714820185812206,0.2710404671790784,0.31247299935584416,0.11285039982261856,0.10763236024680704,0.21332541230632365,2.110290882880804,3.2190513393955706,0.548254771549897,0.8363113687334227,0.548254771549897,814160,203540,81416,122124,0.75,,,,,,,,,0.007749010733146204,1
bayesfl_observability_v1,vi_sparse_bayesian_keep010_seed42,72,vi,239,19,577,,5,256,1406.002686313788,0.0021374506143081538,3.9823540364817323,3.9823540364817323,,,5.239662610994159,0.06317619979381561,0.9934235050403425,5.239662610994159,,-0.0,2.311121424016332,1406.002686313788,2297.8182790499595,3.9823540364817323,0.022578542586714743,0.0021374506143081538,3.9823540364817323,0.005,45.76182939783668,0.08014960378841103,0.08027032390236855,0.09022771269083023,0.12022260576486588,1.4417413786037865,1.2067169398023116,2.998138789074409,,,,,,,,,,,,,,,,,,1,update_snr,bayesian,0.1,20,101770,10177,0.1,0.341151748441964,0.16686574513442273,0.14282571426352217,0.3411480268935334,0.16686574513442273,0.14282571426352217,0.3411480268935334,0.41991102493761967,0.40235902762745895,0.5147313556809476,0.1387496029340675,0.12684676185859,0.274429835699968,0.41991102493761967,0.40235902762745895,0.5147313556809476,0.1387496029340675,0.12684676185859,0.274429835699968,3.345284731954864,4.032757659369085,0.6384542250746444,0.7696597965882999,0.6384542250746444,814160,203540,81416,122124,0.75,,,,,,,,,0.007954633708781193,577
bayesfl_observability_v1,vi_sparse_bayesian_keep010_seed42,72,vi,242,19,1,,5,256,466.2715181350708,6.556489552167477e-06,1237.643654754295,1237.643654754295,,,3.8579439319908153,0.02507936954498291,0.9964174790785899,3.8579439319908153,,-0.0,2.185987945410232,466.2715181350708,1237.643654754295,1237.643654754295,0.012161183597860814,6.556489552167477e-06,1237.643654754295,0.005,45.61771688161522,0.07971530655980802,0.0798702985048294,0.08948686122894288,0.12072104215621948,1.4442852287509356,1.2093995199863214,2.9945706909383274,,,,,,,,,,,,,,,,,,1,update_snr,bayesian,0.1,20,101770,10177,0.1,0.24665353321934214,0.12960222450245187,0.12121093697574664,0.2466494364926022,0.12960222450245187,0.12121093697574664,0.2466494364926022,0.2774147843235564,0.2714391039850861,0.3113815783310348,0.11317860674455138,0.10796658246290805,0.21388387388280147,0.2774147843235564,0.2714391039850861,0.3113815783310348,0.11317860674455138,0.10796658246290805,0.21388387388280147,2.113048884006482,3.227809752166897,0.547713735931897,0.8366658015429607,0.547713735931897,814160,203540,81416,122124,0.75,,,,,,,,,0.007743059482697053,1
bayesfl_observability_v1,vi_sparse_bayesian_keep010_seed42,72,vi,204,16,297,,5,256,1136.8987959772348,0.0028012644668871708,6.978149376712618,6.978149376712618,,,4.9876675150398935,0.04836028814315796,0.9940298617189509,4.9876675150398935,,-0.0,2.28098669344155,1136.8987959772348,2072.5103648836475,6.978149376712618,0.020364649355248576,0.0028012644668871708,6.978149376712618,0.005,45.71297096445287,0.07996920997852881,0.0801214687526226,0.0899167038500309,0.12171917408704758,1.4425057184220886,1.2093108183586858,2.990971522569604,,,,,,,,,,,,,,,,,,1,update_snr,bayesian,0.1,20,101770,10177,0.1,0.32540031501922445,0.16186676550103662,0.14282609024300985,0.32539765722132474,0.16186676550103662,0.14282609024300985,0.32539765722132474,0.3885140435205661,0.37506559623156194,0.461455866399971,0.1366837346099778,0.1267724083332066,0.2666983368032237,0.3885140435205661,0.37506559623156194,0.461455866399971,0.1366837346099778,0.1267724083332066,0.2666983368032237,3.052140787347644,3.944776781364608,0.6119374994712797,0.7909061238483649,0.6119374994712797,814160,203540,81416,122124,0.75,,,,,,,,,0.007851030503214017,297
bayesfl_observability_v1,vi_sparse_bayesian_keep010_seed42,72,vi,27,2,1,,5,256,489.4559549808502,1.0790646076202393,1237.4823242205302,1237.4823242205302,,,3.8544850519023877,0.025047898292541504,0.996425053435733,3.8544850519023877,,-0.0,2.3163460082440825,489.4559549808502,1237.4823242205302,1237.4823242205302,0.012159598351385774,1.0790646076202393,1237.4823242205302,0.005,45.62462770578492,0.07970978067919701,0.07986843213438988,0.08949656262993813,0.12074783444404602,1.444524043312167,1.2119939218792273,2.9969289970723465,,,,,,,,,,,,,,,,,,1,update_snr,bayesian,0.1,20,101770,10177,0.1,0.24651397424900479,0.12964252731646136,0.12120833586167806,0.24650538069380346,0.12964252731646136,0.12120833586167806,0.24650538069380346,0.27803529181423864,0.2717614779644374,0.3146656774013057,0.11315444237226392,0.10787668247962712,0.2134314317829354,0.27803529181423864,0.2717614779644374,0.3146656774013057,0.11315444237226392,0.10787668247962712,0.2134314317829354,2.1127475896952657,3.2238723047874904,0.5481270678822624,0.8363950725911734,0.5481270678822624,814160,203540,81416,122124,0.75,,,,,,,,,0.007750503194442183,1
bayesfl_observability_v1,vi_sparse_bayesian_keep010_seed42,72,vi,78,6,1,,5,256,496.7295065164566,0.0024852838832885027,1234.2500964625694,1234.2500964625694,,,3.85202694651424,0.02505142241716385,0.9964284804135823,3.85202694651424,,-0.0,2.3155014849272724,496.7295065164566,1234.2500964625694,1234.2500964625694,0.012127838227990267,0.0024852838832885027,1234.2500964625694,0.005,45.61770293647993,0.07970815460905294,0.07988637685775757,0.08948769867420196,0.12030167132616043,1.4442962442707628,1.209229650120972,2.9963432499287,,,,,,,,,,,,,,,,,,1,update_snr,bayesian,0.1,20,101770,10177,0.1,0.24600066160397072,0.12946442806071878,0.12108005139126096,0.245995902965696,0.12946442806071878,0.12108005139126096,0.245995902965696,0.27723103324141035,0.2707949880289528,0.3129922233040181,0.11304591637397528,0.10784287384933533,0.21324129342472375,0.27723103324141035,0.2707949880289528,0.3129922233040181,0.11304591637397528,0.10784287384933533,0.21324129342472375,2.1096863617027113,3.2229388842975926,0.5476821400773948,0.8366864845569372,0.5476821400773948,814160,203540,81416,122124,0.75,,,,,,,,,0.007747239671406913,1
bayesfl_observability_v1,vi_sparse_bayesian_keep010_seed42,72,vi,228,18,5,,5,256,492.92950798869134,0.008726993203163147,246.2075065915516,246.2075065915516,,,3.8462792879789385,0.025052666664123535,0.9964346229728133,3.8462792879789385,,0.6730116670092565,1.5651195035345156,492.92950798869134,1231.037532957758,246.2075065915516,0.012096271327088121,0.008726993203163147,246.2075065915516,0.005,45.58867692391414,0.07971753520665767,0.07988991588354111,0.08949424475431443,0.12217822670936584,1.4428614006021636,1.2084358591490147,2.9931410073406255,,,,,,,,,,,,,,,,,,1,update_snr,bayesian,0.1,20,101770,10177,0.1,0.2462213782342793,0.12923110060896253,0.12057964979202263,0.24622107077063815,0.12923110060896253,0.12057964979202263,0.24622107077063815,0.27733790844707856,0.2709916712770311,0.3128562923071082,0.11277478862694965,0.1073027143900304,0.2128150010328236,0.27733790844707856,0.2709916712770311,0.3128562923071082,0.11277478862694965,0.1073027143900304,0.2128150010328236,2.109099026928099,3.216452340039679,0.5483478627045681,0.8362503342105956,0.5483478627045681,814160,203540,81416,122124,0.75,,,,,,,,,0.0077495533082066964,5
bayesfl_observability_v1,vi_sparse_bayesian_keep010_seed42,72,vi,215,17,2060,,5,256,1869.7166761477788,0.008335311769847465,0.900027502954543,0.900027502954543,,,4.606793151515221,0.0706184059381485,0.9948973375758547,4.606793151515221,,-0.0,2.185987945410232,1869.7166761477788,1854.0566560863585,0.900027502954543,0.018218106083191105,0.008335311769847465,0.900027502954543,0.005,45.66020697324911,0.08046316875374902,0.08050549030303955,0.09096597582101822,0.12646280229091644,1.4338385735120438,1.2000698861651542,2.976380129027715,,,,,,,,,,,,,,,,,,1,update_snr,bayesian,0.1,20,101770,10177,0.1,0.2966923636035923,0.14342165639623589,0.12118961481929998,0.2966881784715873,0.14342165639623589,0.12118961481929998,0.2966881784715873,0.37298799425397905,0.35347399252593376,0.46686116726576954,0.11791428552315332,0.10722739711879996,0.23546160388600423,0.37298799425397905,0.35347399252593376,0.46686116726576954,0.11791428552315332,0.10722739711879996,0.23546160388600423,3.03800638989164,3.4630998131479322,0.6594622962162755,0.751737640316862,0.6594622962162755,814160,203540,81416,122124,0.75,,,,,,,,,0.008245499220195204,2060
bayesfl_observability_v1,vi_sparse_bayesian_keep010_seed42,72,vi,87,7,14,,5,256,527.4745061874389,0.5741332599094936,88.13921060620382,88.13921060620382,,,3.847574925051987,0.025069205090403557,0.9964325340266117,3.847574925051987,,0.39267446722755217,1.9352627592338563,527.4745061874389,1233.9489484868534,88.13921060620382,0.012124879124367233,0.5741332599094936,88.13921060620382,0.005,45.59079424287306,0.07971340523621089,0.07988408952951431,0.08950501084327699,0.1214936226606369,1.4434285581118396,1.2088671227929861,2.993974816295787,,,,,,,,,,,,,,,,,,1,update_snr,bayesian,0.1,20,101770,10177,0.1,0.24671016771199222,0.1291444511087438,0.12033032198038288,0.24670884147556102,0.1291444511087438,0.12033032198038288,0.24670884147556102,0.278164374564917,0.27188984309188374,0.3137080153736866,0.11258668183583569,0.1071851214331912,0.2134456352004341,0.278164374564917,0.27188984309188374,0.3137080153736866,0.11258668183583569,0.1071851214331912,0.2134456352004341,2.113325836298692,3.2152273191053298,0.54926177591464,0.8356503464482598,0.54926177591464,814160,203540,81416,122124,0.75,,,,,,,,,0.007747415261057224,14
bayesfl_observability_v1,vi_sparse_bayesian_keep010_seed42,72,vi,186,14,12,,5,256,553.272766494751,1.0085288683573406,102.97235686643332,102.97235686643332,,,3.854556392423811,0.025080204010009766,0.996424625835823,3.854556392423811,,-0.0,2.3277319754160017,553.272766494751,1235.6682823971998,102.97235686643332,0.012141773434186891,1.0085288683573406,102.97235686643332,0.005,45.62285265732048,0.07971243462168867,0.07987802103161812,0.08950922936201096,0.12329033017158508,1.4446940551983887,1.2136221519139867,2.9951358260233043,,,,,,,,,,,,,,,,,,1,update_snr,bayesian,0.1,20,101770,10177,0.1,0.24627476441574178,0.12952669783083798,0.1213521773923231,0.24627375836487253,0.12952669783083798,0.1213521773923231,0.24627375836487253,0.2773958187552889,0.2710764230294699,0.3126735418430326,0.11309679550589903,0.10804754127812556,0.21311653984058573,0.2773958187552889,0.2710764230294699,0.3126735418430326,0.11309679550589903,0.10804754127812556,0.21311653984058573,2.109905049620572,3.2258186036975,0.5473794737489436,0.8368845271113157,0.5473794737489436,814160,203540,81416,122124,0.75,,,,,,,,,0.007744932202003164,12
bayesfl_observability_v1,vi_sparse_bayesian_keep010_seed42,72,vi,255,20,1,,5,256,474.60074772834776,0.00013374387344811112,1241.414817492781,1241.414817492781,,,3.860629269961783,0.02504301816225052,0.9964110368243552,3.860629269961783,,-0.0,2.28098669344155,474.60074772834776,1241.414817492781,1241.414817492781,0.012198239338633987,0.00013374387344811112,1241.414817492781,0.005,45.60877925105523,0.0797149104750249,0.07988343015313148,0.08950704336166382,0.11870398372411728,1.4438318382518425,1.2070621928363898,2.994128095048664,,,,,,,,,,,,,,,,,,1,update_snr,bayesian,0.1,20,101770,10177,0.1,0.24674356350587717,0.12980024855964853,0.12174445026301273,0.2467380642779656,0.12980024855964853,0.12174445026301273,0.2467380642779656,0.2780117650345609,0.27208337585583686,0.312825075175324,0.1133323022846583,0.10861457961330949,0.2133904040860754,0.2780117650345609,0.27208337585583686,0.312825075175324,0.1133323022846583,0.10861457961330949,0.2133904040860754,2.1139052966634524,3.2304585985311536,0.5475545950788427,0.8367699596711425,0.5475545950788427,814160,203540,81416,122124,0.75,,,,,,,,,0.007746991020364889,1
bayesfl_observability_v1,vi_sparse_bayesian_keep010_seed42,73,vi,244,19,1,,5,256,492.1380837440491,0.2709803283214569,1222.0717016199576,1222.0717016199576,,,3.8516472479314916,0.025081384927034378,0.9965035246251879,3.8516472479314916,,-0.0,2.28098669344155,492.1380837440491,1222.0717016199576,1222.0717016199576,0.012008172365333178,0.2709803283214569,1222.0717016199576,0.005,46.09946244490815,0.08014014424016565,0.08032827451825142,0.09007022306323052,0.12180724740028381,1.4522264066267063,1.2158053028029778,3.00951996734584,,,,,,,,,,,,,,,,,,1,update_snr,bayesian,0.1,20,101770,10177,0.1,0.24549031130874663,0.12864267089585904,0.11991033115549565,0.24548813424151816,0.12864267089585904,0.11991033115549565,0.24548813424151816,0.27647444153336714,0.2701493131929991,0.3113384936892492,0.11221691860280261,0.10670025649915879,0.21247122399169668,0.27647444153336714,0.2701493131929991,0.3113384936892492,0.11221691860280261,0.10670025649915879,0.21247122399169668,2.114236985655585,3.219501279854417,0.5489176057830908,0.8358764633971698,0.5489176057830908,814160,203540,81416,122124,0.75,,,,,,,,,0.00785923258762083,1
bayesfl_observability_v1,vi_sparse_bayesian_keep010_seed42,73,vi,92,7,1,,5,256,463.63867273330686,0.0312575101852417,1226.1683988612638,1226.1683988612638,,,3.858211764004048,0.02500075474381447,0.9964901975565361,3.858211764004048,,-0.0,2.3163460082440825,463.63867273330686,1226.1683988612638,1226.1683988612638,0.01204842683365691,0.0312575101852417,1226.1683988612638,0.005,46.09043688313699,0.08013704128324008,0.0803249217569828,0.09003932029008867,0.12214503437280655,1.4515771734111065,1.2162995247348003,3.0076487792121447,,,,,,,,,,,,,,,,,,1,update_snr,bayesian,0.1,20,101770,10177,0.1,0.245000704342178,0.12904569967532717,0.12072692204847016,0.2449869571240528,0.12904569967532717,0.12072692204847016,0.2449869571240528,0.2763356992215331,0.2698450980175615,0.3123574464888277,0.11268014417019317,0.10798281903670218,0.21251218088210502,0.2763356992215331,0.2698450980175615,0.3123574464888277,0.11268014417019317,0.10798281903670218,0.21251218088210502,2.111533674320911,3.229121174268329,0.5472829910532344,0.8369476254245699,0.5472829910532344,814160,203540,81416,122124,0.75,,,,,,,,,0.007851729563734559,1
bayesfl_observability_v1,vi_sparse_bayesian_keep010_seed42,73,vi,279,22,125,,5,256,498.05600452423096,0.013354036331176758,9.806449316302057,9.806449316302057,,,3.856451372162333,0.025078773498535156,0.9964968499010614,3.856451372162333,,-0.0,2.259365973874069,498.05600452423096,1225.8061645377572,9.806449316302057,0.012044867490790579,0.013354036331176758,9.806449316302057,0.005,46.11259409304871,0.08013935789566203,0.08031603693962097,0.09004908353090287,0.11853379011154175,1.4525586688958916,1.2192255625901445,3.008686515803548,,,,,,,,,,,,,,,,,,1,update_snr,bayesian,0.1,20,101770,10177,0.1,0.24536724647721564,0.128987192415994,0.12053520524161425,0.2453611322127059,0.128987192415994,0.12053520524161425,0.2453611322127059,0.276353952103818,0.2701107564988645,0.31153077496558584,0.11261310800623577,0.10757624099686078,0.2125731223484633,0.276353952103818,0.2701107564988645,0.31153077496558584,0.11261310800623577,0.10757624099686078,0.2125731223484633,2.112011329900755,3.2267050265283928,0.5476566734760976,0.836703154049927,0.5476566734760976,814160,203540,81416,122124,0.75,,,,,,,,,0.007849986058095958,125
bayesfl_observability_v1,vi_sparse_bayesian_keep010_seed42,73,vi,35,2,1,,5,256,501.3708706378937,0.014651326462626457,1222.2737952816622,1222.2737952816622,,,3.850670112944576,0.025009842589497566,0.9965026924999161,3.850670112944576,,-0.0,2.3163460082440825,501.3708706378937,1222.2737952816622,1222.2737952816622,0.012010158153499676,0.014651326462626457,1222.2737952816622,0.005,46.08209605880742,0.08013795466632913,0.08030081540346146,0.0900524154305458,0.1220715343952179,1.4523256809510023,1.219179639879981,3.0078685117959316,,,,,,,,,,,,,,,,,,1,update_snr,bayesian,0.1,20,101770,10177,0.1,0.24554033346777843,0.12864700694746772,0.1200823227651238,0.24553716102550427,0.12864700694746772,0.1200823227651238,0.24553716102550427,0.27613856497898553,0.27000312805046084,0.31157047944802724,0.11225905605507686,0.10686968088486988,0.21255293730308547,0.27613856497898553,0.27000312805046084,0.31157047944802724,0.11225905605507686,0.10686968088486988,0.21255293730308547,2.1095715234070367,3.221392293148216,0.5478453000467144,0.836579659815326,0.5478453000467144,814160,203540,81416,122124,0.75,,,,,,,,,0.00785451978903043,1
bayesfl_observability_v1,vi_sparse_bayesian_keep010_seed42,73,vi,145,11,1,,5,256,491.8850841522217,0.057355474680662155,1221.0309190161727,1221.0309190161727,,,3.8474327130499146,0.025064604356884956,0.996509645600011,3.8474327130499146,,-0.0,2.3096097079310103,491.8850841522217,1221.0309190161727,1221.0309190161727,0.011997945553858433,0.057355474680662155,1221.0309190161727,0.005,46.08931164774452,0.08013900683871934,0.08032695576548576,0.09006020352244377,0.12036337703466415,1.452307332900028,1.214883942171869,3.0019809781930538,,,,,,,,,,,,,,,,,,1,update_snr,bayesian,0.1,20,101770,10177,0.1,0.24539140188173428,0.12863994919499802,0.11986049290508159,0.2453855304897417,0.12863994919499802,0.11986049290508159,0.2453855304897417,0.27631812267496164,0.2703599467020854,0.31143890464069335,0.11223126325277984,0.10693613290831311,0.2119538096256127,0.27631812267496164,0.2703599467020854,0.31143890464069335,0.11223126325277984,0.10693613290831311,0.2119538096256127,2.1101558938204703,3.2171385710319305,0.5484581670949404,0.8361779947755497,0.5484581670949404,814160,203540,81416,122124,0.75,,,,,,,,,0.007850219593013808,1
bayesfl_observability_v1,vi_sparse_bayesian_keep010_seed42,73,vi,167,13,726,,5,256,1536.7929850180944,0.00021723315463537354,3.280838011483585,3.280838011483585,,,5.373484963571652,0.060870297253131866,0.9932182559838854,5.373484963571652,,-0.0,2.3292713582565514,1536.7929850180944,2381.8883963370827,3.280838011483585,0.02340462215129294,0.00021723315463537354,3.280838011483585,0.005,46.21694712320222,0.08056168773533572,0.08070460334420204,0.09073803871870041,0.12055113911628723,1.4483033983320261,1.2121885664995176,3.004122882251123,,,,,,,,,,,,,,,,,,1,update_snr,bayesian,0.1,20,101770,10177,0.1,0.3465593326756664,0.17070321036918917,0.14792843620869156,0.3465541463389379,0.17070321036918917,0.14792843620869156,0.3465541463389379,0.4240726405839563,0.40677718171308114,0.5154167107294201,0.14255105145643732,0.13129931264704478,0.2808112902191766,0.4240726405839563,0.40677718171308114,0.5154167107294201,0.14255105145643732,0.13129931264704478,0.2808112902191766,3.395744269149786,4.164524163967265,0.6319445001094225,0.7750136442550284,0.6319445001094225,814160,203540,81416,122124,0.75,,,,,,,,,0.008056924919120606,726
bayesfl_observability_v1,vi_sparse_bayesian_keep010_seed42,73,vi,168,13,2012,,5,256,1970.739049887657,0.1296702014286049,0.9487971983733093,0.9487971983733093,,,4.7132025969838445,0.06888608634471893,0.9947736886400541,4.7132025969838445,,0.33910841614601644,1.9866937607637536,1970.739049887657,1908.9799631270985,0.9487971983733093,0.018757786804825573,0.1296702014286049,0.9487971983733093,0.005,46.16041539212321,0.08087346335742877,0.08094017952680588,0.09144275337457657,0.1208629459142685,1.4422960089426367,1.2094195816821873,2.9895236875349305,,,,,,,,,,,,,,,,,,1,update_snr,bayesian,0.1,20,101770,10177,0.1,0.3015070899022238,0.14610731425664727,0.12319937675263722,0.3015017854933023,0.14610731425664727,0.12319937675263722,0.3015017854933023,0.3784847048011798,0.35845764173371847,0.4742786999335103,0.12028760419614362,0.10912141122813283,0.24060060994468147,0.3784847048011798,0.35845764173371847,0.4742786999335103,0.12028760419614362,0.10912141122813283,0.24060060994468147,3.0971742826023676,3.5527158883594834,0.6571273393985579,0.7537795830446584,0.6571273393985579,814160,203540,81416,122124,0.75,,,,,,,,,0.00833120107643625,2012
bayesfl_observability_v1,vi_sparse_bayesian_keep010_seed42,73,vi,106,8,1,,5,256,493.99886178970337,7.008573532104492,1229.9714273583181,1229.9714273583181,,,3.863886675715382,0.025078367441892624,0.9964807336924716,3.863886675715382,,-0.0,2.3155014849272724,493.99886178970337,1229.9714273583181,1229.9714273583181,0.012085795689872439,7.008573532104492,1229.9714273583181,0.005,46.09626570107169,0.08013302180965488,0.08031206578016281,0.09008061811327935,0.12262026220560074,1.4520315633754108,1.2201857357924077,3.005495558452449,,,,,,,,,,,,,,,,,,1,update_snr,bayesian,0.1,20,101770,10177,0.1,0.2459308864547291,0.1293140665196856,0.12096020718797357,0.24592944450987644,0.1293140665196856,0.12096020718797357,0.24592944450987644,0.2766776175461323,0.2704513456297943,0.31194157889250973,0.11294033862785821,0.10800890546836789,0.21245665563434493,0.2766776175461323,0.2704513456297943,0.31194157889250973,0.11294033862785821,0.10800890546836789,0.21245665563434493,2.113884229720445,3.2343644980289525,0.5470875331324433,0.8370754034679664,0.5470875331324433,814160,203540,81416,122124,0.75,,,,,,,,,0.007851084612523656,1
bayesfl_observability_v1,vi_sparse_bayesian_keep010_seed42,73,vi,108,8,1,,5,256,504.49891258478164,0.13014769554138184,1218.1472590436995,1218.1472590436995,,,3.843213597563566,0.02506405860185623,0.9965181863806112,3.843213597563566,,-0.0,2.3163460082440825,504.49891258478164,1218.1472590436995,1218.1472590436995,0.011969610484855061,0.13014769554138184,1218.1472590436995,0.005,46.09513588229358,0.08013575429647174,0.08032363653182983,0.0900384582579136,0.12273920327425003,1.4518037287019883,1.2186204605309345,3.006705365430693,,,,,,,,,,,,,,,,,,1,update_snr,bayesian,0.1,20,101770,10177,0.1,0.24447461880580823,0.12859755646267368,0.11996725790209756,0.24447269798460772,0.12859755646267368,0.11996725790209756,0.24447269798460772,0.2759209195141311,0.2696645577748437,0.31213414250246174,0.11222829390140066,0.1069566151961998,0.21158151326930405,0.2759209195141311,0.2696645577748437,0.31213414250246174,0.11222829390140066,0.1069566151961998,0.21158151326930405,2.1084312845267417,3.213223968995379,0.5486115280876913,0.8360773835293532,0.5486115280876913,814160,203540,81416,122124,0.75,,,,,,,,,0.007845215889492428,1
bayesfl_observability_v1,vi_sparse_bayesian_keep010_seed42,73,vi,121,9,1,,5,256,486.8413240432739,5.8412379075889476e-06,1223.1263165027285,1223.1263165027285,,,3.8528108521822015,0.025095894932746887,0.9965011521691807,3.8528108521822015,,-0.0,2.28098669344155,486.8413240432739,1223.1263165027285,1223.1263165027285,0.01201853509386586,5.8412379075889476e-06,1223.1263165027285,0.005,46.097802696397906,0.08013904678227245,0.08030996844172478,0.09005534052848817,0.11851122230291367,1.452434138669869,1.2181357234259915,3.009727623884775,,,,,,,,,,,,,,,,,,1,update_snr,bayesian,0.1,20,101770,10177,0.1,0.2451609447769262,0.12881075152302593,0.12042683507351976,0.245160432691784,0.12881075152302593,0.12042683507351976,0.245160432691784,0.2764987373082887,0.2703058966806952,0.3130469408867273,0.11240097532466341,0.1073020388384927,0.21215082183355302,0.2764987373082887,0.2703058966806952,0.3130469408867273,0.11240097532466341,0.1073020388384927,0.21215082183355302,2.1132876651338126,3.221516212451248,0.5485054279103432,0.8361469939866388,0.5485054279103432,814160,203540,81416,122124,0.75,,,,,,,,,0.007857914573671573,1
bayesfl_observability_v1,vi_sparse_bayesian_keep010_seed42,73,vi,122,9,1,,5,256,485.13997077941895,0.0002208704245276749,1220.275395159068,1220.275395159068,,,3.847865234712808,0.02502286434173584,0.9965121015560771,3.847865234712808,,-0.0,2.3163460082440825,485.13997077941895,1220.275395159068,1220.275395159068,0.011990521717196306,0.0002208704245276749,1220.275395159068,0.005,46.1103168847785,0.08014150108712688,0.08031845837831497,0.09006506055593491,0.12051822245121002,1.452214295384542,1.215721287660256,3.0057715853569147,,,,,,,,,,,,,,,,,,1,update_snr,bayesian,0.1,20,101770,10177,0.1,0.2450762826731138,0.12853173008932742,0.12026530198817804,0.24507546858024076,0.12853173008932742,0.12026530198817804,0.24507546858024076,0.27651328680506443,0.2705173941618414,0.31157363543313266,0.11208933489868998,0.1071505601675237,0.21163777564262945,0.27651328680506443,0.2705173941618414,0.31157363543313266,0.11208933489868998,0.1071505601675237,0.21163777564262945,2.1144026316704494,3.214866774175338,0.5495001780716631,0.8354935991970324,0.5495001780716631,814160,203540,81416,122124,0.75,,,,,,,,,0.007849691925381026,1
bayesfl_observability_v1,vi_sparse_bayesian_keep010_seed42,73,vi,159,12,1,,5,256,475.2434072494507,5.125868119648658e-05,1227.5447527245622,1227.5447527245622,,,3.8575227705667534,0.025045208632946014,0.9964932302161338,3.8575227705667534,,-0.0,2.185987945410232,475.2434072494507,1227.5447527245622,1227.5447527245622,0.012061950994640485,5.125868119648658e-05,1227.5447527245622,0.005,46.10204735702058,0.08013681773558644,0.08032350614666939,0.09006515815854073,0.12210378050804138,1.4520952024181657,1.2167651328760147,3.0078218406879484,,,,,,,,,,,,,,,,,,1,update_snr,bayesian,0.1,20,101770,10177,0.1,0.24585833196761062,0.12906177489459308,0.12067268395544538,0.24585702677239904,0.12906177489459308,0.12067268395544538,0.24585702677239904,0.27713318752178046,0.2711166665555292,0.3116011311359781,0.1126093957137945,0.10745278745662772,0.2125928843031291,0.27713318752178046,0.2711166665555292,0.3116011311359781,0.1126093957137945,0.10745278745662772,0.2125928843031291,2.1161079743659057,3.2253013760369798,0.5485665542954148,0.8361068923938233,0.5485665542954148,814160,203540,81416,122124,0.75,,,,,,,,,0.007851213134058779,1
bayesfl_observability_v1,vi_sparse_bayesian_keep010_seed42,73,vi,127,10,1062,,5,256,1803.7032988512517,0.023430526824825902,2.0503492219929322,2.0503492219929322,,,5.101867023851701,0.07572939991950989,0.9938793093068883,5.101867023851701,,-0.0,2.28098669344155,1803.7032988512517,2177.4708737564943,2.0503492219929322,0.021395999545607686,0.023430526824825902,2.0503492219929322,0.005,46.18167635189305,0.08077244178310639,0.08087729662656784,0.09117774218320847,0.1244637593626976,1.4442652388564865,1.2098770936943524,2.995950125099464,,,,,,,,,,,,,,,,,,1,update_snr,bayesian,0.1,20,101770,10177,0.1,0.3266836000196889,0.1589167695272997,0.13464580038931576,0.3266705575895726,0.1589167695272997,0.13464580038931576,0.3266705575895726,0.4095326792810221,0.3894727090406785,0.5112134536784585,0.1310705573324417,0.11918663482252817,0.26130933061877065,0.4095326792810221,0.3894727090406785,0.5112134536784585,0.1310705573324417,0.11918663482252817,0.26130933061877065,3.3364217750376217,3.8597068370694214,0.6539609439915899,0.7565283099353499,0.6539609439915899,814160,203540,81416,122124,0.75,,,,,,,,,0.008188303428015317,1062
bayesfl_observability_v1,vi_sparse_bayesian_keep010_seed42,73,vi,208,16,1492,,5,256,1963.1081777413685,0.035230881886571724,1.3766276375032196,1.3766276375032196,,,4.934136087022236,0.07198868691921234,0.9942731886453241,4.934136087022236,,0.2345060748432112,2.0889349747065498,1963.1081777413685,2053.9284351548035,1.3766276375032196,0.020182061856684717,0.035230881886571724,1.3766276375032196,0.005,46.16951205472164,0.0808089689822267,0.08089064061641693,0.09128406643867493,0.12105392664670944,1.443461572038796,1.2081544093500027,2.990484322068297,,,,,,,,,,,,,,,,,,1,update_snr,bayesian,0.1,20,101770,10177,0.1,0.3169665373443975,0.15329694287328655,0.12927738299488079,0.316955884284797,0.15329694287328655,0.12927738299488079,0.316955884284797,0.39617620575197365,0.37721805972703787,0.49174999201036507,0.12631035810898797,0.11465595722225815,0.25233573269593723,0.39617620575197365,0.37721805972703787,0.49174999201036507,0.12631035810898797,0.11465595722225815,0.25233573269593723,3.2360801843729314,3.724712601740454,0.655855478507062,0.7548864757778353,0.655855478507062,814160,203540,81416,122124,0.75,,,,,,,,,0.00825158354149621,1492
bayesfl_observability_v1,vi_sparse_bayesian_keep010_seed42,73,vi,186,14,12,,5,256,526.3679037094116,0.5411836306254069,101.84358074580341,101.84358074580341,,,3.8521544978959223,0.025090917944908142,0.9965030939975578,3.8521544978959223,,-0.0,2.3277319754160017,526.3679037094116,1222.1229689496408,101.84358074580341,0.012008676122134625,0.5411836306254069,101.84358074580341,0.005,46.10263545605969,0.08013677048358993,0.08031837269663811,0.09006220027804375,0.12333004921674728,1.4523434922526068,1.2176828705996354,3.0125906777255347,,,,,,,,,,,,,,,,,,1,update_snr,bayesian,0.1,20,101770,10177,0.1,0.2449823144935384,0.12885905653511195,0.12069537737635422,0.2449791038076103,0.12885905653511195,0.12069537737635422,0.2449791038076103,0.27586014939751846,0.2700240124638139,0.31080250571989954,0.11252560177262236,0.10733183651757837,0.212121514212631,0.27586014939751846,0.2700240124638139,0.31080250571989954,0.11252560177262236,0.10733183651757837,0.212121514212631,2.1120073641984733,3.2215709163746826,0.5482665260056596,0.8363036628292896,0.5482665260056596,814160,203540,81416,122124,0.75,,,,,,,,,0.00785293847002758,12
bayesfl_observability_v1,vi_sparse_bayesian_keep010_seed42,74,vi,96,7,1,,5,256,472.5970404148102,0.0005345107638277113,1214.2378663863583,1214.2378663863583,,,3.8616022889417896,0.025064347311854362,0.9965592639390293,3.8616022889417896,,-0.0,2.259365973874069,472.5970404148102,1214.2378663863583,1214.2378663863583,0.011931196486060315,0.0005345107638277113,1214.2378663863583,0.005,46.590862947530624,0.08059480635262056,0.08077146485447884,0.09062378033995629,0.1227220818400383,1.4600712626672043,1.2231946296416938,3.02348849919517,,,,,,,,,,,,,,,,,,1,update_snr,bayesian,0.1,20,101770,10177,0.1,0.24404390099833437,0.12839286607630743,0.1205338408603638,0.24404286490889282,0.12839286607630743,0.1205338408603638,0.24404286490889282,0.2749113032002949,0.2685716301168354,0.3106414307293721,0.11211303972919767,0.10720600700959614,0.21146144421713003,0.2749113032002949,0.2685716301168354,0.3106414307293721,0.11211303972919767,0.10720600700959614,0.21146144421713003,2.1147349670359668,3.231078497523059,0.5476314775065757,0.8367196453077731,0.5476314775065757,814160,203540,81416,122124,0.75,,,,,,,,,0.007951045041023256,1
bayesfl_observability_v1,vi_sparse_bayesian_keep010_seed42,74,vi,3,0,1,,5,256,487.11365418434144,0.0020898187067359686,1209.5179339414537,1209.5179339414537,,,3.8524546523660748,0.025099629536271095,0.996575475806278,3.8524546523660748,,-0.0,2.185987945410232,487.11365418434144,1209.5179339414537,1209.5179339414537,0.011884818059756842,0.0020898187067359686,1209.5179339414537,0.005,46.59019681847925,0.08059848613844495,0.08075124025344849,0.09063905104994774,0.12119585275650024,1.460562867833395,1.2207889748135887,3.0264767985452394,,,,,,,,,,,,,,,,,,1,update_snr,bayesian,0.1,20,101770,10177,0.1,0.24342368973589668,0.12809260302134207,0.12012917647995304,0.24341815305883432,0.12809260302134207,0.12012917647995304,0.24341815305883432,0.27432555338044334,0.26814563250627554,0.3102582405875054,0.11184449742588638,0.10667982354575126,0.21090711076566387,0.27432555338044334,0.26814563250627554,0.3102582405875054,0.11184449742588638,0.10667982354575126,0.21090711076566387,2.106378297158599,3.225612704246476,0.5467626454382578,0.8372876504244874,0.5467626454382578,814160,203540,81416,122124,0.75,,,,,,,,,0.007948875534955014,1
bayesfl_observability_v1,vi_sparse_bayesian_keep010_seed42,74,vi,4,0,3,,5,256,469.8334316253662,1.1480364799499512,404.1847859741956,404.1847859741956,,,3.858331290388323,0.02508484199643135,0.9965632110916164,3.858331290388323,,0.6365141682948128,1.6763487837974358,469.8334316253662,1212.5543579225869,404.1847859741956,0.011914654199887853,1.1480364799499512,404.1847859741956,0.005,46.57779192338098,0.08059262381898603,0.08076277002692223,0.0906167931854725,0.11977670341730118,1.4601578005119011,1.2237200690869225,3.0234236961740057,,,,,,,,,,,,,,,,,,1,update_snr,bayesian,0.1,20,101770,10177,0.1,0.24403944722677764,0.12811680031526643,0.11971634491785924,0.24403319341908752,0.12811680031526643,0.11971634491785924,0.24403319341908752,0.2752348688181664,0.26925050817078783,0.3100855923618522,0.11177034825938864,0.10630607154618171,0.2116625931118573,0.2752348688181664,0.26925050817078783,0.3100855923618522,0.11177034825938864,0.10630607154618171,0.2116625931118573,2.114587499584495,3.227265104231542,0.5480575255039003,0.8364406426869407,0.5480575255039003,814160,203540,81416,122124,0.75,,,,,,,,,0.00794535772659147,3
bayesfl_observability_v1,vi_sparse_bayesian_keep010_seed42,74,vi,270,21,1,,5,256,485.68866108953955,1.1186772584915161,1210.205650797773,1210.205650797773,,,3.8535837027026334,0.025051916018128395,0.996573049459434,3.8535837027026334,,-0.0,2.185987945410232,485.68866108953955,1210.205650797773,1210.205650797773,0.011891575619512361,1.1186772584915161,1210.205650797773,0.005,46.58735955824197,0.08059599115929189,0.08076554536819458,0.09063528776168824,0.11934995651245117,1.4602371448757845,1.2202423672143532,3.024031370087925,,,,,,,,,,,,,,,,,,1,update_snr,bayesian,0.1,20,101770,10177,0.1,0.24409795673255175,0.12803609095231694,0.1197465860992323,0.24409525685961692,0.12803609095231694,0.1197465860992323,0.24409525685961692,0.2748422942067845,0.2692498880824932,0.3091621729760273,0.11172429059070939,0.10675929348066472,0.21133134692687483,0.2748422942067845,0.2692498880824932,0.3091621729760273,0.11172429059070939,0.10675929348066472,0.21133134692687483,2.110083944430221,3.224539207575735,0.5475640617200961,0.8367637649376265,0.5475640617200961,814160,203540,81416,122124,0.75,,,,,,,,,0.007947050977376234,1
bayesfl_observability_v1,vi_sparse_bayesian_keep010_seed42,74,vi,101,8,1,,5,256,479.77235596179963,2.167062520980835,1213.5775234274868,1213.5775234274868,,,3.859336930057094,0.02504568360745907,0.9965646572782487,3.859336930057094,,-0.0,2.185987945410232,479.77235596179963,1213.5775234274868,1213.5775234274868,0.011924707904367561,2.167062520980835,1213.5775234274868,0.005,46.59989027776017,0.08059169262097822,0.08074797317385674,0.09065144956111909,0.12325326353311539,1.4601914020941242,1.2228855950025608,3.0233875856990133,,,,,,,,,,,,,,,,,,1,update_snr,bayesian,0.1,20,101770,10177,0.1,0.24424596187408756,0.12830892264695778,0.11998136617369626,0.24424595081405046,0.12830892264695778,0.11998136617369626,0.24424595081405046,0.27506368872683457,0.26925681061690915,0.31010125894466845,0.11200283752697152,0.10657835241119407,0.2116278935428794,0.27506368872683457,0.26925681061690915,0.31010125894466845,0.11200283752697152,0.10657835241119407,0.2116278935428794,2.1117343817198093,3.230334261460411,0.5471754397169384,0.8370179437566293,0.5471754397169384,814160,203540,81416,122124,0.75,,,,,,,,,0.007951264640677578,1
bayesfl_observability_v1,vi_sparse_bayesian_keep010_seed42,74,vi,42,3,1,,5,256,481.4308152675629,0.013187451288104057,1210.1761943005993,1210.1761943005993,,,3.854532094234931,0.025036558508872986,0.9965732460500677,3.854532094234931,,-0.0,2.3163460082440825,481.4308152675629,1210.1761943005993,1210.1761943005993,0.011891286177661387,0.013187451288104057,1210.1761943005993,0.005,46.600047346765706,0.0805916730745334,0.08075295016169548,0.09064593687653542,0.12333205342292786,1.4606016324873308,1.2262917233412964,3.0234967696194337,,,,,,,,,,,,,,,,,,1,update_snr,bayesian,0.1,20,101770,10177,0.1,0.24427302133704418,0.12804819170412743,0.11961566126065762,0.24427173259223003,0.12804819170412743,0.11961566126065762,0.24427173259223003,0.27485017255250443,0.2689352329374186,0.30908614755471364,0.1117368604987522,0.10634389529141093,0.21141974715701423,0.27485017255250443,0.2689352329374186,0.30908614755471364,0.1117368604987522,0.10634389529141093,0.21141974715701423,2.1121836369091156,3.224298055307623,0.5479740692957841,0.8364953194007845,0.5479740692957841,814160,203540,81416,122124,0.75,,,,,,,,,0.007949397828654265,1
bayesfl_observability_v1,vi_sparse_bayesian_keep010_seed42,74,vi,47,3,1,,5,256,484.61061935424806,0.08178908377885818,1210.6556185758052,1210.6556185758052,,,3.855782010012488,0.025066807866096497,0.9965711438256136,3.855782010012488,,-0.0,2.3292713582565514,484.61061935424806,1210.6556185758052,1210.6556185758052,0.011895997038182227,0.08178908377885818,1210.6556185758052,0.005,46.60086951617399,0.08058669332342022,0.08073628693819046,0.0906159982085228,0.12034475058317184,1.4609219520305452,1.2218023865353214,3.017918270981576,,,,,,,,,,,,,,,,,,1,update_snr,bayesian,0.1,20,101770,10177,0.1,0.24399067859446996,0.1282811962782194,0.12051548658907962,0.24398963931336878,0.1282811962782194,0.12051548658907962,0.24398963931336878,0.2746362176311014,0.268512227825435,0.3097952614793718,0.11201952723901026,0.10731541168551528,0.21049412422312108,0.2746362176311014,0.268512227825435,0.3097952614793718,0.11201952723901026,0.10731541168551528,0.21049412422312108,2.1115105705406023,3.226232790613731,0.5476218741250269,0.8367259306247143,0.5476218741250269,814160,203540,81416,122124,0.75,,,,,,,,,0.007947563821941742,1
bayesfl_observability_v1,vi_sparse_bayesian_keep010_seed42,74,vi,196,15,1,,5,256,489.3045754432678,0.006403167732059956,1215.2529504290133,1215.2529504290133,,,3.8597113397193814,0.025044269859790802,0.9965637606167825,3.8597113397193814,,-0.0,2.185987945410232,489.3045754432678,1215.2529504290133,1215.2529504290133,0.011941170781458321,0.006403167732059956,1215.2529504290133,0.005,46.598378534948615,0.08059093210397042,0.08072984218597412,0.09063303545117378,0.1225990280508995,1.4607481216193647,1.2228293532693004,3.0247562901277485,,,,,,,,,,,,,,,,,,1,update_snr,bayesian,0.1,20,101770,10177,0.1,0.24375653037428033,0.1286057638217188,0.1205729442351191,0.24375494527674724,0.1286057638217188,0.1205729442351191,0.24375494527674724,0.27505734359668954,0.26899458984333297,0.30999729310297164,0.11233336606894427,0.10780123897344512,0.2109026938586095,0.27505734359668954,0.26899458984333297,0.30999729310297164,0.11233336606894427,0.10780123897344512,0.2109026938586095,2.109997714685114,3.2319160369635207,0.54667241380764,0.8373465662327214,0.54667241380764,814160,203540,81416,122124,0.75,,,,,,,,,0.007944865017272143,1
bayesfl_observability_v1,vi_sparse_bayesian_keep010_seed42,74,vi,63,5,4,,5,256,485.03757553100587,1.2742397785186768,302.5398561701303,302.5398561701303,,,3.855778184891866,0.02503657341003418,0.9965695658767499,3.855778184891866,,-0.0,2.3163460082440825,485.03757553100587,1210.1594246805212,302.5398561701303,0.011891121398059557,1.2742397785186768,302.5398561701303,0.005,46.59027437999092,0.08058914019065222,0.08074155822396278,0.09063141345977783,0.12086644768714905,1.4602300995420052,1.2236476454398093,3.0224338562218085,,,,,,,,,,,,,,,,,,1,update_snr,bayesian,0.1,20,101770,10177,0.1,0.24400085745115666,0.12812195388260186,0.11967942873138299,0.24400075511449038,0.12812195388260186,0.11967942873138299,0.24400075511449038,0.274706502357556,0.2685335783529908,0.310505271429143,0.11183478182982919,0.10684976771918177,0.21118638966579462,0.274706502357556,0.2685335783529908,0.310505271429143,0.11183478182982919,0.10684976771918177,0.21118638966579462,2.1138172864827296,3.2247173349698133,0.5482206665220839,0.836333725732786,0.5482206665220839,814160,203540,81416,122124,0.75,,,,,,,,,0.007948617962596148,4
bayesfl_observability_v1,vi_sparse_bayesian_keep010_seed42,74,vi,75,6,1,,5,256,494.9732885837555,0.17681239545345306,1213.2184684867868,1213.2184684867868,,,3.857305419676008,0.025037690997123718,0.9965671757423922,3.857305419676008,,-0.0,2.3096097079310103,494.9732885837555,1213.2184684867868,1213.2184684867868,0.01192117980236599,0.17681239545345306,1213.2184684867868,0.005,46.59252547845474,0.0805924719359319,0.08075673505663872,0.09064411595463753,0.12291876971721649,1.4598508760615363,1.222063326726964,3.0272669472723317,,,,,,,,,,,,,,,,,,1,update_snr,bayesian,0.1,20,101770,10177,0.1,0.24428629071639218,0.12834790767818358,0.12012236652035269,0.24428324407371338,0.12834790767818358,0.12012236652035269,0.24428324407371338,0.275160450813007,0.2689858266563485,0.31079468284965817,0.1120354028854254,0.10675432824007626,0.2111031777089139,0.275160450813007,0.2689858266563485,0.31079468284965817,0.1120354028854254,0.10675432824007626,0.2111031777089139,2.1127959029281573,3.227212198358191,0.5477388158456015,0.8366493827261567,0.5477388158456015,814160,203540,81416,122124,0.75,,,,,,,,,0.007946833298141618,1
bayesfl_observability_v1,vi_sparse_bayesian_keep010_seed42,74,vi,79,6,1614,,5,256,1908.4022699901036,0.13207314241922183,1.2063420733352141,1.2063420733352141,,,4.802422145302282,0.09175093472003937,0.9946855940010462,4.802422145302282,,0.227611568069938,2.10471822493949,1908.4022699901036,1947.0361063630357,1.2063420733352141,0.01913172945232422,0.13207314241922183,1.2063420733352141,0.005,46.642652751110276,0.08130860324241451,0.08135680481791496,0.09198629483580589,0.12266737222671509,1.4506204447376925,1.2123574804955486,3.000018214139981,,,,,,,,,,,,,,,,,,1,update_snr,bayesian,0.1,20,101770,10177,0.1,0.3044355300330268,0.14830586889249237,0.12539413886877931,0.30443419868999017,0.14830586889249237,0.12539413886877931,0.30443419868999017,0.3841453721695136,0.36438548762322276,0.4808525360090367,0.12210147963949,0.1112128126810593,0.24315635964917306,0.3841453721695136,0.36438548762322276,0.4808525360090367,0.12210147963949,0.1112128126810593,0.24315635964917306,3.1593649637587755,3.6168593402928253,0.6578690644364238,0.7531323217453568,0.6578690644364238,814160,203540,81416,122124,0.75,,,,,,,,,0.00838616221842983,1614
bayesfl_observability_v1,vi_sparse_bayesian_keep010_seed42,74,vi,126,10,1,,5,256,477.7363790512085,0.009452233090996742,1212.0695031027938,1212.0695031027938,,,3.8575185815115516,0.025062192231416702,0.9965658211797607,3.8575185815115516,,-0.0,2.3277319754160017,477.7363790512085,1212.0695031027938,1212.0695031027938,0.011909889978410079,0.009452233090996742,1212.0695031027938,0.005,46.58588457912028,0.0805864252474745,0.0807449072599411,0.09060575813055038,0.12131696939468384,1.460285045287934,1.2232747024122146,3.022255033881916,,,,,,,,,,,,,,,,,,1,update_snr,bayesian,0.1,20,101770,10177,0.1,0.2437840391402734,0.12821735052490754,0.11980110309744335,0.24378272125243003,0.12821735052490754,0.11980110309744335,0.24378272125243003,0.27518719163359795,0.269051074241428,0.31097963576630433,0.11188736817949753,0.10679861855379245,0.21108034007318358,0.27518719163359795,0.269051074241428,0.31097963576630433,0.11188736817949753,0.10679861855379245,0.21108034007318358,2.116281199889463,3.2251827064061533,0.5486120559554655,0.8360770371564561,0.5486120559554655,814160,203540,81416,122124,0.75,,,,,,,,,0.007950929852620057,1
bayesfl_observability_v1,vi_sparse_bayesian_keep010_seed42,74,vi,117,9,1,,5,256,459.7973333358765,0.0,1217.0646953298553,1217.0646953298553,,,3.8637015371341525,0.025103233754634857,0.9965579299145846,3.8637015371341525,,-0.0,2.3277319754160017,459.7973333358765,1217.0646953298553,1217.0646953298553,0.011958973128916727,0.0,1217.0646953298553,0.005,46.606813060507456,0.08059460703337358,0.08076829835772514,0.09059959352016449,0.11844980716705322,1.4605144190778026,1.2255176326223798,3.0263962305008736,,,,,,,,,,,,,,,,,,1,update_snr,bayesian,0.1,20,101770,10177,0.1,0.244237157542856,0.12849283603818992,0.11998962573174227,0.24422644498142934,0.12849283603818992,0.11998962573174227,0.24422644498142934,0.2754868760292174,0.2694463255566235,0.31087097341586595,0.1121601649280758,0.10687638149036287,0.2117258157983832,0.2754868760292174,0.2694463255566235,0.31087097341586595,0.1121601649280758,0.10687638149036287,0.2117258157983832,2.1111526379967667,3.2359270861890748,0.5464067598665204,0.837519941716119,0.5464067598665204,814160,203540,81416,122124,0.75,,,,,,,,,0.007950019944937766,1
bayesfl_observability_v1,vi_sparse_bayesian_keep010_seed42,74,vi,173,13,1,,5,256,461.0404378652573,0.0018939905567094684,1216.5947380490927,1216.5947380490927,,,3.863633076074851,0.025086455047130585,0.9965555088170804,3.863633076074851,,-0.0,2.3292713582565514,461.0404378652573,1216.5947380490927,1216.5947380490927,0.011954355291825614,0.0018939905567094684,1216.5947380490927,0.005,46.58998814808055,0.08059474023276261,0.08076779544353485,0.09062960147857665,0.12013212591409683,1.460340595276753,1.2247993449585235,3.025940762530856,,,,,,,,,,,,,,,,,,1,update_snr,bayesian,0.1,20,101770,10177,0.1,0.24393296568973755,0.12847629023614696,0.12055074551120265,0.24393049432320227,0.12847629023614696,0.12055074551120265,0.24393049432320227,0.2752820105668855,0.26948864876137607,0.31064782722353473,0.11216454353273156,0.10714420163808483,0.21146129199979963,0.2752820105668855,0.26948864876137607,0.31064782722353473,0.11216454353273156,0.10714420163808483,0.21146129199979963,2.1158593415810674,3.2327696783383386,0.5476346485082416,0.8367175698844,0.5476346485082416,814160,203540,81416,122124,0.75,,,,,,,,,0.007946083906890299,1
bayesfl_observability_v1,vi_sparse_bayesian_keep010_seed42,74,vi,260,20,171,,5,256,755.3190111160278,0.010892202979639956,7.467767922406785,7.467767922406785,,,3.959685891411423,0.02508254535496235,0.9963870621815765,3.959685891411423,,-0.0,2.311121424016332,755.3190111160278,1276.9883147315602,7.467767922406785,0.01254778731189506,0.010892202979639956,7.467767922406785,0.005,46.623035889456,0.08058796664931439,0.08075082674622536,0.09064026549458504,0.11860570311546326,1.4613533106065382,1.2246665612725245,3.026781109424776,,,,,,,,,,,,,,,,,,1,update_snr,bayesian,0.1,20,101770,10177,0.1,0.2473588538659565,0.13258332509430784,0.1263893096889277,0.2473577148244056,0.13258332509430784,0.1263893096889277,0.2473577148244056,0.27776274856260413,0.27172482409475274,0.3121550815539187,0.1164522780422749,0.11292818152478033,0.21649780439139962,0.27776274856260413,0.27172482409475274,0.3121550815539187,0.1164522780422749,0.11292818152478033,0.21649780439139962,2.1240714259781894,3.3417709281136645,0.5364242225842485,0.8439484897935923,0.5364242225842485,814160,203540,81416,122124,0.75,,,,,,,,,0.007953071044940491,171
bayesfl_observability_v1,vi_sparse_bayesian_keep010_seed42,75,vi,174,13,3,,5,256,480.11581540107727,0.4409382740656535,401.46693530466126,401.46693530466126,,,3.858834035013291,0.025060072541236877,0.9966119933919417,3.858834035013291,,-0.0,2.28098669344155,480.11581540107727,1204.4008059139837,401.46693530466126,0.011834536758514137,0.4409382740656535,401.46693530466126,0.005,46.91767220698085,0.08091254958547443,0.08108137920498848,0.09096930623054504,0.12291742116212845,1.46475030000804,1.2250106009912565,3.031103734795882,,,,,,,,,,,,,,,,,,1,update_snr,bayesian,0.1,20,101770,10177,0.1,0.24368108025413476,0.12769181121120118,0.11907300810576299,0.24367951470477972,0.12769181121120118,0.11907300810576299,0.24367951470477972,0.2739896677746764,0.2678986550255843,0.3089453694438741,0.1114364938152595,0.10595803451208759,0.21082189390065081,0.2739896677746764,0.2678986550255843,0.3089453694438741,0.1114364938152595,0.10595803451208759,0.21082189390065081,2.110444185913635,3.2305766432512177,0.5469124006796955,0.8371898386762546,0.5469124006796955,814160,203540,81416,122124,0.75,,,,,,,,,0.007967258322210036,3
bayesfl_observability_v1,vi_sparse_bayesian_keep010_seed42,75,vi,196,15,1,,5,256,483.59650614261625,0.0073004853911697865,1204.517073048061,1204.517073048061,,,3.860937580022773,0.02502846159040928,0.9966089668681036,3.860937580022773,,-0.0,2.185987945410232,483.59650614261625,1204.517073048061,1204.517073048061,0.011835679208490333,0.0073004853911697865,1204.517073048061,0.005,46.92239597905778,0.08091378122959071,0.08108601719141006,0.09098574966192245,0.11879212409257889,1.4649380439099984,1.224079333546297,3.034364971138824,,,,,,,,,,,,,,,,,,1,update_snr,bayesian,0.1,20,101770,10177,0.1,0.24305860394497592,0.12785943986233383,0.11984560348196086,0.24304763127448184,0.12785943986233383,0.11984560348196086,0.24304763127448184,0.27361194593549815,0.2674027616133585,0.30867908249431647,0.1116647169653156,0.10678043153526501,0.21069328935345527,0.27361194593549815,0.2674027616133585,0.30867908249431647,0.1116647169653156,0.10678043153526501,0.21069328935345527,2.110475266848989,3.2330686885451114,0.5466224778584844,0.8373791654321543,0.5466224778584844,814160,203540,81416,122124,0.75,,,,,,,,,0.007972253374704048,1
bayesfl_observability_v1,vi_sparse_bayesian_keep010_seed42,75,vi,84,6,12,,5,256,481.25379111766813,0.11915868520736694,99.9514536504861,99.9514536504861,,,3.8500118891941533,0.02509857714176178,0.9966270675739117,3.8500118891941533,,-0.0,2.3277319754160017,481.25379111766813,1199.4174438058333,99.9514536504861,0.011785569851683534,0.11915868520736694,99.9514536504861,0.005,46.914657607697194,0.08091533647778228,0.08108034357428551,0.09097802564501763,0.12193606048822403,1.4650002502454846,1.2246073684198477,3.0339903418710925,,,,,,,,,,,,,,,,,,1,update_snr,bayesian,0.1,20,101770,10177,0.1,0.2429354873457793,0.12750011773744646,0.11893665810070035,0.24292214876008858,0.12750011773744646,0.11893665810070035,0.24292214876008858,0.2738901015368218,0.26733541180398795,0.30978670536002567,0.11123456398196026,0.10604608015182306,0.20999690310939526,0.2738901015368218,0.26733541180398795,0.30978670536002567,0.11123456398196026,0.10604608015182306,0.20999690310939526,2.11119276300742,3.2195429278643637,0.5483600632332889,0.8362423339264666,0.5483600632332889,814160,203540,81416,122124,0.75,,,,,,,,,0.007975174067532207,12
bayesfl_observability_v1,vi_sparse_bayesian_keep010_seed42,75,vi,85,6,1,,5,256,454.026797580719,0.0010602811817079782,1202.00946970264,1202.00946970264,,,3.855975122007732,0.025083720684051514,0.9966196586093883,3.855975122007732,,-0.0,2.3277319754160017,454.026797580719,1202.00946970264,1202.00946970264,0.011811039301391766,0.0010602811817079782,1202.00946970264,0.005,46.93580874619272,0.08092084140675591,0.08108992502093315,0.09098696559667588,0.11988381296396255,1.465204101751621,1.226704105110121,3.0385923364077025,,,,,,,,,,,,,,,,,,1,update_snr,bayesian,0.1,20,101770,10177,0.1,0.2432040818650531,0.1276167772608862,0.1191054311675625,0.24320272717900124,0.1276167772608862,0.1191054311675625,0.24320272717900124,0.2738580711003317,0.26767134634118067,0.3082655756448935,0.11136774461205892,0.10601437846348306,0.2105764255547967,0.2738580711003317,0.26767134634118067,0.3082655756448935,0.11136774461205892,0.10601437846348306,0.2105764255547967,2.1118458872303774,3.2262441150865655,0.5476814088288983,0.8366869632205309,0.5476814088288983,814160,203540,81416,122124,0.75,,,,,,,,,0.007971231531402157,1
bayesfl_observability_v1,vi_sparse_bayesian_keep010_seed42,75,vi,205,16,1,,5,256,474.0180174231529,0.28073418140411377,1203.4892552835488,1203.4892552835488,,,3.8576870384229114,0.02510574460029602,0.9966180660535428,3.8576870384229114,,-0.0,2.3096097079310103,474.0180174231529,1203.4892552835488,1203.4892552835488,0.011825579790542879,0.28073418140411377,1203.4892552835488,0.005,46.94513668202285,0.08091701792041146,0.08109618723392487,0.09096970111131668,0.12159287929534912,1.465610750125387,1.2276610366971497,3.033721758929734,,,,,,,,,,,,,,,,,,1,update_snr,bayesian,0.1,20,101770,10177,0.1,0.24324770602986384,0.1277205139161352,0.11950914751161246,0.2432380743124262,0.1277205139161352,0.11950914751161246,0.2432380743124262,0.2738314759634017,0.26822764726798165,0.3077348717135274,0.11148596257755003,0.10638371263611761,0.21089699570057618,0.2738314759634017,0.26822764726798165,0.3077348717135274,0.11148596257755003,0.10638371263611761,0.21089699570057618,2.110238341341778,3.2293410208813884,0.5470216532143778,0.8371184569190969,0.5470216532143778,814160,203540,81416,122124,0.75,,,,,,,,,0.007968715930144947,1
bayesfl_observability_v1,vi_sparse_bayesian_keep010_seed42,75,vi,13,1,2367,,5,256,1890.772461271882,0.012354144276472703,0.7707635959560075,0.7707635959560075,,,4.616855037122954,0.08837975561618805,0.9951614706357532,4.616855037122954,,0.003375492055621423,2.400659735165369,1890.772461271882,1824.3974316278698,0.7707635959560075,0.01792667221801975,0.012354144276472703,0.7707635959560075,0.005,46.98945430444025,0.08167694032985094,0.08172492682933807,0.09243334978818893,0.12422733008861542,1.4547327093784326,1.2190458078679673,3.0153298088528104,,,,,,,,,,,,,,,,,,1,update_snr,bayesian,0.1,20,101770,10177,0.1,0.29197820411120096,0.1415995733143873,0.11927446632137906,0.2919723144512743,0.1415995733143873,0.11927446632137906,0.2919723144512743,0.3694598644854613,0.3491346445789137,0.4669856851775766,0.1162817631842679,0.10567120439881623,0.23240436886679045,0.3694598644854613,0.3491346445789137,0.4669856851775766,0.1162817631842679,0.10567120439881623,0.23240436886679045,3.0508626096634326,3.465196642438255,0.6608097038205065,0.7505534859932774,0.6608097038205065,814160,203540,81416,122124,0.75,,,,,,,,,0.008485855050085825,2367
bayesfl_observability_v1,vi_sparse_bayesian_keep010_seed42,75,vi,218,17,1,,5,256,477.5591022968292,0.08954043686389923,1210.3487193526591,1210.3487193526591,,,3.8704816948544543,0.02506246417760849,0.9965942253835336,3.8704816948544543,,-0.0,2.185987945410232,477.5591022968292,1210.3487193526591,1210.3487193526591,0.01189298142235098,0.08954043686389923,1210.3487193526591,0.005,46.936466020481696,0.08090996966725005,0.08106859400868416,0.09095667749643326,0.12013253569602966,1.4661647210404585,1.227568630681998,3.0356352346958504,,,,,,,,,,,,,,,,,,1,update_snr,bayesian,0.1,20,101770,10177,0.1,0.24380507180211078,0.12816125832581668,0.12009019340039388,0.24380365848045116,0.12816125832581668,0.12009019340039388,0.24380365848045116,0.2748140913199728,0.26901641975435553,0.3108137641111208,0.11186649910424377,0.106544773914983,0.21097726049698148,0.2748140913199728,0.26901641975435553,0.3108137641111208,0.11186649910424377,0.106544773914983,0.21097726049698148,2.1194459006335635,3.2386073588027005,0.5475922812013876,0.8367452979065142,0.5475922812013876,814160,203540,81416,122124,0.75,,,,,,,,,0.007973363772681258,1
bayesfl_observability_v1,vi_sparse_bayesian_keep010_seed42,75,vi,33,2,1,,5,256,480.69722800254823,0.398807555437088,1199.2560300554928,1199.2560300554928,,,3.8534334619808415,0.02508903294801712,0.996622192087145,3.8534334619808415,,-0.0,2.3096097079310103,480.69722800254823,1199.2560300554928,1199.2560300554928,0.011783983787515898,0.398807555437088,1199.2560300554928,0.005,46.92263732180603,0.08091555907129011,0.081095851957798,0.09096914306282998,0.11933158338069916,1.4648072551016829,1.224355819307084,3.0316112441358687,,,,,,,,,,,,,,,,,,1,update_snr,bayesian,0.1,20,101770,10177,0.1,0.2427714747252808,0.12758426114504667,0.11919525730016148,0.2427706309738472,0.12758426114504667,0.11919525730016148,0.2427706309738472,0.2733814321073334,0.267152934194804,0.3088274872491936,0.11138457548257037,0.10619052363884805,0.21009891058064464,0.2733814321073334,0.267152934194804,0.3088274872491936,0.11138457548257037,0.10619052363884805,0.21009891058064464,2.110048274605443,3.2243829990787782,0.5475761539478566,0.8367558518634178,0.5475761539478566,814160,203540,81416,122124,0.75,,,,,,,,,0.007962612542871377,1
bayesfl_observability_v1,vi_sparse_bayesian_keep010_seed42,75,vi,140,11,2,,5,256,480.1203161716461,6.472766835941002e-05,600.4062895126523,600.4062895126523,,,3.852031060662281,0.025058917701244354,0.9966220808403629,3.852031060662281,,-0.0,2.3277319754160017,480.1203161716461,1200.8125790253046,600.4062895126523,0.01179927855974555,6.472766835941002e-05,600.4062895126523,0.005,46.90417180946189,0.08091905301765678,0.0811007171869278,0.0909679688513279,0.12294745445251465,1.463924494093495,1.2229283581083537,3.0331111650713645,,,,,,,,,,,,,,,,,,1,update_snr,bayesian,0.1,20,101770,10177,0.1,0.24317524365928597,0.12759440740119965,0.11902691433032098,0.24317524362941398,0.12759440740119965,0.11902691433032098,0.24317524362941398,0.2741681368865725,0.26782877292818685,0.3088204432267371,0.11130843745838041,0.10632886063304933,0.2101115855838869,0.2741681368865725,0.26782877292818685,0.3088204432267371,0.11130843745838041,0.10632886063304933,0.2101115855838869,2.1110954731503004,3.222020979998624,0.5480473651184263,0.8364472999458786,0.5480473651184263,814160,203540,81416,122124,0.75,,,,,,,,,0.00797235456609946,2
bayesfl_observability_v1,vi_sparse_bayesian_keep010_seed42,75,vi,95,7,18,,5,256,519.0270039558411,0.22416279051038954,66.86898347007453,66.86898347007453,,,3.858916645035095,0.0250433087348938,0.9966141259484484,3.858916645035095,,-0.0,2.28098669344155,519.0270039558411,1203.6417024613415,66.86898347007453,0.011827077748465574,0.22416279051038954,66.86898347007453,0.005,46.93337333825364,0.08091214249869415,0.08106755465269089,0.09096493646502495,0.1195598840713501,1.4654242456256137,1.2282860342733626,3.036309324441167,,,,,,,,,,,,,,,,,,1,update_snr,bayesian,0.1,20,101770,10177,0.1,0.24266273355263882,0.12795959694490922,0.11997511137157812,0.24265768834204024,0.12795959694490922,0.11997511137157812,0.24265768834204024,0.27326022005204437,0.2668980507102738,0.30856045029913287,0.11181508326633863,0.1069793111653839,0.2107502188817137,0.27326022005204437,0.2668980507102738,0.30856045029913287,0.11181508326633863,0.1069793111653839,0.2107502188817137,2.108116751104859,3.2321945233911924,0.5462975609533247,0.8375911740798426,0.5462975609533247,814160,203540,81416,122124,0.75,,,,,,,,,0.00796710354857843,18
bayesfl_observability_v1,vi_sparse_bayesian_keep010_seed42,75,vi,239,19,577,,5,256,1425.688352188468,0.0037038181287008926,3.9531697321016583,3.9531697321016583,,,5.300328778044355,0.060128603130578995,0.993639826034034,5.300328778044355,,-0.0,2.311121424016332,1425.688352188468,2280.978935422657,3.9531697321016583,0.022413077875824475,0.0037038181287008926,3.9531697321016583,0.005,47.070060650592545,0.08135595617233284,0.0814909040927887,0.09174164980649949,0.12236609309911728,1.4619085697250207,1.2229702008236008,3.029614145466299,,,,,,,,,,,,,,,,,,1,update_snr,bayesian,0.1,20,101770,10177,0.1,0.3389188359357579,0.16625563776401817,0.14288444639855807,0.338907328092586,0.16625563776401817,0.14288444639855807,0.338907328092586,0.4180967940742194,0.39943221485253905,0.5161683555445403,0.13827328706288466,0.1267079304953554,0.27303291982727507,0.4180967940742194,0.39943221485253905,0.5161683555445403,0.13827328706288466,0.1267079304953554,0.27303291982727507,3.379812512319814,4.08293430475336,0.6376609176245954,0.7703171776185226,0.6376609176245954,814160,203540,81416,122124,0.75,,,,,,,,,0.008180613975638733,577
bayesfl_observability_v1,vi_sparse_bayesian_keep010_seed42,75,vi,244,19,1,,5,256,469.602265393734,0.03805185854434967,1204.272778979444,1204.272778979444,,,3.8586596793968875,0.025100402534008026,0.9966132348956697,3.8586596793968875,,-0.0,2.28098669344155,469.602265393734,1204.272778979444,1204.272778979444,0.011833278755816488,0.03805185854434967,1204.272778979444,0.005,46.924209491204735,0.08091865123746594,0.08109640702605247,0.09099964499473571,0.11960902065038681,1.4648085669848094,1.2245396768750978,3.0388670715232453,,,,,,,,,,,,,,,,,,1,update_snr,bayesian,0.1,20,101770,10177,0.1,0.24284310984083368,0.1278087496029571,0.11955889223176334,0.24283999118150731,0.1278087496029571,0.11955889223176334,0.24283999118150731,0.27405780224209647,0.2683353390468971,0.3091098616003561,0.11155885486527498,0.10655938388466833,0.21036112657187941,0.27405780224209647,0.2683353390468971,0.3091098616003561,0.11155885486527498,0.10655938388466833,0.21036112657187941,2.112680817555704,3.228906050744658,0.5475167527305539,0.8367947212305956,0.5475167527305539,814160,203540,81416,122124,0.75,,,,,,,,,0.007978056974430681,1
bayesfl_observability_v1,vi_sparse_bayesian_keep010_seed42,75,vi,64,5,1,,5,256,468.32809269428253,0.1219220906496048,1202.062762954293,1202.062762954293,,,3.855780165734374,0.025093622505664825,0.9966218966301226,3.855780165734374,,-0.0,2.185987945410232,468.32809269428253,1202.062762954293,1202.062762954293,0.011811562965061344,0.1219220906496048,1202.062762954293,0.005,46.94824886860906,0.0809185163845927,0.08108321204781532,0.0909661002457142,0.11881459504365921,1.4655857416903664,1.227541170955521,3.0391563669648614,,,,,,,,,,,,,,,,,,1,update_snr,bayesian,0.1,20,101770,10177,0.1,0.24303190547763903,0.12758298553882644,0.1195217304143186,0.2430316928316169,0.12758298553882644,0.1195217304143186,0.2430316928316169,0.27402194259024143,0.267826098733891,0.30937168580151697,0.11131199031089144,0.10631518325956531,0.2100289035341319,0.27402194259024143,0.267826098733891,0.30937168580151697,0.11131199031089144,0.10631518325956531,0.2100289035341319,2.112028953625309,3.2258912544472094,0.5477565791728821,0.8366377531362202,0.5477565791728821,814160,203540,81416,122124,0.75,,,,,,,,,0.00797215635838971,1
bayesfl_observability_v1,vi_sparse_bayesian_keep010_seed42,75,vi,72,5,1,,5,256,472.5058480978012,3.373778820037842,1199.3623973796664,1199.3623973796664,,,3.850161855437077,0.025049127638339996,0.9966312935964241,3.850161855437077,,-0.0,2.28098669344155,472.5058480978012,1199.3623973796664,1199.3623973796664,0.011785028961183712,3.373778820037842,1199.3623973796664,0.005,46.945250748883986,0.08091849690458594,0.08110112324357033,0.09096872285008431,0.12100895494222641,1.4651217811432276,1.2264458964108131,3.0340470380659568,,,,,,,,,,,,,,,,,,1,update_snr,bayesian,0.1,20,101770,10177,0.1,0.24252313289858712,0.12751105087635636,0.11945086051523097,0.24251509637960472,0.12751105087635636,0.11945086051523097,0.24251509637960472,0.2740089601846852,0.26792110797198804,0.3095300422436621,0.11123350539765314,0.10641482595697274,0.20947174941550326,0.2740089601846852,0.26792110797198804,0.3095300422436621,0.11123350539765314,0.10641482595697274,0.20947174941550326,2.1108166287237045,3.2199688621112763,0.5482410111520054,0.8363203893789914,0.5482410111520054,814160,203540,81416,122124,0.75,,,,,,,,,0.0079678096893952,1
bayesfl_observability_v1,vi_sparse_bayesian_keep010_seed42,75,vi,73,5,1,,5,256,484.79441914558413,0.049139171838760376,1198.3791953816315,1198.3791953816315,,,3.8487882910950404,0.025109972804784775,0.9966303577204986,3.8487882910950404,,-0.0,2.28098669344155,484.79441914558413,1198.3791953816315,1198.3791953816315,0.011775367941256082,0.049139171838760376,1198.3791953816315,0.005,46.92273040664695,0.08091472108288611,0.08109105750918388,0.09097356796264648,0.12332679331302643,1.4650766333436094,1.226732363995546,3.03353824943605,,,,,,,,,,,,,,,,,,1,update_snr,bayesian,0.1,20,101770,10177,0.1,0.24274015351079714,0.12753879729685136,0.1192405932509528,0.2427394349023513,0.12753879729685136,0.1192405932509528,0.2427394349023513,0.27378684848690493,0.26783277411012685,0.308892036953154,0.11128901383128985,0.10626933418865823,0.20960138162034128,0.27378684848690493,0.26783277411012685,0.308892036953154,0.11128901383128985,0.10626933418865823,0.20960138162034128,2.1113998843676804,3.2179437282156504,0.548588211321687,0.836092682899972,0.548588211321687,814160,203540,81416,122124,0.75,,,,,,,,,0.007973034100446813,1
bayesfl_observability_v1,vi_sparse_bayesian_keep010_seed42,76,vi,168,13,2012,,5,256,1970.9217410564422,0.11995708681717071,0.9235200241502148,0.9235200241502148,,,4.710483885998111,0.06597578525543213,0.9950496394440059,4.710483885998111,,0.33910841614601644,1.9866937607637536,1970.9217410564422,1858.1222885902323,0.9235200241502148,0.018258055306968973,0.11995708681717071,0.9235200241502148,0.005,47.399109885623595,0.08202788060326215,0.0820925123989582,0.09282628223299981,0.12572617828845978,1.4608755609180657,1.2220826059627665,3.0257678725256034,,,,,,,,,,,,,,,,,,1,update_snr,bayesian,0.1,20,101770,10177,0.1,0.2972041460480039,0.14397482122481695,0.12143035051797815,0.2972011555835435,0.14397482122481695,0.12143035051797815,0.2972011555835435,0.37387249635154224,0.3548912948402385,0.4655296573623875,0.11843063509962524,0.10758111659160817,0.2371743763299127,0.37387249635154224,0.3548912948402385,0.4655296573623875,0.11843063509962524,0.10758111659160817,0.2371743763299127,3.1011306237674363,3.5456518857016706,0.658346509365106,0.7527150015821309,0.658346509365106,814160,203540,81416,122124,0.75,,,,,,,,,0.008490133207735529,2012
bayesfl_observability_v1,vi_sparse_bayesian_keep010_seed42,76,vi,98,7,50,,5,256,459.5394174337387,0.004729803204536438,24.012791531071493,24.012791531071493,,,3.872687103787999,0.025109954178333282,0.996643966237858,3.872687103787999,,-0.0,2.185987945410232,459.5394174337387,1200.6395765535747,24.012791531071493,0.011797578623892843,0.004729803204536438,24.012791531071493,0.005,47.309120444682826,0.08128847760144961,0.08147342130541801,0.09137670621275902,0.122444286942482,1.470065536693093,1.2342301058148561,3.0495242365464503,,,,,,,,,,,,,,,,,,1,update_snr,bayesian,0.1,20,101770,10177,0.1,0.2427874341041254,0.12759400873670734,0.1193902161046039,0.24278682583942404,0.12759400873670734,0.1193902161046039,0.24278682583942404,0.27341913335736645,0.2672731057570309,0.30838547174964903,0.11139121711218967,0.10610487061743669,0.21022767438453338,0.27341913335736645,0.2672731057570309,0.30838547174964903,0.11139121711218967,0.10610487061743669,0.21022767438453338,2.117902855096952,3.2422512086848037,0.5468819964890433,0.8372097000848465,0.5468819964890433,814160,203540,81416,122124,0.75,,,,,,,,,0.008011169966214971,50
bayesfl_observability_v1,vi_sparse_bayesian_keep010_seed42,76,vi,105,8,1,,5,256,482.7183313369751,9.54514217376709,1189.4079929597312,1189.4079929597312,,,3.853144733776228,0.025049887597560883,0.9966811331647979,3.853144733776228,,-0.0,2.3096097079310103,482.7183313369751,1189.4079929597312,1189.4079929597312,0.011687216202807618,9.54514217376709,1189.4079929597312,0.005,47.33309374202523,0.08128852103283642,0.08147847652435303,0.09139952063560486,0.12140320986509323,1.4713980721271738,1.2333826183983083,3.049889909241679,,,,,,,,,,,,,,,,,,1,update_snr,bayesian,0.1,20,101770,10177,0.1,0.24149654267367168,0.12705344384059564,0.11873631302625332,0.24149579702084156,0.12705344384059564,0.11873631302625332,0.24149579702084156,0.2724478833697971,0.26649008879282104,0.3077565755614825,0.1108985061151288,0.1057802284588256,0.20903747036145764,0.2724478833697971,0.26649008879282104,0.3077565755614825,0.1108985061151288,0.1057802284588256,0.20903747036145764,2.1147036507848664,3.220986309934373,0.5488253872862898,0.8359370157314813,0.5488253872862898,814160,203540,81416,122124,0.75,,,,,,,,,0.008009389492402066,1
bayesfl_observability_v1,vi_sparse_bayesian_keep010_seed42,76,vi,111,8,11,,5,256,492.0370096206665,0.15787876736034046,109.04265303022856,109.04265303022856,,,3.867065333630408,0.025063693523406982,0.9966528279831932,3.867065333630408,,-0.0,2.3096097079310103,492.0370096206665,1199.4691833325141,109.04265303022856,0.011786078248329706,0.15787876736034046,109.04265303022856,0.005,47.3024400342861,0.08129157599376896,0.08147894218564034,0.09140312448143958,0.1213802918791771,1.470282784954909,1.2324182931114975,3.047182883721298,,,,,,,,,,,,,,,,,,1,update_snr,bayesian,0.1,20,101770,10177,0.1,0.24234655041718964,0.12767519889212123,0.11956984783601343,0.2423406766694918,0.12767519889212123,0.11956984783601343,0.2423406766694918,0.27291689984304907,0.26662137375730777,0.3085376193694008,0.11153723211979595,0.10657162482728698,0.21019340528950803,0.27291689984304907,0.26662137375730777,0.3085376193694008,0.11153723211979595,0.10657162482728698,0.21019340528950803,2.112320226162056,3.2391816183586792,0.5462333950740382,0.8376330211410546,0.5462333950740382,814160,203540,81416,122124,0.75,,,,,,,,,0.008021066421544234,11
bayesfl_observability_v1,vi_sparse_bayesian_keep010_seed42,76,vi,187,15,29,,5,256,518.1624074935913,0.047551936116711845,41.22714953451376,41.22714953451376,,,3.861026679737225,0.025079499930143356,0.9966643848092093,3.861026679737225,,-0.0,2.28098669344155,518.1624074935913,1195.587336500899,41.22714953451376,0.011747934916978472,0.047551936116711845,41.22714953451376,0.005,47.31069800436219,0.08128831644012749,0.08147159591317177,0.09143596589565277,0.12264987826347351,1.4703665048371972,1.2292703231501234,3.049245339412342,,,,,,,,,,,,,,,,,,1,update_snr,bayesian,0.1,20,101770,10177,0.1,0.2420079084749969,0.1273357852128111,0.11923353614031823,0.24200767401481735,0.1273357852128111,0.11923353614031823,0.24200767401481735,0.27323517510953094,0.26706572230120906,0.3086437175901762,0.11112474189095337,0.10606482793996723,0.20960013652896836,0.27323517510953094,0.26706572230120906,0.3086437175901762,0.11112474189095337,0.10606482793996723,0.20960013652896836,2.113195615259475,3.231397733689061,0.5473144296954964,0.8369270667430313,0.5473144296954964,814160,203540,81416,122124,0.75,,,,,,,,,0.008016216440126674,29
bayesfl_observability_v1,vi_sparse_bayesian_keep010_seed42,76,vi,197,15,49,,5,256,531.9669890403748,0.05227781801807637,24.637123185978094,24.637123185978094,,,3.87893393151248,0.0250723734498024,0.9966352696934541,3.87893393151248,,-0.0,2.259365973874069,531.9669890403748,1207.2190361129267,24.637123185978094,0.011862228909432315,0.05227781801807637,24.637123185978094,0.005,47.324697304741804,0.08128952247381556,0.08150031790137291,0.09141881465911865,0.12159811705350876,1.4710312633427827,1.2321325210837202,3.0508276709656155,,,,,,,,,,,,,,,,,,1,update_snr,bayesian,0.1,20,101770,10177,0.1,0.2432986470632274,0.1280856120288599,0.12009280926020631,0.24329663987608596,0.1280856120288599,0.12009280926020631,0.24329663987608596,0.27398665643770526,0.26762296805188535,0.3084542189881671,0.11187438487232157,0.10689239485630253,0.21053389876966838,0.27398665643770526,0.26762296805188535,0.3084542189881671,0.11187438487232157,0.10689239485630253,0.21053389876966838,2.1192870897102933,3.2488075776238494,0.5463581301277637,0.83755166625307,0.5463581301277637,814160,203540,81416,122124,0.75,,,,,,,,,0.00801523701417908,49
bayesfl_observability_v1,vi_sparse_bayesian_keep010_seed42,76,vi,136,10,1,,5,256,490.1217866897583,0.1666191965341568,1191.0103153030393,1191.0103153030393,,,3.8560673965422945,0.02504803240299225,0.9966741901233893,3.8560673965422945,,-0.0,2.3155014849272724,490.1217866897583,1191.0103153030393,1191.0103153030393,0.011702960747794432,0.1666191965341568,1191.0103153030393,0.005,47.319698842995734,0.08128833806701719,0.08145710080862045,0.09140902981162072,0.11916010826826096,1.4709755825567203,1.2345018976498463,3.044779801285053,,,,,,,,,,,,,,,,,,1,update_snr,bayesian,0.1,20,101770,10177,0.1,0.24198969117211858,0.12708546576853766,0.11885053103794811,0.24198390473280137,0.12708546576853766,0.11885053103794811,0.24198390473280137,0.27218865644990675,0.26642330560450345,0.3067127712238108,0.1109628890261633,0.10564879327151451,0.20942639906970226,0.27218865644990675,0.26642330560450345,0.3067127712238108,0.1109628890261633,0.10564879327151451,0.20942639906970226,2.11175349645686,3.2264148736451594,0.5476443431332276,0.8367112246373755,0.5476443431332276,814160,203540,81416,122124,0.75,,,,,,,,,0.008013948074368763,1
bayesfl_observability_v1,vi_sparse_bayesian_keep010_seed42,76,vi,12,1,1,,5,256,485.9575211763382,0.4492226243019104,1195.221278476896,1195.221278476896,,,3.8590488961049374,0.025019820779561996,0.9966735292917975,3.8590488961049374,,-0.0,2.3277319754160017,485.9575211763382,1195.221278476896,1195.221278476896,0.011744338002131238,0.4492226243019104,1195.221278476896,0.005,47.35055561124756,0.08128878491337388,0.08146143332123756,0.09134999588131905,0.11896772682666779,1.471980235006032,1.2332908825835505,3.0521133683219417,,,,,,,,,,,,,,,,,,1,update_snr,bayesian,0.1,20,101770,10177,0.1,0.24158311776799746,0.12737905986737477,0.11952883076196599,0.2415823337456271,0.12737905986737477,0.11952883076196599,0.2415823337456271,0.2728533487616744,0.26644258870607074,0.30841851692813393,0.11121524999023033,0.10653700658662978,0.2091279505942511,0.2728533487616744,0.26644258870607074,0.30841851692813393,0.11121524999023033,0.10653700658662978,0.2091279505942511,2.1104473156413657,3.230831241403813,0.5468827611309897,0.8372092006050494,0.5468827611309897,814160,203540,81416,122124,0.75,,,,,,,,,0.008011727922300099,1
bayesfl_observability_v1,vi_sparse_bayesian_keep010_seed42,76,vi,216,17,1,,5,256,454.9146309375763,6.354511737823486,1196.0046940920672,1196.0046940920672,,,3.864613018910317,0.025055572390556335,0.9966593079626319,3.864613018910317,,-0.0,2.3096097079310103,454.9146309375763,1196.0046940920672,1196.0046940920672,0.011752035905395178,6.354511737823486,1196.0046940920672,0.005,47.31896622495292,0.08129168012849947,0.08146924152970314,0.09141891747713089,0.11915872246026993,1.4709952245104676,1.2330737451548521,3.045755146943088,,,,,,,,,,,,,,,,,,1,update_snr,bayesian,0.1,20,101770,10177,0.1,0.24252854102625437,0.1272302861359636,0.11894182510052517,0.2425283904498282,0.1272302861359636,0.11894182510052517,0.2425283904498282,0.27321124220831106,0.26716258213163585,0.3079866350627848,0.11101017990570279,0.105697206372352,0.20999782721253787,0.27321124220831106,0.26716258213163585,0.3079866350627848,0.11101017990570279,0.105697206372352,0.20999782721253787,2.1178493264684324,3.232637934614443,0.5480107105434299,0.836471315186412,0.5480107105434299,814160,203540,81416,122124,0.75,,,,,,,,,0.00801377999367809,1
bayesfl_observability_v1,vi_sparse_bayesian_keep010_seed42,76,vi,239,19,577,,5,256,1384.4939721763135,0.0024324637681142503,3.9153033280442444,3.9153033280442444,,,5.29533888117618,0.06018247455358505,0.9937621717457666,5.29533888117618,,-0.0,2.311121424016332,1384.4939721763135,2259.130020281529,3.9153033280442444,0.02219838872242831,0.0024324637681142503,3.9153033280442444,0.005,47.48291703787871,0.0817336583596246,0.0818580724298954,0.09215132296085358,0.12370223551988602,1.4684434849535535,1.2301941663279077,3.0440547769887605,,,,,,,,,,,,,,,,,,1,update_snr,bayesian,0.1,20,101770,10177,0.1,0.3371725780646503,0.16537801389974444,0.1421999255798351,0.3371546454951258,0.16537801389974444,0.1421999255798351,0.3371546454951258,0.4155105484636115,0.3972279856538006,0.5099935092798759,0.13758551005931477,0.12638254467026203,0.27159462041411575,0.4155105484636115,0.3972279856538006,0.5099935092798759,0.13758551005931477,0.12638254467026203,0.27159462041411575,3.376313924228388,4.079352663298175,0.6376011054232009,0.7703666856524364,0.6376011054232009,814160,203540,81416,122124,0.75,,,,,,,,,0.008218291865993764,577
bayesfl_observability_v1,vi_sparse_bayesian_keep010_seed42,76,vi,243,19,1,,5,256,470.22220426797867,0.010983013547956944,1193.3902171953014,1193.3902171953014,,,3.8596836088301667,0.025063276290893555,0.9966700657671208,3.8596836088301667,,-0.0,2.185987945410232,470.22220426797867,1193.3902171953014,1193.3902171953014,0.011726345850400917,0.010983013547956944,1193.3902171953014,0.005,47.33466216905689,0.08128434794833153,0.08148190006613731,0.09137437641620635,0.12224861979484558,1.4714178832360487,1.2336088798321716,3.048435613925347,,,,,,,,,,,,,,,,,,1,update_snr,bayesian,0.1,20,101770,10177,0.1,0.24210312426482136,0.12720082161360952,0.11899122530272416,0.24209865504520872,0.12720082161360952,0.11899122530272416,0.24209865504520872,0.2727518432634553,0.26693191335992,0.30762341143772054,0.11102848587473774,0.10596767899186085,0.20965635179712433,0.2727518432634553,0.26693191335992,0.30762341143772054,0.11102848587473774,0.10596767899186085,0.20965635179712433,2.113697894282212,3.229464161742504,0.547635015845989,0.8367173294604123,0.547635015845989,814160,203540,81416,122124,0.75,,,,,,,,,0.008010788860805175,1
bayesfl_observability_v1,vi_sparse_bayesian_keep010_seed42,76,vi,232,18,259,,5,256,1031.8114339351655,0.0020616055657488425,7.595716323027217,7.595716323027217,,,4.946332189495728,0.04706282168626785,0.9945494746447842,4.946332189495728,,-0.0,2.311121424016332,1031.8114339351655,1967.2905276640493,7.595716323027217,0.019330750984219804,0.0020616055657488425,7.595716323027217,0.005,47.439488178800005,0.08156044594141874,0.08173505589365959,0.09182764515280724,0.11949329823255539,1.4694792714979268,1.2325642875798064,3.044857452250891,,,,,,,,,,,,,,,,,,1,update_snr,bayesian,0.1,20,101770,10177,0.1,0.3175356835334206,0.15685732503747118,0.13752323763207336,0.3175339915993248,0.15685732503747118,0.13752323763207336,0.3175339915993248,0.38165857396736075,0.36733233112920427,0.45928506337110003,0.13187940848970572,0.12191417109029061,0.25884130143673434,0.38165857396736075,0.36733233112920427,0.45928506337110003,0.13187940848970572,0.12191417109029061,0.25884130143673434,3.054164705185868,3.890794273980406,0.6174604915682455,0.7866018950856325,0.6174604915682455,814160,203540,81416,122124,0.75,,,,,,,,,0.008124917683465113,259
bayesfl_observability_v1,vi_sparse_bayesian_keep010_seed42,76,vi,236,18,2,,5,256,501.14574818611146,1.4840008020401,593.6906379770414,593.6906379770414,,,3.848407851627268,0.02508150041103363,0.9966877680066701,3.848407851627268,,-0.0,2.259365973874069,501.14574818611146,1187.3812759540829,593.6906379770414,0.011667301522590968,1.4840008020401,593.6906379770414,0.005,47.3222737659414,0.08127800451119956,0.08146169409155846,0.09140118137001992,0.12129009515047073,1.4712599385016272,1.2359875776711606,3.049341440017034,,,,,,,,,,,,,,,,,,1,update_snr,bayesian,0.1,20,101770,10177,0.1,0.2418158393309391,0.12685549482409017,0.11861993593020848,0.24181446789913258,0.12685549482409017,0.11861993593020848,0.24181446789913258,0.27245707541171377,0.2664119536716717,0.3075082474255638,0.11067754142546535,0.10568642634909617,0.2089189695257448,0.27245707541171377,0.2664119536716717,0.3075082474255638,0.11067754142546535,0.10568642634909617,0.2089189695257448,2.1122583408654414,3.216925192464193,0.5488655107000392,0.8359106717610354,0.5488655107000392,814160,203540,81416,122124,0.75,,,,,,,,,0.008019104472566952,2
bayesfl_observability_v1,vi_sparse_bayesian_keep010_seed42,76,vi,251,20,1,,5,256,440.9328629016876,0.48744094371795654,1195.1818955288777,1195.1818955288777,,,3.859778914878226,0.025051139295101166,0.996666014942666,3.859778914878226,,-0.0,2.3163460082440825,440.9328629016876,1195.1818955288777,1195.1818955288777,0.011743951022195909,0.48744094371795654,1195.1818955288777,0.005,47.30675261626911,0.08128614983991501,0.0814613588154316,0.09138372242450714,0.12141924351453781,1.4704140307796705,1.2325699079457388,3.045440979067522,,,,,,,,,,,,,,,,,,1,update_snr,bayesian,0.1,20,101770,10177,0.1,0.24248850939532143,0.12724081723909744,0.11910018686882042,0.24248212354995902,0.12724081723909744,0.11910018686882042,0.24248212354995902,0.27322491337737675,0.2675105420813929,0.3077584797098136,0.11102036211262198,0.10590155827102003,0.20968244349626697,0.27322491337737675,0.2675105420813929,0.3077584797098136,0.11102036211262198,0.10590155827102003,0.20968244349626697,2.1127471886105442,3.23020008494161,0.5473751826734357,0.8368873337512186,0.5473751826734357,814160,203540,81416,122124,0.75,,,,,,,,,0.00801775063590375,1
bayesfl_observability_v1,vi_sparse_bayesian_keep010_seed42,76,vi,256,20,1979,,5,256,1885.3789716362953,0.06361939197480528,0.9422297199203609,0.9422297199203609,,,4.720289882268289,0.07300052046775818,0.9950284523749965,4.720289882268289,,1.070915936878561,1.1916887974754844,1885.3789716362953,1864.672615722394,0.9422297199203609,0.01832241933499454,0.06361939197480528,0.9422297199203609,0.005,47.39668475909878,0.08204453053941037,0.08211062848567963,0.09282177090644837,0.1226637214422226,1.4613078596302005,1.222105708202204,3.029738577642993,,,,,,,,,,,,,,,,,,1,update_snr,bayesian,0.1,20,101770,10177,0.1,0.2972731147767392,0.1443944546037051,0.12206027178134427,0.2972690273234101,0.1443944546037051,0.12206027178134427,0.2972690273234101,0.37401652549229947,0.3547143586629846,0.46765630124230556,0.11888089117163905,0.10809301646818037,0.2369672783525474,0.37401652549229947,0.3547143586629846,0.46765630124230556,0.11888089117163905,0.10809301646818037,0.2369672783525474,3.102833358266398,3.5571845219883937,0.657339577792066,0.7535945059965308,0.657339577792066,814160,203540,81416,122124,0.75,,,,,,,,,0.008495830160773132,1979
bayesfl_observability_v1,vi_sparse_bayesian_keep010_seed42,77,vi,139,11,6,,5,256,486.1778434753418,0.6592854658762614,197.22374969363514,197.22374969363514,,,3.8629116540381396,0.025045007467269897,0.9967308098491968,3.8629116540381396,,-0.0,2.28098669344155,486.1778434753418,1183.342498161811,197.22374969363514,0.011627616175315034,0.6592854658762614,197.22374969363514,0.005,47.81172624793846,0.08173099983521256,0.08189499378204346,0.09194124713540078,0.12245621532201767,1.4780657462526985,1.235045862757677,3.0616306989902777,,,,,,,,,,,,,,,,,,1,update_snr,bayesian,0.1,20,101770,10177,0.1,0.2409731928509608,0.1267898413213918,0.11868965542065767,0.24096792653305696,0.1267898413213918,0.11868965542065767,0.24096792653305696,0.271653785372017,0.26574211176391394,0.30696463386992107,0.11069384753798901,0.10567175191191751,0.20827233097855608,0.271653785372017,0.26574211176391394,0.30696463386992107,0.11069384753798901,0.10567175191191751,0.20827233097855608,2.1140103427943746,3.233117182760639,0.5472582684060272,0.8369637911291247,0.5472582684060272,814160,203540,81416,122124,0.75,,,,,,,,,0.008096756071210498,6
bayesfl_observability_v1,vi_sparse_bayesian_keep010_seed42,77,vi,293,23,2,,5,256,499.0800230026245,0.9987771511077881,588.3068723832928,588.3068723832928,,,3.851290714889463,0.025058139115571976,0.9967523378475353,3.851290714889463,,-0.0,2.3096097079310103,499.0800230026245,1176.6137447665856,588.3068723832928,0.011561498916837826,0.9987771511077881,588.3068723832928,0.005,47.82529688923307,0.08173287218690821,0.0819227397441864,0.09192996472120285,0.1233588308095932,1.4786312940078201,1.2363500361697102,3.064653499096515,,,,,,,,,,,,,,,,,,1,update_snr,bayesian,0.1,20,101770,10177,0.1,0.2409694478122265,0.12617351044214223,0.117583079537295,0.24096816203031757,0.12617351044214223,0.117583079537295,0.24096816203031757,0.27182928213316954,0.26586937511988606,0.3067701825703638,0.1099895358098059,0.10498187570644976,0.2080557742863721,0.27182928213316954,0.26586937511988606,0.3067701825703638,0.1099895358098059,0.10498187570644976,0.2080557742863721,2.1178039716545136,3.216729163022303,0.5498946011701683,0.8352340555819681,0.5498946011701683,814160,203540,81416,122124,0.75,,,,,,,,,0.00810019231236582,2
bayesfl_observability_v1,vi_sparse_bayesian_keep010_seed42,77,vi,297,23,72,,5,256,532.6774789810181,0.13926457034216988,16.45765344984117,16.45765344984117,,,3.8670183043891555,0.0250004380941391,0.9967266855423131,3.8670183043891555,,-0.0,2.3096097079310103,532.6774789810181,1184.9510483885642,16.45765344984117,0.011643421915972922,0.13926457034216988,16.45765344984117,0.005,47.832169382965255,0.08173067230159113,0.08191395178437233,0.09197450056672096,0.1196359246969223,1.4787577822212892,1.238196780533533,3.0640125383027645,,,,,,,,,,,,,,,,,,1,update_snr,bayesian,0.1,20,101770,10177,0.1,0.2411905964206736,0.12673994297484167,0.11849939536451566,0.2411863502595093,0.12673994297484167,0.11849939536451566,0.2411863502595093,0.2720979874497393,0.2658215204398259,0.3071431444305866,0.11058904914429749,0.10568455319383191,0.2087099558300332,0.2720979874497393,0.2658215204398259,0.3071431444305866,0.11058904914429749,0.10568455319383191,0.2087099558300332,2.116898809090655,3.2361350402218014,0.5474240467617972,0.8368553716305694,0.5474240467617972,814160,203540,81416,122124,0.75,,,,,,,,,0.008098646077413013,72
bayesfl_observability_v1,vi_sparse_bayesian_keep010_seed42,77,vi,135,10,1,,5,256,464.5974582195282,0.0004396664153318852,1180.5400385760752,1180.5400385760752,,,3.858913373744628,0.02507038414478302,0.9967358717970054,3.858913373744628,,-0.0,2.311121424016332,464.5974582195282,1180.5400385760752,1180.5400385760752,0.011600078987678836,0.0004396664153318852,1180.5400385760752,0.005,47.798697671128075,0.08173301553488557,0.08190510049462318,0.09194129183888436,0.1227487325668335,1.4779855764939827,1.2370422523262459,3.059276926253534,,,,,,,,,,,,,,,,,,1,update_snr,bayesian,0.1,20,101770,10177,0.1,0.24073815390367725,0.12643243612261204,0.11784343031059591,0.24073628412055612,0.12643243612261204,0.11784343031059591,0.24073628412055612,0.2712854819521003,0.2649842252339061,0.3062182053379181,0.11033765325266895,0.10510097905494521,0.20858684209016212,0.2712854819521003,0.2649842252339061,0.3062182053379181,0.11033765325266895,0.10510097905494521,0.20858684209016212,2.113722897169036,3.2285272091231465,0.5477508024798995,0.8366415351765814,0.5477508024798995,814160,203540,81416,122124,0.75,,,,,,,,,0.008092403470472609,1
bayesfl_observability_v1,vi_sparse_bayesian_keep010_seed42,77,vi,225,18,45,,5,256,475.57298109531405,0.010088160965177747,26.194990402070204,26.194990402070204,,,3.856320304282147,0.025020986795425415,0.9967428471589176,3.856320304282147,,-0.0,2.311121424016332,475.57298109531405,1178.7745680931591,26.194990402070204,0.011582731336279446,0.010088160965177747,26.194990402070204,0.005,47.81816900771268,0.08173871553700003,0.0819196030497551,0.09191890805959703,0.1226554587483406,1.478624274475497,1.2381346292833102,3.061593064387514,,,,,,,,,,,,,,,,,,1,update_snr,bayesian,0.1,20,101770,10177,0.1,0.24061886991305115,0.12647072720484406,0.11829639155960023,0.24060957707101355,0.12647072720484406,0.11829639155960023,0.24060957707101355,0.270607112988008,0.264445338802467,0.3049228547773514,0.11045557322893698,0.10518881867354399,0.20847300325414797,0.270607112988008,0.264445338802467,0.3049228547773514,0.11045557322893698,0.10518881867354399,0.20847300325414797,2.112019453099401,3.2265430601416845,0.547677393590508,0.8366895915152216,0.547677393590508,814160,203540,81416,122124,0.75,,,,,,,,,0.008099656822264519,45
bayesfl_observability_v1,vi_sparse_bayesian_keep010_seed42,77,vi,51,4,126,,5,256,491.532008266449,0.0574431267995683,9.366347250908165,9.366347250908165,,,3.8600575305912077,0.025080204010009766,0.9967357465275388,3.8600575305912077,,-0.0,2.185987945410232,491.532008266449,1180.1597536144288,9.366347250908165,0.011596342277826755,0.0574431267995683,9.366347250908165,0.005,47.81247167892395,0.08173240281848668,0.08188749104738235,0.09192904680967331,0.1201184019446373,1.4779406619358397,1.2371500558945172,3.06602300684174,,,,,,,,,,,,,,,,,,1,update_snr,bayesian,0.1,20,101770,10177,0.1,0.24078414600083353,0.1265577569971836,0.11828671082129272,0.24078243840569508,0.1265577569971836,0.11828671082129272,0.24078243840569508,0.27131263935382405,0.2655236952843715,0.3059017565279961,0.11047388117977912,0.10547718374355419,0.2080259071966429,0.27131263935382405,0.2655236952843715,0.3059017565279961,0.11047388117977912,0.10547718374355419,0.2080259071966429,2.11442452456576,3.2294354103138168,0.5477702101092555,0.8366288286431822,0.5477702101092555,814160,203540,81416,122124,0.75,,,,,,,,,0.008096497844790398,126
bayesfl_observability_v1,vi_sparse_bayesian_keep010_seed42,77,vi,280,22,9,,5,256,464.92588844299314,0.3468736542595757,131.7720899077098,131.7720899077098,,,3.867151365386287,0.025072529911994934,0.9967230310818046,3.867151365386287,,-0.0,2.259365973874069,464.92588844299314,1185.9488091693884,131.7720899077098,0.011653225991641824,0.3468736542595757,131.7720899077098,0.005,47.8073264624339,0.08173093900217737,0.08190567418932915,0.09191955998539925,0.12203188985586166,1.4777987317340222,1.2342454564258618,3.0612840014357117,,,,,,,,,,,,,,,,,,1,update_snr,bayesian,0.1,20,101770,10177,0.1,0.24117117214664396,0.1267557101150718,0.11844692948416699,0.24117010074673007,0.1267557101150718,0.11844692948416699,0.24117010074673007,0.27177448889618894,0.2658444665580084,0.30671313226179786,0.11064251247272544,0.10550662569785388,0.20934919617573372,0.27177448889618894,0.2658444665580084,0.30671313226179786,0.11064251247272544,0.10550662569785388,0.20934919617573372,2.115743443863746,3.2370494841068784,0.5471064470869,0.8370630415661353,0.5471064470869,814160,203540,81416,122124,0.75,,,,,,,,,0.008095845147196273,9
bayesfl_observability_v1,vi_sparse_bayesian_keep010_seed42,77,vi,282,22,9,,5,256,478.79046573638914,0.02939294113053216,130.50819218640888,130.50819218640888,,,3.849584587052757,0.02505565993487835,0.9967540993044836,3.849584587052757,,-0.0,2.185987945410232,478.79046573638914,1174.57372967768,130.50819218640888,0.01154145356861236,0.02939294113053216,130.50819218640888,0.005,47.81717923309371,0.081728026115588,0.08188164979219437,0.09194182232022285,0.12220064550638199,1.4785432628999036,1.2370373915119697,3.0612800527575987,,,,,,,,,,,,,,,,,,1,update_snr,bayesian,0.1,20,101770,10177,0.1,0.23972777614885463,0.12620648315955255,0.11836874679753667,0.23972734796272774,0.12620648315955255,0.11836874679753667,0.23972734796272774,0.27037065637414376,0.26454040657236555,0.3047602927599862,0.11018824169126468,0.10535142407441511,0.20821671317703347,0.27037065637414376,0.26454040657236555,0.3047602927599862,0.11018824169126468,0.10535142407441511,0.20821671317703347,2.1069682509077428,3.221798609866999,0.5473235366730409,0.836921111099317,0.5473235366730409,814160,203540,81416,122124,0.75,,,,,,,,,0.008092843104809842,9
bayesfl_observability_v1,vi_sparse_bayesian_keep010_seed42,77,vi,31,2,1,,5,256,461.90799980163575,9.298280929215252e-06,1185.0533301690793,1185.0533301690793,,,3.8650116377892108,0.02503921464085579,0.996729064001964,3.8650116377892108,,-0.0,2.3163460082440825,461.90799980163575,1185.0533301690793,1185.0533301690793,0.011644426944768393,9.298280929215252e-06,1185.0533301690793,0.005,47.82494232544696,0.08173173928487461,0.08189710602164268,0.09195921123027802,0.12174893915653229,1.4787023722170394,1.2357572910429737,3.058565705382942,,,,,,,,,,,,,,,,,,1,update_snr,bayesian,0.1,20,101770,10177,0.1,0.24121085430287087,0.1266849108468858,0.11828173854774887,0.2412069493789924,0.1266849108468858,0.11828173854774887,0.2412069493789924,0.2716834106044852,0.26553547102598735,0.30590006074687187,0.1105739664293748,0.10548222632473372,0.2088714348320512,0.2716834106044852,0.26553547102598735,0.30590006074687187,0.1105739664293748,0.10548222632473372,0.2088714348320512,2.113989094635458,3.235639823591063,0.546955428016424,0.8371617285586884,0.546955428016424,814160,203540,81416,122124,0.75,,,,,,,,,0.008099435456565565,1
bayesfl_observability_v1,vi_sparse_bayesian_keep010_seed42,77,vi,86,6,1,,5,256,461.2103009700775,4.8786492347717285,1183.5397570084322,1183.5397570084322,,,3.865364900212143,0.025083400309085846,0.9967300505600053,3.865364900212143,,-0.0,2.3292713582565514,461.2103009700775,1183.5397570084322,1183.5397570084322,0.011629554456209414,4.8786492347717285,1183.5397570084322,0.005,47.83606074468657,0.08173584638254411,0.08192038536071777,0.09192928001284599,0.12109507620334625,1.4789973092454114,1.2375860539418342,3.0670694378472945,,,,,,,,,,,,,,,,,,1,update_snr,bayesian,0.1,20,101770,10177,0.1,0.24080013883806684,0.1267795162337343,0.11850662018150002,0.2407977661321555,0.1267795162337343,0.11850662018150002,0.2407977661321555,0.27139734395534576,0.26504698615207245,0.30647941360020486,0.11071086870911077,0.10562317352786521,0.20891987478880442,0.27139734395534576,0.26504698615207245,0.30647941360020486,0.11071086870911077,0.10562317352786521,0.20891987478880442,2.1160821254410536,3.234693532652037,0.547446924176529,0.8368404060570083,0.547446924176529,814160,203540,81416,122124,0.75,,,,,,,,,0.00809436741085041,1
bayesfl_observability_v1,vi_sparse_bayesian_keep010_seed42,77,vi,204,16,297,,5,256,1067.430440557003,0.0033883933316577563,6.6442063200591575,6.6442063200591575,,,4.986321890460836,0.047767847776412964,0.9945733849207964,4.986321890460836,,-0.0,2.28098669344155,1067.430440557003,1973.3292770575697,6.6442063200591575,0.01939008820927159,0.0033883933316577563,6.6442063200591575,0.005,47.928120131366285,0.08200374480779458,0.08214213326573372,0.09235295057296752,0.12271412461996078,1.4773479365119293,1.2376788022808882,3.059829659883926,,,,,,,,,,,,,,,,,,1,update_snr,bayesian,0.1,20,101770,10177,0.1,0.3164696936043541,0.15780930769637294,0.13910041610418877,0.3164523584321213,0.15780930769637294,0.13910041610418877,0.3164523584321213,0.3799056009230686,0.3661490327313909,0.4537830068362301,0.13313194178229565,0.12366208504719228,0.25949854980955983,0.3799056009230686,0.3661490327313909,0.4537830068362301,0.13313194178229565,0.12366208504719228,0.25949854980955983,3.056671122458529,3.9395643978005004,0.6130111913364725,0.7900742239158584,0.6130111913364725,814160,203540,81416,122124,0.75,,,,,,,,,0.008212492022793122,297
bayesfl_observability_v1,vi_sparse_bayesian_keep010_seed42,77,vi,171,13,11,,5,256,494.525124168396,0.3363723971626975,107.51048455103492,107.51048455103492,,,3.8635303463216037,0.025051049888134003,0.9967289304296044,3.8635303463216037,,0.6791932659915256,1.6161745905690754,494.525124168396,1182.6153300613842,107.51048455103492,0.011620470964541458,0.3363723971626975,107.51048455103492,0.005,47.80548451890027,0.08173464219385758,0.08192688226699829,0.09194759353995323,0.1220620796084404,1.4771187705662174,1.2350118677006416,3.0605052321996413,,,,,,,,,,,,,,,,,,1,update_snr,bayesian,0.1,20,101770,10177,0.1,0.24092591246826725,0.12664087028110263,0.11860247537247043,0.2409189926660927,0.12664087028110263,0.11860247537247043,0.2409189926660927,0.27132038346418547,0.26501969431145894,0.3055965610763514,0.11056536881631565,0.1054957676274016,0.20879983615120468,0.27132038346418547,0.26501969431145894,0.3055965610763514,0.11056536881631565,0.1054957676274016,0.20879983615120468,2.114653643346434,3.233435743234988,0.5473371382626143,0.83691221587362,0.5473371382626143,814160,203540,81416,122124,0.75,,,,,,,,,0.008099205415871454,11
bayesfl_observability_v1,vi_sparse_bayesian_keep010_seed42,77,vi,271,21,90,,5,256,477.1925730705261,0.0012423384520742627,13.186015737151504,13.186015737151504,,,3.8675856224864256,0.02504071593284607,0.9967256711165853,3.8675856224864256,,-0.0,2.311121424016332,477.1925730705261,1186.7414163436354,13.186015737151504,0.011661014211885971,0.0012423384520742627,13.186015737151504,0.005,47.83180630030409,0.08173151684854861,0.08191687613725662,0.09190383702516555,0.12169390916824341,1.478376809627955,1.2377852813240091,3.0650929576829196,,,,,,,,,,,,,,,,,,1,update_snr,bayesian,0.1,20,101770,10177,0.1,0.2411799762920117,0.1268631081139896,0.11870278256257313,0.24117803828193252,0.1268631081139896,0.11870278256257313,0.24117803828193252,0.27195009425964756,0.265838911874273,0.3067446517119629,0.11074233187558315,0.1055821712770708,0.2092713394918447,0.27195009425964756,0.265838911874273,0.3067446517119629,0.11074233187558315,0.1055821712770708,0.2092713394918447,2.116251977544024,3.2372358756823285,0.5471765034082194,0.8370172483993121,0.5471765034082194,814160,203540,81416,122124,0.75,,,,,,,,,0.008093608813993148,90
bayesfl_observability_v1,vi_sparse_bayesian_keep010_seed42,77,vi,48,3,1,,5,256,468.32182507514955,0.11650907248258591,1184.2441341397134,1184.2441341397134,,,3.8648385206432656,0.02503015100955963,0.9967254475093849,3.8648385206432656,,-0.0,2.3292713582565514,468.32182507514955,1184.2441341397134,1184.2441341397134,0.011636475721133079,0.11650907248258591,1184.2441341397134,0.005,47.795732276364696,0.08173293833293872,0.0819188840687275,0.0919287234544754,0.11954255402088165,1.4778595040550848,1.238545695531184,3.0623129080788414,,,,,,,,,,,,,,,,,,1,update_snr,bayesian,0.1,20,101770,10177,0.1,0.24125775656474246,0.12672091772868566,0.1187090012800382,0.24125775261087237,0.12672091772868566,0.1187090012800382,0.24125775261087237,0.27140881841247017,0.2654398190730082,0.30576514610590283,0.11064448431937629,0.10563258628147143,0.2085762355082026,0.27140881841247017,0.2654398190730082,0.30576514610590283,0.11064448431937629,0.10563258628147143,0.2085762355082026,2.1133455542182404,3.235853420523562,0.5468134161182222,0.8372544941373087,0.5468134161182222,814160,203540,81416,122124,0.75,,,,,,,,,0.008094197114783491,1
bayesfl_observability_v1,vi_sparse_bayesian_keep010_seed42,77,vi,217,17,1,,5,256,462.2612967133522,0.058514777570962906,1183.4576710326712,1183.4576710326712,,,3.862975060321086,0.025072723627090454,0.9967317401062782,3.862975060321086,,-0.0,2.311121424016332,462.2612967133522,1183.4576710326712,1183.4576710326712,0.011628747872975053,0.058514777570962906,1183.4576710326712,0.005,47.81935403573619,0.08173727497415996,0.08192161470651627,0.09194498807191849,0.12252843379974365,1.4785931104138754,1.2357552274726695,3.053809585588771,,,,,,,,,,,,,,,,,,1,update_snr,bayesian,0.1,20,101770,10177,0.1,0.24097598572643567,0.12663371666765452,0.1182293944680543,0.24097363505289207,0.12663371666765452,0.1182293944680543,0.24097363505289207,0.27176333834917793,0.2656715847990724,0.30627561502566963,0.11050820314748525,0.10536466025717821,0.20880089581498876,0.27176333834917793,0.2656715847990724,0.30627561502566963,0.11050820314748525,0.10536466025717821,0.20880089581498876,2.1131610829144587,3.2337480659937783,0.5470294397238007,0.83711336871147,0.5470294397238007,814160,203540,81416,122124,0.75,,,,,,,,,0.00809585679996317,1
bayesfl_observability_v1,vi_sparse_bayesian_keep010_seed42,78,vi,76,6,70,,5,256,455.77627286911013,0.011251068115234375,16.84198139843438,16.84198139843438,,,3.8682612925634006,0.025090515613555908,0.9967700859847437,3.8682612925634006,,-0.0,2.311121424016332,455.77627286911013,1178.9386978904067,16.84198139843438,0.011584344088536962,0.011251068115234375,16.84198139843438,0.005,48.16739477122424,0.0820051860100141,0.08220240473747253,0.09220191240310671,0.12247468531131744,1.4833401834549647,1.239495844911095,3.0736234154300925,,,,,,,,,,,,,,,,,,1,update_snr,bayesian,0.1,20,101770,10177,0.1,0.23994302471461018,0.12651503890372595,0.11854189468235757,0.2399428961748179,0.12651503890372595,0.11854189468235757,0.2399428961748179,0.2708739671420256,0.265089810492234,0.30581428058184024,0.11047515798835932,0.10554876393121806,0.20807892595712327,0.2708739671420256,0.265089810492234,0.30581428058184024,0.11047515798835932,0.10554876393121806,0.20807892595712327,2.114033787096998,3.239491715463493,0.5465074945069391,0.8374542127470305,0.5465074945069391,814160,203540,81416,122124,0.75,,,,,,,,,0.008088567016624117,70
bayesfl_observability_v1,vi_sparse_bayesian_keep010_seed42,78,vi,82,6,1,,5,256,471.681044113636,0.023789796978235245,1172.088973076558,1172.088973076558,,,3.8550192071681058,0.025103285908699036,0.9967879531032022,3.8550192071681058,,-0.0,2.3155014849272724,471.681044113636,1172.088973076558,1172.088973076558,0.011517038155414739,0.023789796978235245,1172.088973076558,0.005,48.13553434934908,0.08200316411926516,0.0821954794228077,0.09219376742839813,0.12216642498970032,1.48276199838468,1.2427060158164347,3.072445767534786,,,,,,,,,,,,,,,,,,1,update_snr,bayesian,0.1,20,101770,10177,0.1,0.24023053893967472,0.12592359785164134,0.11771318844929632,0.24022810001746234,0.12592359785164134,0.11771318844929632,0.24022810001746234,0.27068203449395273,0.26462739729004653,0.3061146843673847,0.10983932711360672,0.10506387817262454,0.2076675740533716,0.27068203449395273,0.26462739729004653,0.3061146843673847,0.10983932711360672,0.10506387817262454,0.2076675740533716,2.1120598781857463,3.2249614197061383,0.5478727250589405,0.8365616995395446,0.5478727250589405,814160,203540,81416,122124,0.75,,,,,,,,,0.008086986180594929,1
bayesfl_observability_v1,vi_sparse_bayesian_keep010_seed42,78,vi,286,22,1,,5,256,479.06865401268004,0.018479563295841217,1169.8752796446574,1169.8752796446574,,,3.8525111980203435,0.02505042776465416,0.9967906583615396,3.8525111980203435,,-0.0,2.185987945410232,479.06865401268004,1169.8752796446574,1169.8752796446574,0.01149528623017252,0.018479563295841217,1169.8752796446574,0.005,48.12361368855469,0.08200610055736161,0.08218099176883698,0.09217680990695953,0.12179521471261978,1.4819654101081323,1.2396658543738968,3.0671291610590106,,,,,,,,,,,,,,,,,,1,update_snr,bayesian,0.1,20,101770,10177,0.1,0.24007806293716893,0.12596163245654562,0.1176033597307506,0.24007606744533697,0.12596163245654562,0.1176033597307506,0.24007606744533697,0.27038486281150514,0.26449866352869855,0.3035043632159538,0.10991460686155011,0.10486331281457986,0.2078643764778433,0.27038486281150514,0.26449866352869855,0.3035043632159538,0.10991460686155011,0.10486331281457986,0.2078643764778433,2.112160282496154,3.221897185187311,0.5482554557093854,0.8363109202233908,0.5482554557093854,814160,203540,81416,122124,0.75,,,,,,,,,0.008084937390046096,1
bayesfl_observability_v1,vi_sparse_bayesian_keep010_seed42,78,vi,210,16,633,,5,256,1372.1603547732036,0.00506243127652725,3.538186199336222,3.538186199336222,,,5.319326983865759,0.06982383877038956,0.9939141639661451,5.319326983865759,,-0.0,2.311121424016332,1372.1603547732036,2239.6718641798284,3.538186199336222,0.022007191354818004,0.00506243127652725,3.538186199336222,0.005,48.28845218611445,0.08244350742381419,0.0826060101389885,0.09295065477490426,0.12590253353118896,1.4798608925266465,1.2380151324839448,3.0640676194819707,,,,,,,,,,,,,,,,,,1,update_snr,bayesian,0.1,20,101770,10177,0.1,0.3351618244619667,0.16432386074686162,0.14074764659004987,0.3351553036195429,0.16432386074686162,0.14074764659004987,0.3351553036195429,0.41588705324030734,0.39819159463161397,0.5116162561112528,0.13637239491425657,0.12463391516635354,0.2697606201750419,0.41588705324030734,0.39819159463161397,0.5116162561112528,0.13637239491425657,0.12463391516635354,0.2697606201750419,3.4061254744095466,4.085773955306503,0.6403301554389846,0.7680997930187804,0.6403301554389846,814160,203540,81416,122124,0.75,,,,,,,,,0.008290114026832014,633
bayesfl_observability_v1,vi_sparse_bayesian_keep010_seed42,78,vi,16,1,1,,5,256,470.4462769508362,0.00013672371278516948,1174.3155757673585,1174.3155757673585,,,3.8612081927254667,0.02506484091281891,0.9967795582858892,3.8612081927254667,,-0.0,2.311121424016332,470.4462769508362,1174.3155757673585,1174.3155757673585,0.011538916928047151,0.00013672371278516948,1174.3155757673585,0.005,48.150454680853876,0.08200738866995316,0.08219956234097481,0.09219498485326767,0.12303530424833298,1.482662768136329,1.2409716879925523,3.0727088221388184,,,,,,,,,,,,,,,,,,1,update_snr,bayesian,0.1,20,101770,10177,0.1,0.24032189066225362,0.12622565963441762,0.11829447530951848,0.24031962569473028,0.12622565963441762,0.11829447530951848,0.24031962569473028,0.27069471291298314,0.2643338559161263,0.30539556588558964,0.11017354260346583,0.10524672074593402,0.20763860691389766,0.27069471291298314,0.2643338559161263,0.30539556588558964,0.11017354260346583,0.10524672074593402,0.20763860691389766,2.1152740948426816,3.2302545118392367,0.5478269985099139,0.8365916445337112,0.5478269985099139,814160,203540,81416,122124,0.75,,,,,,,,,0.008085252508461632,1
bayesfl_observability_v1,vi_sparse_bayesian_keep010_seed42,78,vi,119,9,1,,5,256,464.69556341171267,0.007181189488619566,1174.5658813538032,1174.5658813538032,,,3.8628206407017673,0.02510523796081543,0.9967759619026841,3.8628206407017673,,-0.0,2.3163460082440825,464.69556341171267,1174.5658813538032,1174.5658813538032,0.011541376450366543,0.007181189488619566,1174.5658813538032,0.005,48.14361333942548,0.08199871870644894,0.0821903832256794,0.09216565638780594,0.12041116505861282,1.48282767833409,1.2397900579290564,3.0784711676565397,,,,,,,,,,,,,,,,,,1,update_snr,bayesian,0.1,20,101770,10177,0.1,0.24029548820853722,0.12620948123231332,0.11755882290663255,0.24029416446585647,0.12620948123231332,0.11755882290663255,0.24029416446585647,0.2707403567767741,0.26456153419195827,0.30597145360989253,0.11015049506070658,0.10497560205163531,0.20784752720469135,0.2707403567767741,0.26456153419195827,0.30597145360989253,0.11015049506070658,0.10497560205163531,0.20784752720469135,2.1177267565979556,3.2305752872546907,0.5482332610227596,0.8363254698431416,0.5482332610227596,814160,203540,81416,122124,0.75,,,,,,,,,0.008083527456357254,1
bayesfl_observability_v1,vi_sparse_bayesian_keep010_seed42,78,vi,108,8,1,,5,256,477.2020684242249,0.006511897314339876,1171.0671728225354,1171.0671728225354,,,3.8540960075870623,0.025080986320972443,0.9967919084763291,3.8540960075870623,,-0.0,2.3163460082440825,477.2020684242249,1171.0671728225354,1171.0671728225354,0.011506997865997204,0.006511897314339876,1171.0671728225354,0.005,48.15403276513049,0.08200377067870396,0.08218865096569061,0.09219387620687484,0.1233632043004036,1.483087923068225,1.2388773861125508,3.069880252122248,,,,,,,,,,,,,,,,,,1,update_snr,bayesian,0.1,20,101770,10177,0.1,0.2398262727666334,0.12588397275629726,0.11721239403269001,0.23982625713828215,0.12588397275629726,0.11721239403269001,0.23982625713828215,0.27091668246344075,0.2648112889795603,0.3051764246829905,0.10976922723328131,0.10452865686746879,0.2077937073610111,0.27091668246344075,0.2648112889795603,0.3051764246829905,0.10976922723328131,0.10452865686746879,0.2077937073610111,2.1133246811823354,3.223028828230384,0.5483321321062333,0.8362606489007078,0.5483321321062333,814160,203540,81416,122124,0.75,,,,,,,,,0.008091673960970765,1
bayesfl_observability_v1,vi_sparse_bayesian_keep010_seed42,78,vi,111,8,11,,5,256,479.4632496833801,0.03369482267986645,106.4967267127909,106.4967267127909,,,3.855606838903592,0.02507774531841278,0.9967899105778013,3.855606838903592,,-0.0,2.3096097079310103,479.4632496833801,1171.4639938407,106.4967267127909,0.01151089706043726,0.03369482267986645,106.4967267127909,0.005,48.157888094946976,0.08200854786495171,0.0822148472070694,0.09221713542938233,0.12332496047019958,1.4828550097657742,1.2406774951065807,3.074712084318231,,,,,,,,,,,,,,,,,,1,update_snr,bayesian,0.1,20,101770,10177,0.1,0.2399228402842783,0.12600264330874514,0.11782867573359729,0.23992024853083108,0.12600264330874514,0.11782867573359729,0.23992024853083108,0.2702893155709727,0.2644719545830315,0.3053101126098679,0.10997079083516431,0.1049115201443718,0.2077460320682228,0.2702893155709727,0.2644719545830315,0.3053101126098679,0.10997079083516431,0.1049115201443718,0.2077460320682228,2.1113284103057817,3.2261426564917777,0.5475995085915384,0.8367405680318761,0.5475995085915384,814160,203540,81416,122124,0.75,,,,,,,,,0.008086210297683829,11
bayesfl_observability_v1,vi_sparse_bayesian_keep010_seed42,78,vi,267,21,2,,5,256,484.19606294631956,3.1128976345062256,584.9611001754254,584.9611001754254,,,3.8543562637185524,0.024997755885124207,0.996789730945766,3.8543562637185524,,-0.0,2.259365973874069,484.19606294631956,1169.9222003508507,584.9611001754254,0.011495747276710728,3.1128976345062256,584.9611001754254,0.005,48.14079326660111,0.08200124023703481,0.08220510929822922,0.09216724038124084,0.12166159600019455,1.4825226312356372,1.2387539878049336,3.0717360283108106,,,,,,,,,,,,,,,,,,1,update_snr,bayesian,0.1,20,101770,10177,0.1,0.23910188302538754,0.1260522196900661,0.11769062315152866,0.239099070033594,0.1260522196900661,0.11769062315152866,0.239099070033594,0.27009705507058607,0.26402017213790213,0.30465881595181654,0.11004723798111944,0.10500638739070746,0.20733931594776045,0.27009705507058607,0.26402017213790213,0.30465881595181654,0.11004723798111944,0.10500638739070746,0.20733931594776045,2.1114709775385925,3.2245546233051576,0.5478141700117561,0.8366000449045715,0.5478141700117561,814160,203540,81416,122124,0.75,,,,,,,,,0.00808874539368572,2
bayesfl_observability_v1,vi_sparse_bayesian_keep010_seed42,78,vi,171,13,11,,5,256,493.2318242073059,0.1880868131464178,106.15871447440473,106.15871447440473,,,3.8505138388689564,0.02504080906510353,0.9967964093293211,3.8505138388689564,,0.6791932659915256,1.6161745905690754,493.2318242073059,1167.745859218452,106.15871447440473,0.011474362378092287,0.1880868131464178,106.15871447440473,0.005,48.14289893592401,0.08200523815551271,0.08219596743583679,0.09219919815659523,0.12010544538497925,1.4828364601424064,1.2405986243672564,3.0740222837340436,,,,,,,,,,,,,,,,,,1,update_snr,bayesian,0.1,20,101770,10177,0.1,0.23962239483012523,0.12579295510920932,0.11728321649494226,0.23961453905312885,0.12579295510920932,0.11728321649494226,0.23961453905312885,0.27017503057504955,0.26394565204584675,0.3046679690919617,0.10975050227967152,0.1045577041028308,0.20755630519036208,0.27017503057504955,0.26394565204584675,0.3046679690919617,0.10975050227967152,0.1045577041028308,0.20755630519036208,2.1124591966680053,3.219312498924906,0.5486174793981563,0.836073478408934,0.5486174793981563,814160,203540,81416,122124,0.75,,,,,,,,,0.008093542171705026,11
bayesfl_observability_v1,vi_sparse_bayesian_keep010_seed42,78,vi,259,20,353,,5,256,1040.773973017931,0.0012410967518435658,5.483583395134723,5.483583395134723,,,4.953055921840661,0.04763846844434738,0.9947194125141021,4.953055921840661,,-0.0,2.185987945410232,1040.773973017931,1935.704938482557,5.483583395134723,0.019020388508229902,0.0012410967518435658,5.483583395134723,0.005,48.26036245852601,0.0822810979672578,0.08243818208575249,0.09262567833065986,0.1242808923125267,1.4811070223507745,1.2379660872745486,3.068384663979194,,,,,,,,,,,,,,,,,,1,update_snr,bayesian,0.1,20,101770,10177,0.1,0.313701296907075,0.15607998676777465,0.13752881815726947,0.31369808768973106,0.15607998676777465,0.13752881815726947,0.31369808768973106,0.3763721177228842,0.36274693512747846,0.44948438545679115,0.13160308332831805,0.12187448435433562,0.25664690854245265,0.3763721177228842,0.36274693512747846,0.44948438545679115,0.13160308332831805,0.12187448435433562,0.25664690854245265,3.0417788462193336,3.9090081114745208,0.6141216441362011,0.7892113824593869,0.6141216441362011,814160,203540,81416,122124,0.75,,,,,,,,,0.00819504642863473,353
bayesfl_observability_v1,vi_sparse_bayesian_keep010_seed42,78,vi,58,4,1,,5,256,461.4077002227306,0.11958766728639603,1169.913791593705,1169.913791593705,,,3.8533465445445985,0.025107234716415405,0.9967962919284992,3.8533465445445985,,-0.0,2.3292713582565514,461.4077002227306,1169.913791593705,1169.913791593705,0.011495664651603664,0.11958766728639603,1169.913791593705,0.005,48.17653182798055,0.08200172356491744,0.08218352496623993,0.09217303022742272,0.12230780720710754,1.4837159191565479,1.23903585892781,3.0724168735593516,,,,,,,,,,,,,,,,,,1,update_snr,bayesian,0.1,20,101770,10177,0.1,0.23951439371510488,0.12596652268388084,0.11798198354720277,0.2395124206258701,0.12596652268388084,0.11798198354720277,0.2395124206258701,0.2699423119018178,0.26416716153965014,0.3039171440978966,0.10996921277077674,0.1050970955286148,0.20765039435950908,0.2699423119018178,0.26416716153965014,0.3039171440978966,0.10996921277077674,0.1050970955286148,0.20765039435950908,2.1076829957414596,3.2258257829300265,0.546974680677352,0.8371491496130841,0.546974680677352,814160,203540,81416,122124,0.75,,,,,,,,,0.008080782198859271,1
bayesfl_observability_v1,vi_sparse_bayesian_keep010_seed42,78,vi,61,4,19,,5,256,527.172841501236,0.0038391908532694765,61.963261922846854,61.963261922846854,,,3.8653708151189075,0.025039561092853546,0.9967735169163198,3.8653708151189075,,0.19144408195771734,2.068951449990993,527.172841501236,1177.3019765340903,61.963261922846854,0.01156826153615103,0.0038391908532694765,61.963261922846854,0.005,48.15725619784568,0.08200720630094176,0.08222012966871262,0.0922009214758873,0.1229395642876625,1.4833480257592697,1.2374462391805503,3.075074780315588,,,,,,,,,,,,,,,,,,1,update_snr,bayesian,0.1,20,101770,10177,0.1,0.24034361996168027,0.12635854310657813,0.1178628101252727,0.24033927892387255,0.12635854310657813,0.1178628101252727,0.24033927892387255,0.27074570666449616,0.2647239446506412,0.30566243962422696,0.11031552493347611,0.10504051258526963,0.2082664632659751,0.27074570666449616,0.2647239446506412,0.30566243962422696,0.11031552493347611,0.10504051258526963,0.2082664632659751,2.1133937150524944,3.2364577153965164,0.5467505748183908,0.8372955326142378,0.5467505748183908,814160,203540,81416,122124,0.75,,,,,,,,,0.00808818056403252,19
bayesfl_observability_v1,vi_sparse_bayesian_keep010_seed42,78,vi,161,12,1,,5,256,471.2493356227875,0.027212461456656456,1177.3201578706828,1177.3201578706828,,,3.866940247174768,0.02503545582294464,0.9967736643545894,3.866940247174768,,-0.0,2.3163460082440825,471.2493356227875,1177.3201578706828,1177.3201578706828,0.011568440187390025,0.027212461456656456,1177.3201578706828,0.005,48.176983592560134,0.08200052305444719,0.08221796900033951,0.09220656678080559,0.12094934284687042,1.484044288838609,1.2385216429525716,3.07387288605058,,,,,,,,,,,,,,,,,,1,update_snr,bayesian,0.1,20,101770,10177,0.1,0.24027843750427585,0.12636466455612133,0.11801812141258453,0.24027800546435044,0.12636466455612133,0.11801812141258453,0.24027800546435044,0.2708893609311726,0.2652372534876881,0.30553454568960375,0.11030636495889341,0.10510801160973723,0.20824322565931894,0.2708893609311726,0.2652372534876881,0.30553454568960375,0.11030636495889341,0.10510801160973723,0.20824322565931894,2.116879700582839,3.2360542653794266,0.5474301554386458,0.8368513756435016,0.5474301554386458,814160,203540,81416,122124,0.75,,,,,,,,,0.00808947448627687,1
bayesfl_observability_v1,vi_sparse_bayesian_keep010_seed42,78,vi,288,23,3,,5,256,477.843569868803,0.007197479406992595,390.951724971499,390.951724971499,,,3.855866274301518,0.02500823885202408,0.9967894002232665,3.855866274301518,,-0.0,2.185987945410232,477.843569868803,1172.855174914497,390.951724971499,0.011524566914753826,0.007197479406992595,390.951724971499,0.005,48.15731800365463,0.08199763475356582,0.08220095932483673,0.09214142188429833,0.12147118896245956,1.4836751734743152,1.2405570850984167,3.077619350466803,,,,,,,,,,,,,,,,,,1,update_snr,bayesian,0.1,20,101770,10177,0.1,0.2402500222206077,0.12602932540708175,0.11780658802358548,0.24024690196070306,0.12602932540708175,0.11780658802358548,0.24024690196070306,0.27111445482884494,0.26513904656711396,0.30642014269047824,0.1099087554713303,0.10493659340236353,0.20748789472159818,0.27111445482884494,0.26513904656711396,0.30642014269047824,0.1099087554713303,0.10493659340236353,0.20748789472159818,2.1132744354360433,3.2251784269755306,0.5480673563605,0.8364342011730592,0.5480673563605,814160,203540,81416,122124,0.75,,,,,,,,,0.008082443988576162,3
bayesfl_observability_v1,vi_sparse_bayesian_keep010_seed42,79,vi,75,6,1,,5,256,447.25598068237304,0.0003471963864285499,1171.4740115233342,1171.4740115233342,,,3.8714751094804134,0.025071993470191956,0.9968164606007177,3.8714751094804134,,-0.0,2.3096097079310103,447.25598068237304,1171.4740115233342,1171.4740115233342,0.011510995494972332,0.0003471963864285499,1171.4740115233342,0.005,48.55688456772657,0.08230216271602078,0.0825251154601574,0.09245473071932793,0.11942509561777115,1.4892929636813437,1.2456700587405733,3.087325473202985,,,,,,,,,,,,,,,,,,1,update_snr,bayesian,0.1,20,101770,10177,0.1,0.2393328630939883,0.12613355913522137,0.11813444779930639,0.2393309049941988,0.12613355913522137,0.11813444779930639,0.2393309049941988,0.2693778702063402,0.2633039389721434,0.30313298652486015,0.11021752457176374,0.10524444961909743,0.20799426418563693,0.2693778702063402,0.2633039389721434,0.30313298652486015,0.11021752457176374,0.10524444961909743,0.20799426418563693,2.1137767616901173,3.2434961577077948,0.5459874342247302,0.8377933645408613,0.5459874342247302,814160,203540,81416,122124,0.75,,,,,,,,,0.00809073535057282,1
bayesfl_observability_v1,vi_sparse_bayesian_keep010_seed42,79,vi,187,15,29,,5,256,485.68014698028566,0.09592103958129883,40.29601663911786,40.29601663911786,,,3.8650054167047974,0.02504011243581772,0.9968297997867726,3.8650054167047974,,-0.0,2.28098669344155,485.68014698028566,1168.584482534418,40.29601663911786,0.011482602756553188,0.09592103958129883,40.29601663911786,0.005,48.5774217906783,0.08230484152135685,0.08251109719276428,0.09245181009173394,0.12152323126792908,1.4905268844777222,1.2491515862581788,3.0910870979380802,,,,,,,,,,,,,,,,,,1,update_snr,bayesian,0.1,20,101770,10177,0.1,0.23920246112448648,0.12597454637336977,0.11816330574191283,0.23919339260467026,0.12597454637336977,0.11816330574191283,0.23919339260467026,0.26945049129999504,0.2636445234857799,0.3036851206253468,0.11003277471485583,0.10534156766721268,0.2072940084364325,0.26945049129999504,0.2636445234857799,0.3036851206253468,0.11003277471485583,0.10534156766721268,0.2072940084364325,2.1150544548840493,3.2349360927277337,0.5472319510194347,0.8369809984602183,0.5472319510194347,814160,203540,81416,122124,0.75,,,,,,,,,0.008086689029971714,29
bayesfl_observability_v1,vi_sparse_bayesian_keep010_seed42,79,vi,192,15,1,,5,256,480.54016680717467,2.6062726974487305,1159.919329652961,1159.919329652961,,,3.851677060697085,0.025052690878510475,0.9968510426696442,3.851677060697085,,-0.0,2.259365973874069,480.54016680717467,1159.919329652961,1159.919329652961,0.01139745828488711,2.6062726974487305,1159.919329652961,0.005,48.57276581840816,0.08230675294537014,0.08253759890794754,0.09245464131236077,0.12094111740589142,1.4909507357275746,1.248803685762704,3.0946973231861037,,,,,,,,,,,,,,,,,,1,update_snr,bayesian,0.1,20,101770,10177,0.1,0.23893121799542263,0.1252493717801619,0.11694112286018732,0.2389270198952531,0.1252493717801619,0.11694112286018732,0.2389270198952531,0.26945147323455004,0.26333437181633507,0.3046416676024972,0.10922691606300768,0.10422525583692742,0.20647522879770655,0.26945147323455004,0.26333437181633507,0.3046416676024972,0.10922691606300768,0.10422525583692742,0.20647522879770655,2.11355932565303,3.2199818566018754,0.5487374181028856,0.8359947643219902,0.5487374181028856,814160,203540,81416,122124,0.75,,,,,,,,,0.008089418322810836,1
bayesfl_observability_v1,vi_sparse_bayesian_keep010_seed42,79,vi,50,4,1,,5,256,466.3533245563507,0.014265109784901142,1168.2498397342463,1168.2498397342463,,,3.8653727206284167,0.025053828954696655,0.9968258924472483,3.8653727206284167,,-0.0,2.3163460082440825,466.3533245563507,1168.2498397342463,1168.2498397342463,0.011479314530158654,0.014265109784901142,1168.2498397342463,0.005,48.55203367744774,0.08230162375729498,0.08252976089715958,0.09243514612317086,0.12113102525472641,1.4900762319811245,1.2498195912698833,3.0929688406309213,,,,,,,,,,,,,,,,,,1,update_snr,bayesian,0.1,20,101770,10177,0.1,0.2398184604395239,0.12576013345396608,0.117603408272366,0.2398136271332537,0.12576013345396608,0.117603408272366,0.2398136271332537,0.2698586642549998,0.2637965992995062,0.3054051990920257,0.10974918558718456,0.10458004871558947,0.20737084744675333,0.2698586642549998,0.2637965992995062,0.3054051990920257,0.10974918558718456,0.10458004871558947,0.20737084744675333,2.116437085391139,3.2344706418453386,0.5475376473001696,0.8367810494920375,0.5475376473001696,814160,203540,81416,122124,0.75,,,,,,,,,0.008085485295214826,1
bayesfl_observability_v1,vi_sparse_bayesian_keep010_seed42,79,vi,97,7,1882,,5,256,1856.535245783627,0.04829243063039911,0.9733651872360947,0.9733651872360947,,,4.735822546275541,0.06533102691173553,0.9952464193452926,4.735822546275541,,-0.0,2.3096097079310103,1856.535245783627,1831.8732823783303,0.9733651872360947,0.01800013051369097,0.04829243063039911,0.9733651872360947,0.005,48.627765345518156,0.08306750019286932,0.08318350464105606,0.09394747838377954,0.12480089068412781,1.4794234926055774,1.239755193503278,3.066829848970478,,,,,,,,,,,,,,,,,,1,update_snr,bayesian,0.1,20,101770,10177,0.1,0.2946058460974666,0.14294503726474855,0.12097754992269127,0.29460224826725767,0.14294503726474855,0.12097754992269127,0.29460224826725767,0.3702828780476772,0.35076275417749847,0.4636947249386002,0.11768527717775652,0.10713068061552046,0.23506295725918613,0.3702828780476772,0.35076275417749847,0.4636947249386002,0.11768527717775652,0.10713068061552046,0.23506295725918613,3.114145997145324,3.567927955869576,0.6575723576455424,0.7533913952657604,0.6575723576455424,814160,203540,81416,122124,0.75,,,,,,,,,0.00857014788715596,1882
bayesfl_observability_v1,vi_sparse_bayesian_keep010_seed42,79,vi,98,7,50,,5,256,473.9632402181625,0.000345529206097126,23.313759404695716,23.313759404695716,,,3.8612764903080823,0.025087852030992508,0.9968378192034473,3.8612764903080823,,-0.0,2.185987945410232,473.9632402181625,1165.6879702347858,23.313759404695716,0.011454141399575374,0.000345529206097126,23.313759404695716,0.005,48.591127529185734,0.08229403609216471,0.08251555263996124,0.09246348217129707,0.12032696604728699,1.490807323762721,1.2480744861289317,3.0930418116003433,,,,,,,,,,,,,,,,,,1,update_snr,bayesian,0.1,20,101770,10177,0.1,0.2393833067453654,0.12564175312102915,0.11708600894795526,0.23938209249227127,0.12564175312102915,0.11708600894795526,0.23938209249227127,0.2699954773869811,0.2637219043961645,0.3049401092092607,0.1096024504248123,0.10436876924671971,0.207074160525876,0.2699954773869811,0.2637219043961645,0.3049401092092607,0.1096024504248123,0.10436876924671971,0.207074160525876,2.116381610803116,3.2296106595161467,0.5481041350225233,0.8364101010695724,0.5481041350225233,814160,203540,81416,122124,0.75,,,,,,,,,0.008086479876500274,50
bayesfl_observability_v1,vi_sparse_bayesian_keep010_seed42,79,vi,149,11,1,,5,256,492.68173389434816,3.329493999481201,1161.5725283066888,1161.5725283066888,,,3.853619292045304,0.025039419531822205,0.9968482314451848,3.853619292045304,,-0.0,2.3277319754160017,492.68173389434816,1161.5725283066888,1161.5725283066888,0.011413702744489424,3.329493999481201,1161.5725283066888,0.005,48.575539876054044,0.08229502655651394,0.08252860605716705,0.09246348217129707,0.12310949712991714,1.4910930524189348,1.2489865279381198,3.0937709476223643,,,,,,,,,,,,,,,,,,1,update_snr,bayesian,0.1,20,101770,10177,0.1,0.23883987655762257,0.1254454769596662,0.11714891904109097,0.23883844249882277,0.1254454769596662,0.11714891904109097,0.23883844249882277,0.26932755983946927,0.26324895453030706,0.30363230518600615,0.1094585788619103,0.10446839800202068,0.2067854371600282,0.26932755983946927,0.26324895453030706,0.30363230518600615,0.1094585788619103,0.10446839800202068,0.2067854371600282,2.1122501246482455,3.2231632069982488,0.5481211205809516,0.83639897009327,0.5481211205809516,814160,203540,81416,122124,0.75,,,,,,,,,0.008092544187103404,1
bayesfl_observability_v1,vi_sparse_bayesian_keep010_seed42,79,vi,101,8,1,,5,256,459.088353061676,0.001816648175008595,1169.994908376397,1169.994908376397,,,3.8658699156466914,0.025107495486736298,0.996827448966437,3.8658699156466914,,-0.0,2.185987945410232,459.088353061676,1169.994908376397,1169.994908376397,0.011496461711470934,0.001816648175008595,1169.994908376397,0.005,48.57048317383632,0.08229681634454616,0.08251116797327995,0.09246044903993607,0.12280184775590897,1.4901592527281309,1.2452530808660858,3.0929955012259605,,,,,,,,,,,,,,,,,,1,update_snr,bayesian,0.1,20,101770,10177,0.1,0.2399711296811781,0.12599463615140008,0.11808586748508748,0.23995791566677227,0.12599463615140008,0.11808586748508748,0.23995791566677227,0.27018387589422366,0.2639323461415073,0.3044433257250253,0.1099736095133086,0.10507429541651137,0.20738575956009164,0.27018387589422366,0.2639323461415073,0.3044433257250253,0.1099736095133086,0.10507429541651137,0.20738575956009164,2.1144658719293457,3.2363535469951725,0.5469573260526106,0.8371604884831693,0.5469573260526106,814160,203540,81416,122124,0.75,,,,,,,,,0.00808795771609478,1
bayesfl_observability_v1,vi_sparse_bayesian_keep010_seed42,79,vi,158,12,58,,5,256,665.004493522644,0.15897533811371903,20.7697284840015,20.7697284840015,,,3.9267151767070723,0.02509447932243347,0.9967280497022395,3.9267151767070723,,-0.0,2.3292713582565514,665.004493522644,1204.644252072087,20.7697284840015,0.011836928879552787,0.15897533811371903,20.7697284840015,0.005,48.580872295687016,0.08230440946843286,0.08253204822540283,0.09246828481554986,0.11959820240736008,1.490791512389227,1.2485240777243187,3.0894886783116147,,,,,,,,,,,,,,,,,,1,update_snr,bayesian,0.1,20,101770,10177,0.1,0.24140698589947576,0.12828439310301812,0.12105465631538503,0.24140654583137097,0.12828439310301812,0.12105465631538503,0.24140654583137097,0.2716445491918965,0.26568463526145464,0.30615713384080984,0.11235548687092052,0.10764870598368421,0.2104846060876873,0.2716445491918965,0.26568463526145464,0.30615713384080984,0.11235548687092052,0.10764870598368421,0.2104846060876873,2.1259145817897154,3.301451085494911,0.5413977042186439,0.8407666298484869,0.5413977042186439,814160,203540,81416,122124,0.75,,,,,,,,,0.00808974963363118,58
bayesfl_observability_v1,vi_sparse_bayesian_keep010_seed42,79,vi,252,20,1,,5,256,469.3891705513,4.935142715112306e-05,1162.4690814916955,1162.4690814916955,,,3.8564151590152975,0.02502802014350891,0.9968437143550763,3.8564151590152975,,-0.0,2.28098669344155,469.3891705513,1162.4690814916955,1162.4690814916955,0.011422512346385924,4.935142715112306e-05,1162.4690814916955,0.005,48.57603152752865,0.08230187960417089,0.08251452073454857,0.0924826443195343,0.12231902778148651,1.4907922056544127,1.2494383879035442,3.0960087503003386,,,,,,,,,,,,,,,,,,1,update_snr,bayesian,0.1,20,101770,10177,0.1,0.23911173676350023,0.1255316231003451,0.11708007378748433,0.2391103412978182,0.1255316231003451,0.11708007378748433,0.2391103412978182,0.26952807857710415,0.26341424648326156,0.3040410905825514,0.10953201693626073,0.10431293626588072,0.20679238663196672,0.26952807857710415,0.26341424648326156,0.3040410905825514,0.10953201693626073,0.10431293626588072,0.20679238663196672,2.115116031273165,3.224627428546475,0.5484668906376879,0.8361722728446737,0.5484668906376879,814160,203540,81416,122124,0.75,,,,,,,,,0.00809384771214779,1
bayesfl_observability_v1,vi_sparse_bayesian_keep010_seed42,79,vi,254,20,1,,5,256,449.21013770103457,0.00041762212640605867,1168.4041026999425,1168.4041026999425,,,3.8667129296641907,0.025084272027015686,0.9968263879076114,3.8667129296641907,,-0.0,2.28098669344155,449.21013770103457,1168.4041026999425,1168.4041026999425,0.01148083033015567,0.00041762212640605867,1168.4041026999425,0.005,48.572925374821764,0.08230644062134358,0.08252503722906113,0.09246751666069031,0.12157946825027466,1.4906503110582316,1.2508981466638605,3.090543750457082,,,,,,,,,,,,,,,,,,1,update_snr,bayesian,0.1,20,101770,10177,0.1,0.23955065877546114,0.12578966548312062,0.11755108689476114,0.23954099997475897,0.12578966548312062,0.11755108689476114,0.23954099997475897,0.2697946769645786,0.2638482210004039,0.30389014374800466,0.10978910865184748,0.10454559549877389,0.20762788937931045,0.2697946769645786,0.2638482210004039,0.30389014374800466,0.10978910865184748,0.10454559549877389,0.20762788937931045,2.118144979736029,3.2349545167206446,0.5477895613833381,0.8366161583662194,0.5477895613833381,814160,203540,81416,122124,0.75,,,,,,,,,0.008088841846071771,1
bayesfl_observability_v1,vi_sparse_bayesian_keep010_seed42,79,vi,124,9,63,,5,256,587.153608083725,0.0403421265738351,18.767880381245558,18.767880381245558,,,3.8889811151620552,0.025035381317138672,0.996788916777157,3.8889811151620552,,0.12974069471942834,2.1312291508990175,587.153608083725,1182.3764640184702,18.767880381245558,0.011618123848073796,0.0403421265738351,18.767880381245558,0.005,48.567299917990326,0.08230397071441552,0.08251068741083145,0.09245777875185013,0.12303726375102997,1.490299927991162,1.2482072103881148,3.095895919443226,,,,,,,,,,,,,,,,,,1,update_snr,bayesian,0.1,20,101770,10177,0.1,0.2401523323225532,0.12694121516072004,0.11913537752437303,0.24015150170558647,0.12694121516072004,0.11913537752437303,0.24015150170558647,0.27036450164563014,0.2641141218483881,0.30502798985218793,0.11100529444017447,0.10631763810219987,0.20848894799728812,0.27036450164563014,0.2641141218483881,0.30502798985218793,0.11100529444017447,0.10631763810219987,0.20848894799728812,2.1160918888902533,3.262871317085612,0.5441250101833099,0.8390041557066412,0.5441250101833099,814160,203540,81416,122124,0.75,,,,,,,,,0.008090532831335122,63
bayesfl_observability_v1,vi_sparse_bayesian_keep010_seed42,79,vi,269,21,1,,5,256,478.07588119506835,0.00011359999916749075,1165.9117701444015,1165.9117701444015,,,3.86379449683959,0.02505268156528473,0.9968303322118351,3.86379449683959,,-0.0,2.185987945410232,478.07588119506835,1165.9117701444015,1165.9117701444015,0.011456340475035881,0.00011359999916749075,1165.9117701444015,0.005,48.566472809213856,0.08230833340572757,0.08254784718155861,0.09249053299427032,0.12239284068346024,1.489892501151638,1.2460179239896796,3.089387317137187,,,,,,,,,,,,,,,,,,1,update_snr,bayesian,0.1,20,101770,10177,0.1,0.2394139761707236,0.12581089621399577,0.11768644224390243,0.2394131533539348,0.12581089621399577,0.11768644224390243,0.2394131533539348,0.2692651035186353,0.2634137279762598,0.3032371262947671,0.10987153984681358,0.1050161781126772,0.20692185287877515,0.2692651035186353,0.2634137279762598,0.3032371262947671,0.10987153984681358,0.1050161781126772,0.20692185287877515,2.1142013744301034,3.2340470717300605,0.5471826662001369,0.8370132196149059,0.5471826662001369,814160,203540,81416,122124,0.75,,,,,,,,,0.008088102021586312,1
bayesfl_observability_v1,vi_sparse_bayesian_keep010_seed42,79,vi,273,21,19,,5,256,512.4915016174316,0.8610060842413652,61.457220832166286,61.457220832166286,,,3.8647063939063853,0.025072947144508362,0.9968253015475196,3.8647063939063853,,-0.0,2.3096097079310103,512.4915016174316,1167.6871958111594,61.457220832166286,0.011473785946852309,0.8610060842413652,61.457220832166286,0.005,48.538193724863035,0.0823080528767627,0.08252113312482834,0.09246641770005226,0.11959866434335709,1.4894449806129357,1.2488316383868283,3.091386170367155,,,,,,,,,,,,,,,,,,1,update_snr,bayesian,0.1,20,101770,10177,0.1,0.23950697888188086,0.12578802525005428,0.11754614947442704,0.23950340955726504,0.12578802525005428,0.11754614947442704,0.23950340955726504,0.2696000117728269,0.26341135161639034,0.30414814787621464,0.10980891563641282,0.10474563190450037,0.2073904141126932,0.2696000117728269,0.26341135161639034,0.30414814787621464,0.10980891563641282,0.10474563190450037,0.2073904141126932,2.1165689332051065,3.233588016753511,0.5476661659323909,0.8366969407694256,0.5476661659323909,814160,203540,81416,122124,0.75,,,,,,,,,0.008091963551540146,19
bayesfl_observability_v1,vi_sparse_bayesian_keep010_seed42,79,vi,226,18,1,,5,256,467.56249289512635,0.13717235624790192,1166.4417685481815,1166.4417685481815,,,3.8624341132115267,0.025081049650907516,0.9968306304613326,3.8624341132115267,,-0.0,2.259365973874069,467.56249289512635,1166.4417685481815,1166.4417685481815,0.011461548280909712,0.13717235624790192,1166.4417685481815,0.005,48.55128997250595,0.08230805369887427,0.08253297954797745,0.09248823300004005,0.12089873105287552,1.4899085927903866,1.2480562682911809,3.093048402296626,,,,,,,,,,,,,,,,,,1,update_snr,bayesian,0.1,20,101770,10177,0.1,0.23908817189197212,0.12572623375634526,0.11743514945960287,0.2390876127707772,0.12572623375634526,0.11743514945960287,0.2390876127707772,0.26956017030968493,0.26373935776109664,0.3048533593066019,0.1097446852504186,0.10457608915290267,0.2071009653538208,0.26956017030968493,0.26373935776109664,0.3048533593066019,0.1097446852504186,0.10457608915290267,0.2071009653538208,2.112258547635562,3.2336915602513217,0.5468723829904419,0.8372159797342356,0.5468723829904419,814160,203540,81416,122124,0.75,,,,,,,,,0.008090878946812367,1
bayesfl_observability_v1,vi_sparse_bayesian_keep010_seed42,80,vi,110,8,1,,5,256,120.96195077896118,1.0728830375228426e-06,312.03047449047654,312.03047449047654,,,2.004728200367657,0.012543529272079468,0.9991550752649866,2.004728200367657,,-0.0,2.3096097079310103,120.96195077896118,312.03047449047654,312.03047449047654,0.003066035909309979,1.0728830375228426e-06,312.03047449047654,0.0025,48.77743008485337,0.08237597091128769,0.08262049779295921,0.09244343489408494,0.12176328152418137,1.4952320164139363,1.2521057237379756,3.1025344476200356,,,,,,,,,,,,,,,,,,1,update_snr,bayesian,0.1,20,101770,10177,0.1,0.12265828038108378,0.06561825554709315,0.06213784524055795,0.12265736514871217,0.06561825554709315,0.06213784524055795,0.12265736514871217,0.1375493874504266,0.13455015707766343,0.1548466223088059,0.05762590755783386,0.05550114692925412,0.10761031532459384,0.1375493874504266,0.13455015707766343,0.1548466223088059,0.05762590755783386,0.05550114692925412,0.10761031532459384,1.073542655430841,1.693056798905414,0.5355053394439997,0.8445318415708003,0.5355053394439997,814160,203540,81416,122124,0.75,,,,,,,,,0.008037855293935801,1
bayesfl_observability_v1,vi_sparse_bayesian_keep010_seed42,80,vi,138,11,1,,5,256,118.83682608604431,0.05017709359526634,312.8065960516279,312.8065960516279,,,2.0084773172737878,0.012525830417871475,0.9991523553531406,2.0084773172737878,,-0.0,2.3277319754160017,118.83682608604431,312.8065960516279,312.8065960516279,0.003073662140627178,0.05017709359526634,312.8065960516279,0.0025,48.79060224824717,0.08237671907055913,0.08262035995721817,0.09246403202414513,0.12158203125,1.4953513021835863,1.251914223154192,3.1019453645648896,,,,,,,,,,,,,,,,,,1,update_snr,bayesian,0.1,20,101770,10177,0.1,0.1230673297939855,0.06568708177566708,0.06241178027454439,0.12306683783342505,0.06568708177566708,0.06241178027454439,0.12306683783342505,0.13760888773490032,0.1345386084128856,0.15482849782244776,0.05769577000241895,0.05554748955009419,0.10779132984318203,0.13760888773490032,0.1345386084128856,0.15482849782244776,0.05769577000241895,0.05554748955009419,0.10779132984318203,1.074121797007306,1.697128014970323,0.5347940889196937,0.8449824154717985,0.5347940889196937,814160,203540,81416,122124,0.75,,,,,,,,,0.008043461749280433,1
bayesfl_observability_v1,vi_sparse_bayesian_keep010_seed42,80,vi,143,11,27,,5,256,150.3210762023926,0.5260831338387949,11.656647509374576,11.656647509374576,,,2.014506311010765,0.012551069259643555,0.9991472107797474,2.014506311010765,,0.149994923610415,2.1788016114278856,150.3210762023926,314.72948275311353,11.656647509374576,0.003092556576133571,0.5260831338387949,11.656647509374576,0.0025,48.789350762294234,0.08237489712236701,0.08263099193572998,0.09244892299175263,0.1218172237277031,1.4954738226355422,1.2512084740194571,3.100667530106344,,,,,,,,,,,,,,,,,,1,update_snr,bayesian,0.1,20,101770,10177,0.1,0.1234659598766719,0.06589901469644265,0.06271710491735433,0.12346480274933676,0.06589901469644265,0.06271710491735433,0.12346480274933676,0.13808633062732353,0.13514563873061544,0.15485693672794415,0.057878201815233676,0.05589840581809344,0.108037471307613,0.13808633062732353,0.13514563873061544,0.15485693672794415,0.057878201815233676,0.05589840581809344,0.108037471307613,1.0779281274977595,1.7018538800529788,0.5350830233720718,0.8447994780413892,0.5350830233720718,814160,203540,81416,122124,0.75,,,,,,,,,0.008040391173910588,27
bayesfl_observability_v1,vi_sparse_bayesian_keep010_seed42,80,vi,88,7,140,,5,256,258.80243663787843,0.014403913702283586,2.3449763854833883,2.3449763854833883,,,2.0569603816828246,0.012516415677964687,0.9991106890005449,2.0569603816828246,,-0.0,2.3155014849272724,258.80243663787843,328.29669396767434,2.3449763854833883,0.003225869057361446,0.014403913702283586,2.3449763854833883,0.0025,48.78426077772009,0.08237195911303775,0.08261557668447495,0.0924497477710247,0.12187745422124863,1.495382050114113,1.2524180033062344,3.102496385224898,,,,,,,,,,,,,,,,,,1,update_snr,bayesian,0.1,20,101770,10177,0.1,0.12422052633362245,0.0680024099182545,0.06609906457648357,0.12422019313350878,0.0680024099182545,0.06609906457648357,0.12422019313350878,0.1387654658686422,0.13583809054960108,0.15515343000365367,0.06013984814598921,0.059302371147533894,0.10929699498220063,0.1387654658686422,0.13583809054960108,0.15515343000365367,0.06013984814598921,0.059302371147533894,0.10929699498220063,1.0773651978034762,1.7522471978504155,0.5237656531440195,0.8518623953354321,0.5237656531440195,814160,203540,81416,122124,0.75,,,,,,,,,0.008044404742729121,140
bayesfl_observability_v1,vi_sparse_bayesian_keep010_seed42,80,vi,91,7,1,,5,256,122.77696144580841,2.9232797622680664,313.7043637008457,313.7043637008457,,,2.0105194422000547,0.012544793076813221,0.9991507225952226,2.0105194422000547,,-0.0,2.3277319754160017,122.77696144580841,313.7043637008457,313.7043637008457,0.0030824836759442437,2.9232797622680664,313.7043637008457,0.0025,48.79310500183575,0.08237384904186612,0.08262161910533905,0.09245804250240326,0.12189370393753052,1.4956531514945794,1.2512182612783729,3.1025083249633885,,,,,,,,,,,,,,,,,,1,update_snr,bayesian,0.1,20,101770,10177,0.1,0.12311518051502507,0.06584104685456357,0.06282347463437724,0.12311338603830879,0.06584104685456357,0.06282347463437724,0.12311338603830879,0.1377870449017452,0.1347971404203939,0.15458076296386317,0.05784704707154341,0.056025205588932335,0.10768023269825537,0.1377870449017452,0.1347971404203939,0.15458076296386317,0.05784704707154341,0.056025205588932335,0.10768023269825537,1.0753409391309632,1.698773172643529,0.5348572694995916,0.8449424248216219,0.5348572694995916,814160,203540,81416,122124,0.75,,,,,,,,,0.008043495617250573,1
bayesfl_observability_v1,vi_sparse_bayesian_keep010_seed42,80,vi,97,7,1882,,5,256,726.1207817777992,0.00959070362586144,0.4904465944962355,0.4904465944962355,,,3.428196175866679,0.050185494124889374,0.9975359698650133,3.428196175866679,,-0.0,2.3096097079310103,726.1207817777992,923.0204908419153,0.4904465944962355,0.009069671718992978,0.00959070362586144,0.4904465944962355,0.0025,48.86471169396054,0.08282599671445205,0.08305389806628227,0.09313578382134438,0.12121070176362991,1.4894610652911358,1.2449230241791835,3.090210775208111,,,,,,,,,,,,,,,,,,1,update_snr,bayesian,0.1,20,101770,10177,0.1,0.21417497549931602,0.10422228024323318,0.08809222738182385,0.21417347387393496,0.10422228024323318,0.08809222738182385,0.21417347387393496,0.26873804859359224,0.25475940825348437,0.3369368632485599,0.08594275042652665,0.07807183088756642,0.1712019115459772,0.26873804859359224,0.25475940825348437,0.3369368632485599,0.08594275042652665,0.07807183088756642,0.1712019115459772,2.243633982204255,2.5920330966492733,0.654464875142988,0.7560924065245432,0.654464875142988,814160,203540,81416,122124,0.75,,,,,,,,,0.008202680758669437,1882
bayesfl_observability_v1,vi_sparse_bayesian_keep010_seed42,80,vi,99,7,4,,5,256,125.42784438133239,0.3813409209251404,78.06280088863886,78.06280088863886,,,2.0061196488982067,0.012516927905380726,0.9991541667346822,2.0061196488982067,,-0.0,2.311121424016332,125.42784438133239,312.25120355455545,78.06280088863886,0.003068204810401449,0.3813409209251404,78.06280088863886,0.0025,48.78555682609107,0.08237602317776581,0.08262740448117256,0.09247290864586831,0.121937595307827,1.495321839648563,1.2498403359689176,3.1009241804759573,,,,,,,,,,,,,,,,,,1,update_snr,bayesian,0.1,20,101770,10177,0.1,0.12302097881601834,0.06566406751404938,0.062353050888462935,0.12301837692307173,0.06566406751404938,0.062353050888462935,0.12301837692307173,0.1378532961470392,0.13483173396299114,0.15477380783315434,0.05764304211038384,0.0556062708135169,0.1073250393636666,0.1378532961470392,0.13483173396299114,0.15477380783315434,0.05764304211038384,0.0556062708135169,0.1073250393636666,1.0757239272188255,1.6933204298372988,0.5362212208078568,0.8440774859900793,0.5362212208078568,814160,203540,81416,122124,0.75,,,,,,,,,0.008044721241062201,4
bayesfl_observability_v1,vi_sparse_bayesian_keep010_seed42,80,vi,158,12,58,,5,256,189.90935230255127,0.23175676937760978,5.4541436128607,5.4541436128607,,,2.0190361316070486,0.01254960149526596,0.9991430726504602,2.0190361316070486,,-0.0,2.3292713582565514,189.90935230255127,316.3403295459206,5.4541436128607,0.0031083848830295827,0.23175676937760978,5.4541436128607,0.0025,48.780703393454424,0.08237451129906202,0.08262057229876518,0.09247602373361588,0.12190761417150497,1.4949169690577429,1.2500092937265186,3.1038108060798746,,,,,,,,,,,,,,,,,,1,update_snr,bayesian,0.1,20,101770,10177,0.1,0.12355013816063154,0.06614326423519123,0.06300083010056576,0.12354739993818625,0.06614326423519123,0.06300083010056576,0.12354739993818625,0.1383449367209164,0.135155633975071,0.15550323269003447,0.058120856181221765,0.05630905835216752,0.10798168281900872,0.1383449367209164,0.135155633975071,0.15550323269003447,0.058120856181221765,0.05630905835216752,0.10798168281900872,1.0784487422317874,1.7068846507932027,0.5341403877569035,0.8453957926124931,0.5341403877569035,814160,203540,81416,122124,0.75,,,,,,,,,0.008042923795653885,58
bayesfl_observability_v1,vi_sparse_bayesian_keep010_seed42,80,vi,215,17,2060,,5,256,759.3033369766341,0.013152952074272178,0.44158534451492476,0.44158534451492476,,,3.4000623770217255,0.05005015432834625,0.9975759817243218,3.4000623770217255,,-0.0,2.185987945410232,759.3033369766341,909.6658097007451,0.44158534451492476,0.008938447574931169,0.013152952074272178,0.44158534451492476,0.0025,48.86154619715143,0.08283156974925102,0.08303003758192062,0.09319013431668281,0.1230965182185173,1.48973708105585,1.2449862612979616,3.0904382861543414,,,,,,,,,,,,,,,,,,1,update_snr,bayesian,0.1,20,101770,10177,0.1,0.21238845328037342,0.1029723184578067,0.08671692824245009,0.21238339060671782,0.1029723184578067,0.08671692824245009,0.21238339060671782,0.2677095911422187,0.2544211074760975,0.33485491149680796,0.08466817704842759,0.07654984737014235,0.16850393104875333,0.2677095911422187,0.2544211074760975,0.33485491149680796,0.08466817704842759,0.07654984737014235,0.16850393104875333,2.2407216765894176,2.5572623126501823,0.6590236966629333,0.7521221757379076,0.6590236966629333,814160,203540,81416,122124,0.75,,,,,,,,,0.008217958562926116,2060
bayesfl_observability_v1,vi_sparse_bayesian_keep010_seed42,80,vi,201,16,28,,5,256,152.27615661621093,0.2818267686026437,11.21462274247467,11.21462274247467,,,2.0121966539073584,0.012550761923193932,0.9991498445736784,2.0121966539073584,,-0.0,2.28098669344155,152.27615661621093,314.00943678929076,11.21462274247467,0.0030854813480327282,0.2818267686026437,11.21462274247467,0.0025,48.80648296661405,0.08237648555763498,0.08262559771537781,0.09244310557842254,0.12160910665988922,1.495993666640518,1.2508190069568583,3.1056630905023557,,,,,,,,,,,,,,,,,,1,update_snr,bayesian,0.1,20,101770,10177,0.1,0.12304030683831146,0.06593561789997436,0.06293822715045413,0.12303907863331451,0.06593561789997436,0.06293822715045413,0.12303907863331451,0.1378333612228041,0.13489425098733737,0.15469454873762853,0.05794697975299329,0.056149345550384346,0.10754429387568706,0.1378333612228041,0.13489425098733737,0.15469454873762853,0.05794697975299329,0.056149345550384346,0.10754429387568706,1.076105798165501,1.7002740029626284,0.5347915652656904,0.8449840127012304,0.5347915652656904,814160,203540,81416,122124,0.75,,,,,,,,,0.008039866132292009,28
bayesfl_observability_v1,vi_sparse_bayesian_keep010_seed42,80,vi,238,19,72,,5,256,167.35139875411988,0.1277707815170288,4.336235068051306,4.336235068051306,,,2.006938740469639,0.012527108192443848,0.9991538985083717,2.006938740469639,,-0.0,2.3163460082440825,167.35139875411988,312.20892489969407,4.336235068051306,0.0030677893770236224,0.1277707815170288,4.336235068051306,0.0025,48.79706534283436,0.08237551755938155,0.08261901885271072,0.09244730547070504,0.12144970148801804,1.495746128951875,1.2506092907538142,3.0997642099287397,,,,,,,,,,,,,,,,,,1,update_snr,bayesian,0.1,20,101770,10177,0.1,0.12293926901018176,0.06562466224064763,0.06218906978854269,0.12293787483065023,0.06562466224064763,0.06218906978854269,0.12293787483065023,0.13786400720748543,0.13481132459142434,0.15476360112757886,0.05759806835544344,0.055397954481946426,0.10754911896996328,0.13786400720748543,0.13481132459142434,0.15476360112757886,0.05759806835544344,0.055397954481946426,0.10754911896996328,1.077377676385199,1.6932396317192349,0.5368263886983837,0.8436927334030155,0.5368263886983837,814160,203540,81416,122124,0.75,,,,,,,,,0.008040635248900032,72
bayesfl_observability_v1,vi_sparse_bayesian_keep010_seed42,80,vi,3,0,1,,5,256,123.5883116722107,0.0014315128792077303,311.9569282080948,311.9569282080948,,,2.0056833631262165,0.01252417266368866,0.9991548156953246,2.0056833631262165,,-0.0,2.185987945410232,123.5883116722107,311.9569282080948,311.9569282080948,0.003065313237772377,0.0014315128792077303,311.9569282080948,0.0025,48.79337169894682,0.08237569128686885,0.08262215927243233,0.09247204810380937,0.12193754315376282,1.4955688802402574,1.251486075471362,3.104767078278593,,,,,,,,,,,,,,,,,,1,update_snr,bayesian,0.1,20,101770,10177,0.1,0.12271173992010574,0.06562306871514967,0.06254937233610271,0.12271142384625104,0.06562306871514967,0.06254937233610271,0.12271142384625104,0.1376773442504073,0.1345817689122524,0.15504767204119016,0.05761703810012106,0.05569382465372852,0.10736260138871619,0.1376773442504073,0.1345817689122524,0.15504767204119016,0.05761703810012106,0.05569382465372852,0.10736260138871619,1.0755775498092806,1.6928965377327574,0.5362648808797019,0.8440497482584066,0.5362648808797019,814160,203540,81416,122124,0.75,,,,,,,,,0.008040669754924994,1
bayesfl_observability_v1,vi_sparse_bayesian_keep010_seed42,80,vi,13,1,2367,,5,256,859.5484736150503,0.04105880223198888,0.38742460680926816,0.38742460680926816,,,3.408759591139687,0.04742152988910675,0.9975638602762106,3.408759591139687,,0.003375492055621423,2.400659735165369,859.5484736150503,917.0340443175377,0.38742460680926816,0.009010848426034565,0.04105880223198888,0.38742460680926816,0.0025,48.86466617604533,0.08284590247302144,0.08303720131516457,0.09321108013391495,0.12108340114355087,1.4901852576494963,1.247058644153901,3.089313505213089,,,,,,,,,,,,,,,,,,1,update_snr,bayesian,0.1,20,101770,10177,0.1,0.2130086557859468,0.10328381311376869,0.08715710021430101,0.21299983601083058,0.10328381311376869,0.08715710021430101,0.21299983601083058,0.2679628339155025,0.2544133432509504,0.3358935425540538,0.08498614413579826,0.07715790450562501,0.1699643488298223,0.2679628339155025,0.2544133432509504,0.3358935425540538,0.08498614413579826,0.07715790450562501,0.1699643488298223,2.240323609597293,2.569161745485827,0.6572254656563392,0.7536940276350941,0.6572254656563392,814160,203540,81416,122124,0.75,,,,,,,,,0.00823254574520905,2367
bayesfl_observability_v1,vi_sparse_bayesian_keep010_seed42,80,vi,41,3,6,,5,256,163.92431545257568,2.628626028696696,52.12525058036751,52.12525058036751,,,2.007705205139994,0.012521438300609589,0.999152955735613,2.007705205139994,,-0.0,2.4040642619438994,163.92431545257568,312.75150348220507,52.12525058036751,0.0030731207967201048,2.628626028696696,52.12525058036751,0.0025,48.789177079187084,0.08237660227386817,0.08262944221496582,0.0924437902867794,0.12090768665075302,1.4955875364288358,1.251241844537954,3.0997414403462407,,,,,,,,,,,,,,,,,,1,update_snr,bayesian,0.1,20,101770,10177,0.1,0.12299765543865172,0.06571913031516902,0.06254779937785651,0.12299666911281655,0.06571913031516902,0.06254779937785651,0.12299666911281655,0.13792649369641097,0.13493558975292536,0.15479846501055194,0.05769608993947547,0.05580260152369005,0.10736857546000726,0.13792649369641097,0.13493558975292536,0.15479846501055194,0.05769608993947547,0.05580260152369005,0.10736857546000726,1.0757414179786708,1.6951874800125994,0.5358064596458827,0.8443408303533271,0.5358064596458827,814160,203540,81416,122124,0.75,,,,,,,,,0.008040560033968894,6
bayesfl_observability_v1,vi_sparse_bayesian_keep010_seed42,80,vi,62,5,333,,5,256,438.3100378870964,0.015279874787316308,1.894502682958129,1.894502682958129,,,2.85154017563203,0.024011582136154175,0.9982931478862811,2.85154017563203,,-0.0,2.4040642619438994,438.3100378870964,630.869393425057,1.894502682958129,0.006198972127592188,0.015279874787316308,1.894502682958129,0.0025,48.82607226750577,0.08250854748493476,0.08273311704397202,0.09263061583042145,0.12275055050849915,1.4944498167349098,1.2520642343558648,3.0991556792733523,,,,,,,,,,,,,,,,,,1,update_snr,bayesian,0.1,20,101770,10177,0.1,0.17819821643713096,0.09103738727505331,0.08289936254760222,0.17818756680201783,0.09103738727505331,0.08289936254760222,0.17818756680201783,0.2093211848621544,0.20284816846024817,0.24585327768445098,0.07789474309870875,0.07387826045615445,0.14913048612762347,0.2093211848621544,0.20284816846024817,0.24585327768445098,0.07789474309870875,0.07387826045615445,0.14913048612762347,1.678348586216097,2.3053041873882942,0.5885761668583537,0.8084417702013735,0.5885761668583537,814160,203540,81416,122124,0.75,,,,,,,,,0.008076902001193724,333
bayesfl_observability_v1,vi_sparse_bayesian_keep010_seed42,81,vi,299,23,1,,5,256,124.51832065582275,0.00029273517429828644,308.0764382381527,308.0764382381527,,,1.9996859901129094,0.012535333633422852,0.9991657195603336,1.9996859901129094,,-0.0,2.3096097079310103,124.51832065582275,308.0764382381527,308.0764382381527,0.003027183239050336,0.00029273517429828644,308.0764382381527,0.0025,48.964133183195024,0.08265287825757017,0.08290892094373703,0.09277325719594956,0.12094477564096451,1.4960867819832955,1.2498577477998132,3.107635628203912,,,,,,,,,,,,,,,,,,1,update_snr,bayesian,0.1,20,101770,10177,0.1,0.12238871267488692,0.06515482673808427,0.061778896031986,0.12238837259174178,0.06515482673808427,0.061778896031986,0.12238837259174178,0.13693252759535043,0.1339412583779361,0.15363136482917347,0.05717952664283248,0.0552265714396402,0.10684947496778313,0.13693252759535043,0.1339412583779361,0.15363136482917347,0.05717952664283248,0.0552265714396402,0.10684947496778313,1.0740886900044078,1.6867357662237628,0.5371286768597908,0.843500316831506,0.5371286768597908,814160,203540,81416,122124,0.75,,,,,,,,,0.008054998829139714,1
bayesfl_observability_v1,vi_sparse_bayesian_keep010_seed42,81,vi,114,9,1,,5,256,127.75944099426269,4.106720447540283,310.95122475116347,310.95122475116347,,,2.0082042149758363,0.012512654066085815,0.9991584206599198,2.0082042149758363,,-0.0,2.3277319754160017,127.75944099426269,310.95122475116347,310.95122475116347,0.0030554311167452436,4.106720447540283,310.95122475116347,0.0025,48.95828283531109,0.08265059461468116,0.08290709182620049,0.09275454804301263,0.12177985161542892,1.495756443929533,1.2496600010929118,3.10748698987515,,,,,,,,,,,,,,,,,,1,update_snr,bayesian,0.1,20,101770,10177,0.1,0.12271168240854217,0.06552339230691394,0.062235093606973706,0.1227099692525879,0.06552339230691394,0.062235093606973706,0.1227099692525879,0.137268633664386,0.13415828169554422,0.15427363942839586,0.057551698822750366,0.05552681943344198,0.10731150424043916,0.137268633664386,0.13415828169554422,0.15427363942839586,0.057551698822750366,0.05552681943344198,0.10731150424043916,1.0745875579966553,1.6965098730173962,0.5350987464238468,0.8447895190966968,0.5350987464238468,814160,203540,81416,122124,0.75,,,,,,,,,0.008052067325027229,1
bayesfl_observability_v1,vi_sparse_bayesian_keep010_seed42,81,vi,37,3,1,,5,256,124.09362177848816,2.539125671319198e-05,308.7615515714473,308.7615515714473,,,2.0020753098613286,0.01254473626613617,0.9991639656451559,2.0020753098613286,,-0.0,2.4040642619438994,124.09362177848816,308.7615515714473,308.7615515714473,0.003033915216384468,2.539125671319198e-05,308.7615515714473,0.0025,48.97158150390364,0.08265253982964346,0.08290370181202888,0.09274891167879104,0.12124119699001312,1.4963119650741399,1.2500796998344463,3.107971773531282,,,,,,,,,,,,,,,,,,1,update_snr,bayesian,0.1,20,101770,10177,0.1,0.12220651992410865,0.06528660583982077,0.06210402096635867,0.12220640398530541,0.06528660583982077,0.06210402096635867,0.12220640398530541,0.13696729221920134,0.1340878506144845,0.15379419015563647,0.05732208513100071,0.0553369204934747,0.10681756354361717,0.13696729221920134,0.1340878506144845,0.15379419015563647,0.05732208513100071,0.0553369204934747,0.10681756354361717,1.074580578363196,1.689254902896823,0.5367333451795205,0.843751928099961,0.5367333451795205,814160,203540,81416,122124,0.75,,,,,,,,,0.008054283986537602,1
bayesfl_observability_v1,vi_sparse_bayesian_keep010_seed42,81,vi,262,21,46,,5,256,235.4219701766968,0.138100644816523,6.895086678147546,6.895086678147546,,,2.02908736307497,0.012527421116828918,0.9991408918426957,2.02908736307497,,-0.0,2.28098669344155,235.4219701766968,317.1739871947871,6.895086678147546,0.0031165764684561964,0.138100644816523,6.895086678147546,0.0025,48.960611836210184,0.08265023912432456,0.08290503174066544,0.09275187700986862,0.12147165089845657,1.4960945447587402,1.2505331660344363,3.1035509915871096,,,,,,,,,,,,,,,,,,1,update_snr,bayesian,0.1,20,101770,10177,0.1,0.1232627806353415,0.06638155266952117,0.06345800313001763,0.12326195783382939,0.06638155266952117,0.06345800313001763,0.12326195783382939,0.1378262954369788,0.13473116625837256,0.15481299348901414,0.058443247917581424,0.05669665392906738,0.1080502614213289,0.1378262954369788,0.13473116625837256,0.15481299348901414,0.058443247917581424,0.05669665392906738,0.1080502614213289,1.0781182630011492,1.7189696151979896,0.5313316137198353,0.847163925259968,0.5313316137198353,814160,203540,81416,122124,0.75,,,,,,,,,0.008051820432305878,46
bayesfl_observability_v1,vi_sparse_bayesian_keep010_seed42,81,vi,270,21,1,,5,256,112.43002052307129,0.0016202905680984259,311.22864509334966,311.22864509334966,,,2.0099279950629723,0.01253761351108551,0.9991574776736818,2.0099279950629723,,-0.0,2.185987945410232,112.43002052307129,311.22864509334966,311.22864509334966,0.0030581570707806783,0.0016202905680984259,311.22864509334966,0.0025,48.97406225622658,0.08265005919002118,0.08290240913629532,0.09275922253727913,0.1201520562171936,1.4964425335054767,1.2538977894235872,3.1104444139900758,,,,,,,,,,,,,,,,,,1,update_snr,bayesian,0.1,20,101770,10177,0.1,0.1228463297226917,0.06556668284007543,0.06228273638239281,0.12284390698276274,0.06556668284007543,0.06228273638239281,0.12284390698276274,0.13727103498303864,0.1343011111868535,0.15388573448144663,0.0575995326019684,0.05549797805069017,0.10744529153615263,0.13727103498303864,0.1343011111868535,0.15388573448144663,0.0575995326019684,0.05549797805069017,0.10744529153615263,1.0766125069373986,1.6972672315353972,0.5356473015858798,0.8444418087137598,0.5356473015858798,814160,203540,81416,122124,0.75,,,,,,,,,0.008053574188613693,1
bayesfl_observability_v1,vi_sparse_bayesian_keep010_seed42,81,vi,236,18,2,,5,256,127.55195767879486,0.0999331921339035,154.69336770845078,154.69336770845078,,,2.004222983879075,0.012536142021417618,0.9991620176240945,2.004222983879075,,-0.0,2.259365973874069,127.55195767879486,309.38673541690156,154.69336770845078,0.0030400583218718833,0.0999331921339035,154.69336770845078,0.0025,48.966962291986455,0.0826537339111053,0.08290848508477211,0.09276420399546624,0.12062038481235504,1.4961284755682922,1.2511690714954704,3.105329491363093,,,,,,,,,,,,,,,,,,1,update_snr,bayesian,0.1,20,101770,10177,0.1,0.12242169080672535,0.06539348764037835,0.06207236455361344,0.12242132566510801,0.06539348764037835,0.06207236455361344,0.12242132566510801,0.1369844067419421,0.13400950727526448,0.15415446071854705,0.05743894107353794,0.05547732606365018,0.10693466215289006,0.1369844067419421,0.13400950727526448,0.15415446071854705,0.05743894107353794,0.05547732606365018,0.10693466215289006,1.0749752896710796,1.6915489634372758,0.536355135290644,0.8439923985720221,0.536355135290644,814160,203540,81416,122124,0.75,,,,,,,,,0.00805269145233413,2
bayesfl_observability_v1,vi_sparse_bayesian_keep010_seed42,81,vi,88,7,140,,5,256,277.0665702819824,0.010142911331994194,2.3393825118100366,2.3393825118100366,,,2.0644279134976187,0.012546204030513763,0.9991111011150686,2.0644279134976187,,-0.0,2.3155014849272724,277.0665702819824,327.5135516534051,2.3393825118100366,0.0032181738395735985,0.010142911331994194,2.3393825118100366,0.0025,48.97279690501878,0.08264739748514757,0.08289724960923195,0.09274466186761857,0.12131240218877792,1.4964987774673006,1.2508146259077135,3.1086976154492705,,,,,,,,,,,,,,,,,,1,update_snr,bayesian,0.1,20,101770,10177,0.1,0.12377438007337656,0.06790625297856792,0.0663589156942374,0.12376836186435088,0.06790625297856792,0.0663589156942374,0.12376836186435088,0.1380280918795724,0.13499038143278327,0.15485863975751973,0.06011493754512297,0.05935869056112785,0.10939442197663225,0.1380280918795724,0.13499038143278327,0.15485863975751973,0.06011493754512297,0.05935869056112785,0.10939442197663225,1.0786827483267283,1.760200596094216,0.5225092827286907,0.8526335962547749,0.5225092827286907,814160,203540,81416,122124,0.75,,,,,,,,,0.008053242134214114,140
bayesfl_observability_v1,vi_sparse_bayesian_keep010_seed42,81,vi,89,7,4,,5,256,124.9438886642456,0.16527187824249268,77.85534836144832,77.85534836144832,,,2.0100498068573738,0.012539029121398926,0.9991573914011354,2.0100498068573738,,-0.0,2.185987945410232,124.9438886642456,311.4213934457933,77.85534836144832,0.003060051031205594,0.16527187824249268,77.85534836144832,0.0025,48.974513508487696,0.08265241720335088,0.08290140330791473,0.09278215691447259,0.12040597200393677,1.4960855174204273,1.2504592562161911,3.1055670368313555,,,,,,,,,,,,,,,,,,1,update_snr,bayesian,0.1,20,101770,10177,0.1,0.1226995748324113,0.06559918346916419,0.06252050625504818,0.12269894289467106,0.06559918346916419,0.06252050625504818,0.12269894289467106,0.13738664271457887,0.13445412235671778,0.15381123128364724,0.05762279910856254,0.05563168678675606,0.10726105219738465,0.13738664271457887,0.13445412235671778,0.15381123128364724,0.05762279910856254,0.05563168678675606,0.10726105219738465,1.0769325195462756,1.6972084652131216,0.5357740469277292,0.8443613981220863,0.5357740469277292,814160,203540,81416,122124,0.75,,,,,,,,,0.008050652833115322,4
bayesfl_observability_v1,vi_sparse_bayesian_keep010_seed42,81,vi,63,5,4,,5,256,129.92620947360993,1.6354435682296753,78.05334621521595,78.05334621521595,,,2.014255252373313,0.012553799897432327,0.9991535977643057,2.014255252373313,,-0.0,2.3163460082440825,129.92620947360993,312.2133848608638,78.05334621521595,0.0030678332009517915,1.6354435682296753,78.05334621521595,0.0025,48.966744460422404,0.08265237631271674,0.08290302008390427,0.09275031834840775,0.12170276045799255,1.496342019574252,1.2526481311441806,3.1033467966160635,,,,,,,,,,,,,,,,,,1,update_snr,bayesian,0.1,20,101770,10177,0.1,0.12280255061511802,0.06569713885727096,0.06269211684082238,0.12279991300125719,0.06569713885727096,0.06269211684082238,0.12279991300125719,0.13723449620764908,0.13433911500745727,0.1540483306490418,0.05774854359611785,0.055807281636500214,0.10747497743494822,0.13723449620764908,0.13433911500745727,0.1540483306490418,0.05774854359611785,0.055807281636500214,0.10747497743494822,1.076822519055904,1.70225658587875,0.53460082469048,0.8451047025311474,0.53460082469048,814160,203540,81416,122124,0.75,,,,,,,,,0.008054895942915419,4
bayesfl_observability_v1,vi_sparse_bayesian_keep010_seed42,81,vi,66,5,62,,5,256,152.2486671447754,0.21164229608351184,5.052297471878012,5.052297471878012,,,2.015023853048108,0.012516818940639496,0.9991531406857693,2.015023853048108,,0.5614271145662422,1.826949466466651,152.2486671447754,313.24244325643673,5.052297471878012,0.0030779448094373266,0.21164229608351184,5.052297471878012,0.0025,48.97241537013929,0.08265222134001804,0.0829082690179348,0.09277031421661378,0.1205536425113678,1.4965212170298554,1.2492247965813152,3.104288895623748,,,,,,,,,,,,,,,,,,1,update_snr,bayesian,0.1,20,101770,10177,0.1,0.12294618270759948,0.06582876939859325,0.0627048909323894,0.12294433298995977,0.06582876939859325,0.0627048909323894,0.12294433298995977,0.13771521833347555,0.13466609717280908,0.15478310167003462,0.057841386183606326,0.05580339027846761,0.10748856344721369,0.13771521833347555,0.13466609717280908,0.15478310167003462,0.057841386183606326,0.05580339027846761,0.10748856344721369,1.0752801650451034,1.7041401629600255,0.533631482038556,0.8457171166396806,0.533631482038556,814160,203540,81416,122124,0.75,,,,,,,,,0.008053374817779452,62
bayesfl_observability_v1,vi_sparse_bayesian_keep010_seed42,81,vi,73,5,1,,5,256,131.5010766029358,0.42329585552215576,311.46434132800783,311.46434132800783,,,2.0109045294590087,0.012531667947769165,0.999156380318769,2.0109045294590087,,-0.0,2.28098669344155,131.5010766029358,311.46434132800783,311.46434132800783,0.0030604730404638677,0.42329585552215576,311.46434132800783,0.0025,48.96574223247757,0.08265114159315863,0.08289170637726784,0.0927581824362278,0.12085212022066116,1.4960547638795592,1.2523162308693478,3.1058915238075553,,,,,,,,,,,,,,,,,,1,update_snr,bayesian,0.1,20,101770,10177,0.1,0.12274282443553876,0.06556668345524215,0.06236948963560769,0.122742360194966,0.06556668345524215,0.06236948963560769,0.122742360194966,0.13722115444038166,0.1340833014219057,0.1542511063061372,0.05760507556800441,0.055533440997189404,0.10750457101458726,0.13722115444038166,0.1340833014219057,0.1542511063061372,0.05760507556800441,0.055533440997189404,0.10750457101458726,1.0770989081313282,1.6981151223344844,0.5356290626194466,0.8444533777997538,0.5356290626194466,814160,203540,81416,122124,0.75,,,,,,,,,0.008054342704543235,1
bayesfl_observability_v1,vi_sparse_bayesian_keep010_seed42,81,vi,14,1,7,,5,256,155.29595079421998,1.8485254560198103,44.25373439912731,44.25373439912731,,,2.005694941895846,0.012548521161079407,0.9991607167950821,2.005694941895846,,0.410116318288409,1.9178355689619568,155.29595079421998,309.77614079389116,44.25373439912731,0.003043884649640279,1.8485254560198103,44.25373439912731,0.0025,48.96477940737598,0.08264857378481817,0.08289080113172531,0.09275803714990616,0.12136086821556091,1.4961008574028596,1.248073923490504,3.1084111758905326,,,,,,,,,,,,,,,,,,1,update_snr,bayesian,0.1,20,101770,10177,0.1,0.12257401000700995,0.06538106961489533,0.06203232983994432,0.12256859023866858,0.06538106961489533,0.06203232983994432,0.12256859023866858,0.13714531815113215,0.13413334732513396,0.153850059039929,0.05740726422198013,0.05518283519621274,0.10704014946831067,0.13714531815113215,0.13413334732513396,0.153850059039929,0.05740726422198013,0.05518283519621274,0.10704014946831067,1.0753033278369122,1.6930844494854487,0.5361250633760395,0.8441385647037092,0.5361250633760395,814160,203540,81416,122124,0.75,,,,,,,,,0.008056935862472492,7
bayesfl_observability_v1,vi_sparse_bayesian_keep010_seed42,81,vi,187,15,29,,5,256,174.1308560371399,0.17231390394013504,10.80290287248644,10.80290287248644,,,2.016062964945781,0.01253267377614975,0.9991521290871309,2.016062964945781,,-0.0,2.28098669344155,174.1308560371399,313.2841833021068,10.80290287248644,0.0030783549503990053,0.17231390394013504,10.80290287248644,0.0025,48.96833389758218,0.08265038821961553,0.0828947052359581,0.0927687093615532,0.12174678593873978,1.4962327204715802,1.2489840393830682,3.104121792816262,,,,,,,,,,,,,,,,,,1,update_snr,bayesian,0.1,20,101770,10177,0.1,0.12306467636653605,0.06579638133688262,0.06260651502513065,0.12306443450478631,0.06579638133688262,0.06260651502513065,0.12306443450478631,0.13773741490407143,0.13460753309635726,0.15478107382020023,0.05780293316275053,0.05596683800964005,0.1076726797513045,0.13773741490407143,0.13460753309635726,0.15478107382020023,0.05780293316275053,0.05596683800964005,0.1076726797513045,1.0768063050438064,1.7044054858054993,0.534113429871356,0.8454128246194617,0.534113429871356,814160,203540,81416,122124,0.75,,,,,,,,,0.008054319624313024,29
bayesfl_observability_v1,vi_sparse_bayesian_keep010_seed42,81,vi,191,15,1,,5,256,126.39386625289917,4.768370445162873e-07,309.7041877560997,309.7041877560997,,,2.0055640505726653,0.012537786737084389,0.9991615706473995,2.0055640505726653,,-0.0,2.3096097079310103,126.39386625289917,309.7041877560997,309.7041877560997,0.0030431776334489506,4.768370445162873e-07,309.7041877560997,0.0025,48.98571248991446,0.08265282338100953,0.08289849758148193,0.09275835528969766,0.12157395482063293,1.4966864656227976,1.2487008366494468,3.1069392675930514,,,,,,,,,,,,,,,,,,1,update_snr,bayesian,0.1,20,101770,10177,0.1,0.12251374055316934,0.06537628115627216,0.06208910395798675,0.12250792482161796,0.06537628115627216,0.06208910395798675,0.12250792482161796,0.13706723646204497,0.13394600737551707,0.15399263624680257,0.05741061945563074,0.05535866771198787,0.10705842534825404,0.13706723646204497,0.13394600737551707,0.15399263624680257,0.05741061945563074,0.05535866771198787,0.10705842534825404,1.0754131886751526,1.692859602735259,0.536214831118498,0.844081545165253,0.536214831118498,814160,203540,81416,122124,0.75,,,,,,,,,0.008054456655562665,1
bayesfl_observability_v1,vi_sparse_bayesian_keep010_seed42,81,vi,144,11,1,,5,256,111.1528664112091,0.010319448076188564,310.86913247525337,310.86913247525337,,,2.008248423488557,0.012509789317846298,0.9991586854851212,2.008248423488557,,-0.0,2.185987945410232,111.1528664112091,310.86913247525337,310.86913247525337,0.003054624471605123,0.010319448076188564,310.86913247525337,0.0025,48.968149256399535,0.08265570964668979,0.08291010558605194,0.09275604188442231,0.12170745432376862,1.496206804870004,1.2502981863531772,3.1015256001106275,,,,,,,,,,,,,,,,,,1,update_snr,bayesian,0.1,20,101770,10177,0.1,0.12277530780568009,0.0654681000623146,0.06214878947862426,0.12277390713293461,0.0654681000623146,0.06214878947862426,0.12277390713293461,0.13727201675679224,0.13431464673858212,0.15409763085134617,0.05748988709626153,0.055290233080381036,0.10751505230726459,0.13727201675679224,0.13431464673858212,0.15409763085134617,0.05748988709626153,0.055290233080381036,0.10751505230726459,1.0759230901062327,1.6957155523909466,0.5357519904022786,0.8443753932819201,0.5357519904022786,814160,203540,81416,122124,0.75,,,,,,,,,0.008053581584120898,1
bayesfl_observability_v1,vi_sparse_bayesian_keep010_seed42,82,vi,245,19,178,,5,256,150.955947971344,0.0032489296425594373,1.7579499348997611,1.7579499348997611,,,2.0187452972935076,0.012522623874247074,0.9991517761737467,2.0187452972935076,,-0.0,2.185987945410232,150.955947971344,312.9150884121575,1.7579499348997611,0.003074728195068856,0.0032489296425594373,1.7579499348997611,0.0025,49.023052267655345,0.08279850294212643,0.0830841027200222,0.092837293446064,0.12171710282564163,1.4953470553682127,1.2483137368188926,3.106629734370659,,,,,,,,,,,,,,,,,,1,update_snr,bayesian,0.1,20,101770,10177,0.1,0.12259613462306461,0.0658796362796555,0.06304957638003043,0.1225936373266992,0.0658796362796555,0.06304957638003043,0.1225936373266992,0.13709733906966118,0.13420055417397855,0.153866133145194,0.05796655819187709,0.05631149040804648,0.1072841808220793,0.13709733906966118,0.13420055417397855,0.153866133145194,0.05796655819187709,0.05631149040804648,0.1072841808220793,1.0740746145736095,1.7092970185644176,0.5320505840997378,0.8467125698601199,0.5320505840997378,814160,203540,81416,122124,0.75,,,,,,,,,0.008026239076282528,178
bayesfl_observability_v1,vi_sparse_bayesian_keep010_seed42,82,vi,209,16,1,,5,256,129.05756438970565,0.13452447950839996,308.18040917640695,308.18040917640695,,,2.0031567638102863,0.012544646859169006,0.9991653088023094,2.0031567638102863,,-0.0,2.259365973874069,129.05756438970565,308.18040917640695,308.18040917640695,0.0030282048656422025,0.13452447950839996,308.18040917640695,0.0025,49.03711531067622,0.08280146319191829,0.08306677639484406,0.09285163581371308,0.12149189412593842,1.4960283134344827,1.2479822170989818,3.109211305627092,,,,,,,,,,,,,,,,,,1,update_snr,bayesian,0.1,20,101770,10177,0.1,0.12231829965993216,0.065192541084556,0.06191785216907052,0.12231561136039179,0.065192541084556,0.06191785216907052,0.12231561136039179,0.13684681846688934,0.1339098153229557,0.15367401936013975,0.05723095470874118,0.055186602810901535,0.10688275001401976,0.13684681846688934,0.1339098153229557,0.15367401936013975,0.05723095470874118,0.055186602810901535,0.10688275001401976,1.075877011518187,1.6897117140168014,0.5370907714040899,0.843524453274806,0.5370907714040899,814160,203540,81416,122124,0.75,,,,,,,,,0.008030839932854219,1
bayesfl_observability_v1,vi_sparse_bayesian_keep010_seed42,82,vi,56,4,308,,5,256,345.8440815448761,0.018502664074979046,1.9393564438448982,1.9393564438448982,,,2.787068246610836,0.02466016262769699,0.9983853625935661,2.787068246610836,,-0.0,2.3292713582565514,345.8440815448761,597.3217847042287,1.9393564438448982,0.005869330693762687,0.018502664074979046,1.9393564438448982,0.0025,49.06481252159277,0.08294282034178596,0.08321451023221016,0.09306774735450744,0.12098158895969391,1.4942746284377764,1.248686461404585,3.104684853486351,,,,,,,,,,,,,,,,,,1,update_snr,bayesian,0.1,20,101770,10177,0.1,0.17455390780936011,0.08785816200507358,0.07893305790546622,0.17455280358451142,0.08785816200507358,0.07893305790546622,0.17455280358451142,0.20675828652410347,0.20043706702104916,0.24319037244473052,0.07464703705851469,0.07016525124179038,0.14440605962017253,0.20675828652410347,0.20043706702104916,0.24319037244473052,0.07464703705851469,0.07016525124179038,0.14440605962017253,1.6704026611237868,2.2310321290777044,0.5993404227381406,0.800494258362963,0.5993404227381406,814160,203540,81416,122124,0.75,,,,,,,,,0.008069504858139698,308
bayesfl_observability_v1,vi_sparse_bayesian_keep010_seed42,82,vi,285,22,3,,5,256,127.3406593322754,0.17565908034642538,102.98179722463583,102.98179722463583,,,2.006387629722853,0.012538328766822815,0.9991629293290929,2.006387629722853,,-0.0,2.259365973874069,127.3406593322754,308.94539167390747,102.98179722463583,0.003035721643646531,0.17565908034642538,102.98179722463583,0.0025,49.04528428264974,0.08279899655022895,0.08307261019945145,0.09284227341413498,0.12191064655780792,1.4961195358633412,1.2520083713085404,3.1045363869790084,,,,,,,,,,,,,,,,,,1,update_snr,bayesian,0.1,20,101770,10177,0.1,0.12232389624364454,0.06534625472233337,0.062147363521380505,0.12232251159931488,0.06534625472233337,0.062147363521380505,0.12232251159931488,0.13699994283974962,0.13412777770551304,0.1537611829106332,0.057384733820398236,0.055432016812010244,0.10671987181296061,0.13699994283974962,0.13412777770551304,0.1537611829106332,0.057384733820398236,0.055432016812010244,0.10671987181296061,1.076577302350465,1.69309557697393,0.5365749301889262,0.8438526792590927,0.5365749301889262,814160,203540,81416,122124,0.75,,,,,,,,,0.008029327784448792,3
bayesfl_observability_v1,vi_sparse_bayesian_keep010_seed42,82,vi,113,9,708,,5,256,545.6031432787578,0.004016558181936458,1.1485413390736872,1.1485413390736872,,,3.253111148610943,0.03197522461414337,0.9978011587570743,3.253111148610943,,-0.0,2.311121424016332,545.6031432787578,813.1672680641705,1.1485413390736872,0.007990245338156338,0.004016558181936458,1.1485413390736872,0.0025,49.08187633737475,0.08302034566246089,0.08328316360712051,0.09319353997707366,0.12229534983634949,1.4931784875368443,1.2477605306740127,3.102966625156845,,,,,,,,,,,,,,,,,,1,update_snr,bayesian,0.1,20,101770,10177,0.1,0.2037184636290038,0.10158547135181259,0.08972217972969589,0.20371303415946584,0.10158547135181259,0.08972217972969589,0.20371303415946584,0.24499130345300565,0.2358310590216265,0.29464129141144574,0.0856514900072356,0.07976033506394056,0.1663551177911697,0.24499130345300565,0.2358310590216265,0.29464129141144574,0.0856514900072356,0.07976033506394056,0.1663551177911697,1.9964100169621781,2.568477990832296,0.6136925317828847,0.7895451072826143,0.6136925317828847,814160,203540,81416,122124,0.75,,,,,,,,,0.008096344410421409,708
bayesfl_observability_v1,vi_sparse_bayesian_keep010_seed42,82,vi,117,9,1,,5,256,119.49339067935944,0.019887804985046387,309.66512163041233,309.66512163041233,,,2.007844535050131,0.012546148151159286,0.9991609866940385,2.007844535050131,,-0.0,2.3277319754160017,119.49339067935944,309.66512163041233,309.66512163041233,0.003042793766634689,0.019887804985046387,309.66512163041233,0.0025,49.02532756160502,0.08279830678503851,0.08306707441806793,0.09288155734539032,0.12174368649721146,1.4955276664044306,1.2508035487486076,3.1053776982859973,,,,,,,,,,,,,,,,,,1,update_snr,bayesian,0.1,20,101770,10177,0.1,0.12253889188875143,0.06538050057313419,0.0622081769762417,0.1225377064518427,0.06538050057313419,0.0622081769762417,0.1225377064518427,0.1371101607983972,0.13398372767654904,0.15383627569836422,0.05741053832588274,0.05536347689200389,0.1070374815588568,0.1371101607983972,0.13398372767654904,0.15383627569836422,0.05741053832588274,0.05536347689200389,0.1070374815588568,1.075824124932126,1.6953000115450667,0.5358104704581949,0.8443382851365727,0.5358104704581949,814160,203540,81416,122124,0.75,,,,,,,,,0.00803066699729455,1
bayesfl_observability_v1,vi_sparse_bayesian_keep010_seed42,82,vi,78,6,1,,5,256,115.30360822677612,0.0008174415561370552,309.51230046758167,309.51230046758167,,,2.00832622773952,0.012532949447631836,0.9991610079033032,2.00832622773952,,-0.0,2.3155014849272724,115.30360822677612,309.51230046758167,309.51230046758167,0.003041292133905686,0.0008174415561370552,309.51230046758167,0.0025,49.03752525901902,0.08279881474742361,0.08307765796780586,0.09286326915025711,0.12145405262708664,1.4957940550361057,1.2501326707071794,3.106773478713626,,,,,,,,,,,,,,,,,,1,update_snr,bayesian,0.1,20,101770,10177,0.1,0.12256868873403923,0.06540166934535828,0.062032834793221775,0.12256846791885545,0.06540166934535828,0.062032834793221775,0.12256846791885545,0.13696735958184003,0.1339457374850046,0.1534731044780911,0.057449925985749196,0.05539346712114705,0.10708598936408668,0.13696735958184003,0.1339457374850046,0.1534731044780911,0.057449925985749196,0.05539346712114705,0.10708598936408668,1.0757111753945758,1.6959421287761185,0.5356257168464842,0.8444554999836821,0.5356257168464842,814160,203540,81416,122124,0.75,,,,,,,,,0.008030279868180853,1
bayesfl_observability_v1,vi_sparse_bayesian_keep010_seed42,82,vi,80,6,1188,,5,256,687.7848977971076,0.009095811695863903,0.8110680606974978,0.8110680606974978,,,3.5379917830672913,0.04341297224164009,0.9973996876757079,3.5379917830672913,,-0.0,2.28098669344155,687.7848977971076,963.5488561086274,0.8110680606974978,0.009467906614018152,0.009095811695863903,0.8110680606974978,0.0025,49.090777907102705,0.08314647821064716,0.08340004459023476,0.09330177083611488,0.12189596146345139,1.4913742055984978,1.2412809916941323,3.1016077823323234,,,,,,,,,,,,,,,,,,1,update_snr,bayesian,0.1,20,101770,10177,0.1,0.22125010874128148,0.10827401232612337,0.09335015649559344,0.22124419626917194,0.10827401232612337,0.09335015649559344,0.22124419626917194,0.27386460156399495,0.26178044482829227,0.33775967210795327,0.08987505796635985,0.08267408607936723,0.177608393292072,0.27386460156399495,0.26178044482829227,0.33775967210795327,0.08987505796635985,0.08267408607936723,0.177608393292072,2.2683990898409787,2.715096946015061,0.6411544257105004,0.767411885750957,0.6411544257105004,814160,203540,81416,122124,0.75,,,,,,,,,0.008145980085786009,1188
bayesfl_observability_v1,vi_sparse_bayesian_keep010_seed42,82,vi,162,13,1,,5,256,114.77497587203979,0.010801656171679497,308.8808784891453,308.8808784891453,,,2.004716973132788,0.012535548768937588,0.9991638816409713,2.004716973132788,,-0.0,2.185987945410232,114.77497587203979,308.8808784891453,308.8808784891453,0.003035087732034443,0.010801656171679497,308.8808784891453,0.0025,49.03365713521352,0.08279881234657523,0.08305913954973221,0.09285217896103859,0.12073609232902527,1.4956521928977973,1.251833095162672,3.1025668857068993,,,,,,,,,,,,,,,,,,1,update_snr,bayesian,0.1,20,101770,10177,0.1,0.12241714070073619,0.06527807778878603,0.061932869761713236,0.12241714044445731,0.06527807778878603,0.061932869761713236,0.12241714044445731,0.13705069043303056,0.13400866499206085,0.1536632753061639,0.057303343050536644,0.05525772895464713,0.10686780066799245,0.13705069043303056,0.13400866499206085,0.1536632753061639,0.057303343050536644,0.05525772895464713,0.10686780066799245,1.0745224306649894,1.6924218411390504,0.5359970734351714,0.8442198394191718,0.5359970734351714,814160,203540,81416,122124,0.75,,,,,,,,,0.00802950312646099,1
bayesfl_observability_v1,vi_sparse_bayesian_keep010_seed42,82,vi,256,20,1979,,5,256,788.9780419707298,0.06010146451875861,0.4737950674378781,0.4737950674378781,,,3.474337657631179,0.04870579391717911,0.9974940410908358,3.474337657631179,,1.070915936878561,1.1916887974754844,788.9780419707298,937.6404384595608,0.4737950674378781,0.00921332847066484,0.06010146451875861,0.4737950674378781,0.0025,49.106818782320694,0.08324857169217388,0.08347178623080254,0.09355319812893867,0.12201356887817383,1.4900287566327015,1.2439156773650932,3.09393760087872,,,,,,,,,,,,,,,,,,1,update_snr,bayesian,0.1,20,101770,10177,0.1,0.21624113495104477,0.10501566987123995,0.08874548099100461,0.21623563100135804,0.10501566987123995,0.08874548099100461,0.21623563100135804,0.27161308555586583,0.25761001779863946,0.33964250734302365,0.08650484590628155,0.07850891620749119,0.17278924077006463,0.27161308555586583,0.25761001779863946,0.33964250734302365,0.08650484590628155,0.07850891620749119,0.17278924077006463,2.2770229309048067,2.6241548604013087,0.6553833148322412,0.7552964389162079,0.6553833148322412,814160,203540,81416,122124,0.75,,,,,,,,,0.008205169853857625,1979
bayesfl_observability_v1,vi_sparse_bayesian_keep010_seed42,82,vi,63,5,4,,5,256,132.15403175354004,0.9739575982093811,77.6239993884283,77.6239993884283,,,2.012560399858845,0.012536555528640747,0.9991571760892511,2.012560399858845,,-0.0,2.3163460082440825,132.15403175354004,310.4959975537132,77.6239993884283,0.0030509580186077745,0.9739575982093811,77.6239993884283,0.0025,49.02944562159994,0.08279946587812875,0.08307954296469688,0.09287860244512558,0.1206112876534462,1.4953384340543299,1.2470903804537365,3.1084604510752487,,,,,,,,,,,,,,,,,,1,update_snr,bayesian,0.1,20,101770,10177,0.1,0.1223461936311545,0.06555005189653361,0.06258360875125091,0.12234478208872501,0.06555005189653361,0.06258360875125091,0.12234478208872501,0.13677300153525446,0.13375700062594886,0.15340307473748227,0.057636390825564626,0.0557939243793276,0.10707797747078382,0.13677300153525446,0.13375700062594886,0.15340307473748227,0.057636390825564626,0.0557939243793276,0.10707797747078382,1.075100705812351,1.7013400117089412,0.5341954983749831,0.84536096995065,0.5341954983749831,814160,203540,81416,122124,0.75,,,,,,,,,0.008030272809315932,4
bayesfl_observability_v1,vi_sparse_bayesian_keep010_seed42,82,vi,64,5,1,,5,256,113.52581043243408,0.010968864895403385,310.0123988168255,310.0123988168255,,,2.008617427976406,0.012528181076049805,0.999160611013545,2.008617427976406,,-0.0,2.185987945410232,113.52581043243408,310.0123988168255,310.0123988168255,0.0030462061394991207,0.010968864895403385,310.0123988168255,0.0025,49.033312324696084,0.08279787634972582,0.08307113498449326,0.09286711364984512,0.1218523383140564,1.4960092028512504,1.250923544444189,3.1038117999660715,,,,,,,,,,,,,,,,,,1,update_snr,bayesian,0.1,20,101770,10177,0.1,0.12263837576196447,0.06543078189741325,0.062155524646539284,0.12263804644911057,0.06543078189741325,0.062155524646539284,0.12263804644911057,0.1370742598949937,0.13406722911138214,0.15373717618445815,0.057470395453237635,0.05530845517214645,0.10730944554919618,0.1370742598949937,0.13406722911138214,0.15373717618445815,0.057470395453237635,0.05530845517214645,0.10730944554919618,1.0754483902217784,1.6964535749439,0.5354172353792855,0.8445877006319729,0.5354172353792855,814160,203540,81416,122124,0.75,,,,,,,,,0.00803062064347019,1
bayesfl_observability_v1,vi_sparse_bayesian_keep010_seed42,82,vi,70,5,1,,5,256,134.3304458141327,3.4562454223632812,308.6053561453114,308.6053561453114,,,2.004676726883512,0.01253955066204071,0.9991639280882701,2.004676726883512,,-0.0,2.3277319754160017,134.3304458141327,308.6053561453114,308.6053561453114,0.0030323804278796444,3.4562454223632812,308.6053561453114,0.0025,49.03401739036972,0.08279506597234895,0.08306824043393135,0.09287072792649269,0.1216375008225441,1.4956802676855012,1.2476269434592542,3.106161344189631,,,,,,,,,,,,,,,,,,1,update_snr,bayesian,0.1,20,101770,10177,0.1,0.12222240286171374,0.06528710724178052,0.06196173909995065,0.12222065729734884,0.06528710724178052,0.06196173909995065,0.12222065729734884,0.13679059806656452,0.133843925884951,0.15361939373370023,0.057342274927915646,0.05530092442909936,0.10693394452716037,0.13679059806656452,0.133843925884951,0.15361939373370023,0.057342274927915646,0.05530092442909936,0.10693394452716037,1.0752928861952187,1.691884744362437,0.5363921632725683,0.8439688662384263,0.5363921632725683,814160,203540,81416,122124,0.75,,,,,,,,,0.00802633970320608,1
bayesfl_observability_v1,vi_sparse_bayesian_keep010_seed42,82,vi,101,8,1,,5,256,110.0156938791275,0.0015198357868939638,308.67299796699587,308.67299796699587,,,2.0053368441203907,0.012536793947219849,0.9991629585214439,2.0053368441203907,,-0.0,2.185987945410232,110.0156938791275,308.67299796699587,308.67299796699587,0.0030330450817234534,0.0015198357868939638,308.67299796699587,0.0025,49.02139527554223,0.08279936484219406,0.0830685943365097,0.09283268451690674,0.12056446075439453,1.4951798196936594,1.2505909109849607,3.1069867039215504,,,,,,,,,,,,,,,,,,1,update_snr,bayesian,0.1,20,101770,10177,0.1,0.12214137941546792,0.0653077937181284,0.062002613852001495,0.12214105739632712,0.0653077937181284,0.062002613852001495,0.12214105739632712,0.13682306862388863,0.13378778888574333,0.1538512319071515,0.057361652061932826,0.05544358098437445,0.10679004034575051,0.13682306862388863,0.13378778888574333,0.1538512319071515,0.057361652061932826,0.05544358098437445,0.10679004034575051,1.0738662637198877,1.6935722913507465,0.5355041806908615,0.8445325763181722,0.5355041806908615,814160,203540,81416,122124,0.75,,,,,,,,,0.008028221922669344,1
bayesfl_observability_v1,vi_sparse_bayesian_keep010_seed42,82,vi,264,21,1,,5,256,119.24661664962768,9.512448741588742e-05,310.63368545589526,310.63368545589526,,,2.0107270281353267,0.012514665722846985,0.9991586531813713,2.0107270281353267,,-0.0,2.259365973874069,119.24661664962768,310.63368545589526,310.63368545589526,0.003052310950731014,9.512448741588742e-05,310.63368545589526,0.0025,49.02770855814872,0.08279860631712026,0.0830705314874649,0.09287125542759896,0.12168038636445999,1.495737900065041,1.2497575466453708,3.10891651821026,,,,,,,,,,,,,,,,,,1,update_snr,bayesian,0.1,20,101770,10177,0.1,0.12254934684876705,0.06551787528590183,0.06224081420965301,0.12254851324907841,0.06551787528590183,0.06224081420965301,0.12254851324907841,0.13727362175931856,0.1341800060879793,0.15395271261574786,0.05754501456663331,0.055553238150946024,0.10724748292028297,0.13727362175931856,0.1341800060879793,0.15395271261574786,0.05754501456663331,0.055553238150946024,0.10724748292028297,1.0761762414905656,1.6984898819024987,0.5352174742926549,0.8447143038991299,0.5352174742926549,814160,203540,81416,122124,0.75,,,,,,,,,0.008031940798756455,1
bayesfl_observability_v1,vi_sparse_bayesian_keep010_seed42,83,vi,224,17,73,,5,256,148.2368278503418,0.21135024501852792,4.24517951226639,4.24517951226639,,,2.014075949340121,0.012538004666566849,0.9991612897898843,2.014075949340121,,0.6276116833595444,1.622881584788002,148.2368278503418,309.8981043954464,4.24517951226639,0.0030450830735525834,0.21135024501852792,4.24517951226639,0.0025,49.18649880347873,0.08303651216724416,0.08330785855650902,0.09307312220335007,0.12088053673505783,1.495328101001751,1.2458941633797842,3.1048254421070647,,,,,,,,,,,,,,,,,,1,update_snr,bayesian,0.1,20,101770,10177,0.1,0.12239523024574196,0.0653974181006611,0.062213935777046175,0.12239073985810482,0.0653974181006611,0.062213935777046175,0.12239073985810482,0.13686089453018185,0.13377988721715287,0.15359267662882103,0.05745703183071437,0.055502194085226,0.10730434282423443,0.13686089453018185,0.13377988721715287,0.15359267662882103,0.05745703183071437,0.055502194085226,0.10730434282423443,1.076334407889243,1.7023531279097248,0.5344060675774845,0.8452278716040839,0.5344060675774845,814160,203540,81416,122124,0.75,,,,,,,,,0.008025262143351196,73
bayesfl_observability_v1,vi_sparse_bayesian_keep010_seed42,83,vi,132,10,1,,5,256,114.78984413146972,0.0003091811086051166,307.85287855480004,307.85287855480004,,,2.0088523807355108,0.012516941875219345,0.9991654995657524,2.0088523807355108,,-0.0,2.311121424016332,114.78984413146972,307.85287855480004,307.85287855480004,0.0030249865240719273,0.0003091811086051166,307.85287855480004,0.0025,49.18232426555038,0.0830369366138699,0.08331798762083054,0.09309541881084442,0.12169762700796127,1.4952539166129828,1.2477523567602162,3.105365372402059,,,,,,,,,,,,,,,,,,1,update_snr,bayesian,0.1,20,101770,10177,0.1,0.12190679196436902,0.06523473361223732,0.0622400368580711,0.12190657254758662,0.06523473361223732,0.0622400368580711,0.12190657254758662,0.1364074816067891,0.1334492870763611,0.15343195008025193,0.057326650501731566,0.055444618846264636,0.10663403934318538,0.1364074816067891,0.1334492870763611,0.15343195008025193,0.057326650501731566,0.055444618846264636,0.10663403934318538,1.075794803225915,1.696512136395978,0.5355270569119813,0.8445180704491716,0.5355270569119813,814160,203540,81416,122124,0.75,,,,,,,,,0.008029127477248875,1
bayesfl_observability_v1,vi_sparse_bayesian_keep010_seed42,83,vi,279,22,125,,5,256,336.0078460693359,0.1902430419921875,2.6275770309869375,2.6275770309869375,,,2.0754190211045223,0.01252065971493721,0.9991094706596325,2.0754190211045223,,-0.0,2.259365973874069,336.0078460693359,328.4471288733672,2.6275770309869375,0.0032273472425407017,0.1902430419921875,2.6275770309869375,0.0025,49.18846430820492,0.083032749610023,0.08331387490034103,0.09308172017335892,0.12112709879875183,1.4956919567480815,1.2448953767538764,3.1038363391440087,,,,,,,,,,,,,,,,,,1,update_snr,bayesian,0.1,20,101770,10177,0.1,0.124614324631377,0.06777350870566391,0.06567729012458276,0.12461208043307892,0.06777350870566391,0.06567729012458276,0.12461208043307892,0.13866393180403797,0.13576584668789501,0.1548735538118747,0.059896795028066795,0.05847358584025615,0.1102636043545479,0.13866393180403797,0.13576584668789501,0.1548735538118747,0.059896795028066795,0.05847358584025615,0.1102636043545479,1.0859413483802443,1.768642276165691,0.5232395662454296,0.8521856348914221,0.5232395662454296,814160,203540,81416,122124,0.75,,,,,,,,,0.008031364073607704,125
bayesfl_observability_v1,vi_sparse_bayesian_keep010_seed42,83,vi,233,18,90,,5,256,264.212984085083,0.14176625145806207,3.5401740141188447,3.5401740141188447,,,2.042452402348582,0.012518048286437988,0.9991372073545186,2.042452402348582,,-0.0,2.3096097079310103,264.212984085083,318.615661270696,3.5401740141188447,0.0031307424709707773,0.14176625145806207,3.5401740141188447,0.0025,49.17808387035215,0.08303763256984345,0.08330840617418289,0.09307601898908616,0.12173565477132797,1.4951382719733197,1.2456518046863438,3.1024508437142213,,,,,,,,,,,,,,,,,,1,update_snr,bayesian,0.1,20,101770,10177,0.1,0.12339332411558798,0.06656773602772321,0.06390696409677851,0.12339312193695812,0.06656773602772321,0.06390696409677851,0.12339312193695812,0.13770895333651442,0.13475306351666735,0.15423551645745864,0.05866315632674641,0.05692369048437052,0.10858161458866598,0.13770895333651442,0.13475306351666735,0.15423551645745864,0.05866315632674641,0.05692369048437052,0.10858161458866598,1.0799238081994689,1.7336021413067804,0.5287387882124854,0.8487845980221327,0.5287387882124854,814160,203540,81416,122124,0.75,,,,,,,,,0.008029975327948548,90
bayesfl_observability_v1,vi_sparse_bayesian_keep010_seed42,83,vi,145,11,1,,5,256,112.28559029102325,0.23231132328510284,309.46012190342486,309.46012190342486,,,2.013444302000379,0.01253218948841095,0.999161616050788,2.013444302000379,,-0.0,2.3096097079310103,112.28559029102325,309.46012190342486,309.46012190342486,0.00304077942324285,0.23231132328510284,309.46012190342486,0.0025,49.18033337887583,0.08303709380527054,0.08332988619804382,0.09309417754411697,0.12180139124393463,1.4951802633471956,1.246111463872345,3.1060749216177843,,,,,,,,,,,,,,,,,,1,update_snr,bayesian,0.1,20,101770,10177,0.1,0.12235233152652071,0.06537836522586246,0.062232936931433995,0.12235034756305428,0.06537836522586246,0.062232936931433995,0.12235034756305428,0.13689383532621893,0.13387229630805583,0.15359108352109788,0.057432201881378424,0.05552838007961068,0.10692234515292981,0.13689383532621893,0.13387229630805583,0.15359108352109788,0.057432201881378424,0.05552838007961068,0.10692234515292981,1.077241598604077,1.7010315974416022,0.5350242852677005,0.844836678994104,0.5350242852677005,814160,203540,81416,122124,0.75,,,,,,,,,0.008026465894714233,1
bayesfl_observability_v1,vi_sparse_bayesian_keep010_seed42,83,vi,269,21,1,,5,256,116.68141450881959,3.528532761265524e-05,307.5697424244636,307.5697424244636,,,2.008168484165884,0.012536004185676575,0.9991664138269286,2.008168484165884,,-0.0,2.185987945410232,116.68141450881959,307.5697424244636,307.5697424244636,0.003022204406253941,3.528532761265524e-05,307.5697424244636,0.0025,49.19250383728281,0.08303584688296162,0.08330491930246353,0.09308091774582863,0.12153124064207077,1.4957196663987744,1.2467716590231075,3.1037653905321854,,,,,,,,,,,,,,,,,,1,update_snr,bayesian,0.1,20,101770,10177,0.1,0.1222237080187378,0.06517521069948405,0.06184548746979715,0.1222213976755249,0.06517521069948405,0.06184548746979715,0.1222213976755249,0.136474162401106,0.13340888640190815,0.15274473109044948,0.0572531049548594,0.05514157759658975,0.10677806998078232,0.136474162401106,0.13340888640190815,0.15274473109044948,0.0572531049548594,0.05514157759658975,0.10677806998078232,1.0760936932655008,1.6955126139640833,0.5358582717288628,0.8443079489260754,0.5358582717288628,814160,203540,81416,122124,0.75,,,,,,,,,0.008027815907087442,1
bayesfl_observability_v1,vi_sparse_bayesian_keep010_seed42,83,vi,57,4,1,,5,256,117.01023292541504,5.691887378692627,308.179954378194,308.179954378194,,,2.009299253598834,0.012509599328041077,0.999165634750352,2.009299253598834,,-0.0,2.259365973874069,117.01023292541504,308.179954378194,308.179954378194,0.0030282003967593003,5.691887378692627,308.179954378194,0.0025,49.19684041518034,0.08303944514774264,0.08332686126232147,0.09307221472263337,0.12087773531675339,1.4955927476631885,1.2459209772064666,3.10411268387836,,,,,,,,,,,,,,,,,,1,update_snr,bayesian,0.1,20,101770,10177,0.1,0.12194151253019755,0.06524897144159449,0.062085840606190545,0.12194063227414777,0.06524897144159449,0.062085840606190545,0.12194063227414777,0.13662127710330338,0.13379281911084506,0.1529825133011417,0.057318715256960154,0.055355408754438916,0.1067110431542056,0.13662127710330338,0.13379281911084506,0.1529825133011417,0.057318715256960154,0.055355408754438916,0.1067110431542056,1.0757730239564272,1.6970550643513242,0.535397115203035,0.8446004552640666,0.535397115203035,814160,203540,81416,122124,0.75,,,,,,,,,0.008028334816688168,1
bayesfl_observability_v1,vi_sparse_bayesian_keep010_seed42,83,vi,38,3,2,,5,256,120.40267477035522,6.0258316807448864e-05,153.9720162440294,153.9720162440294,,,2.0093160214766717,0.01254221424460411,0.999165588073073,2.0093160214766717,,-0.0,2.311121424016332,120.40267477035522,307.9440324880588,153.9720162440294,0.0030258822097676994,6.0258316807448864e-05,153.9720162440294,0.0025,49.195972219981094,0.08303325665666093,0.08332114666700363,0.09308694005012513,0.12116225808858871,1.495992591894597,1.2456841091170143,3.104105796172203,,,,,,,,,,,,,,,,,,1,update_snr,bayesian,0.1,20,101770,10177,0.1,0.12182153935170147,0.06527816383337509,0.06230665468977585,0.12182147942199043,0.06527816383337509,0.06230665468977585,0.12182147942199043,0.13623375268320678,0.13330768682847227,0.1528249528376822,0.057394209516727114,0.055501190866885576,0.10670849450959193,0.13623375268320678,0.13330768682847227,0.1528249528376822,0.057394209516727114,0.055501190866885576,0.10670849450959193,1.0728380028371474,1.698931868507753,0.5339319407052282,0.8455274582736799,0.5339319407052282,814160,203540,81416,122124,0.75,,,,,,,,,0.008028546029078947,2
bayesfl_observability_v1,vi_sparse_bayesian_keep010_seed42,83,vi,191,15,1,,5,256,124.8919114291668,0.01340131089091301,306.5360174412198,306.5360174412198,,,2.0037599416791796,0.012545078992843628,0.9991699323642094,2.0037599416791796,,-0.0,2.3096097079310103,124.8919114291668,306.5360174412198,306.5360174412198,0.0030120469435120354,0.01340131089091301,306.5360174412198,0.0025,49.18854480967538,0.08303538418693511,0.08331431075930595,0.09310081675648689,0.12157349288463593,1.4956230717093444,1.2468336977043395,3.1037938360000745,,,,,,,,,,,,,,,,,,1,update_snr,bayesian,0.1,20,101770,10177,0.1,0.12185368549755078,0.06502739876691908,0.061839460562438386,0.12185343362793148,0.06502739876691908,0.061839460562438386,0.12185343362793148,0.13651059345104535,0.13356834085377975,0.15367797366709818,0.057084821579793936,0.055025488123420854,0.10650110991281947,0.13651059345104535,0.13356834085377975,0.15367797366709818,0.057084821579793936,0.055025488123420854,0.10650110991281947,1.0759949940462623,1.6903516429031966,0.5369879752883786,0.843589897044582,0.5369879752883786,814160,203540,81416,122124,0.75,,,,,,,,,0.00802773251047759,1
bayesfl_observability_v1,vi_sparse_bayesian_keep010_seed42,83,vi,298,23,35,,5,256,173.22336854934693,0.37448654174804685,8.857992428653022,8.857992428653022,,,2.0150187629373786,0.012534722685813904,0.9991604375869985,2.0150187629373786,,-0.0,2.3096097079310103,173.22336854934693,310.0297350028558,8.857992428653022,0.0030463764862224208,0.37448654174804685,8.857992428653022,0.0025,49.18450316221448,0.08303759704652647,0.08331891521811485,0.09307909309864044,0.12101376056671143,1.4953705881584591,1.2461060875233438,3.1058625005035743,,,,,,,,,,,,,,,,,,1,update_snr,bayesian,0.1,20,101770,10177,0.1,0.12254228419832358,0.06543802897770797,0.06228373765907638,0.12253677182010911,0.06543802897770797,0.06228373765907638,0.12253677182010911,0.13702507815867226,0.13420212724924632,0.1533856062383692,0.05748391240204526,0.05550044969744238,0.10706084866015138,0.13702507815867226,0.13420212724924632,0.1533856062383692,0.05748391240204526,0.05550044969744238,0.10706084866015138,1.0787398331070914,1.701946235184229,0.5353497709046473,0.8446304652286362,0.5353497709046473,814160,203540,81416,122124,0.75,,,,,,,,,0.008027534640799226,35
bayesfl_observability_v1,vi_sparse_bayesian_keep010_seed42,83,vi,7,0,80,,5,256,336.5094794273376,0.22605595588684083,4.015945355805344,4.015945355805344,,,2.05265580020005,0.01254187524318695,0.9991289655583596,2.05265580020005,,-0.0,2.4040642619438994,336.5094794273376,321.2756284644275,4.015945355805344,0.0031568795171900118,0.22605595588684083,4.015945355805344,0.0025,49.19013374185862,0.08303604180356942,0.08330988138914108,0.09309291988611222,0.12187313288450241,1.4957397309377605,1.2469215168494074,3.10655031855531,,,,,,,,,,,,,,,,,,1,update_snr,bayesian,0.1,20,101770,10177,0.1,0.12337292817326921,0.06695909788237474,0.06463354683155359,0.12337218018562388,0.06695909788237474,0.06463354683155359,0.12337218018562388,0.13762687398225887,0.13454554313541056,0.15412927509983132,0.05910712276016537,0.05769271359189859,0.10885183268998802,0.13762687398225887,0.13454554313541056,0.15412927509983132,0.05910712276016537,0.05769271359189859,0.10885183268998802,1.080615881771271,1.7451834144749974,0.5264476789854174,0.8502075283663795,0.5264476789854174,814160,203540,81416,122124,0.75,,,,,,,,,0.008030659489094595,80
bayesfl_observability_v1,vi_sparse_bayesian_keep010_seed42,83,vi,73,5,1,,5,256,108.92542712688446,0.00015662873920518905,309.9408397736286,309.9408397736286,,,2.0145059312621303,0.012526522390544415,0.999160715267384,2.0145059312621303,,-0.0,2.28098669344155,108.92542712688446,309.9408397736286,309.9408397736286,0.003045502994729573,0.00015662873920518905,309.9408397736286,0.0025,49.17981236107084,0.08303565116425511,0.08331944793462753,0.09309392720460892,0.12141594290733337,1.4955238629023424,1.2453618240834001,3.104816599584687,,,,,,,,,,,,,,,,,,1,update_snr,bayesian,0.1,20,101770,10177,0.1,0.12257358727261558,0.06540034165914917,0.062096368747950895,0.12257353341854405,0.06540034165914917,0.062096368747950895,0.12257353341854405,0.1372582400018328,0.1344380749832055,0.1538771910999802,0.057416130732184295,0.05539924156471191,0.10703211905473511,0.1372582400018328,0.1344380749832055,0.1538771910999802,0.057416130732184295,0.05539924156471191,0.10703211905473511,1.0790384353421034,1.7011496707064813,0.5356342806427297,0.8444500680326492,0.5356342806427297,814160,203540,81416,122124,0.75,,,,,,,,,0.008031203764189008,1
bayesfl_observability_v1,vi_sparse_bayesian_keep010_seed42,83,vi,169,13,456,,5,256,317.9232359647751,0.0019304192902749044,1.285341439191561,1.285341439191561,,,2.769168113067977,0.02375582419335842,0.9984163509446815,2.769168113067977,,-0.0,2.3163460082440825,317.9232359647751,586.1156962713518,1.285341439191561,0.0057592187901282475,0.0019304192902749044,1.285341439191561,0.0025,49.22399532669628,0.08318120493878722,0.08344966545701027,0.09326841682195663,0.1217447817325592,1.4937197011373058,1.2458679899066074,3.1022119543902433,,,,,,,,,,,,,,,,,,1,update_snr,bayesian,0.1,20,101770,10177,0.1,0.1728183930018149,0.0871023223049984,0.07798310392765952,0.17281710457002558,0.0871023223049984,0.07798310392765952,0.17281710457002558,0.20461092518763513,0.19845484951220005,0.24097225581233883,0.0740458108735943,0.06943172608052176,0.1431050601414204,0.20461092518763513,0.19845484951220005,0.24097225581233883,0.0740458108735943,0.06943172608052176,0.1431050601414204,1.6611906447424662,2.2155671238426957,0.5998879724575565,0.800084008402096,0.5998879724575565,814160,203540,81416,122124,0.75,,,,,,,,,0.008064372103840787,456
bayesfl_observability_v1,vi_sparse_bayesian_keep010_seed42,83,vi,171,13,11,,5,256,115.76225543022156,0.20960513028231534,27.97822559264147,27.97822559264147,,,2.0089249434989025,0.012547090649604797,0.9991655082338691,2.0089249434989025,,0.6791932659915256,1.6161745905690754,115.76225543022156,307.76048151905616,27.97822559264147,0.0030240786235536618,0.20960513028231534,27.97822559264147,0.0025,49.18445700271422,0.08303760905695463,0.0833168737590313,0.0930915854871273,0.12049474567174911,1.4956998177614824,1.2454201978981523,3.1061146505324855,,,,,,,,,,,,,,,,,,1,update_snr,bayesian,0.1,20,101770,10177,0.1,0.12206693247086829,0.06520151927074039,0.0621264894920396,0.12206268138442052,0.06520151927074039,0.0621264894920396,0.12206268138442052,0.13643674103652564,0.1333890655139763,0.15317620245278643,0.05728649463009759,0.0554383071158529,0.10656283524618335,0.13643674103652564,0.1333890655139763,0.15317620245278643,0.05728649463009759,0.0554383071158529,0.10656283524618335,1.0750797668193286,1.6970512436540532,0.5351517836932647,0.8447559223881878,0.5351517836932647,814160,203540,81416,122124,0.75,,,,,,,,,0.008029969371661914,11
bayesfl_observability_v1,vi_sparse_bayesian_keep010_seed42,83,vi,261,20,20,,5,256,119.46401491165162,0.114349627494812,15.409138076579143,15.409138076579143,,,2.0080974882087483,0.012543529272079468,0.999166305883596,2.0080974882087483,,-0.0,2.311121424016332,119.46401491165162,308.18276153158286,15.409138076579143,0.003028227980068614,0.114349627494812,15.409138076579143,0.0025,49.18774905991123,0.08303876193458999,0.08333411067724228,0.09310108944773675,0.12082500755786896,1.4953396572071367,1.2466847836283588,3.1069116188517096,,,,,,,,,,,,,,,,,,1,update_snr,bayesian,0.1,20,101770,10177,0.1,0.12209567588072928,0.06523877206167601,0.061882560287454286,0.12209557092231511,0.06523877206167601,0.061882560287454286,0.12209557092231511,0.1367907963054612,0.1339366358383935,0.15342312497672686,0.057288547145699864,0.05539295619784929,0.10677932835944273,0.1367907963054612,0.1339366358383935,0.15342312497672686,0.057288547145699864,0.05539295619784929,0.10677932835944273,1.0762693841683384,1.695317001286837,0.5359647081319673,0.8442403873524508,0.5359647081319673,814160,203540,81416,122124,0.75,,,,,,,,,0.008029413763714615,20
bayesfl_observability_v1,vi_sparse_bayesian_keep010_seed42,84,vi,122,9,1,,5,256,113.42863273620605,2.3841855067985307e-07,307.3972364005861,307.3972364005861,,,2.010272090370108,0.012526815757155418,0.9991673215640566,2.010272090370108,,-0.0,2.3163460082440825,113.42863273620605,307.3972364005861,307.3972364005861,0.0030205093485367604,2.3841855067985307e-07,307.3972364005861,0.0025,49.27102533113597,0.08319394855657636,0.08347971364855766,0.09321643114089966,0.12175676226615906,1.4947303459046395,1.2466692673212276,3.1068731515607437,,,,,,,,,,,,,,,,,,1,update_snr,bayesian,0.1,20,101770,10177,0.1,0.12190779650819296,0.06515189524209627,0.062158589435577116,0.12190480716215275,0.06515189524209627,0.062158589435577116,0.12190480716215275,0.13646896717950108,0.13359511262871365,0.15283174719121972,0.05722777613794016,0.05537384055282243,0.10654555558761669,0.13646896717950108,0.13359511262871365,0.15283174719121972,0.05722777613794016,0.05537384055282243,0.10654555558761669,1.076319058985099,1.6978607600702815,0.5354096413818986,0.844592514716598,0.5354096413818986,814160,203540,81416,122124,0.75,,,,,,,,,0.008002307182489099,1
bayesfl_observability_v1,vi_sparse_bayesian_keep010_seed42,84,vi,95,7,18,,5,256,130.31211853027344,0.2183391120698717,17.078514421930272,17.078514421930272,,,2.0108098807940262,0.012541159987449646,0.9991671952703636,2.0108098807940262,,-0.0,2.28098669344155,130.31211853027344,307.4132595947449,17.078514421930272,0.003020666793698977,0.2183391120698717,17.078514421930272,0.0025,49.280030238469976,0.08319051203499044,0.08349703252315521,0.09319638013839722,0.12149414420127869,1.495438197474904,1.2474544535150907,3.1052172742694197,,,,,,,,,,,,,,,,,,1,update_snr,bayesian,0.1,20,101770,10177,0.1,0.12198290504231207,0.06515073241473125,0.062077888774982125,0.12197980104660673,0.06515073241473125,0.062077888774982125,0.12197980104660673,0.13633774122216225,0.13331029505452568,0.15276053163632064,0.057241064769461135,0.05526584801728665,0.10665219828542405,0.13633774122216225,0.13331029505452568,0.15276053163632064,0.057241064769461135,0.05526584801728665,0.10665219828542405,1.0768114301075633,1.6981853611100857,0.5355113083502222,0.8445280567447322,0.5355113083502222,814160,203540,81416,122124,0.75,,,,,,,,,0.0079999465926344,18
bayesfl_observability_v1,vi_sparse_bayesian_keep010_seed42,84,vi,233,18,90,,5,256,209.1135627746582,0.14565802680121528,3.458512798082525,3.458512798082525,,,2.0234085681695904,0.012533187866210938,0.9991562432031182,2.0234085681695904,,-0.0,2.3096097079310103,209.1135627746582,311.2661518274273,3.458512798082525,0.0030585256148907072,0.14565802680121528,3.458512798082525,0.0025,49.266285127167656,0.08319294480311329,0.08348625525832176,0.09317576140165329,0.12182693183422089,1.4947443679016854,1.2463410134970156,3.104133191211244,,,,,,,,,,,,,,,,,,1,update_snr,bayesian,0.1,20,101770,10177,0.1,0.1225308475078266,0.0656075426346911,0.06261763109208471,0.12253062274583428,0.0656075426346911,0.06261763109208471,0.12253062274583428,0.13691856104575093,0.13390154316524072,0.15357970407782404,0.05768409614457333,0.05587295939774515,0.10731035005671352,0.13691856104575093,0.13390154316524072,0.15357970407782404,0.05768409614457333,0.05587295939774515,0.10731035005671352,1.0792084139355984,1.711575716418273,0.5333615913823418,0.8458873523336878,0.5333615913823418,814160,203540,81416,122124,0.75,,,,,,,,,0.008001887974423595,90
bayesfl_observability_v1,vi_sparse_bayesian_keep010_seed42,84,vi,155,12,1,,5,256,113.70257818698883,0.17413215339183807,307.0516150041164,307.0516150041164,,,2.0102445313404207,0.012532711029052734,0.9991672540677181,2.0102445313404207,,-0.0,2.28098669344155,113.70257818698883,307.0516150041164,307.0516150041164,0.0030171132455941475,0.17413215339183807,307.0516150041164,0.0025,49.268292528556564,0.08319504920327705,0.08347299322485924,0.0931925617158413,0.12144574522972107,1.4951860849074414,1.247436771200345,3.1044003938931604,,,,,,,,,,,,,,,,,,1,update_snr,bayesian,0.1,20,101770,10177,0.1,0.12195383269160451,0.06508438677646473,0.06185759197552525,0.12195198826160487,0.06508438677646473,0.06185759197552525,0.12195198826160487,0.13631356744992332,0.13342774110690367,0.1528888111533751,0.05717003336830266,0.05512001674156587,0.10676108211653043,0.13631356744992332,0.13342774110690367,0.1528888111533751,0.05717003336830266,0.05512001674156587,0.10676108211653043,1.0765959041599047,1.6976525954771156,0.5355546986326266,0.8445005416058162,0.5355546986326266,814160,203540,81416,122124,0.75,,,,,,,,,0.008004647249944336,1
bayesfl_observability_v1,vi_sparse_bayesian_keep010_seed42,84,vi,290,23,1103,,5,256,674.3816267800331,0.005387530075293288,0.8606824637819754,0.8606824637819754,,,3.529400234340162,0.04475504159927368,0.9974396371337638,3.529400234340162,,-0.0,2.3096097079310103,674.3816267800331,949.3327575515189,0.8606824637819754,0.00932821811488178,0.005387530075293288,0.8606824637819754,0.0025,49.352942873365365,0.08353775473533187,0.08379481732845306,0.09372267425060272,0.12109033763408661,1.4917695843828052,1.2453623238221314,3.101274607248524,,,,,,,,,,,,,,,,,,1,update_snr,bayesian,0.1,20,101770,10177,0.1,0.21915215201905397,0.10759309298135562,0.0923852356135326,0.2191519144138108,0.10759309298135562,0.0923852356135326,0.2191519144138108,0.2710179859992145,0.2579438908783364,0.33475280018850945,0.08943477153492685,0.08204059573323888,0.17651575592288557,0.2710179859992145,0.2579438908783364,0.33475280018850945,0.08943477153492685,0.08204059573323888,0.17651575592288557,2.258859887922253,2.7118661509920203,0.6400123924581077,0.768364586313067,0.6400123924581077,814160,203540,81416,122124,0.75,,,,,,,,,0.008116225171060658,1103
bayesfl_observability_v1,vi_sparse_bayesian_keep010_seed42,84,vi,279,22,125,,5,256,258.68949565887453,0.16984346008300782,2.5138301190629293,2.5138301190629293,,,2.034006847396979,0.012535512447357178,0.999147612536006,2.034006847396979,,-0.0,2.259365973874069,258.68949565887453,314.2287648828662,2.5138301190629293,0.003087636483078178,0.16984346008300782,2.5138301190629293,0.0025,49.27327382221039,0.08319040269901966,0.08347486704587936,0.093208909034729,0.11985043436288834,1.495143003515267,1.246887901325072,3.1061127116687133,,,,,,,,,,,,,,,,,,1,update_snr,bayesian,0.1,20,101770,10177,0.1,0.12279481951600763,0.06601621710265788,0.06331972911929223,0.12279319066420591,0.06601621710265788,0.06331972911929223,0.12279319066420591,0.13702354811257922,0.13395105074809202,0.1535349792890788,0.058126513657111065,0.05635957459167705,0.10776765244438931,0.13702354811257922,0.13395105074809202,0.1535349792890788,0.058126513657111065,0.05635957459167705,0.10776765244438931,1.0793774713979474,1.7239861163873609,0.5306656035987691,0.8475812746617017,0.5306656035987691,814160,203540,81416,122124,0.75,,,,,,,,,0.008002611050126248,125
bayesfl_observability_v1,vi_sparse_bayesian_keep010_seed42,84,vi,105,8,1,,5,256,126.14069442749023,10.589395523071289,306.46731359830335,306.46731359830335,,,2.0071980145725705,0.012528732419013977,0.9991697800556661,2.0071980145725705,,-0.0,2.3096097079310103,126.14069442749023,306.46731359830335,306.46731359830335,0.003011371854164325,10.589395523071289,306.46731359830335,0.0025,49.268383767887634,0.08319203517364679,0.08348865807056427,0.09319335594773293,0.12157299369573593,1.4950125405719084,1.2470842270807347,3.1051847033846762,,,,,,,,,,,,,,,,,,1,update_snr,bayesian,0.1,20,101770,10177,0.1,0.121855216667922,0.06503338722963391,0.061783708969978084,0.1218550515239934,0.06503338722963391,0.061783708969978084,0.1218550515239934,0.1364729689208773,0.13341115033608716,0.15343092382080695,0.05709565593060688,0.055132795269503904,0.10643321902501238,0.1364729689208773,0.13341115033608716,0.15343092382080695,0.05709565593060688,0.055132795269503904,0.10643321902501238,1.0773153495696324,1.6935865809830135,0.5367259940215938,0.8437566043246909,0.5367259940215938,814160,203540,81416,122124,0.75,,,,,,,,,0.008002970923580419,1
bayesfl_observability_v1,vi_sparse_bayesian_keep010_seed42,84,vi,66,5,62,,5,256,233.36837348937988,0.2893777662707913,5.03169534983568,5.03169534983568,,,2.0257970409319777,0.012525081634521484,0.9991543242281307,2.0257970409319777,,0.5614271145662422,1.826949466466651,233.36837348937988,311.96511168981215,5.03169534983568,0.0030653936493054154,0.2893777662707913,5.03169534983568,0.0025,49.26859332136547,0.08319237692369638,0.08349135890603065,0.09319993406534195,0.1207452341914177,1.4949965054015795,1.2497218443496914,3.110790629256502,,,,,,,,,,,,,,,,,,1,update_snr,bayesian,0.1,20,101770,10177,0.1,0.12249187746249952,0.0656856216199538,0.06262673964542897,0.12249056696699166,0.0656856216199538,0.06262673964542897,0.12249056696699166,0.13705863238201224,0.1340569822588903,0.15361898865942047,0.05775528709083617,0.055705507570255,0.10739639648016366,0.13705863238201224,0.1340569822588903,0.15361898865942047,0.05775528709083617,0.055705507570255,0.10739639648016366,1.0810962337506056,1.713208856041497,0.5336646326885945,0.8456961982989802,0.5336646326885945,814160,203540,81416,122124,0.75,,,,,,,,,0.00800323090326025,62
bayesfl_observability_v1,vi_sparse_bayesian_keep010_seed42,84,vi,22,1,18,,5,256,163.5077938079834,1.1888720194498699,17.23449232420267,17.23449232420267,,,2.0196203202819882,0.012529715895652771,0.9991595458407097,2.0196203202819882,,-0.0,2.3277319754160017,163.5077938079834,310.22086183564807,17.23449232420267,0.0030482545134680955,1.1888720194498699,17.23449232420267,0.0025,49.270720923396865,0.08319351727557847,0.08347639441490173,0.09318546280264854,0.12020159512758255,1.4948834652471898,1.2476131624561062,3.1048060124866486,,,,,,,,,,,,,,,,,,1,update_snr,bayesian,0.1,20,101770,10177,0.1,0.12249451640743661,0.06551606343106492,0.06248193803265899,0.12249410734588544,0.06551606343106492,0.06248193803265899,0.12249410734588544,0.13680566628101865,0.13398860188326217,0.15271735345707738,0.05759499644773674,0.055723737189784676,0.10717913889315996,0.13680566628101865,0.13398860188326217,0.15271735345707738,0.05759499644773674,0.055723737189784676,0.10717913889315996,1.0788961039880263,1.7072930137780633,0.5342073919306705,0.8453534541282905,0.5342073919306705,814160,203540,81416,122124,0.75,,,,,,,,,0.008003235276326282,18
bayesfl_observability_v1,vi_sparse_bayesian_keep010_seed42,84,vi,257,20,22,,5,256,162.0300708770752,0.6397510875355114,13.924673375837573,13.924673375837573,,,2.006935623580343,0.01254725456237793,0.9991704471916755,2.006935623580343,,-0.0,2.259365973874069,162.0300708770752,306.3428142684266,13.924673375837573,0.003010148513986701,0.6397510875355114,13.924673375837573,0.0025,49.28120112374765,0.0831966545264057,0.08350888639688492,0.09321064800024033,0.12175984680652618,1.49544535438266,1.2482092022733493,3.1043630363580497,,,,,,,,,,,,,,,,,,1,update_snr,bayesian,0.1,20,101770,10177,0.1,0.12193910276892822,0.06498788241561251,0.06161297016819055,0.12193835710252111,0.06498788241561251,0.06161297016819055,0.12193835710252111,0.13627234025719057,0.13324286487797557,0.1525021094066566,0.05706738709988163,0.05496613821730973,0.10656492513859515,0.13627234025719057,0.13324286487797557,0.1525021094066566,0.05706738709988163,0.05496613821730973,0.10656492513859515,1.0754399297995767,1.6944673365363234,0.5358616973876861,0.8443057747479809,0.5358616973876861,814160,203540,81416,122124,0.75,,,,,,,,,0.008003262835937419,22
bayesfl_observability_v1,vi_sparse_bayesian_keep010_seed42,84,vi,8,0,25,,5,256,117.90165252685547,0.08727604866027833,12.287201562086018,12.287201562086018,,,2.0103863633587817,0.012519866228103638,0.999167082641217,2.0103863633587817,,0.34883209584303193,1.9674200764769605,117.90165252685547,307.18003905215045,12.287201562086018,0.0030183751503601304,0.08727604866027833,12.287201562086018,0.0025,49.26661700052422,0.08319452950229249,0.08349162712693214,0.09321072772145271,0.12171415984630585,1.4949242279174704,1.247240279437869,3.1054250168501785,,,,,,,,,,,,,,,,,,1,update_snr,bayesian,0.1,20,101770,10177,0.1,0.12177040274593585,0.06514327502338621,0.06193346927282513,0.12176942177063334,0.06514327502338621,0.06193346927282513,0.12176942177063334,0.13615852638881618,0.13308017650790732,0.1527659962340618,0.057252691538338445,0.055273729462875364,0.106777315419992,0.13615852638881618,0.13308017650790732,0.1527659962340618,0.057252691538338445,0.055273729462875364,0.106777315419992,1.0755149630379954,1.6985054884398607,0.5349792371457976,0.8448652057120716,0.5349792371457976,814160,203540,81416,122124,0.75,,,,,,,,,0.008003477961944441,25
bayesfl_observability_v1,vi_sparse_bayesian_keep010_seed42,84,vi,178,14,1,,5,256,118.68402996063233,0.15418845415115356,307.61744054379636,307.61744054379636,,,2.0109079186912484,0.012546907179057598,0.9991665390891752,2.0109079186912484,,-0.0,2.28098669344155,118.68402996063233,307.61744054379636,307.61744054379636,0.003022673091714615,0.15418845415115356,307.61744054379636,0.0025,49.263039750544586,0.08319348391481135,0.08347991108894348,0.09321814030408859,0.12190838903188705,1.4945543565616632,1.2481187404943146,3.102810680329089,,,,,,,,,,,,,,,,,,1,update_snr,bayesian,0.1,20,101770,10177,0.1,0.12201833969448252,0.06515370279291981,0.061843396164929336,0.12201832948555491,0.06515370279291981,0.061843396164929336,0.12201832948555491,0.13651762116845567,0.1337171438532547,0.15283012148600622,0.05722437852897139,0.055213230224110996,0.10675228108308976,0.13651762116845567,0.1337171438532547,0.15283012148600622,0.05722437852897139,0.055213230224110996,0.10675228108308976,1.0767691690348231,1.6983282409685196,0.5354641846234375,0.8445579358371795,0.5354641846234375,814160,203540,81416,122124,0.75,,,,,,,,,0.00800414978266738,1
bayesfl_observability_v1,vi_sparse_bayesian_keep010_seed42,84,vi,223,17,1,,5,256,126.25070445537567,0.12183281034231186,305.6209736554879,305.6209736554879,,,2.0040534425127774,0.012537270784378052,0.9991724397127068,2.0040534425127774,,-0.0,2.311121424016332,126.25070445537567,305.6209736554879,305.6209736554879,0.003003055651522923,0.12183281034231186,305.6209736554879,0.0025,49.27019602390154,0.08319454525993734,0.0834805779159069,0.09322573617100716,0.12178649753332138,1.4949688578130995,1.2469074089941334,3.102222778306652,,,,,,,,,,,,,,,,,,1,update_snr,bayesian,0.1,20,101770,10177,0.1,0.1217474999102645,0.0648965181995682,0.06153445133874039,0.12174500406123838,0.0648965181995682,0.06153445133874039,0.12174500406123838,0.1362529144550403,0.13331782529719088,0.15282919081646404,0.05696802972673798,0.05486413699980505,0.106460073288998,0.1362529144550403,0.13331782529719088,0.15282919081646404,0.05696802972673798,0.05486413699980505,0.106460073288998,1.0753101836126955,1.6911351836757897,0.5365676188078201,0.8438573282533645,0.5365676188078201,814160,203540,81416,122124,0.75,,,,,,,,,0.008001953032786693,1
bayesfl_observability_v1,vi_sparse_bayesian_keep010_seed42,84,vi,50,4,1,,5,256,108.79253323078156,0.0003077510336879641,307.2360894971166,307.2360894971166,,,2.0099173949958367,0.012532919645309448,0.9991677258818219,2.0099173949958367,,-0.0,2.3163460082440825,108.79253323078156,307.2360894971166,307.2360894971166,0.003018925906427401,0.0003077510336879641,307.2360894971166,0.0025,49.274246049530916,0.0831978015102709,0.08349014818668365,0.0932012788951397,0.12031732499599457,1.4949847161846637,1.2479762796134692,3.1053750897526053,,,,,,,,,,,,,,,,,,1,update_snr,bayesian,0.1,20,101770,10177,0.1,0.12202176273699167,0.06511755904857146,0.061711354119516754,0.12201972734069837,0.06511755904857146,0.061711354119516754,0.12201972734069837,0.1364389168538661,0.1333781148759464,0.1531402544218226,0.05719296373687206,0.05507590580396033,0.10670516566494741,0.1364389168538661,0.1333781148759464,0.1531402544218226,0.05719296373687206,0.05507590580396033,0.10670516566494741,1.0767070018296387,1.697194734530449,0.5356971408428798,0.8444101925561794,0.5356971408428798,814160,203540,81416,122124,0.75,,,,,,,,,0.008001897948170451,1
bayesfl_observability_v1,vi_sparse_bayesian_keep010_seed42,84,vi,58,4,1,,5,256,110.56583728790284,0.006887149065732956,309.03266860698085,309.03266860698085,,,2.01664056839818,0.01251085102558136,0.9991620559265703,2.01664056839818,,-0.0,2.3292713582565514,110.56583728790284,309.03266860698085,309.03266860698085,0.0030365792336344783,0.006887149065732956,309.03266860698085,0.0025,49.27163589551392,0.08319153586541451,0.08348752558231354,0.09318478330969811,0.12121604382991791,1.4952567435827624,1.2478907954632863,3.101527522649998,,,,,,,,,,,,,,,,,,1,update_snr,bayesian,0.1,20,101770,10177,0.1,0.12203869934220082,0.0654217281746114,0.06215400076540828,0.12203855374949783,0.0654217281746114,0.06215400076540828,0.12203855374949783,0.1365029021960636,0.13348286593960412,0.15311255561506174,0.05752381995000559,0.055636089578230116,0.10695767748121693,0.1365029021960636,0.13348286593960412,0.15311255561506174,0.05752381995000559,0.055636089578230116,0.10695767748121693,1.0788193443344007,1.7038157190257497,0.5349586640475592,0.8448782325048101,0.5349586640475592,814160,203540,81416,122124,0.75,,,,,,,,,0.008004589985936486,1
bayesfl_observability_v1,vi_sparse_bayesian_keep010_seed42,85,vi,86,6,1,,5,256,112.81712164878846,0.40497854351997375,305.562845886421,305.562845886421,,,2.009035662169397,0.012541696429252625,0.99917188931178,2.009035662169397,,-0.0,2.3292713582565514,112.81712164878846,305.562845886421,305.562845886421,0.003002484483506151,0.40497854351997375,305.562845886421,0.0025,49.37617005062981,0.08337270743417209,0.08369487151503563,0.09334084987640381,0.12007789313793182,1.4949691585643436,1.2481011674107458,3.1054214812161574,,,,,,,,,,,,,,,,,,1,update_snr,bayesian,0.1,20,101770,10177,0.1,0.12156592912496117,0.06494553993956025,0.06188144537582455,0.1215642870752629,0.06494553993956025,0.06188144537582455,0.1215642870752629,0.1360744065710154,0.1331161407801645,0.15272444594517887,0.05704233253606523,0.05519358401259005,0.10626299277934478,0.1360744065710154,0.1331161407801645,0.15272444594517887,0.05704233253606523,0.05519358401259005,0.10626299277934478,1.0764997325878656,1.6962819982557977,0.535829081015635,0.8443264747347085,0.535829081015635,814160,203540,81416,122124,0.75,,,,,,,,,0.007982942360543335,1
bayesfl_observability_v1,vi_sparse_bayesian_keep010_seed42,85,vi,91,7,1,,5,256,119.19518427848816,2.576498031616211,306.8703332147327,306.8703332147327,,,2.013576777875931,0.012555647641420364,0.9991682496106546,2.013576777875931,,-0.0,2.3277319754160017,119.19518427848816,306.8703332147327,306.8703332147327,0.0030153319565169763,2.576498031616211,306.8703332147327,0.0025,49.3792260418749,0.08337446458002984,0.08367573097348213,0.0933620847761631,0.1216236874461174,1.4951416339373496,1.2456058456929384,3.105632792086629,,,,,,,,,,,,,,,,,,1,update_snr,bayesian,0.1,20,101770,10177,0.1,0.12183909265128309,0.06510100978177645,0.0618747452053723,0.12183852703328872,0.06510100978177645,0.0618747452053723,0.12183852703328872,0.13618713008187172,0.13334627895261847,0.15234212020792628,0.057202551970654755,0.05522575697526785,0.1066545901768392,0.13618713008187172,0.13334627895261847,0.15234212020792628,0.057202551970654755,0.05522575697526785,0.1066545901768392,1.0774756801453271,1.701040152111814,0.5351053369228502,0.844785344567887,0.5351053369228502,814160,203540,81416,122124,0.75,,,,,,,,,0.00798273610080085,1
bayesfl_observability_v1,vi_sparse_bayesian_keep010_seed42,85,vi,261,20,20,,5,256,167.1768545150757,0.31117656230926516,15.274038907480634,15.274038907480634,,,2.008689580476532,0.012540236115455627,0.9991718706676449,2.008689580476532,,-0.0,2.311121424016332,167.1768545150757,305.48077814961266,15.274038907480634,0.0030016780794891685,0.31117656230926516,15.274038907480634,0.0025,49.36707899696551,0.08336849402992456,0.08367365226149559,0.09334422796964645,0.12158088386058807,1.4946772547067102,1.2463390954341071,3.104972964250853,,,,,,,,,,,,,,,,,,1,update_snr,bayesian,0.1,20,101770,10177,0.1,0.12158279073505694,0.06490508209187691,0.06159412226533398,0.12158119905759035,0.06490508209187691,0.06159412226533398,0.12158119905759035,0.13624324936757667,0.13316537661607125,0.15281531065284512,0.05697861906124358,0.054842761363589836,0.10622420972031074,0.13624324936757667,0.13316537661607125,0.15281531065284512,0.05697861906124358,0.054842761363589836,0.10622420972031074,1.0762897806615048,1.6960053475029486,0.5358168783880339,0.8443342186803181,0.5358168783880339,814160,203540,81416,122124,0.75,,,,,,,,,0.007986716555312901,20
bayesfl_observability_v1,vi_sparse_bayesian_keep010_seed42,85,vi,154,12,211,,5,256,254.343581199646,0.10369464458447497,1.5007517972175768,1.5007517972175768,,,2.0469680137439163,0.012542400509119034,0.999139977713414,2.0469680137439163,,0.08650308759353696,2.224707645554893,254.343581199646,316.6586292129087,1.5007517972175768,0.0031115125205159544,0.10369464458447497,1.5007517972175768,0.0025,49.36646913117198,0.08337423633547954,0.0836871862411499,0.09334581643342972,0.12174368649721146,1.4947544388385896,1.2473283024923814,3.102041646623528,,,,,,,,,,,,,,,,,,1,update_snr,bayesian,0.1,20,101770,10177,0.1,0.12300449640688871,0.06636423513465144,0.06376376252384991,0.12300387877152827,0.06636423513465144,0.06376376252384991,0.12300387877152827,0.13725387192988478,0.13428296053250216,0.1536838080912809,0.058487608824069955,0.0568988432923678,0.10826430183477086,0.13725387192988478,0.13428296053250216,0.1536838080912809,0.058487608824069955,0.0568988432923678,0.10826430183477086,1.084412483776688,1.7361243084295523,0.529765231550097,0.8481443270108412,0.529765231550097,814160,203540,81416,122124,0.75,,,,,,,,,0.007989476121825835,211
bayesfl_observability_v1,vi_sparse_bayesian_keep010_seed42,85,vi,277,22,783,,5,256,631.8175878345967,0.19763563434435186,1.11048697647385,1.11048697647385,,,3.3805649968282014,0.040770962834358215,0.9976600977225184,3.3805649968282014,,1.0837153259927952,1.2034482275163363,631.8175878345967,869.5113025790247,1.11048697647385,0.008543886239353687,0.19763563434435186,1.11048697647385,0.0025,49.445823934744055,0.0836786558443271,0.08398008719086647,0.09375126138329506,0.1228557750582695,1.4918234894602338,1.2471927143394854,3.0970836229423706,,,,,,,,,,,,,,,,,,1,update_snr,bayesian,0.1,20,101770,10177,0.1,0.21021582351316415,0.10302514971664825,0.08824004423719856,0.21021143298772363,0.10302514971664825,0.08824004423719856,0.21021143298772363,0.26021739972075153,0.24855201446385644,0.32028674416099245,0.08555934416063678,0.07833942994938833,0.16956217933523915,0.26021739972075153,0.24855201446385644,0.32028674416099245,0.08555934416063678,0.07833942994938833,0.16956217933523915,2.1622900088697716,2.598599933680064,0.6396238530832952,0.7686880554339844,0.6396238530832952,814160,203540,81416,122124,0.75,,,,,,,,,0.008077843475713744,783
bayesfl_observability_v1,vi_sparse_bayesian_keep010_seed42,85,vi,284,22,369,,5,256,288.3462876558304,0.036049726532726756,1.5417714173830552,1.5417714173830552,,,2.7383569057261083,0.024934878572821617,0.9984637820631816,2.7383569057261083,,-0.0,2.3096097079310103,288.3462876558304,568.9136530143473,1.5417714173830552,0.005590190164236487,0.036049726532726756,1.5417714173830552,0.0025,49.42081578457787,0.08351160260879174,0.0838036760687828,0.09354574903845787,0.12299216538667679,1.4936791601341104,1.2474176907921959,3.108349269656179,,,,,,,,,,,,,,,,,,1,update_snr,bayesian,0.1,20,101770,10177,0.1,0.17099209694281184,0.08548613680717466,0.07569856113883022,0.17099205359031297,0.08548613680717466,0.07569856113883022,0.17099205359031297,0.20287746614247207,0.1961855679264509,0.2390723463403318,0.0724426557699194,0.06756336727465215,0.14102943540293564,0.20287746614247207,0.1961855679264509,0.2390723463403318,0.0724426557699194,0.06756336727465215,0.14102943540293564,1.6551070231643925,2.1815634955255825,0.6044161079600108,0.7966687946935517,0.6044161079600108,814160,203540,81416,122124,0.75,,,,,,,,,0.00802068059080613,369
bayesfl_observability_v1,vi_sparse_bayesian_keep010_seed42,85,vi,246,19,85,,5,256,135.55422525405885,0.03955412471995634,3.599171618713768,3.599171618713768,,,2.0101908997825366,0.012507185339927673,0.9991708206134625,2.0101908997825366,,-0.0,2.3096097079310103,135.55422525405885,305.9295875906703,3.599171618713768,0.0030060881162490938,0.03955412471995634,3.599171618713768,0.0025,49.37283435919874,0.0833695814254342,0.08367940410971642,0.09336034953594208,0.12164485454559326,1.4949641164868197,1.2465748181082166,3.103817846952598,,,,,,,,,,,,,,,,,,1,update_snr,bayesian,0.1,20,101770,10177,0.1,0.12169930938979909,0.06500952619731114,0.06170699305217478,0.12169705957242814,0.06500952619731114,0.06170699305217478,0.12169705957242814,0.13599900310818294,0.13302579062768327,0.1523606139583515,0.05712180654054759,0.05514834871334259,0.10647123608118358,0.13599900310818294,0.13302579062768327,0.1523606139583515,0.05712180654054759,0.05514834871334259,0.10647123608118358,1.0751254580387624,1.698520739657149,0.5348374913820721,0.8449549442497704,0.5348374913820721,814160,203540,81416,122124,0.75,,,,,,,,,0.007987025865096626,85
bayesfl_observability_v1,vi_sparse_bayesian_keep010_seed42,85,vi,112,9,234,,5,256,258.4947264671326,0.06712137532030416,1.3892463023238246,1.3892463023238246,,,2.0746080478613,0.012545913457870483,0.9991164179033315,2.0746080478613,,-0.0,2.3155014849272724,258.4947264671326,325.08363474377495,1.3892463023238246,0.0031942972854846706,0.06712137532030416,1.3892463023238246,0.0025,49.361033675922094,0.0833684323205292,0.08368806540966034,0.0933563694357872,0.12159087508916855,1.4946585978614684,1.246981282069025,3.1039697208201766,,,,,,,,,,,,,,,,,,1,update_snr,bayesian,0.1,20,101770,10177,0.1,0.12351363934861573,0.06762749588294792,0.06594022146568687,0.12351313466467984,0.06762749588294792,0.06594022146568687,0.12351313466467984,0.1375166665567213,0.13445216110412544,0.15360853741007302,0.059862032474750866,0.05891676272453067,0.10920906895716413,0.1375166665567213,0.13445216110412544,0.15360853741007302,0.059862032474750866,0.05891676272453067,0.10920906895716413,1.0838626294955758,1.7689658992286468,0.5224421213505476,0.8526747503232056,0.5224421213505476,814160,203540,81416,122124,0.75,,,,,,,,,0.007983566533976987,234
bayesfl_observability_v1,vi_sparse_bayesian_keep010_seed42,85,vi,295,23,1,,5,256,120.96890618801118,6.806619057897478e-05,305.412643078683,305.412643078683,,,2.0086046646881766,0.012538261711597443,0.9991725363554057,2.0086046646881766,,-0.0,2.3096097079310103,120.96890618801118,305.412643078683,305.412643078683,0.0030010085789395993,6.806619057897478e-05,305.412643078683,0.0025,49.38406783967503,0.08337199128516311,0.08368224278092384,0.09336047843098641,0.121598020195961,1.4952372285248705,1.246584295802464,3.1044421664717827,,,,,,,,,,,,,,,,,,1,update_snr,bayesian,0.1,20,101770,10177,0.1,0.12144611448590242,0.06491245062088863,0.06175412254868806,0.12144519138327597,0.06491245062088863,0.06175412254868806,0.12144519138327597,0.13588710815172123,0.1328917832145249,0.15246276489151264,0.05702637756190721,0.05503213607927932,0.10630516429106718,0.13588710815172123,0.1328917832145249,0.15246276489151264,0.05702637756190721,0.05503213607927932,0.10630516429106718,1.0772617720067146,1.6952875194432528,0.5363234443020438,0.8440125372836549,0.5363234443020438,814160,203540,81416,122124,0.75,,,,,,,,,0.007988271133859253,1
bayesfl_observability_v1,vi_sparse_bayesian_keep010_seed42,85,vi,299,23,1,,5,256,116.02494201660156,0.00023529145983047783,307.88892826658395,307.88892826658395,,,2.0160462109497965,0.012539153918623924,0.9991660005382729,2.0160462109497965,,-0.0,2.3096097079310103,116.02494201660156,307.88892826658395,307.88892826658395,0.00302534075136665,0.00023529145983047783,307.88892826658395,0.0025,49.37340614571285,0.08336934197232475,0.08368406072258949,0.09335614740848541,0.12194843590259552,1.4951340484860312,1.2482199686483921,3.107068883244501,,,,,,,,,,,,,,,,,,1,update_snr,bayesian,0.1,20,101770,10177,0.1,0.12205086342790732,0.06524203988262664,0.06207463053178451,0.12205063362442105,0.06524203988262664,0.06207463053178451,0.12205063362442105,0.136399640821334,0.1334371816997565,0.1527509496236122,0.057335639778325835,0.0554570053645612,0.10681351271264303,0.136399640821334,0.1334371816997565,0.1527509496236122,0.057335639778325835,0.0554570053645612,0.10681351271264303,1.076694924667065,1.7044560316655915,0.5340626215903127,0.8454449220499717,0.5340626215903127,814160,203540,81416,122124,0.75,,,,,,,,,0.00798525269223694,1
bayesfl_observability_v1,vi_sparse_bayesian_keep010_seed42,85,vi,272,21,1,,5,256,116.78805537223816,0.03666817769408226,306.86140057092985,306.86140057092985,,,2.0128355376430056,0.012551441788673401,0.9991686877449003,2.0128355376430056,,-0.0,2.28098669344155,116.78805537223816,306.86140057092985,306.86140057092985,0.003015244183658542,0.03666817769408226,306.86140057092985,0.0025,49.37432848809311,0.0833716870730962,0.083682119846344,0.0933499239385128,0.1202477216720581,1.495059818115246,1.246688821125852,3.104253527308784,,,,,,,,,,,,,,,,,,1,update_snr,bayesian,0.1,20,101770,10177,0.1,0.12187868267144018,0.06507295183429852,0.06190312352681294,0.12187683531250038,0.06507295183429852,0.06190312352681294,0.12187683531250038,0.13632094265859374,0.1334027834302159,0.1531350737005831,0.05715650840937683,0.05517372847585704,0.10652837007607728,0.13632094265859374,0.1334027834302159,0.1531350737005831,0.05715650840937683,0.05517372847585704,0.10652837007607728,1.077927849692507,1.6998760109066484,0.5355270361307021,0.8445180836270274,0.5355270361307021,814160,203540,81416,122124,0.75,,,,,,,,,0.007984876173802754,1
bayesfl_observability_v1,vi_sparse_bayesian_keep010_seed42,85,vi,127,10,1062,,5,256,681.6934325861931,0.010982145686860139,0.8883501693722383,0.8883501693722383,,,3.5241643634815603,0.04315127432346344,0.9974560487583652,3.5241643634815603,,-0.0,2.28098669344155,681.6934325861931,943.4278798733171,0.8883501693722383,0.009270196323801877,0.010982145686860139,0.8883501693722383,0.0025,49.4375186810638,0.08371837125966483,0.08402010425925255,0.09386923462152481,0.12103191763162613,1.4911088120038312,1.243756549350331,3.0976690889792455,,,,,,,,,,,,,,,,,,1,update_snr,bayesian,0.1,20,101770,10177,0.1,0.21956050964634533,0.10685952744725095,0.09125575996265908,0.2195596148149625,0.10685952744725095,0.09125575996265908,0.2195596148149625,0.2717712841009387,0.25926159374948515,0.334902087620796,0.08853599893017457,0.08102369978596956,0.17562409373315674,0.2717712841009387,0.25926159374948515,0.334902087620796,0.08853599893017457,0.08102369978596956,0.17562409373315674,2.265659444146992,2.6993558016647143,0.6428926719833017,0.7659562731058297,0.6428926719833017,814160,203540,81416,122124,0.75,,,,,,,,,0.008098758169029543,1062
bayesfl_observability_v1,vi_sparse_bayesian_keep010_seed42,85,vi,25,2,1,,5,256,118.67336210012436,0.005872378125786781,306.2086210599043,306.2086210599043,,,2.0110386814381207,0.012531357817351818,0.999170285059362,2.0110386814381207,,-0.0,2.4040642619438994,118.67336210012436,306.2086210599043,306.2086210599043,0.0030088299209973892,0.005872378125786781,306.2086210599043,0.0025,49.377536128220484,0.08337104284499487,0.08366517722606659,0.09335361495614052,0.12194632738828659,1.4950651350302735,1.2469053653999556,3.108753898459859,,,,,,,,,,,,,,,,,,1,update_snr,bayesian,0.1,20,101770,10177,0.1,0.12187486780191072,0.06501277969749168,0.06188741586041879,0.12187461146958152,0.06501277969749168,0.06188741586041879,0.12187461146958152,0.13629261271503362,0.13320863527360396,0.15281389888220645,0.057092798251098135,0.05513961295574727,0.10635076862839543,0.13629261271503362,0.13320863527360396,0.15281389888220645,0.057092798251098135,0.05513961295574727,0.10635076862839543,1.0766854758300257,1.698536123954109,0.5353877505031746,0.8446063915287114,0.5353877505031746,814160,203540,81416,122124,0.75,,,,,,,,,0.00798565107901876,1
bayesfl_observability_v1,vi_sparse_bayesian_keep010_seed42,85,vi,71,5,1,,5,256,114.50720069408416,0.05441028252243996,304.6152821537804,304.6152821537804,,,2.005274180631503,0.012536641210317612,0.9991749466831918,2.005274180631503,,-0.0,2.3155014849272724,114.50720069408416,304.6152821537804,304.6152821537804,0.0029931736479687572,0.05441028252243996,304.6152821537804,0.0025,49.374964287093505,0.08337136794255391,0.08368974551558495,0.0933510959148407,0.12026193737983704,1.4947745876881477,1.2494846336612677,3.105285879061828,,,,,,,,,,,,,,,,,,1,update_snr,bayesian,0.1,20,101770,10177,0.1,0.1213665810774127,0.0648273152797076,0.06165544153047878,0.12136634251533325,0.0648273152797076,0.06165544153047878,0.12136634251533325,0.1359224238413392,0.1328625165384977,0.15293837949403336,0.056927858772859656,0.054996130114528655,0.10611196449698504,0.1359224238413392,0.1328625165384977,0.15293837949403336,0.056927858772859656,0.054996130114528655,0.10611196449698504,1.0752820137049148,1.6925995186428635,0.5362269280135477,0.8440738603186065,0.5362269280135477,814160,203540,81416,122124,0.75,,,,,,,,,0.007984312795422865,1
bayesfl_observability_v1,vi_sparse_bayesian_keep010_seed42,85,vi,164,13,1,,5,256,106.28932616710662,0.0012744885170832276,306.21012219593075,306.21012219593075,,,2.010930981989605,0.012546643614768982,0.9991708079238399,2.010930981989605,,-0.0,2.185987945410232,106.28932616710662,306.21012219593075,306.21012219593075,0.0030088446712776924,0.0012744885170832276,306.21012219593075,0.0025,49.3888886809929,0.08337294082816661,0.0836825892329216,0.09334783405065537,0.12087611109018326,1.4951750394492116,1.2482963872758095,3.1062423086849438,,,,,,,,,,,,,,,,,,1,update_snr,bayesian,0.1,20,101770,10177,0.1,0.12194072409798991,0.06504483992450535,0.06192481272801684,0.12194028108696901,0.06504483992450535,0.06192481272801684,0.12194028108696901,0.1358692079390829,0.13283314967879578,0.15236479026326083,0.05717546570066342,0.05517813347312258,0.10655908746440096,0.1358692079390829,0.13283314967879578,0.15236479026326083,0.05717546570066342,0.05517813347312258,0.10655908746440096,1.0757162315451971,1.6990226612720263,0.5349344364274944,0.8448935724243614,0.5349344364274944,814160,203540,81416,122124,0.75,,,,,,,,,0.007986030768798473,1
bayesfl_observability_v1,vi_sparse_bayesian_keep010_seed42,86,vi,44,3,2,,5,256,123.86297364234925,0.05132420361042023,151.89667994848233,151.89667994848233,,,2.0086008588849475,0.012554153800010681,0.9991768220446673,2.0086008588849475,,-0.0,2.185987945410232,123.86297364234925,303.79335989696466,151.89667994848233,0.0029850973754246305,0.05132420361042023,151.89667994848233,0.0025,49.51316802260135,0.08357809579719715,0.08389457687735558,0.09354135021567345,0.12107043713331223,1.4960201868273115,1.249343626055726,3.1056603717490416,,,,,,,,,,,,,,,,,,1,update_snr,bayesian,0.1,20,101770,10177,0.1,0.1212429142048396,0.06480118376463256,0.06180563976007317,0.12124220810769445,0.06480118376463256,0.06180563976007317,0.12124220810769445,0.135534948532671,0.13259069488316735,0.152144941251007,0.056941876568183815,0.05496672289735186,0.10588334861022192,0.135534948532671,0.13259069488316735,0.152144941251007,0.056941876568183815,0.05496672289735186,0.10588334861022192,1.0755317297454807,1.6963811212767155,0.5354631434054798,0.844558595986284,0.5354631434054798,814160,203540,81416,122124,0.75,,,,,,,,,0.007972944035421824,2
bayesfl_observability_v1,vi_sparse_bayesian_keep010_seed42,86,vi,45,3,1,,5,256,112.56700448989868,0.00017772526189219207,303.92528742720816,303.92528742720816,,,2.008734708867347,0.012548621743917465,0.9991768558830233,2.008734708867347,,-0.0,2.28098669344155,112.56700448989868,303.92528742720816,303.92528742720816,0.002986393705681519,0.00017772526189219207,303.92528742720816,0.0025,49.51723748237133,0.08357978173060028,0.08389132842421532,0.09351885989308358,0.1218564435839653,1.4958285323479326,1.2494475154668017,3.1068311452126722,,,,,,,,,,,,,,,,,,1,update_snr,bayesian,0.1,20,101770,10177,0.1,0.12134781588142587,0.06480658077772242,0.061612343270089465,0.12134761651001351,0.06480658077772242,0.061612343270089465,0.12134761651001351,0.13558708461207603,0.13267251689884968,0.15182195174047555,0.05694208035168313,0.05494235358187709,0.10596837865293098,0.13558708461207603,0.13267251689884968,0.15182195174047555,0.05694208035168313,0.05494235358187709,0.10596837865293098,1.0765956709961007,1.6958646443041503,0.5359571207903079,0.8442452041167682,0.5359571207903079,814160,203540,81416,122124,0.75,,,,,,,,,0.007970505927036175,1
bayesfl_observability_v1,vi_sparse_bayesian_keep010_seed42,86,vi,17,1,202,,5,256,436.1228784561157,0.0306090246332754,1.619779110731295,1.619779110731295,,,2.086398712619433,0.012541577219963074,0.9991115679081926,2.086398712619433,,-0.0,2.3292713582565514,436.1228784561157,327.1953803677216,1.619779110731295,0.003215047463571992,0.0306090246332754,1.619779110731295,0.0025,49.50675005147665,0.08357303143129627,0.08387896418571472,0.09352186545729638,0.12186767905950546,1.4954606170918374,1.2496251044908795,3.1080968568397385,,,,,,,,,,,,,,,,,,1,update_snr,bayesian,0.1,20,101770,10177,0.1,0.12437876639783697,0.06771275680833638,0.06559615470419997,0.12437770183123019,0.06771275680833638,0.06559615470419997,0.12437770183123019,0.13817898239967055,0.13529382903272585,0.1538884724583948,0.05988317618707701,0.058486042378572606,0.10997888299784346,0.13817898239967055,0.13529382903272585,0.1538884724583948,0.05988317618707701,0.058486042378572606,0.10997888299784346,1.0904526302178275,1.7787559274029299,0.5226482472512578,0.8525484207041789,0.5226482472512578,814160,203540,81416,122124,0.75,,,,,,,,,0.00797076902945075,202
bayesfl_observability_v1,vi_sparse_bayesian_keep010_seed42,86,vi,20,1,271,,5,256,318.2484517633915,0.0408853446425547,2.1224907025695323,2.1224907025695323,,,2.7618420792759744,0.02415846474468708,0.99844506319661,2.7618420792759744,,0.1565717533105691,2.1543325248754965,318.2484517633915,575.1949803963432,2.1224907025695323,0.005651910979624086,0.0408853446425547,2.1224907025695323,0.0025,49.54459209023811,0.0837206683684698,0.08402612432837486,0.09373154789209366,0.12165894359350204,1.493999053212508,1.2494237083316597,3.1038934681416,,,,,,,,,,,,,,,,,,1,update_snr,bayesian,0.1,20,101770,10177,0.1,0.17134480257915344,0.08623638996959127,0.07693966209307741,0.17134386440130056,0.08623638996959127,0.07693966209307741,0.17134386440130056,0.2027677203791104,0.1963825815032946,0.2389441401717784,0.07328846436853362,0.06866620856959167,0.14181187244054844,0.2027677203791104,0.1963825815032946,0.2389441401717784,0.07328846436853362,0.06866620856959167,0.14181187244054844,1.6575877609494705,2.209111696046622,0.600174707086805,0.7998689398728214,0.600174707086805,814160,203540,81416,122124,0.75,,,,,,,,,0.00800876382188645,271
bayesfl_observability_v1,vi_sparse_bayesian_keep010_seed42,86,vi,173,13,1,,5,256,120.2174665927887,2.1720809936523438,303.96278623426645,303.96278623426645,,,2.0094959957842673,0.012539997696876526,0.99917580844341,2.0094959957842673,,-0.0,2.3292713582565514,120.2174665927887,303.96278623426645,303.96278623426645,0.0029867621719000337,2.1720809936523438,303.96278623426645,0.0025,49.50463358100278,0.08357946257838786,0.08389220014214516,0.09353395998477936,0.12176796048879623,1.4950963483496045,1.2486439227477808,3.10508052566833,,,,,,,,,,,,,,,,,,1,update_snr,bayesian,0.1,20,101770,10177,0.1,0.12141760803527364,0.06479553664108563,0.06155731682422001,0.12141747881187515,0.06479553664108563,0.06155731682422001,0.12141747881187515,0.13565498626059727,0.1327133674323184,0.15229909502622868,0.0569222644611399,0.054822199700435656,0.10608477084443049,0.13565498626059727,0.1327133674323184,0.15229909502622868,0.0569222644611399,0.054822199700435656,0.10608477084443049,1.0773531271529042,1.6962854702221744,0.5361310146489913,0.8441347849315555,0.5361310146489913,814160,203540,81416,122124,0.75,,,,,,,,,0.007972850705822928,1
bayesfl_observability_v1,vi_sparse_bayesian_keep010_seed42,86,vi,31,2,1,,5,256,120.29715948104858,4.291525328881107e-06,304.59606679103234,304.59606679103234,,,2.0105929913605216,0.012545466423034668,0.9991752256332476,2.0105929913605216,,-0.0,2.3163460082440825,120.29715948104858,304.59606679103234,304.59606679103234,0.0029929848363076774,4.291525328881107e-06,304.59606679103234,0.0025,49.514263504225525,0.0835769752345608,0.08389493077993393,0.09350062906742096,0.12163527309894562,1.4956775024228555,1.248404027276632,3.1089742481056373,,,,,,,,,,,,,,,,,,1,update_snr,bayesian,0.1,20,101770,10177,0.1,0.12131123067088918,0.06486795787765905,0.06165502125090275,0.1213105487139849,0.06486795787765905,0.06165502125090275,0.1213105487139849,0.13573699039255066,0.13273671704981627,0.15245838023291422,0.05699362093155999,0.05517471697878913,0.1062952628720545,0.13573699039255066,0.13273671704981627,0.15245838023291422,0.05699362093155999,0.05517471697878913,0.1062952628720545,1.0766707972114633,1.6980177182055796,0.5354991297780787,0.8445357789975038,0.5354991297780787,814160,203540,81416,122124,0.75,,,,,,,,,0.00797245686592727,1
bayesfl_observability_v1,vi_sparse_bayesian_keep010_seed42,86,vi,4,0,3,,5,256,115.70946627855301,0.011686507612466812,101.03338206795024,101.03338206795024,,,2.0054151927721984,0.012523174285888672,0.9991793004005506,2.0054151927721984,,0.6365141682948128,1.6763487837974358,115.70946627855301,303.1001462038507,101.03338206795024,0.0029782858033197477,0.011686507612466812,101.03338206795024,0.0025,49.50924176481134,0.08357830522473035,0.08389272913336754,0.09354982152581215,0.12031525373458862,1.495505324839224,1.2476270875877993,3.106765428502773,,,,,,,,,,,,,,,,,,1,update_snr,bayesian,0.1,20,101770,10177,0.1,0.12129089383495938,0.06463696531407108,0.06153571151497539,0.12129085322591221,0.06463696531407108,0.06153571151497539,0.12129085322591221,0.13568271597695136,0.13277679309228488,0.15235442821117506,0.05674299301819549,0.05472141228192604,0.10607396790372008,0.13568271597695136,0.13277679309228488,0.15235442821117506,0.05674299301819549,0.05472141228192604,0.10607396790372008,1.0767328502430609,1.6918441017449002,0.5369126822833292,0.8436378201594099,0.5369126822833292,814160,203540,81416,122124,0.75,,,,,,,,,0.00797317675977661,3
bayesfl_observability_v1,vi_sparse_bayesian_keep010_seed42,86,vi,177,14,1,,5,256,114.70713791847228,2.477733612060547,303.894248246184,303.894248246184,,,2.0082681711428103,0.012539848685264587,0.999176973880777,2.0082681711428103,,-0.0,2.259365973874069,114.70713791847228,303.894248246184,303.894248246184,0.002986088712254928,2.477733612060547,303.894248246184,0.0025,49.50958119153311,0.0835782880423093,0.08387871459126472,0.09353769272565841,0.12078436464071274,1.4954972943138942,1.248081213159438,3.1049326647239166,,,,,,,,,,,,,,,,,,1,update_snr,bayesian,0.1,20,101770,10177,0.1,0.12124035616593394,0.0647776336788358,0.06148154299067424,0.12123837620658989,0.0647776336788358,0.06148154299067424,0.12123837620658989,0.1356511212113894,0.1326204057494172,0.1521701636416774,0.056902801730774256,0.05492866728605925,0.10605931625656993,0.1356511212113894,0.1326204057494172,0.1521701636416774,0.056902801730774256,0.05492866728605925,0.10605931625656993,1.0767772329917273,1.6951966958839821,0.5361720354204411,0.8441087302196927,0.5361720354204411,814160,203540,81416,122124,0.75,,,,,,,,,0.007971505869856635,1
bayesfl_observability_v1,vi_sparse_bayesian_keep010_seed42,86,vi,257,20,22,,5,256,151.79566192626953,0.4642030109058727,13.912895140599348,13.912895140599348,,,2.0163812074988,0.01254357397556305,0.9991704056794495,2.0163812074988,,-0.0,2.259365973874069,151.79566192626953,306.0836930931857,13.912895140599348,0.003007602369000547,0.4642030109058727,13.912895140599348,0.0025,49.512476980902996,0.0835803191218636,0.08389942348003387,0.09352563694119453,0.12157220393419266,1.4954982602459133,1.2487813500582132,3.104381641061041,,,,,,,,,,,,,,,,,,1,update_snr,bayesian,0.1,20,101770,10177,0.1,0.12169366971080786,0.06501839256110803,0.0619139427558249,0.12169267414821412,0.06501839256110803,0.0619139427558249,0.12169267414821412,0.13603925152988416,0.13304966282071343,0.15238340221020255,0.0571271860090218,0.055253734096136174,0.10645084073062303,0.13603925152988416,0.13304966282071343,0.15238340221020255,0.0571271860090218,0.055253734096136174,0.10645084073062303,1.0794571769140828,1.7031046289535472,0.5353437995254304,0.8446342500216745,0.5353437995254304,814160,203540,81416,122124,0.75,,,,,,,,,0.00797146815467174,22
bayesfl_observability_v1,vi_sparse_bayesian_keep010_seed42,86,vi,260,20,171,,5,256,168.7012022972107,0.03490193127191555,1.8004720770904936,1.8004720770904936,,,2.020751657422327,0.012542158365249634,0.9991670306805439,2.020751657422327,,-0.0,2.311121424016332,168.7012022972107,307.8807251824744,1.8004720770904936,0.0030252601472189685,0.03490193127191555,1.8004720770904936,0.0025,49.51883433161509,0.08357870012288936,0.08388753980398178,0.09353394284844399,0.12136580049991608,1.4958647134516718,1.2506289383825298,3.104682471067471,,,,,,,,,,,,,,,,,,1,update_snr,bayesian,0.1,20,101770,10177,0.1,0.12188144369485027,0.06528302513511268,0.062120699268264974,0.12187564486121089,0.06528302513511268,0.062120699268264974,0.12187564486121089,0.13628773878906653,0.1332810815527519,0.15267067156600533,0.057393612506895585,0.05543216004741169,0.10658826861319513,0.13628773878906653,0.1332810815527519,0.15267067156600533,0.057393612506895585,0.05543216004741169,0.10658826861319513,1.0781415566957566,1.709107382437024,0.5335349114947827,0.8457780431154827,0.5335349114947827,814160,203540,81416,122124,0.75,,,,,,,,,0.007970766282174548,171
bayesfl_observability_v1,vi_sparse_bayesian_keep010_seed42,86,vi,72,5,1,,5,256,117.92314777374267,0.0003953390696551651,303.9779914827104,303.9779914827104,,,2.009910828502655,0.01252734661102295,0.999175631912023,2.009910828502655,,-0.0,2.28098669344155,117.92314777374267,303.9779914827104,303.9779914827104,0.00298691157986352,0.0003953390696551651,303.9779914827104,0.0025,49.509747670411436,0.08357842207299775,0.08388813585042953,0.0935429498553276,0.12191600352525711,1.4952719424178103,1.2481911060784237,3.1080447761267584,,,,,,,,,,,,,,,,,,1,update_snr,bayesian,0.1,20,101770,10177,0.1,0.12100028849570017,0.06483154409921772,0.06171942494628482,0.12099713363228855,0.06483154409921772,0.06171942494628482,0.12099713363228855,0.135277812437251,0.13230626122541067,0.1518523444336536,0.05700418095054737,0.055016833826394176,0.10607484737328152,0.135277812437251,0.13230626122541067,0.1518523444336536,0.05700418095054737,0.055016833826394176,0.10607484737328152,1.075209288389235,1.6981361914445339,0.534953726872672,0.8448813585971935,0.534953726872672,814160,203540,81416,122124,0.75,,,,,,,,,0.007972243141934067,1
bayesfl_observability_v1,vi_sparse_bayesian_keep010_seed42,86,vi,88,7,140,,5,256,183.07834014892578,0.01073362146105085,2.201506116945102,2.201506116945102,,,2.023286013903759,0.012531688436865807,0.9991646852357752,2.023286013903759,,-0.0,2.3155014849272724,183.07834014892578,308.21085637231425,2.201506116945102,0.0030285040421766164,0.01073362146105085,2.201506116945102,0.0025,49.511704286973625,0.0835761670470882,0.0838857889175415,0.09354006052017212,0.12063222378492355,1.4957672808899505,1.2477468315246028,3.10578163375966,,,,,,,,,,,,,,,,,,1,update_snr,bayesian,0.1,20,101770,10177,0.1,0.12165227796981337,0.06535532867236316,0.0622789543240311,0.12165105053685349,0.06535532867236316,0.0622789543240311,0.12165105053685349,0.1359360720317669,0.13302799021247183,0.1523316740836464,0.057513023854651645,0.05568484634921848,0.10673668752549917,0.1359360720317669,0.13302799021247183,0.1523316740836464,0.057513023854651645,0.05568484634921848,0.10673668752549917,1.0790531899358744,1.7115287047980763,0.5333171793413095,0.8459153540511193,0.5333171793413095,814160,203540,81416,122124,0.75,,,,,,,,,0.007973277116577977,140
bayesfl_observability_v1,vi_sparse_bayesian_keep010_seed42,86,vi,240,19,1,,5,256,118.67104661464691,0.6797981262207031,303.4065493923853,303.4065493923853,,,2.0063450405859857,0.012549668550491333,0.9991783964723474,2.0063450405859857,,-0.0,2.3096097079310103,118.67104661464691,303.4065493923853,303.4065493923853,0.0029812965450760074,0.6797981262207031,303.4065493923853,0.0025,49.5047803564608,0.08357767691028438,0.0838976763188839,0.09351859837770463,0.12171381711959839,1.4950312211738077,1.2493142644432949,3.103426676452388,,,,,,,,,,,,,,,,,,1,update_snr,bayesian,0.1,20,101770,10177,0.1,0.12108613907919544,0.06473762954967457,0.06153138848697852,0.12108320475711254,0.06473762954967457,0.06153138848697852,0.12108320475711254,0.13562001982750427,0.1328172839246892,0.15214690860435173,0.05686180840769349,0.054921724480824295,0.10593938008851227,0.13562001982750427,0.1328172839246892,0.15214690860435173,0.05686180840769349,0.054921724480824295,0.10593938008851227,1.075867700858238,1.6934961210861958,0.5362326414922197,0.8440702306077835,0.5362326414922197,814160,203540,81416,122124,0.75,,,,,,,,,0.007970686758128745,1
bayesfl_observability_v1,vi_sparse_bayesian_keep010_seed42,86,vi,244,19,1,,5,256,116.95810537338257,2.992108420585282e-05,303.9563741085472,303.9563741085472,,,2.008796213967685,0.012512234970927238,0.9991766648020605,2.008796213967685,,-0.0,2.28098669344155,116.95810537338257,303.9563741085472,303.9563741085472,0.002986699165849928,2.992108420585282e-05,303.9563741085472,0.0025,49.513253998300875,0.08357993734333731,0.08389582112431526,0.09354460537433625,0.12132904678583145,1.4953133482812493,1.2486744903855418,3.109106272130227,,,,,,,,,,,,,,,,,,1,update_snr,bayesian,0.1,20,101770,10177,0.1,0.12123026393278846,0.06477829761066471,0.06180738291976029,0.12122958175737399,0.06477829761066471,0.06180738291976029,0.12122958175737399,0.13572119449210263,0.13275212226695565,0.15237069890068292,0.056895753512727174,0.0549980688362455,0.10599474739877773,0.13572119449210263,0.13275212226695565,0.15237069890068292,0.056895753512727174,0.0549980688362455,0.10599474739877773,1.076129294915365,1.6962334656160596,0.5357085439691476,0.8444029582601286,0.5357085439691476,814160,203540,81416,122124,0.75,,,,,,,,,0.00797187710444106,1
bayesfl_observability_v1,vi_sparse_bayesian_keep010_seed42,86,vi,115,9,1,,5,256,114.43516237735749,0.004304192494601011,305.0006227778746,305.0006227778746,,,2.010910589563928,0.01252390444278717,0.9991750145103885,2.010910589563928,,-0.0,2.185987945410232,114.43516237735749,305.0006227778746,305.0006227778746,0.002996960035156476,0.004304192494601011,305.0006227778746,0.0025,49.515671273539745,0.0835784433324099,0.08388475328683853,0.09352349191904068,0.12136242538690567,1.4956926654026266,1.247502335209505,3.109165107068156,,,,,,,,,,,,,,,,,,1,update_snr,bayesian,0.1,20,101770,10177,0.1,0.12141496636802943,0.06490209985252679,0.06173184834170059,0.12141286592951415,0.06490209985252679,0.06173184834170059,0.12141286592951415,0.13593334733312176,0.13285647941093068,0.1523248410968959,0.05700973902134956,0.055042867748466104,0.10625994249769992,0.13593334733312176,0.13285647941093068,0.1523248410968959,0.05700973902134956,0.055042867748466104,0.10625994249769992,1.0764101510511774,1.6985589733460325,0.5352849383943024,0.8446715543500968,0.5352849383943024,814160,203540,81416,122124,0.75,,,,,,,,,0.007971759821203777,1
bayesfl_observability_v1,vi_sparse_bayesian_keep010_seed42,87,vi,226,18,1,,5,256,108.92546298503876,0.009427433833479881,304.02155748532937,304.02155748532937,,,2.0119565954048295,0.012544587254524231,0.999176494698031,2.0119565954048295,,-0.0,2.259365973874069,108.92546298503876,304.02155748532937,304.02155748532937,0.002987339662821356,0.009427433833479881,304.02155748532937,0.0025,49.586017143413656,0.08373713172035846,0.08406376093626022,0.09366895258426666,0.12169524282217026,1.4946273130548822,1.2486281238455887,3.1019398072036326,,,,,,,,,,,,,,,,,,1,update_snr,bayesian,0.1,20,101770,10177,0.1,0.12121193577247728,0.06483283284106003,0.06191515515529443,0.1212109613685007,0.06483283284106003,0.06191515515529443,0.1212109613685007,0.13550377025496696,0.13262268129175064,0.15180202878249208,0.05698050646173705,0.0551473641637584,0.10611844230574019,0.13550377025496696,0.13262268129175064,0.15180202878249208,0.05698050646173705,0.0551473641637584,0.10611844230574019,1.0767425036733327,1.6995866916919176,0.5351718352833945,0.8447432193982994,0.5351718352833945,814160,203540,81416,122124,0.75,,,,,,,,,0.007950852746609678,1
bayesfl_observability_v1,vi_sparse_bayesian_keep010_seed42,87,vi,235,18,9,,5,256,124.45131652355194,0.043490234348509044,33.598513663141844,33.598513663141844,,,2.0077758399377994,0.012531042098999023,0.9991800383495786,2.0077758399377994,,-0.0,2.311121424016332,124.45131652355194,302.3866229682766,33.598513663141844,0.002971274668058137,0.043490234348509044,33.598513663141844,0.0025,49.5898142297209,0.0837367786480546,0.08406684547662735,0.09366120249032975,0.12186824530363083,1.4951749923317337,1.2461816215634038,3.104815050413961,,,,,,,,,,,,,,,,,,1,update_snr,bayesian,0.1,20,101770,10177,0.1,0.12122192772665712,0.06461261749712778,0.061314641372514744,0.1212202528519515,0.06461261749712778,0.061314641372514744,0.1212202528519515,0.13521699528483413,0.1321628218055558,0.1512366575142405,0.056767686631827054,0.054680726836094894,0.10603555412793313,0.13521699528483413,0.1321628218055558,0.1512366575142405,0.056767686631827054,0.054680726836094894,0.10603555412793313,1.0763415498635482,1.6948901709182431,0.5360865134709925,0.844163047091328,0.5360865134709925,814160,203540,81416,122124,0.75,,,,,,,,,0.007949458864329469,9
bayesfl_observability_v1,vi_sparse_bayesian_keep010_seed42,87,vi,55,4,1,,5,256,108.03712835907936,0.07440629601478577,303.31747057649244,303.31747057649244,,,2.0109063974506416,0.012522190809249878,0.9991773048949882,2.0109063974506416,,-0.0,2.3292713582565514,108.03712835907936,303.31747057649244,303.31747057649244,0.002980421249646187,0.07440629601478577,303.31747057649244,0.0025,49.58444393065904,0.08373876635819437,0.08405957743525505,0.0936611384153366,0.12116236239671707,1.4947155116268003,1.2483486436974776,3.1023437917163506,,,,,,,,,,,,,,,,,,1,update_snr,bayesian,0.1,20,101770,10177,0.1,0.12099371334975383,0.06474163919252231,0.061471930645332025,0.12099356268446256,0.06474163919252231,0.061471930645332025,0.12099356268446256,0.1353961587236244,0.13249070330169282,0.15187885063091383,0.05689113702239985,0.054787586783445,0.1059982667351881,0.1353961587236244,0.13249070330169282,0.15187885063091383,0.05689113702239985,0.054787586783445,0.1059982667351881,1.0775762289248894,1.6978144804907087,0.5358659310502983,0.8443030877235956,0.5358659310502983,814160,203540,81416,122124,0.75,,,,,,,,,0.007948524812518079,1
bayesfl_observability_v1,vi_sparse_bayesian_keep010_seed42,87,vi,79,6,1614,,5,256,841.3326560429165,0.10550521238438111,0.6013160554894671,0.6013160554894671,,,3.5825939862871654,0.05241629108786583,0.9973947595906636,3.5825939862871654,,0.227611568069938,2.10471822493949,841.3326560429165,970.5241135599998,0.6013160554894671,0.009536446040679963,0.10550521238438111,0.6013160554894671,0.0025,49.663606796880984,0.0841568252935433,0.08445216342806816,0.09425581470131875,0.1238899752497673,1.489998365326626,1.2474177219241565,3.0961551391235242,,,,,,,,,,,,,,,,,,1,update_snr,bayesian,0.1,20,101770,10177,0.1,0.22018341688915427,0.1075443582932287,0.0914203307200471,0.22018158062779253,0.1075443582932287,0.0914203307200471,0.22018158062779253,0.2758568302954075,0.26247808168777664,0.3428471123677217,0.08884297251520884,0.08103246457544666,0.17632524594295318,0.2758568302954075,0.26247808168777664,0.3428471123677217,0.08884297251520884,0.08103246457544666,0.17632524594295318,2.330430299906121,2.7210428676998895,0.6504868564024111,0.7595175110869463,0.6504868564024111,814160,203540,81416,122124,0.75,,,,,,,,,0.008104904944588475,1614
bayesfl_observability_v1,vi_sparse_bayesian_keep010_seed42,87,vi,105,8,1,,5,256,118.01245231628418,7.636558532714844,304.0441294416183,304.0441294416183,,,2.0131297201553533,0.01252339780330658,0.9991759119191035,2.0131297201553533,,-0.0,2.3096097079310103,118.01245231628418,304.0441294416183,304.0441294416183,0.002987561456633765,7.636558532714844,304.0441294416183,0.0025,49.59710077603389,0.08373707916495712,0.08406500518321991,0.09364105388522148,0.12005730718374252,1.4951069612181895,1.2467250265853667,3.102760189364066,,,,,,,,,,,,,,,,,,1,update_snr,bayesian,0.1,20,101770,10177,0.1,0.1210940044586247,0.0648791003240274,0.061912366409617565,0.1210933500781161,0.0648791003240274,0.061912366409617565,0.1210933500781161,0.1353597082848694,0.13246698943517088,0.15157480500944168,0.05704792166171163,0.055174537961497974,0.10598604489095491,0.1353597082848694,0.13246698943517088,0.15157480500944168,0.05704792166171163,0.055174537961497974,0.10598604489095491,1.0770078037066817,1.700807296823389,0.5349917558335828,0.8448572785921304,0.5349917558335828,814160,203540,81416,122124,0.75,,,,,,,,,0.007946996459010832,1
bayesfl_observability_v1,vi_sparse_bayesian_keep010_seed42,87,vi,284,22,369,,5,256,360.7855474472046,0.037102865978954284,1.569792903393521,1.569792903393521,,,2.7774983516843545,0.024264462292194366,0.9984330357738964,2.7774983516843545,,-0.0,2.3096097079310103,360.7855474472046,579.2535813522093,1.569792903393521,0.005691791110859873,0.037102865978954284,1.569792903393521,0.0025,49.633840870303686,0.08387795991476685,0.08420014008879662,0.09383666440844536,0.12051980197429657,1.4935228651286458,1.2475900204190382,3.1005173562809216,,,,,,,,,,,,,,,,,,1,update_snr,bayesian,0.1,20,101770,10177,0.1,0.17152584766623577,0.08666631033914976,0.07797079315372628,0.17152482618376805,0.08666631033914976,0.07797079315372628,0.17152482618376805,0.20282740098619842,0.19642316254844486,0.23905935320471697,0.0737595224894777,0.06931098749341406,0.14240876031604027,0.20282740098619842,0.19642316254844486,0.23905935320471697,0.0737595224894777,0.06931098749341406,0.14240876031604027,1.6596859858029456,2.2270921674099244,0.5975470641761009,0.8018338394546128,0.5975470641761009,814160,203540,81416,122124,0.75,,,,,,,,,0.007980658887912563,369
bayesfl_observability_v1,vi_sparse_bayesian_keep010_seed42,87,vi,189,15,1,,5,256,120.22586507797241,0.010304110124707222,302.17988511035867,302.17988511035867,,,2.0067587295268097,0.012524433434009552,0.999180758252274,2.0067587295268097,,-0.0,2.259365973874069,120.22586507797241,302.17988511035867,302.17988511035867,0.0029692432456554846,0.010304110124707222,302.17988511035867,0.0025,49.586411070915105,0.08373395203259232,0.08403444662690163,0.09365985989570619,0.12150098383426666,1.4949281060122153,1.2488230969164187,3.1010217152866963,,,,,,,,,,,,,,,,,,1,update_snr,bayesian,0.1,20,101770,10177,0.1,0.12094883353312913,0.06459057853575055,0.06148579908004642,0.12094397796067863,0.06459057853575055,0.06148579908004642,0.12094397796067863,0.13523276830865769,0.1323255271362869,0.1516605075341282,0.056741446338760854,0.05487586643534611,0.1057791467317904,0.13523276830865769,0.1323255271362869,0.1516605075341282,0.056741446338760854,0.05487586643534611,0.1057791467317904,1.0754752310416649,1.6942354104279418,0.5359265243088093,0.8442646270822202,0.5359265243088093,814160,203540,81416,122124,0.75,,,,,,,,,0.007948275182193317,1
bayesfl_observability_v1,vi_sparse_bayesian_keep010_seed42,87,vi,257,20,22,,5,256,149.26830425262452,0.5077025673606179,13.785067584158442,13.785067584158442,,,2.009349918102782,0.012544583529233932,0.9991783086466122,2.009349918102782,,-0.0,2.259365973874069,149.26830425262452,303.27148685148575,13.785067584158442,0.0029799694099585904,0.5077025673606179,13.785067584158442,0.0025,49.57523925157433,0.08373415758782957,0.08405334502458572,0.09364354982972145,0.12153705954551697,1.494550076019033,1.2483851976331164,3.1053062830555827,,,,,,,,,,,,,,,,,,1,update_snr,bayesian,0.1,20,101770,10177,0.1,0.12111988114267336,0.06470224877831462,0.061455998061078904,0.12111879750053561,0.06470224877831462,0.061455998061078904,0.12111879750053561,0.13550816644573258,0.13252617843615633,0.15206641104142057,0.05683492459304596,0.054661134471800474,0.10605377272011923,0.13550816644573258,0.13252617843615633,0.15206641104142057,0.05683492459304596,0.054661134471800474,0.10605377272011923,1.0768562284863137,1.6964279402762414,0.5359226975772721,0.8442670562218452,0.5359226975772721,814160,203540,81416,122124,0.75,,,,,,,,,0.00794629854192196,22
bayesfl_observability_v1,vi_sparse_bayesian_keep010_seed42,87,vi,149,11,1,,5,256,119.88039741516113,2.75118350982666,303.702169082224,303.702169082224,,,2.0118946911094344,0.012554377317428589,0.9991764005425903,2.0118946911094344,,-0.0,2.3277319754160017,119.88039741516113,303.702169082224,303.702169082224,0.0029842013273285247,2.75118350982666,303.702169082224,0.0025,49.58132951611113,0.08373803594989276,0.0840691402554512,0.09365674927830696,0.12191706895828247,1.4944748753668096,1.2492260877249874,3.104125808790586,,,,,,,,,,,,,,,,,,1,update_snr,bayesian,0.1,20,101770,10177,0.1,0.12114513231818606,0.06479387587795768,0.061678533784740086,0.12114373250904893,0.06479387587795768,0.061678533784740086,0.12114373250904893,0.1354018759372241,0.13243771111399127,0.15187953247934158,0.05694854253803919,0.05502856796844837,0.10613667553458904,0.1354018759372241,0.13243771111399127,0.15187953247934158,0.05694854253803919,0.05502856796844837,0.10613667553458904,1.0772228387215332,1.6992089935764376,0.5354270496769948,0.8445814788841804,0.5354270496769948,814160,203540,81416,122124,0.75,,,,,,,,,0.007948641220934275,1
bayesfl_observability_v1,vi_sparse_bayesian_keep010_seed42,87,vi,185,14,41,,5,256,155.19516897201538,0.13682393329899487,7.370836003873055,7.370836003873055,,,2.0066354251334806,0.012541741132736206,0.9991812113229633,2.0066354251334806,,-0.0,2.185987945410232,155.19516897201538,302.20427615879527,7.370836003873055,0.002969482914009976,0.13682393329899487,7.370836003873055,0.0025,49.596767172993324,0.08373693352865513,0.08405784144997597,0.09366256669163704,0.11946733295917511,1.4952691635055584,1.2493652531388086,3.101834434115356,,,,,,,,,,,,,,,,,,1,update_snr,bayesian,0.1,20,101770,10177,0.1,0.1208169135760668,0.06459823528172795,0.06142259546341726,0.12081618556972518,0.06459823528172795,0.06142259546341726,0.12081618556972518,0.13526795863666286,0.1322466477901076,0.15202700693319843,0.05674604379784627,0.05477567597286212,0.10563121986009195,0.13526795863666286,0.1322466477901076,0.15202700693319843,0.05674604379784627,0.05477567597286212,0.10563121986009195,1.0767508826412284,1.6932788506716678,0.5365951727726542,0.843839807402499,0.5365951727726542,814160,203540,81416,122124,0.75,,,,,,,,,0.007947733668995477,41
bayesfl_observability_v1,vi_sparse_bayesian_keep010_seed42,87,vi,245,19,178,,5,256,176.66217308044435,0.010282937730296274,1.7229221170166713,1.7229221170166713,,,2.021871357996064,0.012538950890302658,0.9991685165097378,2.021871357996064,,-0.0,2.185987945410232,176.66217308044435,306.6801368289675,1.7229221170166713,0.0030134630719167482,0.010282937730296274,1.7229221170166713,0.0025,49.590894160174884,0.08373525793059901,0.08405820652842522,0.09365680888295173,0.12188365310430527,1.49534497854213,1.2505429603351024,3.1028884580616705,,,,,,,,,,,,,,,,,,1,update_snr,bayesian,0.1,20,101770,10177,0.1,0.1218078282624361,0.06504837924300914,0.0616663510666543,0.12180732501440025,0.06504837924300914,0.0616663510666543,0.12180732501440025,0.136087621329644,0.1330487543240067,0.15263778418719545,0.05715513012227194,0.055099335118792066,0.10683445468817217,0.136087621329644,0.1330487543240067,0.15263778418719545,0.05715513012227194,0.055099335118792066,0.10683445468817217,1.0811919736552982,1.708504522788339,0.5347481526850943,0.8450114870224424,0.5347481526850943,814160,203540,81416,122124,0.75,,,,,,,,,0.007948274601113756,178
bayesfl_observability_v1,vi_sparse_bayesian_keep010_seed42,87,vi,273,21,19,,5,256,152.4239543914795,0.4028352938200298,15.935579534894872,15.935579534894872,,,2.009270829068739,0.012543730437755585,0.9991787999892217,2.009270829068739,,-0.0,2.3096097079310103,152.4239543914795,302.7760111630026,15.935579534894872,0.002975100826992263,0.4028352938200298,15.935579534894872,0.0025,49.58932388263152,0.08373617978327849,0.08406085893511772,0.09365047663450242,0.12129483371973038,1.495041106006732,1.2476923382758507,3.102581907414073,,,,,,,,,,,,,,,,,,1,update_snr,bayesian,0.1,20,101770,10177,0.1,0.12117643376323986,0.06464933438015026,0.061512398302416824,0.12117533580187431,0.06464933438015026,0.061512398302416824,0.12117533580187431,0.13538819396172613,0.13247755728934105,0.15158110082436568,0.05678946109330851,0.05492698944769624,0.10593314881758475,0.13538819396172613,0.13247755728934105,0.15158110082436568,0.05678946109330851,0.05492698944769624,0.10593314881758475,1.0778959334388285,1.6956737956407228,0.5364612464604456,0.8439249558142629,0.5364612464604456,814160,203540,81416,122124,0.75,,,,,,,,,0.007947389672855201,19
bayesfl_observability_v1,vi_sparse_bayesian_keep010_seed42,87,vi,161,12,1,,5,256,115.59566563367844,0.07807991653680801,303.5941117060096,303.5941117060096,,,2.011911237761627,0.012524507939815521,0.9991767501639472,2.011911237761627,,-0.0,2.3163460082440825,115.59566563367844,303.5941117060096,303.5941117060096,0.0029831395470768358,0.07807991653680801,303.5941117060096,0.0025,49.59259595902978,0.08373792484311876,0.08405507355928421,0.09367141798138619,0.12024753540754318,1.494712933974883,1.2502855611188064,3.1040960467091776,,,,,,,,,,,,,,,,,,1,update_snr,bayesian,0.1,20,101770,10177,0.1,0.12101012255503356,0.06478519272440453,0.061747252870560446,0.121008104536907,0.06478519272440453,0.061747252870560446,0.121008104536907,0.13515484844519635,0.13232991680082457,0.15122100267371233,0.056966342088761,0.055074078614918,0.10612563285241408,0.13515484844519635,0.13232991680082457,0.15122100267371233,0.056966342088761,0.055074078614918,0.10612563285241408,1.075699211518725,1.7001935286812258,0.534665342749169,0.8450638859062163,0.534665342749169,814160,203540,81416,122124,0.75,,,,,,,,,0.007949489702470277,1
bayesfl_observability_v1,vi_sparse_bayesian_keep010_seed42,87,vi,291,23,1,,5,256,125.88190035820007,0.015237121842801571,300.9493411153724,300.9493411153724,,,2.003929131578569,0.012538047507405281,0.9991830404045433,2.003929131578569,,-0.0,2.3096097079310103,125.88190035820007,300.9493411153724,300.9493411153724,0.0029571518238712038,0.015237121842801571,300.9493411153724,0.0025,49.585548172322135,0.08373345714536487,0.08404918760061264,0.09362595602869987,0.12108276039361954,1.4950296102732337,1.2489191710084295,3.1031024439789783,,,,,,,,,,,,,,,,,,1,update_snr,bayesian,0.1,20,101770,10177,0.1,0.12092013962051769,0.06445191713281441,0.06104362580979067,0.12091792188977835,0.06445191713281441,0.06104362580979067,0.12091792188977835,0.1350081317143841,0.13202373391050434,0.1510199887737263,0.05661233773486222,0.05448696867755255,0.10559312458579151,0.1350081317143841,0.13202373391050434,0.1510199887737263,0.05661233773486222,0.05448696867755255,0.10559312458579151,1.076539076078555,1.6902057809820583,0.5372141455074938,0.843445885559147,0.5372141455074938,814160,203540,81416,122124,0.75,,,,,,,,,0.007947053961456547,1
bayesfl_observability_v1,vi_sparse_bayesian_keep010_seed42,87,vi,97,7,1882,,5,256,738.8246640153229,0.020083296786712664,0.48892753633115754,0.48892753633115754,,,3.480428525660454,0.05060446634888649,0.9975423684887088,3.480428525660454,,-0.0,2.3096097079310103,738.8246640153229,920.1616233752385,0.48892753633115754,0.009041580263095593,0.020083296786712664,0.48892753633115754,0.0025,49.673661427322166,0.08418605621394228,0.08447105810046196,0.09432744756340981,0.1232864111661911,1.489821725202495,1.2434187327247852,3.0928994887715655,,,,,,,,,,,,,,,,,,1,update_snr,bayesian,0.1,20,101770,10177,0.1,0.21417416845973336,0.10400508010103394,0.08794593120419014,0.21416125548814932,0.10400508010103394,0.08794593120419014,0.21416125548814932,0.2692138776217313,0.25505847931761705,0.3357042455627472,0.08564854704317869,0.07815136407236338,0.17035613280819686,0.2692138776217313,0.25505847931761705,0.3357042455627472,0.08564854704317869,0.07815136407236338,0.17035613280819686,2.286460913401135,2.6240196671747475,0.6569481018051508,0.7539358006717887,0.6569481018051508,814160,203540,81416,122124,0.75,,,,,,,,,0.008109993266473858,1882
bayesfl_observability_v1,vi_sparse_bayesian_keep010_seed42,88,vi,89,7,4,,5,256,107.47771756649017,0.7696312665939331,75.61401886675104,75.61401886675104,,,2.0136780884255807,0.012527351267635822,0.999180695798466,2.0136780884255807,,-0.0,2.185987945410232,107.47771756649017,302.45607546700415,75.61401886675104,0.0029719571137565505,0.7696312665939331,75.61401886675104,0.0025,49.75547019046756,0.08396829354842245,0.08427518978714943,0.0938629150390625,0.11942484229803085,1.4954406540874736,1.2488555626084517,3.104863900946695,,,,,,,,,,,,,,,,,,1,update_snr,bayesian,0.1,20,101770,10177,0.1,0.12059493187100914,0.06466819079207449,0.06170792182268614,0.12059307031190453,0.06466819079207449,0.06170792182268614,0.12059307031190453,0.13486570986967208,0.13188310738366282,0.15118492334284786,0.05686846645011922,0.05500411584891949,0.1059157623278876,0.13486570986967208,0.13188310738366282,0.15118492334284786,0.05686846645011922,0.05500411584891949,0.1059157623278876,1.0764720442830824,1.7017953407158881,0.5345800058462847,0.8451178718672248,0.5345800058462847,814160,203540,81416,122124,0.75,,,,,,,,,0.007947601902229016,4
bayesfl_observability_v1,vi_sparse_bayesian_keep010_seed42,88,vi,219,17,1,,5,256,110.65194318294525,0.03265215456485748,302.0322243708043,302.0322243708043,,,2.011692765435039,0.012537047266960144,0.9991818859314524,2.011692765435039,,-0.0,2.259365973874069,110.65194318294525,302.0322243708043,302.0322243708043,0.0029677923196502337,0.03265215456485748,302.0322243708043,0.0025,49.74198503016267,0.08397241960663722,0.08428847417235374,0.09387612715363503,0.12176910787820816,1.4949913590566806,1.2484683587867402,3.103721099054166,,,,,,,,,,,,,,,,,,1,update_snr,bayesian,0.1,20,101770,10177,0.1,0.12102252082110912,0.06456441139783724,0.061224120612890565,0.12102219031671864,0.06456441139783724,0.061224120612890565,0.12102219031671864,0.1351669121098129,0.13224117347095676,0.15140569343832902,0.056719689096506626,0.054632633336932454,0.10577847481175093,0.1351669121098129,0.13224117347095676,0.15140569343832902,0.056719689096506626,0.054632633336932454,0.10577847481175093,1.0777252761074299,1.6986512331090344,0.5357305522120155,0.8443889953253833,0.5357305522120155,814160,203540,81416,122124,0.75,,,,,,,,,0.007951944733817603,1
bayesfl_observability_v1,vi_sparse_bayesian_keep010_seed42,88,vi,182,14,1,,5,256,117.17033599615097,0.008107844740152359,301.4986343379432,301.4986343379432,,,2.010145957752854,0.012524887919425964,0.9991835365448795,2.010145957752854,,-0.0,2.3277319754160017,117.17033599615097,301.4986343379432,301.4986343379432,0.0029625492221474225,0.008107844740152359,301.4986343379432,0.0025,49.754520185459754,0.08397125695129533,0.08429328724741936,0.0938820168375969,0.12062060087919235,1.4951067278516361,1.249131051451686,3.102881478041968,,,,,,,,,,,,,,,,,,1,update_snr,bayesian,0.1,20,101770,10177,0.1,0.12076464126466813,0.06453751039253534,0.061467854176439844,0.12076346064724695,0.06453751039253534,0.061467854176439844,0.12076346064724695,0.13497789654318232,0.13187403337583545,0.1513472111102423,0.056710800820241235,0.054887480688233854,0.10577994345898745,0.13497789654318232,0.13187403337583545,0.1513472111102423,0.056710800820241235,0.054887480688233854,0.10577994345898745,1.0774222929189103,1.6970114832232273,0.5359920700103602,0.8442230160840258,0.5359920700103602,814160,203540,81416,122124,0.75,,,,,,,,,0.00795397096531668,1
bayesfl_observability_v1,vi_sparse_bayesian_keep010_seed42,88,vi,116,9,1,,5,256,121.14453468322753,8.73216724395752,302.10349634318044,302.10349634318044,,,2.012289004862668,0.012526840902864933,0.9991815396794359,2.012289004862668,,-0.0,2.3292713582565514,121.14453468322753,302.10349634318044,302.10349634318044,0.002968492643639387,8.73216724395752,302.10349634318044,0.0025,49.74664944667951,0.08397164654575667,0.08428557962179184,0.09388316348195076,0.12155444175004959,1.4952185664878899,1.2482460551187804,3.1051442655431902,,,,,,,,,,,,,,,,,,1,update_snr,bayesian,0.1,20,101770,10177,0.1,0.12090395750231703,0.06458403591187896,0.06152588522303044,0.12090377176287638,0.06458403591187896,0.06152588522303044,0.12090377176287638,0.13508058777424928,0.1320110701304048,0.1511791983212152,0.056751085704948925,0.054719473728051304,0.1056375250212952,0.13508058777424928,0.1320110701304048,0.1511791983212152,0.056751085704948925,0.054719473728051304,0.1056375250212952,1.0780176333472549,1.699171863374501,0.5357171016400927,0.8443975290171919,0.5357171016400927,814160,203540,81416,122124,0.75,,,,,,,,,0.007952231169761249,1
bayesfl_observability_v1,vi_sparse_bayesian_keep010_seed42,88,vi,117,9,1,,5,256,111.0970474243164,3.790783375734463e-05,301.57779311069135,301.57779311069135,,,2.0114061401512546,0.012502267956733704,0.9991825387100909,2.0114061401512546,,-0.0,2.3277319754160017,111.0970474243164,301.57779311069135,301.57779311069135,0.002963327042455452,3.790783375734463e-05,301.57779311069135,0.0025,49.7553034934621,0.0839704658372707,0.08429573476314545,0.09386302232742309,0.12177257984876633,1.49549393917389,1.248282594024111,3.1065132959712787,,,,,,,,,,,,,,,,,,1,update_snr,bayesian,0.1,20,101770,10177,0.1,0.12074675694715145,0.06462774011842319,0.06167905148726291,0.12074623154267831,0.06462774011842319,0.06167905148726291,0.12074623154267831,0.13481928188761252,0.1319263535073426,0.15107316498539847,0.056828679921846585,0.054968031871125284,0.10560095954325835,0.13481928188761252,0.1319263535073426,0.15107316498539847,0.056828679921846585,0.054968031871125284,0.10560095954325835,1.0767303147747735,1.6989427565057,0.5353122342033843,0.8446542558421056,0.5353122342033843,814160,203540,81416,122124,0.75,,,,,,,,,0.00794974593652451,1
bayesfl_observability_v1,vi_sparse_bayesian_keep010_seed42,88,vi,59,4,1,,5,256,116.85355272293091,0.00035279724397696555,301.43766837507474,301.43766837507474,,,2.011493895609626,0.012540746480226517,0.9991824346739026,2.011493895609626,,-0.0,2.3155014849272724,116.85355272293091,301.43766837507474,301.43766837507474,0.0029619501658158074,0.00035279724397696555,301.43766837507474,0.0025,49.754342530926245,0.08397449347882119,0.08430301398038864,0.0938845157623291,0.12075404077768326,1.4954894593759784,1.2486256592791072,3.1012264304906374,,,,,,,,,,,,,,,,,,1,update_snr,bayesian,0.1,20,101770,10177,0.1,0.12043473474490306,0.06463315592266801,0.061476086818476244,0.12043464107245676,0.06463315592266801,0.061476086818476244,0.12043464107245676,0.13458381282099835,0.13162747718682805,0.15061038533783444,0.05686086071174244,0.054788520079557534,0.10577153758833749,0.13458381282099835,0.13162747718682805,0.15061038533783444,0.05686086071174244,0.054788520079557534,0.10577153758833749,1.0763733999797886,1.6992727844259563,0.5351114424603166,0.8447814771572824,0.5351114424603166,814160,203540,81416,122124,0.75,,,,,,,,,0.007954636214332731,1
bayesfl_observability_v1,vi_sparse_bayesian_keep010_seed42,88,vi,60,4,51,,5,256,174.32644386291503,0.30315008350447115,5.9755129058224234,5.9755129058224234,,,2.020427982527538,0.012532994151115417,0.9991749645740023,2.020427982527538,,0.15407610367102942,2.157614259471844,174.32644386291503,304.7511581969436,5.9755129058224234,0.0029945087766232053,0.30315008350447115,5.9755129058224234,0.0025,49.74860413591395,0.0839724527942261,0.08428985998034477,0.09389404430985451,0.12170524150133133,1.4949450284767145,1.2483369055244704,3.1041370158662933,,,,,,,,,,,,,,,,,,1,update_snr,bayesian,0.1,20,101770,10177,0.1,0.12142180236208758,0.06485138470930946,0.06166637111062537,0.12141847844571704,0.06485138470930946,0.06166637111062537,0.12141847844571704,0.1355952231353778,0.13264223328547464,0.1516726471766038,0.05699095821752408,0.054979240434112495,0.10622962353914166,0.1355952231353778,0.13264223328547464,0.1516726471766038,0.05699095821752408,0.054979240434112495,0.10622962353914166,1.0793274314414212,1.7079758570654227,0.5342073267522219,0.8453534953167494,0.5342073267522219,814160,203540,81416,122124,0.75,,,,,,,,,0.007951377257664314,51
bayesfl_observability_v1,vi_sparse_bayesian_keep010_seed42,88,vi,30,2,189,,5,256,293.06059913635255,0.02975592537531777,1.6907123164466669,1.6907123164466669,,,2.070357147431663,0.012542687356472015,0.9991342896972362,2.070357147431663,,-0.0,2.4040642619438994,293.06059913635255,319.54462780842005,1.6907123164466669,0.0031398705690126763,0.02975592537531777,1.6907123164466669,0.0025,49.76584917478114,0.08396972726096723,0.08427761122584343,0.09387657567858697,0.12142197042703629,1.496067562073957,1.2487729767566984,3.106769125364043,,,,,,,,,,,,,,,,,,1,update_snr,bayesian,0.1,20,101770,10177,0.1,0.12301301668552447,0.06680974893568167,0.0645769781420015,0.12301282970487522,0.06680974893568167,0.0645769781420015,0.12301282970487522,0.13691220037560878,0.13386779573689794,0.15309882000860273,0.05902058766457864,0.05774226521913748,0.10867236627139919,0.13691220037560878,0.13386779573689794,0.15309882000860273,0.05902058766457864,0.05774226521913748,0.10867236627139919,1.0857399331620368,1.7628237335192296,0.5244215639359268,0.8514587619368295,0.5244215639359268,814160,203540,81416,122124,0.75,,,,,,,,,0.007947437561892041,189
bayesfl_observability_v1,vi_sparse_bayesian_keep010_seed42,88,vi,237,19,1,,5,256,110.13488283157349,6.39124059677124,302.4256943383853,302.4256943383853,,,2.014057538790108,0.012540936470031738,0.9991801821214708,2.014057538790108,,-0.0,2.3163460082440825,110.13488283157349,302.4256943383853,302.4256943383853,0.0029716585864044934,6.39124059677124,302.4256943383853,0.0025,49.749276211835145,0.08397306179942762,0.08429121598601341,0.09385870397090912,0.12051574885845184,1.4950017002055827,1.2494980715241506,3.1035470954079702,,,,,,,,,,,,,,,,,,1,update_snr,bayesian,0.1,20,101770,10177,0.1,0.12088562590035311,0.06467735043185473,0.06149365715524037,0.12088116921902538,0.06467735043185473,0.06149365715524037,0.12088116921902538,0.13503302833476147,0.13202584171560305,0.15150575345567388,0.056860052887087315,0.05485758835804511,0.10584842496719138,0.13503302833476147,0.13202584171560305,0.15150575345567388,0.056860052887087315,0.05485758835804511,0.10584842496719138,1.0771956750763847,1.7017864869465855,0.5348385804923338,0.8449542548664667,0.5348385804923338,814160,203540,81416,122124,0.75,,,,,,,,,0.007949641618647061,1
bayesfl_observability_v1,vi_sparse_bayesian_keep010_seed42,88,vi,273,21,19,,5,256,121.32985925674438,0.12831702985261617,15.850763340645699,15.850763340645699,,,2.009539513542204,0.01253218948841095,0.9991838731137122,2.009539513542204,,-0.0,2.3096097079310103,121.32985925674438,301.1645034722683,15.850763340645699,0.002959266026061396,0.12831702985261617,15.850763340645699,0.0025,49.74976980025255,0.08397195133442546,0.08428989723324776,0.09386561959981919,0.12065175920724869,1.4952262663464333,1.2471365850316554,3.1043030284940167,,,,,,,,,,,,,,,,,,1,update_snr,bayesian,0.1,20,101770,10177,0.1,0.12067559596614905,0.06452002778694778,0.06140692388641597,0.1206753345730232,0.06452002778694778,0.06140692388641597,0.1206753345730232,0.13492582230604033,0.13190643815176806,0.15162414904098084,0.05669716172927082,0.05485536493147922,0.10561590522421394,0.13492582230604033,0.13190643815176806,0.15162414904098084,0.05669716172927082,0.05485536493147922,0.10561590522421394,1.0765691654801077,1.696834667380681,0.5357292843585072,0.8443897997256495,0.5357292843585072,814160,203540,81416,122124,0.75,,,,,,,,,0.007950644565468823,19
bayesfl_observability_v1,vi_sparse_bayesian_keep010_seed42,88,vi,1,0,3,,5,256,111.72621121406556,0.009448574235041937,100.82903547283111,100.82903547283111,,,2.0141136062349876,0.012547901831567287,0.9991799824986332,2.0141136062349876,,-0.0,2.3277319754160017,111.72621121406556,302.48710641849334,100.82903547283111,0.0029722620263190856,0.009448574235041937,100.82903547283111,0.0025,49.74427706555108,0.0839717197767937,0.08429022133350372,0.09389084503054619,0.1212945431470871,1.495334380267003,1.2492015839029622,3.1061156490897073,,,,,,,,,,,,,,,,,,1,update_snr,bayesian,0.1,20,101770,10177,0.1,0.12089809731352635,0.06464734772598558,0.06160997822565581,0.12089382691601887,0.06464734772598558,0.06160997822565581,0.12089382691601887,0.13520206801526682,0.13233487090031668,0.15132163392038117,0.056807934360509876,0.05485383950435353,0.10584293883854048,0.13520206801526682,0.13233487090031668,0.15132163392038117,0.056807934360509876,0.05485383950435353,0.10584293883854048,1.0788226328606891,1.7008219617727305,0.5356314705987952,0.8444518504356376,0.5356314705987952,814160,203540,81416,122124,0.75,,,,,,,,,0.007951798924303321,3
bayesfl_observability_v1,vi_sparse_bayesian_keep010_seed42,88,vi,6,0,1,,5,256,112.85056347846985,0.03378603979945183,301.1775575018128,301.1775575018128,,,2.0106703831957096,0.012515994720160961,0.9991830381921284,2.0106703831957096,,-0.0,2.28098669344155,112.85056347846985,301.1775575018128,301.1775575018128,0.0029593942959792946,0.03378603979945183,301.1775575018128,0.0025,49.75236366279947,0.08397405146703255,0.08429300785064697,0.09388569667935372,0.1207282543182373,1.4952548066311846,1.2480696598019017,3.1014632155552,,,,,,,,,,,,,,,,,,1,update_snr,bayesian,0.1,20,101770,10177,0.1,0.12054202736788709,0.06454064893718185,0.061530215309807026,0.120539623423668,0.06454064893718185,0.061530215309807026,0.120539623423668,0.13469636084806114,0.13186005700528333,0.1509527445392598,0.056745569835973036,0.05497201555327667,0.10557730898897387,0.13469636084806114,0.13186005700528333,0.1509527445392598,0.056745569835973036,0.05497201555327667,0.10557730898897387,1.0762142175004505,1.698398759982554,0.5352514397660458,0.8446927821571437,0.5352514397660458,814160,203540,81416,122124,0.75,,,,,,,,,0.007948062275142524,1
bayesfl_observability_v1,vi_sparse_bayesian_keep010_seed42,88,vi,225,18,45,,5,256,170.93774871826173,0.025935676362779405,6.752556484416253,6.752556484416253,,,2.0180368514218214,0.012517049908638,0.9991768296149349,2.0180368514218214,,-0.0,2.311121424016332,170.93774871826173,303.8650417987314,6.752556484416253,0.0029858017274121194,0.025935676362779405,6.752556484416253,0.0025,49.7457912598199,0.08397218759550618,0.08428726717829704,0.09388238489627838,0.12114472687244415,1.4951451940870586,1.2474123110657558,3.101049276643794,,,,,,,,,,,,,,,,,,1,update_snr,bayesian,0.1,20,101770,10177,0.1,0.1208504931359918,0.06485709861901791,0.06171391117680445,0.1208486998015935,0.06485709861901791,0.06171391117680445,0.1208486998015935,0.13524067540356288,0.1323182729271955,0.15151828546609142,0.0570367011985129,0.05498449586479111,0.10602151163992389,0.13524067540356288,0.1323182729271955,0.15151828546609142,0.0570367011985129,0.05498449586479111,0.10602151163992389,1.0783835226236917,1.7057437415480143,0.534372562058968,0.8452490549645915,0.534372562058968,814160,203540,81416,122124,0.75,,,,,,,,,0.007953852890695348,45
bayesfl_observability_v1,vi_sparse_bayesian_keep010_seed42,88,vi,207,16,1,,5,256,110.63557606935501,1.6053752899169922,301.52982883286415,301.52982883286415,,,2.0105407931122943,0.012523800134658813,0.999183067401495,2.0105407931122943,,-0.0,2.259365973874069,110.63557606935501,301.52982883286415,301.52982883286415,0.002962855741700542,1.6053752899169922,301.52982883286415,0.0025,49.75002230959196,0.08397080399666318,0.08429059386253357,0.0938732422888279,0.12124154716730118,1.4953473144960543,1.247536686578963,3.1017136412179167,,,,,,,,,,,,,,,,,,1,update_snr,bayesian,0.1,20,101770,10177,0.1,0.12073518320617292,0.06456354096516832,0.061500711724942925,0.1207343164898802,0.06456354096516832,0.061500711724942925,0.1207343164898802,0.1347426424528771,0.13172380242143333,0.1508504137914549,0.056765863022089566,0.05483577441152169,0.10576217023217313,0.1347426424528771,0.13172380242143333,0.1508504137914549,0.056765863022089566,0.05483577441152169,0.10576217023217313,1.0757938482991833,1.6985116651734393,0.535076856925577,0.8448033837424221,0.535076856925577,814160,203540,81416,122124,0.75,,,,,,,,,0.007949546851125795,1
bayesfl_observability_v1,vi_sparse_bayesian_keep010_seed42,88,vi,81,6,9,,5,256,111.704017329216,0.010453485780292086,33.54356859598358,33.54356859598358,,,2.0126352882225755,0.012523852288722992,0.9991813801660799,2.0126352882225755,,-0.0,2.3155014849272724,111.704017329216,301.8921173638522,33.54356859598358,0.0029664156172138374,0.010453485780292086,33.54356859598358,0.0025,49.75053098213219,0.08397375103571249,0.08430114388465881,0.09388581216335298,0.1209351122379303,1.4951147331253076,1.2472836888606909,3.1041419870155877,,,,,,,,,,,,,,,,,,1,update_snr,bayesian,0.1,20,101770,10177,0.1,0.1206538058508538,0.06459786856749562,0.0614216907163413,0.12065218978185989,0.06459786856749562,0.0614216907163413,0.12065218978185989,0.13493886446503087,0.13199747941094753,0.15102208572894577,0.05678220235665839,0.05477829206864092,0.10571123887587953,0.13493886446503087,0.13199747941094753,0.15102208572894577,0.05678220235665839,0.05477829206864092,0.10571123887587953,1.077283668116648,1.7000472645805798,0.5352602502900725,0.8446871991805069,0.5352602502900725,814160,203540,81416,122124,0.75,,,,,,,,,0.007950161306650641,9
bayesfl_observability_v1,vi_sparse_bayesian_keep010_seed42,89,vi,208,16,1492,,5,256,719.5315542936326,0.021725051963936547,0.6343110902506895,0.6343110902506895,,,3.5522602522216724,0.05058123171329498,0.9974622736546144,3.5522602522216724,,0.2345060748432112,2.0889349747065498,719.5315542936326,946.3921466540288,0.6343110902506895,0.009299323441623552,0.021725051963936547,0.6343110902506895,0.0025,49.893246127198715,0.08451003702696923,0.08482734486460686,0.09458512961864471,0.12364666163921356,1.4902846108671859,1.245874798415867,3.098482517953261,,,,,,,,,,,,,,,,,,1,update_snr,bayesian,0.1,20,101770,10177,0.1,0.2182555944862763,0.10649522134011064,0.09077991611688058,0.21825030054507685,0.10649522134011064,0.09077991611688058,0.21825030054507685,0.27228875209760756,0.2593855526749085,0.3375281395493967,0.08807371792261096,0.0804366586037092,0.17482296308519,0.27228875209760756,0.2593855526749085,0.3375281395493967,0.08807371792261096,0.0804366586037092,0.17482296308519,2.300074830131824,2.7070664334862666,0.6474961480351277,0.7620687228063314,0.6474961480351277,814160,203540,81416,122124,0.75,,,,,,,,,0.008060872896025948,1492
bayesfl_observability_v1,vi_sparse_bayesian_keep010_seed42,89,vi,193,15,1,,5,256,118.44099969863892,0.004447331186383963,299.5017506857999,299.5017506857999,,,2.007738728223265,0.012534752488136292,0.9991876665002449,2.007738728223265,,-0.0,2.3163460082440825,118.44099969863892,299.5017506857999,299.5017506857999,0.0029429276868016105,0.004447331186383963,299.5017506857999,0.0025,49.820933644642544,0.08411792343973065,0.08447545766830444,0.09397722855210304,0.12163463979959488,1.4948542785921182,1.2467788832216842,3.0998447415895383,,,,,,,,,,,,,,,,,,1,update_snr,bayesian,0.1,20,101770,10177,0.1,0.12044503725417496,0.06429109782650294,0.061170763320571295,0.12044379964206219,0.06429109782650294,0.061170763320571295,0.12044379964206219,0.13455794829678008,0.13165233805952686,0.1506848101382248,0.05648366999647215,0.05464371184120631,0.1052546359515012,0.13455794829678008,0.13165233805952686,0.1506848101382248,0.05648366999647215,0.05464371184120631,0.1052546359515012,1.0778501545552488,1.6938871996484304,0.5368478175987994,0.8436790981999059,0.5368478175987994,814160,203540,81416,122124,0.75,,,,,,,,,0.007924133753075015,1
bayesfl_observability_v1,vi_sparse_bayesian_keep010_seed42,89,vi,121,9,1,,5,256,120.51567449718713,0.0016438555903732777,299.2606797392692,299.2606797392692,,,2.0061024996003485,0.012537926435470581,0.9991891844119353,2.0061024996003485,,-0.0,2.28098669344155,120.51567449718713,299.2606797392692,299.2606797392692,0.0029405589047781194,0.0016438555903732777,299.2606797392692,0.0025,49.82635690041596,0.0841207401205608,0.0844632014632225,0.0939735308289528,0.12163528800010681,1.4948053241459094,1.2483523253334814,3.103442649265586,,,,,,,,,,,,,,,,,,1,update_snr,bayesian,0.1,20,101770,10177,0.1,0.12032135374612504,0.06427779563604671,0.06115961114758298,0.1203188816393985,0.06427779563604671,0.06115961114758298,0.1203188816393985,0.13463020050717903,0.13178529007555112,0.1508729455268869,0.05646086176147645,0.054623518608494744,0.10520555281385008,0.13463020050717903,0.13178529007555112,0.1508729455268869,0.05646086176147645,0.054623518608494744,0.10520555281385008,1.0764922070939167,1.6928117931326077,0.5366087761260321,0.8438311569173789,0.5366087761260321,814160,203540,81416,122124,0.75,,,,,,,,,0.007925045119794662,1
bayesfl_observability_v1,vi_sparse_bayesian_keep010_seed42,89,vi,219,17,1,,5,256,105.8117837369442,0.14150159060955048,301.07148016123233,301.07148016123233,,,2.011478714013571,0.012532954104244709,0.9991843475529574,2.011478714013571,,-0.0,2.259365973874069,105.8117837369442,301.07148016123233,301.07148016123233,0.002958351971713003,0.14150159060955048,301.07148016123233,0.0025,49.81219161639755,0.08411991583457762,0.08444473519921303,0.09400037005543709,0.12170952558517456,1.4944259799358406,1.2477401978121585,3.100332654456918,,,,,,,,,,,,,,,,,,1,update_snr,bayesian,0.1,20,101770,10177,0.1,0.12067130814496496,0.06447182563354509,0.06130383216049276,0.12067018411092482,0.06447182563354509,0.06130383216049276,0.12067018411092482,0.13499650063727722,0.13205537244859195,0.15153158844915152,0.05663575063313041,0.05463170208321187,0.1055802212419615,0.13499650063727722,0.13205537244859195,0.15153158844915152,0.05663575063313041,0.05463170208321187,0.1055802212419615,1.0778278581494525,1.6983326308843782,0.5358385602792816,0.8443204589004267,0.5358385602792816,814160,203540,81416,122124,0.75,,,,,,,,,0.00792745944708308,1
bayesfl_observability_v1,vi_sparse_bayesian_keep010_seed42,89,vi,223,17,1,,5,256,128.11537919044494,0.7731304168701172,298.8889056266499,298.8889056266499,,,2.0061959460214074,0.012542828917503357,0.9991887620891675,2.0061959460214074,,-0.0,2.311121424016332,128.11537919044494,298.8889056266499,298.8889056266499,0.0029369058231959308,0.7731304168701172,298.8889056266499,0.0025,49.816396721181434,0.08412055192930537,0.08444836735725403,0.09398419559001922,0.12054726481437683,1.49453026627426,1.246417856164967,3.103293470213933,,,,,,,,,,,,,,,,,,1,update_snr,bayesian,0.1,20,101770,10177,0.1,0.12037247839949634,0.06425466224236248,0.06113493542321506,0.12037139754251994,0.06425466224236248,0.06113493542321506,0.12037139754251994,0.13446095036951966,0.13167177443664235,0.15035447188122053,0.05645396356156724,0.054568023315085167,0.10521755892002714,0.13446095036951966,0.13167177443664235,0.15035447188122053,0.05645396356156724,0.054568023315085167,0.10521755892002714,1.0764694100278411,1.6929370286892074,0.5365724181442217,0.8438542765708203,0.5365724181442217,814160,203540,81416,122124,0.75,,,,,,,,,0.007926071067593033,1
bayesfl_observability_v1,vi_sparse_bayesian_keep010_seed42,89,vi,182,14,1,,5,256,121.31289992332458,0.05622333660721779,299.6736927625118,299.6736927625118,,,2.008282064755107,0.012550055980682373,0.9991869204018052,2.008282064755107,,-0.0,2.3277319754160017,121.31289992332458,299.6736927625118,299.6736927625118,0.002944617203129722,0.05622333660721779,299.6736927625118,0.0025,49.811597669880555,0.08411967671559856,0.0844694934785366,0.09398156702518463,0.121795654296875,1.4941957698983719,1.2479911416087475,3.0987856225513437,,,,,,,,,,,,,,,,,,1,update_snr,bayesian,0.1,20,101770,10177,0.1,0.12046338452629665,0.06430413106271081,0.06110993615267557,0.12046133935522935,0.06430413106271081,0.06110993615267557,0.12046133935522935,0.13460992850203682,0.13178091169697245,0.15097989262452913,0.0564923757916746,0.05445299702195056,0.10541222919356047,0.13460992850203682,0.13178091169697245,0.15097989262452913,0.0564923757916746,0.05445299702195056,0.10541222919356047,1.0772095072800274,1.6949385030267496,0.5363835719019798,0.8439743265015082,0.5363835719019798,814160,203540,81416,122124,0.75,,,,,,,,,0.00792834586105848,1
bayesfl_observability_v1,vi_sparse_bayesian_keep010_seed42,89,vi,76,6,70,,5,256,166.07744121551514,0.04170160293579102,4.314887505693979,4.314887505693979,,,2.0147971346984126,0.012545615434646606,0.9991821290034124,2.0147971346984126,,-0.0,2.311121424016332,166.07744121551514,302.0421253985785,4.314887505693979,0.0029678896079255034,0.04170160293579102,4.314887505693979,0.0025,49.82615824453271,0.08412024996639575,0.08445726335048676,0.09399161636829377,0.12065808475017548,1.4946682485399803,1.2459093510136166,3.10390772253643,,,,,,,,,,,,,,,,,,1,update_snr,bayesian,0.1,20,101770,10177,0.1,0.12084450142381364,0.06457806711005214,0.06163295818218811,0.12084415852614863,0.06457806711005214,0.06163295818218811,0.12084415852614863,0.13523566966344852,0.13221395955721418,0.15167400414688548,0.056727222381896994,0.05501698500438087,0.10554349139936434,0.13523566966344852,0.13221395955721418,0.15167400414688548,0.056727222381896994,0.05501698500438087,0.10554349139936434,1.0779495252106819,1.7021845713925983,0.5350164076801887,0.8448416677182697,0.5350164076801887,814160,203540,81416,122124,0.75,,,,,,,,,0.007925435924117596,70
bayesfl_observability_v1,vi_sparse_bayesian_keep010_seed42,89,vi,138,11,1,,5,256,107.06608957052231,0.002266221446916461,300.6483633578289,300.6483633578289,,,2.0115177149777588,0.012544572353363037,0.9991844115852038,2.0115177149777588,,-0.0,2.3277319754160017,107.06608957052231,300.6483633578289,300.6483633578289,0.0029541943928252812,0.002266221446916461,300.6483633578289,0.0025,49.81519912656053,0.0841165030814566,0.0844414234161377,0.09397026598453521,0.12192106246948242,1.494552964923522,1.248172804999583,3.1003933551851,,,,,,,,,,,,,,,,,,1,update_snr,bayesian,0.1,20,101770,10177,0.1,0.12037927507001016,0.06450918784742175,0.06159380223927673,0.12037629977682744,0.06450918784742175,0.06159380223927673,0.12037629977682744,0.13450996836143264,0.1317249772439542,0.15054051502389798,0.056731323345865,0.054892565236494786,0.10549888089208245,0.13450996836143264,0.1317249772439542,0.15054051502389798,0.056731323345865,0.054892565236494786,0.10549888089208245,1.0770428236581577,1.6988767682430082,0.5354379012615689,0.8445745993650334,0.5354379012615689,814160,203540,81416,122124,0.75,,,,,,,,,0.007924819192654094,1
bayesfl_observability_v1,vi_sparse_bayesian_keep010_seed42,89,vi,52,4,14,,5,256,122.0435685157776,0.09149541173662458,21.395931962952552,21.395931962952552,,,2.007740400463174,0.01252234261482954,0.9991872631458182,2.007740400463174,,-0.0,2.4040642619438994,122.0435685157776,299.54304748133575,21.395931962952552,0.0029433334723527145,0.09149541173662458,21.395931962952552,0.0025,49.80842813703588,0.08412049892351618,0.08445583656430244,0.09397803321480751,0.12165074795484543,1.4944537120119996,1.2464989595799396,3.097316473434032,,,,,,,,,,,,,,,,,,1,update_snr,bayesian,0.1,20,101770,10177,0.1,0.12034885694846582,0.06433810965239158,0.06123582654122949,0.12034655062750368,0.06433810965239158,0.06123582654122949,0.12034655062750368,0.13459729271684112,0.13171811576085982,0.15098652538809504,0.05653153375634162,0.054618947010526345,0.10518480453922403,0.13459729271684112,0.13171811576085982,0.15098652538809504,0.05653153375634162,0.054618947010526345,0.10518480453922403,1.0768187673769753,1.6945450297577695,0.5363336650139429,0.8440060424977492,0.5363336650139429,814160,203540,81416,122124,0.75,,,,,,,,,0.007926532599081939,14
bayesfl_observability_v1,vi_sparse_bayesian_keep010_seed42,89,vi,54,4,1,,5,256,115.6219077706337,1.2925053834915161,300.82096800253817,300.82096800253817,,,2.0113879147452423,0.01252378523349762,0.9991849395534802,2.0113879147452423,,-0.0,2.3096097079310103,115.6219077706337,300.82096800253817,300.82096800253817,0.0029558904195984884,1.2925053834915161,300.82096800253817,0.0025,49.82732719076339,0.08411908291889376,0.08446651324629784,0.09398163110017776,0.12162325531244278,1.4948024978800127,1.247534450817946,3.098836369773697,,,,,,,,,,,,,,,,,,1,update_snr,bayesian,0.1,20,101770,10177,0.1,0.12062248390380152,0.06444833191750966,0.06122046176765687,0.12062223256143793,0.06444833191750966,0.06122046176765687,0.12062223256143793,0.13475304708248373,0.13193883321222938,0.15066897072743177,0.05663669689917922,0.05465226405596464,0.10570631223603145,0.13475304708248373,0.13193883321222938,0.15066897072743177,0.05663669689917922,0.05465226405596464,0.10570631223603145,1.07759927347468,1.6983701449890298,0.5357491041757434,0.8443772245713933,0.5357491041757434,814160,203540,81416,122124,0.75,,,,,,,,,0.007923716774577377,1
bayesfl_observability_v1,vi_sparse_bayesian_keep010_seed42,89,vi,241,19,265,,5,256,375.8331716299057,0.018366997763250938,2.190861826136113,2.190861826136113,,,2.7951168265181616,0.024784982204437256,0.9984268624590551,2.7951168265181616,,-0.0,2.259365973874069,375.8331716299057,580.5783839260699,2.190861826136113,0.005704808724831188,0.018366997763250938,2.190861826136113,0.0025,49.8508115466382,0.0842562324212716,0.08458472043275833,0.09415896013379098,0.12137732654809952,1.4930447867757297,1.2456124500667574,3.105428821306627,,,,,,,,,,,,,,,,,,1,update_snr,bayesian,0.1,20,101770,10177,0.1,0.17169324101750363,0.08697022200750203,0.07840843945127238,0.17168898273553482,0.08697022200750203,0.07840843945127238,0.17168898273553482,0.2022396712334104,0.19591712161229496,0.23732255941231323,0.07416250542684551,0.06984642424210884,0.142819252745209,0.2022396712334104,0.19591712161229496,0.23732255941231323,0.07416250542684551,0.06984642424210884,0.142819252745209,1.6644305103148889,2.2455175684500674,0.5954779759199714,0.803371632679582,0.5954779759199714,814160,203540,81416,122124,0.75,,,,,,,,,0.00795959206230832,265
bayesfl_observability_v1,vi_sparse_bayesian_keep010_seed42,89,vi,246,19,85,,5,256,135.64003963470458,0.06937641255995806,3.5256347427828474,3.5256347427828474,,,2.008581303529346,0.012542501091957092,0.999186509391567,2.008581303529346,,-0.0,2.3096097079310103,135.64003963470458,299.678953136542,3.5256347427828474,0.00294466889197742,0.06937641255995806,3.5256347427828474,0.0025,49.805936088775304,0.0841214110332639,0.08445944264531136,0.09397827312350274,0.12176703661680222,1.4942111681524268,1.2482506638674002,3.1009850617253814,,,,,,,,,,,,,,,,,,1,update_snr,bayesian,0.1,20,101770,10177,0.1,0.12039851899782235,0.06430626996731188,0.0611721490005791,0.12039513869877683,0.06430626996731188,0.0611721490005791,0.12039513869877683,0.13480140048316747,0.13170558314322872,0.15149163957544354,0.05647347768777238,0.05468013602549496,0.10521210304239055,0.13480140048316747,0.13170558314322872,0.15149163957544354,0.05647347768777238,0.05468013602549496,0.10521210304239055,1.078787962804488,1.6942890497774548,0.5370895173169805,0.8435252517786371,0.5370895173169805,814160,203540,81416,122124,0.75,,,,,,,,,0.00792547458033699,85
bayesfl_observability_v1,vi_sparse_bayesian_keep010_seed42,89,vi,49,3,3,,5,256,132.43280358314513,0.1317849059899648,99.32321894145802,99.32321894145802,,,2.002756326129531,0.012536808848381042,0.9991914204763804,2.002756326129531,,-0.0,2.3277319754160017,132.43280358314513,297.96965682437406,99.32321894145802,0.002927873212384534,0.1317849059899648,99.32321894145802,0.0025,49.81257896515391,0.08411964561229805,0.08446184918284416,0.09400635212659836,0.12192817777395248,1.4944882497769596,1.2472201270739292,3.101798428322289,,,,,,,,,,,,,,,,,,1,update_snr,bayesian,0.1,20,101770,10177,0.1,0.12032120873700874,0.06406601935452466,0.06094620918987704,0.12031969721823652,0.06406601935452466,0.06094620918987704,0.12031969721823652,0.13448220766744662,0.131649537843378,0.15074829733006487,0.056241998430866684,0.05419704983539588,0.10503378859424177,0.13448220766744662,0.131649537843378,0.15074829733006487,0.056241998430866684,0.05419704983539588,0.10503378859424177,1.0775404209149555,1.688176395743727,0.5380287191489636,0.8429265076926497,0.5380287191489636,814160,203540,81416,122124,0.75,,,,,,,,,0.007926753826818376,3
bayesfl_observability_v1,vi_sparse_bayesian_keep010_seed42,89,vi,155,12,1,,5,256,123.3246839761734,1.2461854219436646,300.2244484212629,300.2244484212629,,,2.009181234762847,0.012545078992843628,0.9991862596089494,2.009181234762847,,-0.0,2.28098669344155,123.3246839761734,300.2244484212629,300.2244484212629,0.002950028971418521,1.2461854219436646,300.2244484212629,0.0025,49.813755839263834,0.08412136116108188,0.08444831147789955,0.09399074241518975,0.12147889286279678,1.4941437552204195,1.2457520354495917,3.0974367257696214,,,,,,,,,,,,,,,,,,1,update_snr,bayesian,0.1,20,101770,10177,0.1,0.12055133973619299,0.06437381381282858,0.06120658646494191,0.12055024896869913,0.06437381381282858,0.06120658646494191,0.12055024896869913,0.13467942143645936,0.13173283016255732,0.15098362197655998,0.056562079632425176,0.05460446781789909,0.10554965853975952,0.13467942143645936,0.13173283016255732,0.15098362197655998,0.056562079632425176,0.05460446781789909,0.10554965853975952,1.0774052026955352,1.695879495520761,0.5362409244394055,0.8440649684451854,0.5362409244394055,814160,203540,81416,122124,0.75,,,,,,,,,0.007924856026923497,1
bayesfl_observability_v1,vi_sparse_bayesian_keep010_seed42,89,vi,160,12,3221,,5,256,863.1011332401863,0.07343309149909412,0.2719731133898793,0.2719731133898793,,,3.3857334210695944,0.061851054430007935,0.9976940359405817,3.3857334210695944,,0.6845683881983222,1.6114184451985936,863.1011332401863,876.0253982288012,0.2719731133898793,0.008607894253992348,0.07343309149909412,0.2719731133898793,0.0025,49.88399392419262,0.08463209576076036,0.08489802852272987,0.09479804933071137,0.12553299963474274,1.4877656033214064,1.2426933104476938,3.0861487608933915,,,,,,,,,,,,,,,,,,1,update_snr,bayesian,0.1,20,101770,10177,0.1,0.20709863015544497,0.10013551876089988,0.08425086252962866,0.2070971369469863,0.10013551876089988,0.08425086252962866,0.2070971369469863,0.26125753777150645,0.2470617095838427,0.3267180501199028,0.08223307220416584,0.07446643357427118,0.16418209543238046,0.26125753777150645,0.2470617095838427,0.3267180501199028,0.08223307220416584,0.07446643357427118,0.16418209543238046,2.23785411325737,2.540708516600185,0.6609658336746443,0.7504159957748664,0.6609658336746443,814160,203540,81416,122124,0.75,,,,,,,,,0.008149971461098096,3221
bayesfl_observability_v1,vi_sparse_bayesian_keep010_seed42,90,vi,13,1,2367,,5,256,813.5908934748172,0.021095425562549855,0.3805032861455236,0.3805032861455236,,,3.4588507867193807,0.052138227969408035,0.9976088847017711,3.4588507867193807,,0.003375492055621423,2.400659735165369,813.5908934748172,900.6512783064544,0.3805032861455236,0.00884987008260248,0.021095425562549855,0.3805032861455236,0.0025,50.04667878680024,0.08483894429193115,0.08516978472471237,0.0949491672217846,0.12396830320358276,1.489339843259476,1.2451101570056378,3.086266226037285,,,,,,,,,,,,,,,,,,1,update_snr,bayesian,0.1,20,101770,10177,0.1,0.21169757148006238,0.10225195512585139,0.08617620049388239,0.21169334923096605,0.10225195512585139,0.08617620049388239,0.21169334923096605,0.265710632067212,0.252213647027228,0.3326407028857066,0.08408987991014463,0.0763944089254781,0.16814752186785067,0.265710632067212,0.252213647027228,0.3326407028857066,0.08408987991014463,0.0763944089254781,0.16814752186785067,2.277566736982272,2.603140127496257,0.6584749899380533,0.7526026093670434,0.6584749899380533,814160,203540,81416,122124,0.75,,,,,,,,,0.00811957024275571,2367
bayesfl_observability_v1,vi_sparse_bayesian_keep010_seed42,90,vi,80,6,1188,,5,256,585.5551929485798,0.0028309312959512076,0.7576953154713789,0.7576953154713789,,,3.4821311700965856,0.048153165727853775,0.9975748879878421,3.4821311700965856,,-0.0,2.28098669344155,585.5551929485798,900.1420347799982,0.7576953154713789,0.008844866215780664,0.0028309312959512076,0.7576953154713789,0.0025,50.02941611979456,0.08471863900733255,0.08507223054766655,0.0947555810213089,0.1225375309586525,1.491033653979415,1.2461062789553008,3.089310132390462,,,,,,,,,,,,,,,,,,1,update_snr,bayesian,0.1,20,101770,10177,0.1,0.21345594932403095,0.1043148305045293,0.08929385213516867,0.21344346734937453,0.1043148305045293,0.08929385213516867,0.21344346734937453,0.26505046413774747,0.2527583610543244,0.32869101816669577,0.08645531565639397,0.07927246893860226,0.1714778292171279,0.26505046413774747,0.2527583610543244,0.32869101816669577,0.08645531565639397,0.07927246893860226,0.1714778292171279,2.243200883459535,2.663322601977573,0.6442034414795794,0.7648541860942301,0.6442034414795794,814160,203540,81416,122124,0.75,,,,,,,,,0.008048628234324921,1188
bayesfl_observability_v1,vi_sparse_bayesian_keep010_seed42,90,vi,214,17,232,,5,256,333.88314905166624,0.19235785254116716,1.309372645083617,1.309372645083617,,,2.027278283953524,0.012526694685220718,0.9991764515556033,2.027278283953524,,1.7889541012136536,0.48857548101791376,333.88314905166624,303.7744536593991,1.309372645083617,0.0029849116012518337,0.19235785254116716,1.309372645083617,0.0025,49.96237053805774,0.0843586838057169,0.08471304550766945,0.09419709369540215,0.12193313241004944,1.4947018304290938,1.2515221535745238,3.1024521405637566,,,,,,,,,,,,,,,,,,1,update_snr,bayesian,0.1,20,101770,10177,0.1,0.12077491778645279,0.06490421670409828,0.062201576414968845,0.1207744439567873,0.06490421670409828,0.062201576414968845,0.1207744439567873,0.13490917584580323,0.13205110423720695,0.15097054409363309,0.057125887910575504,0.055356323386647824,0.10591561927940389,0.13490917584580323,0.13205110423720695,0.15097054409363309,0.057125887910575504,0.055356323386647824,0.10591561927940389,1.0784498693192268,1.71662550370047,0.5319693294479894,0.846763622581094,0.5319693294479894,814160,203540,81416,122124,0.75,,,,,,,,,0.007928160895370158,232
bayesfl_observability_v1,vi_sparse_bayesian_keep010_seed42,90,vi,206,16,38,,5,256,131.4722816467285,0.10839454751265676,7.888216092881466,7.888216092881466,,,2.0147784703906586,0.012539892457425594,0.9991862202332151,2.0147784703906586,,-0.0,2.3277319754160017,131.4722816467285,299.7522115294957,7.888216092881466,0.0029453887346909276,0.10839454751265676,7.888216092881466,0.0025,49.9508381171168,0.08436499166689389,0.08471648022532463,0.09422138184309006,0.1219143494963646,1.4939981664895072,1.2498490508105728,3.0999423622820257,,,,,,,,,,,,,,,,,,1,update_snr,bayesian,0.1,20,101770,10177,0.1,0.1204175651866429,0.06437271301043687,0.061225150087707805,0.12041525182603566,0.06437271301043687,0.061225150087707805,0.12041525182603566,0.1345032758073441,0.13157604984314503,0.1505188112719119,0.05658042825522496,0.05473447882442323,0.10528124331840101,0.1345032758073441,0.13157604984314503,0.1505188112719119,0.05658042825522496,0.05473447882442323,0.10528124331840101,1.0794350535170505,1.7012208116492011,0.5357586798650632,0.8443711488138645,0.5357586798650632,814160,203540,81416,122124,0.75,,,,,,,,,0.007930861020920197,38
bayesfl_observability_v1,vi_sparse_bayesian_keep010_seed42,90,vi,71,5,1,,5,256,115.32918267250061,0.001611840445548296,298.1786613734673,298.1786613734673,,,2.0095694821448298,0.012547045946121216,0.9991906553419843,2.0095694821448298,,-0.0,2.3155014849272724,115.32918267250061,298.1786613734673,298.1786613734673,0.0029299269074724117,0.001611840445548296,298.1786613734673,0.0025,49.95846425706112,0.08435930520767569,0.08472456783056259,0.09422059431672096,0.12147685885429382,1.494456104871897,1.2474073858913308,3.1009307661320977,,,,,,,,,,,,,,,,,,1,update_snr,bayesian,0.1,20,101770,10177,0.1,0.12004064068158693,0.06420358007509859,0.06118820433674542,0.12004022281748015,0.06420358007509859,0.06118820433674542,0.12004022281748015,0.13409429247107793,0.13112679925545384,0.15039381030631385,0.056437945364434215,0.05456625604921609,0.10503112156534009,0.13409429247107793,0.13112679925545384,0.15039381030631385,0.056437945364434215,0.05456625604921609,0.10503112156534009,1.076410705377202,1.6969706823976642,0.5356424422948244,0.844444891045257,0.5356424422948244,814160,203540,81416,122124,0.75,,,,,,,,,0.007925130514057188,1
bayesfl_observability_v1,vi_sparse_bayesian_keep010_seed42,90,vi,74,5,1,,5,256,117.98687915802002,0.0,298.53225969922624,298.53225969922624,,,2.0092612168463972,0.012535087764263153,0.9991911318706201,2.0092612168463972,,-0.0,2.259365973874069,117.98687915802002,298.53225969922624,298.53225969922624,0.002933401392347708,0.0,298.53225969922624,0.0025,49.965322834919796,0.08436456758814832,0.08473828062415123,0.09422615468502045,0.12176982313394547,1.494312483262371,1.2488972486754628,3.0982270594368817,,,,,,,,,,,,,,,,,,1,update_snr,bayesian,0.1,20,101770,10177,0.1,0.12024325804137116,0.06418144685784503,0.06100751226926314,0.12024051067065737,0.06418144685784503,0.06100751226926314,0.12024051067065737,0.13444158309236612,0.1314934849259557,0.1504419517127967,0.05637476505400937,0.05452370038668877,0.1050241372907651,0.13444158309236612,0.1314934849259557,0.1504419517127967,0.05637476505400937,0.05452370038668877,0.1050241372907651,1.0773325242279146,1.6960204213876016,0.5361834067144461,0.8441015071447815,0.5361834067144461,814160,203540,81416,122124,0.75,,,,,,,,,0.007931623387154373,1
bayesfl_observability_v1,vi_sparse_bayesian_keep010_seed42,90,vi,121,9,1,,5,256,120.36659638881683,2.3841830625315197e-06,298.37248002767393,298.37248002767393,,,2.0099313167535993,0.012533167377114296,0.9991902290800969,2.0099313167535993,,-0.0,2.28098669344155,120.36659638881683,298.37248002767393,298.37248002767393,0.0029318313847663743,2.3841830625315197e-06,298.37248002767393,0.0025,49.95412533093933,0.08436690912055508,0.08472508564591408,0.09421926364302635,0.12176984548568726,1.494106908484217,1.2485943598646294,3.0974721828880014,,,,,,,,,,,,,,,,,,1,update_snr,bayesian,0.1,20,101770,10177,0.1,0.12032991248889231,0.06415683474097159,0.060973747450952354,0.12032942286095288,0.06415683474097159,0.060973747450952354,0.12032942286095288,0.13417885768116958,0.13123724358015024,0.15022645722396832,0.056376609969838475,0.05433418169552502,0.1052621913469225,0.13417885768116958,0.13123724358015024,0.15022645722396832,0.056376609969838475,0.05433418169552502,0.1052621913469225,1.0785282859565306,1.6960544314551131,0.5365995728145317,0.8438370094131108,0.5365995728145317,814160,203540,81416,122124,0.75,,,,,,,,,0.007928403777101424,1
bayesfl_observability_v1,vi_sparse_bayesian_keep010_seed42,90,vi,35,2,1,,5,256,117.25372252464294,0.21106229722499847,298.41506584609897,298.41506584609897,,,2.0104277309203282,0.012549370527267456,0.9991902008855823,2.0104277309203282,,-0.0,2.3163460082440825,117.25372252464294,298.41506584609897,298.41506584609897,0.0029322498363574625,0.21106229722499847,298.41506584609897,0.0025,49.96558179288752,0.0843638461370889,0.0847347229719162,0.09421354830265045,0.12125428766012192,1.494599193598458,1.2505249366282023,3.1013566535105372,,,,,,,,,,,,,,,,,,1,update_snr,bayesian,0.1,20,101770,10177,0.1,0.12011174537725645,0.06419124036252054,0.06105214605179962,0.12011064884859084,0.06419124036252054,0.06105214605179962,0.12011064884859084,0.13410315272894932,0.13118936223397595,0.15008180311345004,0.056423250099584,0.05429861827093617,0.10521153398832261,0.13410315272894932,0.13118936223397595,0.15008180311345004,0.056423250099584,0.05429861827093617,0.10521153398832261,1.0772028745413387,1.6974845001746959,0.5358078074501189,0.844339975054774,0.5358078074501189,814160,203540,81416,122124,0.75,,,,,,,,,0.007926664753557687,1
bayesfl_observability_v1,vi_sparse_bayesian_keep010_seed42,90,vi,60,4,51,,5,256,181.98330383300782,0.09716262069402956,5.915453278669301,5.915453278669301,,,2.0199348216400934,0.012541204690933228,0.9991825065044941,2.0199348216400934,,0.15407610367102942,2.157614259471844,181.98330383300782,301.6881172121344,5.915453278669301,0.0029644110957269764,0.09716262069402956,5.915453278669301,0.0025,49.96519992149861,0.08436309878656821,0.08471888676285744,0.09420365244150161,0.12128300964832306,1.4943926120560764,1.2489855221757615,3.101731126833532,,,,,,,,,,,,,,,,,,1,update_snr,bayesian,0.1,20,101770,10177,0.1,0.12069381106612975,0.06458178874197455,0.06164199295113161,0.12069210613873645,0.06458178874197455,0.06164199295113161,0.12069210613873645,0.13484618052197891,0.13202437057719993,0.15103343588214968,0.05677463409975184,0.054867625068149316,0.10565913372582926,0.13484618052197891,0.13202437057719993,0.15103343588214968,0.05677463409975184,0.054867625068149316,0.10565913372582926,1.0806562162775852,1.7065517354873279,0.5349955873329331,0.8448548523470114,0.5349955873329331,814160,203540,81416,122124,0.75,,,,,,,,,0.007927223308498295,51
bayesfl_observability_v1,vi_sparse_bayesian_keep010_seed42,90,vi,142,11,17,,5,256,140.85867099761964,0.23820029988008387,17.45236704387061,17.45236704387061,,,2.003942216814007,0.012535467743873596,0.9991950026966117,2.003942216814007,,-0.0,2.3096097079310103,140.85867099761964,296.69023974580034,17.45236704387061,0.0029153015598486817,0.23820029988008387,17.45236704387061,0.0025,49.952563764977135,0.08436264919937594,0.08472896739840508,0.09422999620437622,0.12173906713724136,1.4940209865993148,1.2495788148907023,3.098175117993834,,,,,,,,,,,,,,,,,,1,update_snr,bayesian,0.1,20,101770,10177,0.1,0.1201283412353544,0.06390889765798632,0.06066021504184374,0.12012696402436158,0.06390889765798632,0.06066021504184374,0.12012696402436158,0.13439232122195247,0.13154673712042883,0.15090320010905672,0.056077406150878965,0.05401902777958844,0.1048693761420751,0.13439232122195247,0.13154673712042883,0.15090320010905672,0.056077406150878965,0.05401902777958844,0.1048693761420751,1.0780175002399108,1.6892787447623716,0.5379483955150217,0.8429777718082574,0.5379483955150217,814160,203540,81416,122124,0.75,,,,,,,,,0.007928991001267361,17
bayesfl_observability_v1,vi_sparse_bayesian_keep010_seed42,90,vi,143,11,27,,5,256,178.70990886688233,0.5825486006560149,11.133103470702709,11.133103470702709,,,2.016680394396491,0.01254512369632721,0.9991851203260279,2.016680394396491,,0.149994923610415,2.1788016114278856,178.70990886688233,300.5937937089731,11.133103470702709,0.0029536581871767035,0.5825486006560149,11.133103470702709,0.0025,49.964632389957714,0.08436116416190671,0.08471952751278877,0.09421692863106729,0.121672622859478,1.494787581590555,1.2484332278113706,3.100432798251748,,,,,,,,,,,,,,,,,,1,update_snr,bayesian,0.1,20,101770,10177,0.1,0.12050476156519829,0.06443890989409266,0.06134247888967372,0.12050463583515722,0.06443890989409266,0.06134247888967372,0.12050463583515722,0.13476440251758115,0.13169976081119783,0.15112246886608424,0.056624966269260606,0.054726729418420106,0.10564946927492197,0.13476440251758115,0.13169976081119783,0.15112246886608424,0.056624966269260606,0.054726729418420106,0.10564946927492197,1.07916943788069,1.703641141052735,0.5351216984502102,0.8447749806000193,0.5351216984502102,814160,203540,81416,122124,0.75,,,,,,,,,0.007927105041537204,27
bayesfl_observability_v1,vi_sparse_bayesian_keep010_seed42,90,vi,263,21,2,,5,256,113.863072681427,0.0323614627122879,149.17501384828694,149.17501384828694,,,2.0089845411460514,0.0125308558344841,0.9991914013731698,2.0089845411460514,,-0.0,2.185987945410232,113.863072681427,298.3500276965739,149.17501384828694,0.0029316107664004508,0.0323614627122879,149.17501384828694,0.0025,49.96665927510434,0.08436624296500048,0.08472681790590286,0.09423712268471718,0.12044776976108551,1.4943997480828195,1.2487048148517539,3.1008590133842615,,,,,,,,,,,,,,,,,,1,update_snr,bayesian,0.1,20,101770,10177,0.1,0.11995070548218319,0.06418862532779143,0.061060917880834925,0.11995017689749175,0.06418862532779143,0.061060917880834925,0.11995017689749175,0.13403856957368163,0.13116019276003402,0.150294434179545,0.05642752041158141,0.054450853278186585,0.10517875639278207,0.13403856957368163,0.13116019276003402,0.150294434179545,0.05642752041158141,0.054450853278186585,0.10517875639278207,1.0756528240315129,1.6967586418571274,0.5354211553155569,0.8445852156180302,0.5354211553155569,814160,203540,81416,122124,0.75,,,,,,,,,0.007927665158304108,2
bayesfl_observability_v1,vi_sparse_bayesian_keep010_seed42,90,vi,47,3,1,,5,256,123.56648096442223,3.4204440116882324,298.1534142861959,298.1534142861959,,,2.0091163211871517,0.01253877580165863,0.9991914185438294,2.0091163211871517,,-0.0,2.3292713582565514,123.56648096442223,298.1534142861959,298.1534142861959,0.0029296788276132056,3.4204440116882324,298.1534142861959,0.0025,49.97009863859228,0.08436532924269294,0.08473225310444832,0.09419606998562813,0.12133139371871948,1.494685663222507,1.2504921924189047,3.099042250464596,,,,,,,,,,,,,,,,,,1,update_snr,bayesian,0.1,20,101770,10177,0.1,0.12008014664288204,0.06412816202205857,0.060998884754156116,0.1200799818290816,0.06412816202205857,0.060998884754156116,0.1200799818290816,0.13432460726733783,0.13148539292939834,0.1503442581177308,0.056328556994805316,0.05429678543971789,0.10497539633114746,0.13432460726733783,0.13148539292939834,0.1503442581177308,0.056328556994805316,0.05429678543971789,0.10497539633114746,1.0783458126714958,1.6952046190222723,0.5367264211134973,0.8437563326450932,0.5367264211134973,814160,203540,81416,122124,0.75,,,,,,,,,0.007926682016183661,1
bayesfl_observability_v1,vi_sparse_bayesian_keep010_seed42,90,vi,126,10,1,,5,256,114.17406365871429,0.16284286975860596,298.14571948938436,298.14571948938436,,,2.0072956543096576,0.012533113360404968,0.9991923510568609,2.0072956543096576,,-0.0,2.3277319754160017,114.17406365871429,298.14571948938436,298.14571948938436,0.0029296032179363697,0.16284286975860596,298.14571948938436,0.0025,49.954091978945605,0.08436510031846109,0.08473280444741249,0.09420559033751488,0.12105237692594528,1.494026757069357,1.2497404113035002,3.099349166242658,,,,,,,,,,,,,,,,,,1,update_snr,bayesian,0.1,20,101770,10177,0.1,0.12025116839640652,0.0640709279193205,0.06084039258758854,0.12024833073112624,0.0640709279193205,0.06084039258758854,0.12024833073112624,0.13441177634709014,0.13148928674883062,0.15074066420233379,0.056255278094012755,0.05426898773925321,0.10510547556984014,0.13441177634709014,0.13148928674883062,0.15074066420233379,0.056255278094012755,0.05426898773925321,0.10510547556984014,1.0776368808126768,1.6934977404539882,0.5368600676731371,0.8436713031376587,0.5368600676731371,814160,203540,81416,122124,0.75,,,,,,,,,0.007927500943644231,1
bayesfl_observability_v1,vi_sparse_bayesian_keep010_seed42,90,vi,131,10,1,,5,256,108.37726902961731,3.7981014251708984,299.92796987282685,299.92796987282685,,,2.0138911275222573,0.012532491236925125,0.9991872980869214,2.0138911275222573,,-0.0,2.259365973874069,108.37726902961731,299.92796987282685,299.92796987282685,0.002947115749954081,3.7981014251708984,299.92796987282685,0.0025,49.962398177296045,0.0843657798346923,0.08472184836864471,0.09421581104397773,0.12188056856393814,1.4944916315145458,1.2492810045285374,3.097426234170789,,,,,,,,,,,,,,,,,,1,update_snr,bayesian,0.1,20,101770,10177,0.1,0.12042864325532161,0.06439641821766931,0.06114546094084521,0.12042855624365573,0.06439641821766931,0.06114546094084521,0.12042855624365573,0.13456550867591094,0.13163662052001954,0.15093887603179126,0.056599852611198015,0.05452675538771236,0.10536965874500703,0.13456550867591094,0.13163662052001954,0.15093887603179126,0.056599852611198015,0.05452675538771236,0.10536965874500703,1.0788810728440852,1.700521421262216,0.5357196613560042,0.8443959050330649,0.5357196613560042,814160,203540,81416,122124,0.75,,,,,,,,,0.007927784932001579,1
bayesfl_observability_v1,vi_sparse_bayesian_keep010_seed42,91,vi,75,6,1,,5,256,95.77845206260682,0.22456695139408112,298.07601781750657,298.07601781750657,,,2.0139845570191945,0.012525364756584167,0.9991908115496487,2.0139845570191945,,-0.0,2.3096097079310103,95.77845206260682,298.07601781750657,298.07601781750657,0.002928918323843044,0.22456695139408112,298.07601781750657,0.0025,50.07292846685356,0.08458821099788504,0.08496078476309776,0.09445189833641052,0.12141815572977066,1.4940140934771495,1.2501714186901964,3.0978620929016594,,,,,,,,,,,,,,,,,,1,update_snr,bayesian,0.1,20,101770,10177,0.1,0.1199185197956005,0.06418235938742423,0.061239446503404765,0.11991803895295342,0.06418235938742423,0.061239446503404765,0.11991803895295342,0.13408716908825072,0.13096304311880594,0.15081214792455602,0.05641515830955462,0.05460729122214648,0.10489615976796594,0.13408716908825072,0.13096304311880594,0.15081214792455602,0.05641515830955462,0.05460729122214648,0.10489615976796594,1.0783240191679784,1.700985333739601,0.5354182162965321,0.8445870787892986,0.5354182162965321,814160,203540,81416,122124,0.75,,,,,,,,,0.007929290080002255,1
bayesfl_observability_v1,vi_sparse_bayesian_keep010_seed42,91,vi,79,6,1614,,5,256,765.822785963331,0.08389197893745394,0.5724960540706342,0.5724960540706342,,,3.5294806306920115,0.05178111419081688,0.9975213465408738,3.5294806306920115,,0.227611568069938,2.10471822493949,765.822785963331,924.0086312700035,0.5724960540706342,0.009079381264321545,0.08389197893745394,0.5724960540706342,0.0025,50.15995564083805,0.08501119606055585,0.08534261956810951,0.09511468783020974,0.12271235883235931,1.4894629211060237,1.245190860813814,3.0878608567525805,,,,,,,,,,,,,,,,,,1,update_snr,bayesian,0.1,20,101770,10177,0.1,0.21574849396996837,0.10460488585002037,0.08835648076629257,0.21574723096343912,0.10460488585002037,0.08835648076629257,0.21574723096343912,0.2694247213404549,0.25649801307300024,0.334381529068041,0.08629157079552763,0.07852882509125338,0.17203626379933418,0.2694247213404549,0.25649801307300024,0.334381529068041,0.08629157079552763,0.07852882509125338,0.17203626379933418,2.3032018148123643,2.674414874823113,0.6525611147385116,0.7577360962308924,0.6525611147385116,814160,203540,81416,122124,0.75,,,,,,,,,0.008088974170295084,1614
bayesfl_observability_v1,vi_sparse_bayesian_keep010_seed42,91,vi,196,15,1,,5,256,104.91219844818116,0.0012942517641931772,297.71874128467846,297.71874128467846,,,2.0130222781899763,0.012513411231338978,0.9991919565064703,2.0130222781899763,,-0.0,2.185987945410232,104.91219844818116,297.71874128467846,297.71874128467846,0.0029254076966166694,0.0012942517641931772,297.71874128467846,0.0025,50.08429338345541,0.08459028783917333,0.08496364951133728,0.09443920329213143,0.12074799835681915,1.4941930782224748,1.2491264718430535,3.102663811510035,,,,,,,,,,,,,,,,,,1,update_snr,bayesian,0.1,20,101770,10177,0.1,0.11997263947678276,0.06410355081985857,0.0612342102204816,0.11997191479119587,0.06410355081985857,0.0612342102204816,0.11997191479119587,0.1339573393334102,0.1310057961040804,0.1501586228463364,0.05634201876279728,0.0544901139563469,0.10515949123659467,0.1339573393334102,0.1310057961040804,0.1501586228463364,0.05634201876279728,0.0544901139563469,0.10515949123659467,1.0785718592772118,1.6996886293861189,0.5357972790281376,0.8443466561703462,0.5357972790281376,814160,203540,81416,122124,0.75,,,,,,,,,0.007930226071586428,1
bayesfl_observability_v1,vi_sparse_bayesian_keep010_seed42,91,vi,38,3,2,,5,256,122.49996542930603,0.3843934237957001,148.19433677029886,148.19433677029886,,,2.008226935286405,0.012533396482467651,0.9991956263590853,2.008226935286405,,-0.0,2.311121424016332,122.49996542930603,296.3886735405977,148.19433677029886,0.0029123383466699198,0.3843934237957001,148.19433677029886,0.0025,50.07904962060974,0.08459021968330899,0.08497628569602966,0.09444683790206909,0.12151089310646057,1.4940850472457836,1.2513338318329446,3.0982920806765253,,,,,,,,,,,,,,,,,,1,update_snr,bayesian,0.1,20,101770,10177,0.1,0.11973941575625997,0.06399513793332359,0.06090993257661913,0.11973639209307568,0.06399513793332359,0.06090993257661913,0.11973639209307568,0.13379891055331067,0.13090243237781204,0.15008378554407142,0.056239163197769476,0.0542063659049081,0.10480013214627894,0.13379891055331067,0.13090243237781204,0.15008378554407142,0.056239163197769476,0.0542063659049081,0.10480013214627894,1.0764809115929235,1.6953360347099031,0.5360354911480163,0.8441954467004106,0.5360354911480163,814160,203540,81416,122124,0.75,,,,,,,,,0.00793125013457553,2
bayesfl_observability_v1,vi_sparse_bayesian_keep010_seed42,91,vi,46,3,2,,5,256,114.80057637095452,0.011654410511255264,148.05103419079057,148.05103419079057,,,2.0074287829920574,0.012519203126430511,0.9991960599330665,2.0074287829920574,,-0.0,2.4040642619438994,114.80057637095452,296.10206838158115,148.05103419079057,0.0029095221419041086,0.011654410511255264,148.05103419079057,0.0025,50.07250794933102,0.08459020529421506,0.08497313410043716,0.09444208443164825,0.12110844999551773,1.493778036514204,1.2492565712977592,3.0994674354305043,,,,,,,,,,,,,,,,,,1,update_snr,bayesian,0.1,20,101770,10177,0.1,0.11966178525879158,0.06389153417034636,0.06068374615460902,0.11966175020894812,0.06389153417034636,0.06068374615460902,0.11966175020894812,0.13388725574863178,0.13089203477476272,0.15039544768117272,0.05611423177275908,0.054130982854354116,0.10458993452462283,0.13388725574863178,0.13089203477476272,0.15039544768117272,0.05611423177275908,0.054130982854354116,0.10458993452462283,1.0786664134433201,1.69300002578095,0.5373373255292155,0.8433674161319668,0.5373373255292155,814160,203540,81416,122124,0.75,,,,,,,,,0.007929663850001064,2
bayesfl_observability_v1,vi_sparse_bayesian_keep010_seed42,91,vi,49,3,3,,5,256,132.4343900680542,0.2001874049504598,98.96913909368497,98.96913909368497,,,2.009973605372159,0.012545190751552582,0.9991942899570925,2.009973605372159,,-0.0,2.3277319754160017,132.4343900680542,296.9074172810549,98.96913909368497,0.002917435563339441,0.2001874049504598,98.96913909368497,0.0025,50.0809778768913,0.08458736436634633,0.08495652303099632,0.0944450281560421,0.12213398516178131,1.4942626759546405,1.2500117302491618,3.1021658287716485,,,,,,,,,,,,,,,,,,1,update_snr,bayesian,0.1,20,101770,10177,0.1,0.11972926542224213,0.0640863151577264,0.06115026402438238,0.11972916549740113,0.0640863151577264,0.06115026402438238,0.11972916549740113,0.13373974253193952,0.13082287206071525,0.1499192223746202,0.05634704544948049,0.054617539650256904,0.10466370797355642,0.13373974253193952,0.13082287206071525,0.1499192223746202,0.05634704544948049,0.054617539650256904,0.10466370797355642,1.0759876109561703,1.697717454514028,0.5353242490748751,0.8446466411182971,0.5353242490748751,814160,203540,81416,122124,0.75,,,,,,,,,0.007929506739986039,3
bayesfl_observability_v1,vi_sparse_bayesian_keep010_seed42,91,vi,16,1,1,,5,256,106.8139060139656,0.040790025144815445,298.3765471943395,298.3765471943395,,,2.0145207297494316,0.012543898075819016,0.9991904167234994,2.0145207297494316,,-0.0,2.311121424016332,106.8139060139656,298.3765471943395,298.3765471943395,0.0029318713490649453,0.040790025144815445,298.3765471943395,0.0025,50.07410830701153,0.0845904256868476,0.08497248962521553,0.09445039778947831,0.12137048691511154,1.4938045475920319,1.2512005607515975,3.0983744928609704,,,,,,,,,,,,,,,,,,1,update_snr,bayesian,0.1,20,101770,10177,0.1,0.11999740158003407,0.0642450741485136,0.06123352659607226,0.11999485219818487,0.0642450741485136,0.06123352659607226,0.11999485219818487,0.13398837730791188,0.1309912904064173,0.15024136168618324,0.056495818241913805,0.054591199686323616,0.10497564050417726,0.13398837730791188,0.1309912904064173,0.15024136168618324,0.056495818241913805,0.054591199686323616,0.10497564050417726,1.078049452553458,1.7017940969574947,0.5351394188371281,0.8447637553817408,0.5351394188371281,814160,203540,81416,122124,0.75,,,,,,,,,0.007929598224428066,1
bayesfl_observability_v1,vi_sparse_bayesian_keep010_seed42,91,vi,216,17,1,,5,256,119.11614694595337,1.6582136154174805,295.74853896315346,295.74853896315346,,,2.004992911227576,0.012526832520961761,0.9991986487782273,2.004992911227576,,-0.0,2.3096097079310103,119.11614694595337,295.74853896315346,295.74853896315346,0.002906048334117652,1.6582136154174805,295.74853896315346,0.0025,50.09134441421719,0.08458908900894554,0.08495167642831802,0.09444480538368225,0.12205854058265686,1.4946251663009569,1.250255410647912,3.0978127903057158,,,,,,,,,,,,,,,,,,1,update_snr,bayesian,0.1,20,101770,10177,0.1,0.11967803246888568,0.06384347522732907,0.06045268407532399,0.11967141416491418,0.06384347522732907,0.06045268407532399,0.11967141416491418,0.1340818522318908,0.1312909417668069,0.1505443377050414,0.05603921111571109,0.05387051101381211,0.10462640244855796,0.1340818522318908,0.1312909417668069,0.1505443377050414,0.05603921111571109,0.05387051101381211,0.10462640244855796,1.0786399482891447,1.690127934810742,0.5379769385961255,0.8429595562888773,0.5379769385961255,814160,203540,81416,122124,0.75,,,,,,,,,0.007930927798976417,1
bayesfl_observability_v1,vi_sparse_bayesian_keep010_seed42,91,vi,176,14,41,,5,256,158.59160480499267,0.4311105681628716,7.277780681313664,7.277780681313664,,,2.015775352546578,0.012502439320087433,0.9991895656298062,2.015775352546578,,-0.0,2.185987945410232,158.59160480499267,298.3890079338602,7.277780681313664,0.002931993789268549,0.4311105681628716,7.277780681313664,0.0025,50.07905425186263,0.08458960381426833,0.08495869114995003,0.09445069655776024,0.12138809263706207,1.4941821755198796,1.2481786738045257,3.0982492555321017,,,,,,,,,,,,,,,,,,1,update_snr,bayesian,0.1,20,101770,10177,0.1,0.11991467493753342,0.0641994368315814,0.061113402505294026,0.11991359542831063,0.0641994368315814,0.061113402505294026,0.11991359542831063,0.13417971792664665,0.13123297058016747,0.15027642619592413,0.05642385004324083,0.054474246108608695,0.10513214795977056,0.13417971792664665,0.13123297058016747,0.15027642619592413,0.05642385004324083,0.054474246108608695,0.10513214795977056,1.0796556675514033,1.7022614110231178,0.5356031693648046,0.8444698010979298,0.5356031693648046,814160,203540,81416,122124,0.75,,,,,,,,,0.007929250947559696,41
bayesfl_observability_v1,vi_sparse_bayesian_keep010_seed42,91,vi,115,9,1,,5,256,113.2111598417163,0.005560170393437147,297.1884533732924,297.1884533732924,,,2.0101118770404836,0.012542374432086945,0.9991942811955705,2.0101118770404836,,-0.0,2.185987945410232,113.2111598417163,297.1884533732924,297.1884533732924,0.0029201970460183985,0.005560170393437147,297.1884533732924,0.0025,50.08396561051677,0.08458961630572273,0.08495334535837173,0.09444008767604828,0.12233849614858627,1.4941012027453344,1.2485785609489921,3.097435506432558,,,,,,,,,,,,,,,,,,1,update_snr,bayesian,0.1,20,101770,10177,0.1,0.1197455600196609,0.06407823233643646,0.06109523350734636,0.11974399102975614,0.06407823233643646,0.06109523350734636,0.11974399102975614,0.13384938934348614,0.13097726465436207,0.1504043916179276,0.05632588155787539,0.05458371307041977,0.10472790533856625,0.13384938934348614,0.13097726465436207,0.1504043916179276,0.05632588155787539,0.05458371307041977,0.10472790533856625,1.077118245902123,1.6971641177458214,0.5358498988066174,0.8443132629237435,0.5358498988066174,814160,203540,81416,122124,0.75,,,,,,,,,0.007928000053384716,1
bayesfl_observability_v1,vi_sparse_bayesian_keep010_seed42,91,vi,107,8,1372,,5,256,676.8230000038942,0.008102429662790398,0.6818505624722192,0.6818505624722192,,,3.558173895276767,0.0456295907497406,0.9974796204101369,3.558173895276767,,-0.0,2.3155014849272724,676.8230000038942,935.4989717118848,0.6818505624722192,0.009192286250485258,0.008102429662790398,0.6818505624722192,0.0025,50.147417941020656,0.08497200133541606,0.08530868217349052,0.09500519707798957,0.12060556560754776,1.4893707199533142,1.2460308394163557,3.084017669757831,,,,,,,,,,,,,,,,,,1,update_snr,bayesian,0.1,20,101770,10177,0.1,0.2173455159538511,0.10606173317994498,0.0906937663043157,0.21734484488870928,0.10606173317994498,0.0906937663043157,0.21734484488870928,0.2697901355744262,0.25704437432967103,0.3332473267994888,0.08786968846944707,0.08033117390037159,0.17384560596968418,0.2697901355744262,0.25704437432967103,0.3332473267994888,0.08786968846944707,0.08033117390037159,0.17384560596968418,2.298483345598761,2.7161693207593274,0.645972741424988,0.7633604766660946,0.645972741424988,814160,203540,81416,122124,0.75,,,,,,,,,0.008060881772817306,1372
bayesfl_observability_v1,vi_sparse_bayesian_keep010_seed42,91,vi,280,22,9,,5,256,112.12329111099243,0.007556099030706618,33.10600924613736,33.10600924613736,,,2.0137265916788896,0.012524239718914032,0.9991917821555584,2.0137265916788896,,-0.0,2.259365973874069,112.12329111099243,297.95408321523627,33.10600924613736,0.0029277201848799867,0.007556099030706618,33.10600924613736,0.0025,50.09485399249282,0.08458746316718004,0.08495329692959785,0.09442826732993126,0.12141311913728714,1.4945859853604946,1.2503392239431257,3.098689966647494,,,,,,,,,,,,,,,,,,1,update_snr,bayesian,0.1,20,101770,10177,0.1,0.11986857655024089,0.06418925848095104,0.061258278816139974,0.11986388450550373,0.06418925848095104,0.061258278816139974,0.11986388450550373,0.13409761307522203,0.13126142005254987,0.1500239987313935,0.05642166352603203,0.05461180255600183,0.10490264143533445,0.13409761307522203,0.13126142005254987,0.1500239987313935,0.05642166352603203,0.05461180255600183,0.10490264143533445,1.079895652257419,1.6996823721714012,0.5362672652383685,0.844048233357408,0.5362672652383685,814160,203540,81416,122124,0.75,,,,,,,,,0.007927450529691507,9
bayesfl_observability_v1,vi_sparse_bayesian_keep010_seed42,91,vi,284,22,369,,5,256,444.4803696870804,0.040592228494039394,1.6539368164787587,1.6539368164787587,,,2.88469661902544,0.02427184209227562,0.9983414239125473,2.88469661902544,,-0.0,2.3096097079310103,444.4803696870804,610.302685280662,1.6539368164787587,0.005996882040686469,0.040592228494039394,1.6539368164787587,0.0025,50.10632666481966,0.08472829659280819,0.08512020856142044,0.09461831524968148,0.12230012565851212,1.492556530321526,1.2504708234849446,3.093855931205324,,,,,,,,,,,,,,,,,,1,update_snr,bayesian,0.1,20,101770,10177,0.1,0.17562906094641328,0.08964792021287986,0.08158733004274148,0.1756270521453199,0.08964792021287986,0.08158733004274148,0.1756270521453199,0.20510337288613414,0.19904541451710453,0.2395997728113616,0.07681953658251826,0.07267138044768999,0.14688036565145746,0.20510337288613414,0.19904541451710453,0.2395997728113616,0.07681953658251826,0.07267138044768999,0.14688036565145746,1.6932063214011175,2.3354928681081684,0.5869616618378215,0.8096147278382384,0.5869616618378215,814160,203540,81416,122124,0.75,,,,,,,,,0.007963854299935996,369
bayesfl_observability_v1,vi_sparse_bayesian_keep010_seed42,91,vi,274,21,69,,5,256,188.0073600769043,0.09783475295357082,4.372272467181383,4.372272467181383,,,2.026169260194167,0.012545764446258545,0.9991808446524215,2.026169260194167,,-0.0,2.259365973874069,188.0073600769043,301.6868002355154,4.372272467181383,0.0029643981550114516,0.09783475295357082,4.372272467181383,0.0025,50.06811558846281,0.08458875105578562,0.0849531851708889,0.09445134028792382,0.1211634948849678,1.4937788235421765,1.247785679434691,3.0978550805461746,,,,,,,,,,,,,,,,,,1,update_snr,bayesian,0.1,20,101770,10177,0.1,0.12062510608112455,0.06460939746808025,0.061598747003987875,0.12062389910480313,0.06460939746808025,0.061598747003987875,0.12062389910480313,0.13451934834380486,0.1316850694873881,0.1506405480931579,0.05684162514855531,0.0550114567922393,0.10589285861236543,0.13451934834380486,0.1316850694873881,0.1506405480931579,0.05684162514855531,0.0550114567922393,0.10589285861236543,1.0809731867735366,1.71372659442294,0.5335058664693922,0.8457963646426628,0.5335058664693922,814160,203540,81416,122124,0.75,,,,,,,,,0.007928472945567236,69
bayesfl_observability_v1,vi_sparse_bayesian_keep010_seed42,91,vi,33,2,1,,5,256,110.96323268413543,0.19737306237220764,298.29674477353853,298.29674477353853,,,2.0140186288011135,0.012549137696623802,0.999190774576774,2.0140186288011135,,-0.0,2.3096097079310103,110.96323268413543,298.29674477353853,298.29674477353853,0.002931087204220679,0.19737306237220764,298.29674477353853,0.0025,50.07261310075358,0.08459085643718288,0.08497163280844688,0.094439397752285,0.12025296688079834,1.4937058947944777,1.248782460489195,3.09986564062368,,,,,,,,,,,,,,,,,,1,update_snr,bayesian,0.1,20,101770,10177,0.1,0.11994558855140185,0.0642279796807778,0.061235831756864395,0.11994543218514617,0.0642279796807778,0.061235831756864395,0.11994543218514617,0.13407171672892695,0.13116434501699492,0.15024414183067392,0.05646756445320569,0.05474935157169441,0.10497775285637427,0.13407171672892695,0.13116434501699492,0.15024414183067392,0.05646756445320569,0.05474935157169441,0.10497775285637427,1.077793582524722,1.7013618164947877,0.5351457861967747,0.8447597217646188,0.5351457861967747,814160,203540,81416,122124,0.75,,,,,,,,,0.007929195499438881,1
bayesfl_observability_v1,vi_sparse_bayesian_keep010_seed42,92,vi,169,13,456,,5,256,378.44969549179075,0.002219932317210917,1.3090181866888237,1.3090181866888237,,,2.8600314710934516,0.024274688214063644,0.9983786163403469,2.8600314710934516,,-0.0,2.3163460082440825,378.44969549179075,596.9122931301036,1.3090181866888237,0.005865306997446238,0.002219932317210917,1.3090181866888237,0.0025,50.24216877060981,0.0849633004918286,0.08532202616333961,0.09488140791654587,0.12117511034011841,1.4927629321526195,1.2489569364200133,3.0922107124078573,,,,,,,,,,,,,,,,,,1,update_snr,bayesian,0.1,20,101770,10177,0.1,0.17376462335172607,0.08848126082467883,0.08028645790087305,0.17376036553486446,0.08848126082467883,0.08028645790087305,0.17376036553486446,0.20348095495729196,0.19769854878760706,0.23733439919863092,0.07570351703216628,0.07134771389304495,0.14527846777348005,0.20348095495729196,0.19769854878760706,0.23733439919863092,0.07570351703216628,0.07134771389304495,0.14527846777348005,1.6887575619598894,2.3082196413184533,0.5904681745737018,0.8070609238561879,0.5904681745737018,814160,203540,81416,122124,0.75,,,,,,,,,0.00796910775242598,456
bayesfl_observability_v1,vi_sparse_bayesian_keep010_seed42,92,vi,49,3,3,,5,256,111.90192322731018,0.002747654914855957,98.59464414927174,98.59464414927174,,,2.0116289939631615,0.012532562017440796,0.9991977073788039,2.0116289939631615,,-0.0,2.3277319754160017,111.90192322731018,295.78393244781523,98.59464414927174,0.0029063961132732162,0.002747654914855957,98.59464414927174,0.0025,50.22889395195077,0.08482069328813131,0.08520539477467537,0.09467268958687783,0.12174967676401138,1.494213809101238,1.2490902246650344,3.0927552174913546,,,,,,,,,,,,,,,,,,1,update_snr,bayesian,0.1,20,101770,10177,0.1,0.11958304135718609,0.06391348253859876,0.06064298772295551,0.11958216319541681,0.06391348253859876,0.06064298772295551,0.11958216319541681,0.1337073360634206,0.130699368914247,0.15014545154167866,0.05615860992472967,0.054099190865280145,0.10450278733028553,0.1337073360634206,0.130699368914247,0.15014545154167866,0.05615860992472967,0.054099190865280145,0.10450278733028553,1.0785716551448863,1.6980383959355172,0.5361682787341242,0.8441111164291625,0.5361682787341242,814160,203540,81416,122124,0.75,,,,,,,,,0.007928210701252781,3
bayesfl_observability_v1,vi_sparse_bayesian_keep010_seed42,92,vi,204,16,297,,5,256,369.0793001890182,0.008951263044418309,1.9654202909292644,1.9654202909292644,,,2.824688815208605,0.023811012506484985,0.9984207662338168,2.824688815208605,,-0.0,2.28098669344155,369.0793001890182,583.7298264059915,1.9654202909292644,0.0057357750457501374,0.008951263044418309,1.9654202909292644,0.0025,50.28051007785241,0.08496135963721665,0.08533183485269547,0.09484368562698364,0.12332820147275925,1.4934295738405339,1.2476305131959906,3.0975428765820756,,,,,,,,,,,,,,,,,,1,update_snr,bayesian,0.1,20,101770,10177,0.1,0.17166954160419234,0.08727168676660235,0.07861793515213815,0.17166887873714862,0.08727168676660235,0.07861793515213815,0.17166887873714862,0.20177860082253724,0.1957017715499011,0.2364491009385945,0.07454869631594292,0.07001966337721259,0.14378855519623707,0.20177860082253724,0.1957017715499011,0.2364491009385945,0.07454869631594292,0.07001966337721259,0.14378855519623707,1.6698501196329245,2.2782597483005587,0.5911625063412888,0.8065524726242482,0.5911625063412888,814160,203540,81416,122124,0.75,,,,,,,,,0.007968056174141813,297
bayesfl_observability_v1,vi_sparse_bayesian_keep010_seed42,92,vi,208,16,1492,,5,256,648.6287724177042,0.019362173035700904,0.6171172006920536,0.6171172006920536,,,3.5337100716550793,0.04798516631126404,0.9975295469245332,3.5337100716550793,,0.2345060748432112,2.0889349747065498,648.6287724177042,920.7388634325439,0.6171172006920536,0.009047252269161284,0.019362173035700904,0.6171172006920536,0.0025,50.30305108795519,0.08521592094875646,0.0855599120259285,0.09524128735065461,0.12257282435894012,1.490136724267427,1.2458516253898722,3.0888861408119626,,,,,,,,,,,,,,,,,,1,update_snr,bayesian,0.1,20,101770,10177,0.1,0.21504493060175317,0.10481464862468064,0.08891065297839944,0.21503920109601143,0.10481464862468064,0.08891065297839944,0.21503920109601143,0.26877381458212735,0.25625444949566495,0.33422730979075865,0.08659696351829768,0.07877142095770845,0.17256839940906232,0.26877381458212735,0.25625444949566495,0.33422730979075865,0.08659696351829768,0.07877142095770845,0.17256839940906232,2.2939617312310645,2.6879074474698617,0.6491652356065093,0.7606474195578048,0.6491652356065093,814160,203540,81416,122124,0.75,,,,,,,,,0.008075175761616477,1492
bayesfl_observability_v1,vi_sparse_bayesian_keep010_seed42,92,vi,288,23,3,,5,256,122.26161155700683,0.10665370027224223,97.89414283992471,97.89414283992471,,,2.0046518129409785,0.012534275650978088,0.9992036861050065,2.0046518129409785,,-0.0,2.185987945410232,122.26161155700683,293.68242851977413,97.89414283992471,0.0028857465708929365,0.10665370027224223,97.89414283992471,0.0025,50.24117066468273,0.08482055377752874,0.08519435301423073,0.09466414973139763,0.12184011191129684,1.4944616069872023,1.249986472500069,3.1009015825645854,,,,,,,,,,,,,,,,,,1,update_snr,bayesian,0.1,20,101770,10177,0.1,0.11910030069280696,0.06367328115007546,0.06057494073480574,0.11909983112318766,0.06367328115007546,0.06057494073480574,0.11909983112318766,0.1333159342844172,0.1304028232415197,0.149702480190831,0.05593520857959305,0.05391160161536185,0.10421801204341348,0.1333159342844172,0.1304028232415197,0.149702480190831,0.05593520857959305,0.05391160161536185,0.10421801204341348,1.0768926493671973,1.6908373998899047,0.5371968550425288,0.8434568980881104,0.5371968550425288,814160,203540,81416,122124,0.75,,,,,,,,,0.007932641627917835,3
bayesfl_observability_v1,vi_sparse_bayesian_keep010_seed42,92,vi,91,7,1,,5,256,107.36560350060464,0.00023326536756940186,296.1115588396394,296.1115588396394,,,2.0120252787463135,0.012510795146226883,0.9991972191469504,2.0120252787463135,,-0.0,2.3277319754160017,107.36560350060464,296.1115588396394,296.1115588396394,0.0029096153958891556,0.00023326536756940186,296.1115588396394,0.0025,50.223321572433576,0.08482028104619643,0.08519699424505234,0.09467313662171364,0.12193598598241806,1.4939382710182347,1.2500682513497448,3.0951239196565363,,,,,,,,,,,,,,,,,,1,update_snr,bayesian,0.1,20,101770,10177,0.1,0.11972947251243263,0.06390861448039249,0.06081830359653831,0.1197292718409137,0.06390861448039249,0.06081830359653831,0.1197292718409137,0.13372749191244312,0.13092354610092397,0.1495147477062125,0.05615096143238685,0.05405787245526433,0.10475739777871243,0.13372749191244312,0.13092354610092397,0.1495147477062125,0.05615096143238685,0.05405787245526433,0.10475739777871243,1.0776320310746785,1.6991041545226253,0.535595671912307,0.8444745562945072,0.535595671912307,814160,203540,81416,122124,0.75,,,,,,,,,0.007931521539356595,1
bayesfl_observability_v1,vi_sparse_bayesian_keep010_seed42,92,vi,184,14,1,,5,256,110.64659633636475,0.009216265752911568,294.6752920540594,294.6752920540594,,,2.008408440118224,0.012545913457870483,0.9992004738406334,2.008408440118224,,-0.0,2.3163460082440825,110.64659633636475,294.6752920540594,294.6752920540594,0.0028955025258333438,0.009216265752911568,294.6752920540594,0.0025,50.23489519268496,0.08481903556952855,0.08519528806209564,0.09465259537100792,0.12181591987609863,1.4943998340032139,1.2484222320331302,3.099302129572641,,,,,,,,,,,,,,,,,,1,update_snr,bayesian,0.1,20,101770,10177,0.1,0.11927065281160257,0.06375026627209887,0.060612543301827894,0.11927017703811219,0.06375026627209887,0.060612543301827894,0.11927017703811219,0.13356221933192794,0.13061787607591704,0.14969723919306072,0.05599338259878454,0.05399570617090952,0.10453682955306204,0.13356221933192794,0.13061787607591704,0.14969723919306072,0.05599338259878454,0.05399570617090952,0.10453682955306204,1.0795642854835705,1.693589506299111,0.5375222807866823,0.8432495464913595,0.5375222807866823,814160,203540,81416,122124,0.75,,,,,,,,,0.00792759581912877,1
bayesfl_observability_v1,vi_sparse_bayesian_keep010_seed42,92,vi,26,2,1,,5,256,111.18261318206787,0.00292932684533298,296.30490987623415,296.30490987623415,,,2.0124035724721443,0.012538079172372818,0.9991968603285549,2.0124035724721443,,-0.0,2.3277319754160017,111.18261318206787,296.30490987623415,296.30490987623415,0.002911515278335798,0.00292932684533298,296.30490987623415,0.0025,50.22138757110666,0.08482093071284821,0.08518485352396965,0.09466560930013657,0.12233524769544601,1.4937789787037372,1.2486094314405463,3.098834985142002,,,,,,,,,,,,,,,,,,1,update_snr,bayesian,0.1,20,101770,10177,0.1,0.11957293150609881,0.06398587830091752,0.0609504673644889,0.11957091498791031,0.06398587830091752,0.0609504673644889,0.11957091498791031,0.13379964402174924,0.13079412700682855,0.1500016832173776,0.05622879322082511,0.05430439826383351,0.10470414323160776,0.13379964402174924,0.13079412700682855,0.1500016832173776,0.05622879322082511,0.05430439826383351,0.10470414323160776,1.0796299423155524,1.6982836412550082,0.5364877885747724,0.8439080830932663,0.5364877885747724,814160,203540,81416,122124,0.75,,,,,,,,,0.007931902613516527,1
bayesfl_observability_v1,vi_sparse_bayesian_keep010_seed42,92,vi,27,2,1,,5,256,107.55062630176545,0.3737808167934418,297.1520914767476,297.1520914767476,,,2.01583327573648,0.01254434883594513,0.9991942288948514,2.01583327573648,,-0.0,2.3163460082440825,107.55062630176545,297.1520914767476,297.1520914767476,0.0029198397511717364,0.3737808167934418,297.1520914767476,0.0025,50.22505367825108,0.0848204980589068,0.08519373089075089,0.09466671943664551,0.12163956463336945,1.4943093128274982,1.250512127037444,3.099668685730604,,,,,,,,,,,,,,,,,,1,update_snr,bayesian,0.1,20,101770,10177,0.1,0.1197542538736069,0.06409361069148914,0.061088578837777685,0.1197534767461464,0.06409361069148914,0.061088578837777685,0.1197534767461464,0.13370415254622597,0.13081651950329928,0.14960608823693158,0.05635910604096283,0.05447159706821267,0.10485185878044344,0.13370415254622597,0.13081651950329928,0.14960608823693158,0.05635910604096283,0.05447159706821267,0.10485185878044344,1.0780743641729904,1.7033318704467053,0.5348033377309531,0.8449765617766166,0.5348033377309531,814160,203540,81416,122124,0.75,,,,,,,,,0.007929803257192211,1
bayesfl_observability_v1,vi_sparse_bayesian_keep010_seed42,92,vi,150,12,1,,5,256,106.65082149505615,0.002255040919408202,296.88484417598534,296.88484417598534,,,2.0157824148398125,0.012538880109786987,0.9991944680197341,2.0157824148398125,,-0.0,2.3155014849272724,106.65082149505615,296.88484417598534,296.88484417598534,0.0029172137582390224,0.002255040919408202,296.88484417598534,0.0025,50.231305852892135,0.08482362896316006,0.08519765362143517,0.09466636702418328,0.12159876525402069,1.494257292508535,1.2495233024991697,3.098880963405923,,,,,,,,,,,,,,,,,,1,update_snr,bayesian,0.1,20,101770,10177,0.1,0.11954907855130023,0.06404885030596585,0.06118453342809169,0.11954852387742966,0.06404885030596585,0.06118453342809169,0.11954852387742966,0.13361242553290567,0.13071349700232962,0.14968849122054934,0.056319564169639215,0.05447131115604761,0.10483726510627131,0.13361242553290567,0.13071349700232962,0.14968849122054934,0.056319564169639215,0.05447131115604761,0.10483726510627131,1.0784753510852487,1.7030178099711633,0.5350157552450677,0.8448420808882274,0.5350157552450677,814160,203540,81416,122124,0.75,,,,,,,,,0.00792914558442978,1
bayesfl_observability_v1,vi_sparse_bayesian_keep010_seed42,92,vi,219,17,1,,5,256,116.74684249162674,0.009143976494669914,294.59444152076367,294.59444152076367,,,2.0080212144798244,0.012529931962490082,0.9992009369232442,2.0080212144798244,,-0.0,2.259365973874069,116.74684249162674,294.59444152076367,294.59444152076367,0.0028947080821535194,0.009143976494669914,294.59444152076367,0.0025,50.23929577880137,0.0848203706753559,0.08519412204623222,0.09465504288673401,0.12133841961622238,1.4946871864295106,1.2488311610409286,3.094993464574659,,,,,,,,,,,,,,,,,,1,update_snr,bayesian,0.1,20,101770,10177,0.1,0.11953714302796345,0.06367932912813638,0.06040365981926193,0.11953691997138408,0.06367932912813638,0.06040365981926193,0.11953691997138408,0.1335830267429179,0.13064506713394497,0.149604509794114,0.0559122516153829,0.05380474904267916,0.10468256715089919,0.1335830267429179,0.13064506713394497,0.149604509794114,0.0559122516153829,0.05380474904267916,0.10468256715089919,1.0780293586062861,1.694107995313153,0.5368615385298847,0.8436703671738895,0.5368615385298847,814160,203540,81416,122124,0.75,,,,,,,,,0.007929251756142454,1
bayesfl_observability_v1,vi_sparse_bayesian_keep010_seed42,92,vi,224,17,73,,5,256,203.80888843536377,0.30128816055924923,4.110882360865275,4.110882360865275,,,2.0258057616308798,0.012550652027130127,0.9991863707674319,2.0258057616308798,,0.6276116833595444,1.622881584788002,203.80888843536377,300.09441234316506,4.110882360865275,0.002948751226718729,0.30128816055924923,4.110882360865275,0.0025,50.22938822258695,0.08482016797779737,0.08519473671913147,0.0946744628250599,0.12231515347957611,1.4940175542167329,1.2509494472424105,3.096529056757069,,,,,,,,,,,,,,,,,,1,update_snr,bayesian,0.1,20,101770,10177,0.1,0.12048469916459739,0.06436423922967785,0.061305279881813494,0.12048072267891123,0.06436423922967785,0.061305279881813494,0.12048072267891123,0.13449465649607298,0.1314345971639692,0.15060035070067526,0.05657197064452284,0.05453011933254838,0.10546777199668618,0.13449465649607298,0.1314345971639692,0.15060035070067526,0.05657197064452284,0.05453011933254838,0.10546777199668618,1.0829884397889178,1.7120236631368262,0.5345963864359115,0.8451075100894951,0.5345963864359115,814160,203540,81416,122124,0.75,,,,,,,,,0.007933457931669169,73
bayesfl_observability_v1,vi_sparse_bayesian_keep010_seed42,92,vi,7,0,80,,5,256,184.3481698989868,0.15594093799591063,3.7210152921198434,3.7210152921198434,,,2.0173848747740886,0.01254688948392868,0.9991929706100849,2.0173848747740886,,-0.0,2.4040642619438994,184.3481698989868,297.6812233695875,3.7210152921198434,0.002925039042641127,0.15594093799591063,3.7210152921198434,0.0025,50.22449524509294,0.08481783159487144,0.08519593626260757,0.09466437771916389,0.12190968543291092,1.4939798081417717,1.2488648319805393,3.0989612608108765,,,,,,,,,,,,,,,,,,1,update_snr,bayesian,0.1,20,101770,10177,0.1,0.11998000599402407,0.06409064552597817,0.06091334064233557,0.11997979127556835,0.06409064552597817,0.06091334064233557,0.11997979127556835,0.13401796080453807,0.13103003018487672,0.15036147386794776,0.056320943828360406,0.054368900263842494,0.105146142075966,0.13401796080453807,0.13103003018487672,0.15036147386794776,0.056320943828360406,0.054368900263842494,0.105146142075966,1.0807686904307687,1.703461408647648,0.5357275668837339,0.8443908893876314,0.5357275668837339,814160,203540,81416,122124,0.75,,,,,,,,,0.007930359050294931,80
bayesfl_observability_v1,vi_sparse_bayesian_keep010_seed42,92,vi,192,15,1,,5,256,99.95077557563782,0.004135153256356716,296.6928975969248,296.6928975969248,,,2.0156641119170473,0.012547662481665611,0.9991946425452585,2.0156641119170473,,-0.0,2.259365973874069,99.95077557563782,296.6928975969248,296.6928975969248,0.0029153276761022385,0.004135153256356716,296.6928975969248,0.0025,50.233695705405616,0.08481822394755573,0.08519786596298218,0.09464618489146233,0.12180429697036743,1.4945658830199096,1.251829273403868,3.0982443991500883,,,,,,,,,,,,,,,,,,1,update_snr,bayesian,0.1,20,101770,10177,0.1,0.119552081776789,0.06408203561167287,0.0610625096877916,0.11955171573952172,0.06408203561167287,0.0610625096877916,0.11955171573952172,0.1335786383538149,0.13083060389615458,0.14951262156770032,0.056360190862546,0.05450174921208865,0.10487161816213153,0.1335786383538149,0.13083060389615458,0.14951262156770032,0.056360190862546,0.05450174921208865,0.10487161816213153,1.0784144959102768,1.7029163182848783,0.5350169651453605,0.8448413146897166,0.5350169651453605,814160,203540,81416,122124,0.75,,,,,,,,,0.00793225730442375,1
bayesfl_observability_v1,vi_sparse_bayesian_keep010_seed42,92,vi,145,11,1,,5,256,106.26629719734191,0.5940803289413452,296.8801312919303,296.8801312919303,,,2.0147314290961686,0.012527987360954285,0.999195484965385,2.0147314290961686,,-0.0,2.3096097079310103,106.26629719734191,296.8801312919303,296.8801312919303,0.0029171674490707507,0.5940803289413452,296.8801312919303,0.0025,50.23650796084496,0.08481940371646468,0.08519821986556053,0.09462440535426139,0.12157617509365082,1.494265349108045,1.2484545561192353,3.100533523454736,,,,,,,,,,,,,,,,,,1,update_snr,bayesian,0.1,20,101770,10177,0.1,0.11952456378738215,0.06403270796215269,0.0609880553534113,0.1195240941934891,0.06403270796215269,0.0609880553534113,0.1195240941934891,0.13366724125805293,0.1306517012750342,0.14988695727689633,0.056295537595941574,0.05437096563305975,0.10493606403382849,0.13366724125805293,0.1306517012750342,0.14988695727689633,0.056295537595941574,0.05437096563305975,0.10493606403382849,1.0769008009019603,1.702770506088419,0.5345133278558474,0.84516004540233,0.5345133278558474,814160,203540,81416,122124,0.75,,,,,,,,,0.007926178808677535,1
bayesfl_observability_v1,vi_sparse_bayesian_keep010_seed42,93,vi,4,0,3,,5,256,109.74580805301666,0.48047057787577313,98.04797307056799,98.04797307056799,,,2.010913763588306,0.012536153197288513,0.9992021966208589,2.010913763588306,,0.6365141682948128,1.6763487837974358,109.74580805301666,294.143919211704,98.04797307056799,0.002890281214618296,0.48047057787577313,98.04797307056799,0.0025,50.35202048873549,0.08502756369082295,0.08540269359946251,0.094863660633564,0.12123964726924896,1.493972297848478,1.2503801019959278,3.1038391130602623,,,,,,,,,,,,,,,,,,1,update_snr,bayesian,0.1,20,101770,10177,0.1,0.11902232064437727,0.0637538532896805,0.06069855294154963,0.1190195748614464,0.0637538532896805,0.06069855294154963,0.1190195748614464,0.1331305058857318,0.13020493527000487,0.14901957811946556,0.05604533633456367,0.05417492842616785,0.10438245736211592,0.1331305058857318,0.13020493527000487,0.14901957811946556,0.05604533633456367,0.05417492842616785,0.10438245736211592,1.078102177793741,1.6974892809161657,0.5361255153328697,0.844138277658978,0.5361255153328697,814160,203540,81416,122124,0.75,,,,,,,,,0.007920391468096697,3
bayesfl_observability_v1,vi_sparse_bayesian_keep010_seed42,93,vi,252,20,1,,5,256,108.73189687728882,0.0,295.05446222781137,295.05446222781137,,,2.0138003777649716,0.01254473626613617,0.9992002369838847,2.0138003777649716,,-0.0,2.28098669344155,108.73189687728882,295.05446222781137,295.05446222781137,0.0028992282816921624,0.0,295.05446222781137,0.0025,50.36168686312547,0.08502765828376611,0.085395198315382,0.09484488815069199,0.12181241810321808,1.494560981558978,1.250700484952453,3.097617776558681,,,,,,,,,,,,,,,,,,1,update_snr,bayesian,0.1,20,101770,10177,0.1,0.11927991502337507,0.06387304461052146,0.0608238986380395,0.11927893134287684,0.06387304461052146,0.0608238986380395,0.11927893134287684,0.13321652303123382,0.1303467225195518,0.14885707609661677,0.05616821367488674,0.05422431626187139,0.10450110378370599,0.13321652303123382,0.1303467225195518,0.14885707609661677,0.05616821367488674,0.05422431626187139,0.10450110378370599,1.0774796711273245,1.7013023011192623,0.5350479039651248,0.8448217211119321,0.5350479039651248,814160,203540,81416,122124,0.75,,,,,,,,,0.007922902902576561,1
bayesfl_observability_v1,vi_sparse_bayesian_keep010_seed42,93,vi,254,20,1,,5,256,106.24200754165649,2.276871418871451e-05,294.49074765906306,294.49074765906306,,,2.011878337747532,0.012529950588941574,0.9992013047414443,2.011878337747532,,-0.0,2.28098669344155,106.24200754165649,294.49074765906306,294.49074765906306,0.002893689178137595,2.276871418871451e-05,294.49074765906306,0.0025,50.34805682216718,0.08502704208205927,0.08541009947657585,0.09488236233592033,0.12226811796426773,1.4936950121426726,1.2473958996417653,3.098125070954659,,,,,,,,,,,,,,,,,,1,update_snr,bayesian,0.1,20,101770,10177,0.1,0.11924285718221886,0.06378879544230602,0.06070497222487028,0.11924256489980638,0.06378879544230602,0.06070497222487028,0.11924256489980638,0.13318648293545612,0.13034111059527684,0.14887754579156,0.05607794127640047,0.05410241932283877,0.10443418078945348,0.13318648293545612,0.13034111059527684,0.14887754579156,0.05607794127640047,0.05410241932283877,0.10443418078945348,1.0773167058933575,1.6991301189434722,0.5354780583300602,0.8445491395099926,0.5354780583300602,814160,203540,81416,122124,0.75,,,,,,,,,0.007919337495121847,1
bayesfl_observability_v1,vi_sparse_bayesian_keep010_seed42,93,vi,117,9,1,,5,256,115.21278915405273,3.576278118089249e-07,293.76835196088155,293.76835196088155,,,2.0094529148499967,0.012546807527542114,0.9992032217666083,2.0094529148499967,,-0.0,2.3277319754160017,115.21278915405273,293.76835196088155,293.76835196088155,0.0028865908613626957,3.576278118089249e-07,293.76835196088155,0.0025,50.34778996068121,0.08502484788903848,0.08540759980678558,0.09484807699918747,0.12114308774471283,1.4938961033282578,1.2477466329039033,3.100034216779619,,,,,,,,,,,,,,,,,,1,update_snr,bayesian,0.1,20,101770,10177,0.1,0.11924192917734318,0.06376420465684433,0.06064170459744826,0.11924044591621222,0.06376420465684433,0.06064170459744826,0.11924044591621222,0.1330460465941342,0.1302275746786984,0.14895008902464035,0.05606622221936771,0.05415375990445274,0.10440777760382627,0.1330460465941342,0.1302275746786984,0.14895008902464035,0.05606622221936771,0.05415375990445274,0.10440777760382627,1.0766621425973444,1.6966731116207527,0.5357986418296922,0.8443457913754637,0.5357986418296922,814160,203540,81416,122124,0.75,,,,,,,,,0.007919943744969122,1
bayesfl_observability_v1,vi_sparse_bayesian_keep010_seed42,93,vi,120,9,935,,5,256,524.3711129665375,0.0267884146083485,0.8898395389356022,0.8898395389356022,,,3.3761914233498787,0.04080498218536377,0.9977571257428506,3.3761914233498787,,0.007653727565891914,2.2517606506762466,524.3711129665375,831.999968904788,0.8898395389356022,0.008175296933327976,0.0267884146083485,0.8898395389356022,0.0025,50.437019542155156,0.08533703243899664,0.08570738881826401,0.0953231506049633,0.1219128966331482,1.4916118199828778,1.2466773715698474,3.090948032467088,,,,,,,,,,,,,,,,,,1,update_snr,bayesian,0.1,20,101770,10177,0.1,0.2062175068184768,0.10087704283754552,0.08678254033033467,0.20620584354666882,0.10087704283754552,0.08678254033033467,0.20620584354666882,0.253671241935997,0.24257643217295863,0.3119504925169297,0.08389990960438425,0.07707417318254202,0.16609209369210262,0.253671241935997,0.24257643217295863,0.3119504925169297,0.08389990960438425,0.07707417318254202,0.16609209369210262,2.1552641988261994,2.5987506152686835,0.6383714453867466,0.7697284571294203,0.6383714453867466,814160,203540,81416,122124,0.75,,,,,,,,,0.008019171850730145,935
bayesfl_observability_v1,vi_sparse_bayesian_keep010_seed42,93,vi,287,23,1,,5,256,98.70130100250245,1.537788011773955e-05,294.5814478828302,294.5814478828302,,,2.01296497233285,0.01254032552242279,0.9992006176011266,2.01296497233285,,-0.0,2.259365973874069,98.70130100250245,294.5814478828302,294.5814478828302,0.002894580405648327,1.537788011773955e-05,294.5814478828302,0.0025,50.353544394534644,0.08502599435838387,0.08539952710270882,0.0948694184422493,0.12161405384540558,1.494416361529335,1.248550282870964,3.0988819557957803,,,,,,,,,,,,,,,,,,1,update_snr,bayesian,0.1,20,101770,10177,0.1,0.1192777248653682,0.0637773849683048,0.06089472033647607,0.11927750757978993,0.0637773849683048,0.06089472033647607,0.11927750757978993,0.1332829850788456,0.13038833486168416,0.1497968393739843,0.056054540511578065,0.05423237713287337,0.10453057546675619,0.1332829850788456,0.13038833486168416,0.1497968393739843,0.056054540511578065,0.05423237713287337,0.10453057546675619,1.0785242628635172,1.6996509624783849,0.5357888873811858,0.8443519812014605,0.5357888873811858,814160,203540,81416,122124,0.75,,,,,,,,,0.007919539246824717,1
bayesfl_observability_v1,vi_sparse_bayesian_keep010_seed42,93,vi,297,23,72,,5,256,216.3082359313965,0.2604941527048747,4.112808351559381,4.112808351559381,,,2.0182865213787484,0.012549743056297302,0.9991963734713465,2.0182865213787484,,-0.0,2.3096097079310103,216.3082359313965,296.1222013122754,4.112808351559381,0.0029097199696597764,0.2604941527048747,4.112808351559381,0.0025,50.353243866311914,0.08502568240337227,0.08539696410298347,0.094841218739748,0.12191703915596008,1.4940490711359926,1.249581691840505,3.0954100456777054,,,,,,,,,,,,,,,,,,1,update_snr,bayesian,0.1,20,101770,10177,0.1,0.11941617232749348,0.06406162551210857,0.06130025336268529,0.11941530335401689,0.06406162551210857,0.06130025336268529,0.11941530335401689,0.13327231432863584,0.1304125580311301,0.149164058742167,0.05637154897693887,0.05466153170993017,0.1045958400803766,0.13327231432863584,0.1304125580311301,0.149164058742167,0.05637154897693887,0.05466153170993017,0.1045958400803766,1.0784500670785362,1.7059970501725477,0.5343394288447294,0.8452700011131883,0.5343394288447294,814160,203540,81416,122124,0.75,,,,,,,,,0.007923990135297423,72
bayesfl_observability_v1,vi_sparse_bayesian_keep010_seed42,93,vi,192,15,1,,5,256,114.4206223487854,0.0014430596493184566,294.3464079498811,294.3464079498811,,,2.011353327520346,0.012512177228927612,0.9992018756999508,2.011353327520346,,-0.0,2.259365973874069,114.4206223487854,294.3464079498811,294.3464079498811,0.002892270884837193,0.0014430596493184566,294.3464079498811,0.0025,50.352877699161276,0.08502712680508794,0.08540385961532593,0.09486787617206574,0.12120170146226883,1.4941417699905553,1.2501376171684941,3.1011764289180435,,,,,,,,,,,,,,,,,,1,update_snr,bayesian,0.1,20,101770,10177,0.1,0.11922572820158424,0.06372494820159091,0.06060819692899888,0.11922515501127721,0.06372494820159091,0.06060819692899888,0.11922515501127721,0.13315042045645006,0.13029321866176524,0.14938673862318344,0.05601100683993992,0.053865208299047805,0.1045177471894796,0.13315042045645006,0.13029321866176524,0.14938673862318344,0.05601100683993992,0.053865208299047805,0.1045177471894796,1.0773463937659347,1.6984896102027551,0.5356325907661973,0.8444511399181672,0.5356325907661973,814160,203540,81416,122124,0.75,,,,,,,,,0.007919940537628234,1
bayesfl_observability_v1,vi_sparse_bayesian_keep010_seed42,93,vi,14,1,7,,5,256,124.18903827667236,0.45373586245945524,41.97592364130379,41.97592364130379,,,2.0092433701145875,0.012531876564025879,0.9992036147549255,2.0092433701145875,,0.410116318288409,1.9178355689619568,124.18903827667236,293.8314654891265,41.97592364130379,0.0028872110198400955,0.45373586245945524,41.97592364130379,0.0025,50.35482261375477,0.08502910896532484,0.08540036529302597,0.0948646977543831,0.12219405174255371,1.4943532174790963,1.2480127881039105,3.1009760191906257,,,,,,,,,,,,,,,,,,1,update_snr,bayesian,0.1,20,101770,10177,0.1,0.11905709560643642,0.06373192433699927,0.06066068800035622,0.11905690036345595,0.06373192433699927,0.06066068800035622,0.11905690036345595,0.13319481109799033,0.13026042165271315,0.14959468546252785,0.05601382580800026,0.054177290603137244,0.10417182200729126,0.13319481109799033,0.13026042165271315,0.14959468546252785,0.05601382580800026,0.054177290603137244,0.10417182200729126,1.0782739526326792,1.6954008975529435,0.5366567179819461,0.8438006678385876,0.5366567179819461,814160,203540,81416,122124,0.75,,,,,,,,,0.007922977459770948,7
bayesfl_observability_v1,vi_sparse_bayesian_keep010_seed42,93,vi,78,6,1,,5,256,107.43844423294067,2.264974000354414e-06,294.748087784448,294.748087784448,,,2.0124532972495173,0.012516163289546967,0.9992010133590362,2.0124532972495173,,-0.0,2.3155014849272724,107.43844423294067,294.748087784448,294.748087784448,0.0028962178223882087,2.264974000354414e-06,294.748087784448,0.0025,50.35321903787324,0.08502802021528398,0.0854165330529213,0.0948506586253643,0.1217077448964119,1.4942922327258692,1.2493468468874296,3.1013773526266584,,,,,,,,,,,,,,,,,,1,update_snr,bayesian,0.1,20,101770,10177,0.1,0.11925108572675605,0.06380436330358322,0.06056235114199393,0.11925060080959035,0.06380436330358322,0.06056235114199393,0.11925060080959035,0.13336096955838367,0.130462508402238,0.14942373938717401,0.05607585149749426,0.05404974285686346,0.10450750474536656,0.13336096955838367,0.130462508402238,0.14942373938717401,0.05607585149749426,0.05404974285686346,0.10450750474536656,1.07861412115244,1.6989878902632016,0.5359697651749811,0.8442371768752405,0.5359697651749811,814160,203540,81416,122124,0.75,,,,,,,,,0.00792332462923971,1
bayesfl_observability_v1,vi_sparse_bayesian_keep010_seed42,93,vi,39,3,5,,5,256,129.39661912918092,1.6280376434326171,58.600036675225816,58.600036675225816,,,2.0062885612292383,0.012528568506240845,0.9992060756071686,2.0062885612292383,,-0.0,2.4040642619438994,129.39661912918092,293.0001833761291,58.600036675225816,0.002879042776615202,1.6280376434326171,58.600036675225816,0.0025,50.35829713262022,0.08502553604126645,0.08541347458958626,0.09485037699341774,0.12230750918388367,1.494198372806486,1.2495286971413413,3.1013859584469765,,,,,,,,,,,,,,,,,,1,update_snr,bayesian,0.1,20,101770,10177,0.1,0.11909979468528036,0.06362360344070339,0.06044668656060671,0.11909862199776797,0.06362360344070339,0.06044668656060671,0.11909862199776797,0.13311448075890314,0.13006368957625994,0.14901652097574103,0.0559023948497923,0.054002587188535685,0.10413362384226467,0.13311448075890314,0.13006368957625994,0.14901652097574103,0.0559023948497923,0.054002587188535685,0.10413362384226467,1.077753207330298,1.6922298351608573,0.5371875353114541,0.8434628337431384,0.5371875353114541,814160,203540,81416,122124,0.75,,,,,,,,,0.007919810613360246,5
bayesfl_observability_v1,vi_sparse_bayesian_keep010_seed42,93,vi,43,3,1,,5,256,111.5888617515564,0.8806782960891724,294.49462324052786,294.49462324052786,,,2.0111226042631105,0.012542182579636574,0.9992020992037661,2.0111226042631105,,-0.0,2.311121424016332,111.5888617515564,294.49462324052786,294.49462324052786,0.002893727259904961,0.8806782960891724,294.49462324052786,0.0025,50.35409477128177,0.08502673245270939,0.0854106917977333,0.0948580838739872,0.12096033990383148,1.49427959272611,1.249958264658042,3.098777297846412,,,,,,,,,,,,,,,,,,1,update_snr,bayesian,0.1,20,101770,10177,0.1,0.11945447270865814,0.06372282293977176,0.06049093228592272,0.11945012087447111,0.06372282293977176,0.06049093228592272,0.11945012087447111,0.13340737287796317,0.13061370685765408,0.1491750287320134,0.05598009516886161,0.0538726366066613,0.10435200919793478,0.13340737287796317,0.13061370685765408,0.1491750287320134,0.05598009516886161,0.0538726366066613,0.10435200919793478,1.0777076241462211,1.6979871631538161,0.5358736567635074,0.8442981842849758,0.5358736567635074,814160,203540,81416,122124,0.75,,,,,,,,,0.007922818853468466,1
bayesfl_observability_v1,vi_sparse_bayesian_keep010_seed42,93,vi,46,3,2,,5,256,100.29525434970856,0.2126130312681198,147.69594180031405,147.69594180031405,,,2.015619069799925,0.012524351477622986,0.9991981933048436,2.015619069799925,,-0.0,2.4040642619438994,100.29525434970856,295.3918836006281,147.69594180031405,0.00290254381055938,0.2126130312681198,147.69594180031405,0.0025,50.343498192211065,0.08503064451135392,0.08541284129023552,0.0948409803211689,0.12149355560541153,1.4942258641213002,1.2493203461321891,3.09984374341047,,,,,,,,,,,,,,,,,,1,update_snr,bayesian,0.1,20,101770,10177,0.1,0.11957880038239602,0.06387734284790032,0.06084374912799399,0.11957824142876784,0.06387734284790032,0.06084374912799399,0.11957824142876784,0.1334083993470235,0.13065837353932344,0.14894983461583733,0.05615166990355334,0.05430307435892555,0.10446531134331259,0.1334083993470235,0.13065837353932344,0.14894983461583733,0.05615166990355334,0.05430307435892555,0.10446531134331259,1.0799736179798145,1.701874619062376,0.5358024411264452,0.8443433804341353,0.5358024411264452,814160,203540,81416,122124,0.75,,,,,,,,,0.0079217956322426,2
bayesfl_observability_v1,vi_sparse_bayesian_keep010_seed42,93,vi,144,11,1,,5,256,113.60486239790916,0.2403562068939209,293.98174727816144,293.98174727816144,,,2.0113837328630146,0.012545406818389893,0.9992020551521906,2.0113837328630146,,-0.0,2.185987945410232,113.60486239790916,293.98174727816144,293.98174727816144,0.002888687700483064,0.2403562068939209,293.98174727816144,0.0025,50.35885316786428,0.08502647025457409,0.08540387079119682,0.09484857469797135,0.12156811356544495,1.494410456646668,1.2501259963827174,3.1031564477573372,,,,,,,,,,,,,,,,,,1,update_snr,bayesian,0.1,20,101770,10177,0.1,0.11916797471061841,0.06366780848644081,0.06058944264400942,0.11916698489886,0.06366780848644081,0.06058944264400942,0.11916698489886,0.13320406614985422,0.1303685754544835,0.14946619872731365,0.055941557634950415,0.053903664997340124,0.10435291209184118,0.13320406614985422,0.1303685754544835,0.14946619872731365,0.055941557634950415,0.053903664997340124,0.10435291209184118,1.0788410705994036,1.6975766448717096,0.5363676025478118,0.8439844755308673,0.5363676025478118,814160,203540,81416,122124,0.75,,,,,,,,,0.007919374328960789,1
bayesfl_observability_v1,vi_sparse_bayesian_keep010_seed42,93,vi,68,5,1,,5,256,115.61993889808655,1.6195039749145508,292.98298498702565,292.98298498702565,,,2.0065622537109653,0.012536535039544106,0.999205468333767,2.0065622537109653,,-0.0,2.4040642619438994,115.61993889808655,292.98298498702565,292.98298498702565,0.0028788737838953095,1.6195039749145508,292.98298498702565,0.0025,50.34631629192973,0.08502960089856583,0.08540230989456177,0.09485357999801636,0.1223166212439537,1.49381274931051,1.2481885313878862,3.0950280024892725,,,,,,,,,,,,,,,,,,1,update_snr,bayesian,0.1,20,101770,10177,0.1,0.11901741688035952,0.06360796220447855,0.060389686700878575,0.11901727754019346,0.06360796220447855,0.060389686700878575,0.11901727754019346,0.13310408818935304,0.1302972793017592,0.1488254201489394,0.05588617042838138,0.05390140718293097,0.10398192839056287,0.13310408818935304,0.1302972793017592,0.1488254201489394,0.05588617042838138,0.05390140718293097,0.10398192839056287,1.0768146494681872,1.693151584681163,0.5366465194272994,0.8438071540266562,0.5366465194272994,814160,203540,81416,122124,0.75,,,,,,,,,0.007921194540879995,1
bayesfl_observability_v1,vi_sparse_bayesian_keep010_seed42,94,vi,252,20,1,,5,256,119.86832695007324,4.768370445162873e-07,292.21511921597306,292.21511921597306,,,2.008988000287966,0.012537777423858643,0.9992069840039386,2.008988000287966,,-0.0,2.28098669344155,119.86832695007324,292.21511921597306,292.21511921597306,0.0028713286746189746,4.768370445162873e-07,292.21511921597306,0.0025,50.455290783689605,0.08520332504515184,0.08559822291135788,0.09499421119689942,0.12170179933309555,1.4942253813230177,1.2474185637678747,3.104230860428896,,,,,,,,,,,,,,,,,,1,update_snr,bayesian,0.1,20,101770,10177,0.1,0.11906504023420082,0.06351060833211168,0.06042785289853729,0.11906445100849784,0.06351060833211168,0.06042785289853729,0.11906445100849784,0.13273367471908962,0.12997272953743172,0.14812189081681906,0.05581915651133635,0.05393734625518909,0.10411286953784943,0.13273367471908962,0.12997272953743172,0.14812189081681906,0.05581915651133635,0.05393734625518909,0.10411286953784943,1.0779153526375889,1.6953263042403446,0.5365464365556597,0.8438707966385754,0.5365464365556597,814160,203540,81416,122124,0.75,,,,,,,,,0.007903319370698535,1
bayesfl_observability_v1,vi_sparse_bayesian_keep010_seed42,94,vi,259,20,353,,5,256,346.7351649165154,0.019577247752852887,1.605064948108244,1.605064948108244,,,2.7962485022677375,0.024027511477470398,0.9984656914677196,2.7962485022677375,,-0.0,2.185987945410232,346.7351649165154,566.5879266822101,1.605064948108244,0.005567337394931808,0.019577247752852887,1.605064948108244,0.0025,50.49740777177791,0.08534592251470255,0.08572296425700188,0.09519386291503906,0.1227354109287262,1.4928640824954011,1.2471562101483937,3.0934784429417497,,,,,,,,,,,,,,,,,,1,update_snr,bayesian,0.1,20,101770,10177,0.1,0.1693682187009922,0.08589826625059407,0.07745625903925876,0.1693664550350684,0.08589826625059407,0.07745625903925876,0.1693664550350684,0.19992767833503786,0.19388685501090608,0.2346876626521827,0.07322833157454475,0.06918586099362153,0.14068324095466184,0.19992767833503786,0.19388685501090608,0.2346876626521827,0.07322833157454475,0.06918586099362153,0.14068324095466184,1.6676305931896338,2.2445520468664966,0.5963813988052912,0.8027012066510473,0.5963813988052912,814160,203540,81416,122124,0.75,,,,,,,,,0.007944052864539966,353
bayesfl_observability_v1,vi_sparse_bayesian_keep010_seed42,94,vi,166,13,9,,5,256,137.80837254524232,0.615422248840332,32.437380887491344,32.437380887491344,,,2.008645964063855,0.012528777122497559,0.9992069913946314,2.008645964063855,,-0.0,2.3277319754160017,137.80837254524232,291.9364279874221,32.437380887491344,0.002868590232754467,0.615422248840332,32.437380887491344,0.0025,50.44689372869955,0.08520423866847948,0.08559716492891312,0.09499504193663598,0.12188133597373962,1.4937001599346726,1.2472111281783875,3.0986959652064416,,,,,,,,,,,,,,,,,,1,update_snr,bayesian,0.1,20,101770,10177,0.1,0.11890178110456735,0.06342068471773181,0.06025541331885997,0.11890085360978318,0.06342068471773181,0.06025541331885997,0.11890085360978318,0.13268057093157642,0.12971353107819547,0.1483132870574041,0.055725141805082416,0.05377177357193754,0.10411948965266012,0.13268057093157642,0.12971353107819547,0.1483132870574041,0.055725141805082416,0.05377177357193754,0.10411948965266012,1.0775600674539771,1.6951468697368366,0.5364609227969063,0.8439251615587084,0.5364609227969063,814160,203540,81416,122124,0.75,,,,,,,,,0.007904646147009427,9
bayesfl_observability_v1,vi_sparse_bayesian_keep010_seed42,94,vi,284,22,369,,5,256,376.7173138141632,0.0384443264989672,1.5647205283413212,1.5647205283413212,,,2.8213809302798425,0.02423948049545288,0.9984371198110207,2.8213809302798425,,-0.0,2.3096097079310103,376.7173138141632,577.3818749579475,1.5647205283413212,0.005673399577065417,0.0384443264989672,1.5647205283413212,0.0025,50.48385093080858,0.08534968937052143,0.08574005961418152,0.09518079832196236,0.12075875699520111,1.4924918012127706,1.248699996438273,3.093827138127363,,,,,,,,,,,,,,,,,,1,update_snr,bayesian,0.1,20,101770,10177,0.1,0.1707346755643908,0.08692122379839547,0.07870748798351902,0.17073400643940503,0.08692122379839547,0.07870748798351902,0.17073400643940503,0.20078913021253417,0.19419002568473914,0.23626234497213208,0.07426923419682449,0.07017076641046655,0.1422353351802145,0.20078913021253417,0.19419002568473914,0.23626234497213208,0.07426923419682449,0.07017076641046655,0.1422353351802145,1.6702434556613956,2.273868323489083,0.5919950183741159,0.8059416220919683,0.5919950183741159,814160,203540,81416,122124,0.75,,,,,,,,,0.007941337751023006,369
bayesfl_observability_v1,vi_sparse_bayesian_keep010_seed42,94,vi,285,22,3,,5,256,110.57287917137145,2.9007475556378872e-06,97.48618981189486,97.48618981189486,,,2.008948988040398,0.012532658874988556,0.9992064516363861,2.008948988040398,,-0.0,2.259365973874069,110.57287917137145,292.4585694356846,97.48618981189486,0.0028737208355673043,2.9007475556378872e-06,97.48618981189486,0.0025,50.43597312136195,0.08520531713712909,0.08559967204928398,0.09500513747334481,0.12169025093317032,1.493321294490764,1.2469610602600518,3.102237253377127,,,,,,,,,,,,,,,,,,1,update_snr,bayesian,0.1,20,101770,10177,0.1,0.11910721373646281,0.06346442843815242,0.06019279673909968,0.11910609614526936,0.06346442843815242,0.06019279673909968,0.11910609614526936,0.13306563505034402,0.1301942136813707,0.1491884567112462,0.055730961036797796,0.053573118076805676,0.10403963059786593,0.13306563505034402,0.1301942136813707,0.1491884567112462,0.055730961036797796,0.053573118076805676,0.10403963059786593,1.0784235447478059,1.6949568415396659,0.5368098200441314,0.8437032755087467,0.5368098200441314,814160,203540,81416,122124,0.75,,,,,,,,,0.007905825846910412,3
bayesfl_observability_v1,vi_sparse_bayesian_keep010_seed42,94,vi,110,8,1,,5,256,118.03581008911132,4.493560314178467,292.92725585249866,292.92725585249866,,,2.011096828196622,0.012519657611846924,0.9992056074251789,2.011096828196622,,-0.0,2.3096097079310103,118.03581008911132,292.92725585249866,292.92725585249866,0.0028783261850496085,4.493560314178467,292.92725585249866,0.0025,50.4636670578105,0.08520349849488044,0.08560268953442574,0.09498430788516998,0.12107989192008972,1.4943314343976952,1.2480262593312839,3.1004067824056456,,,,,,,,,,,,,,,,,,1,update_snr,bayesian,0.1,20,101770,10177,0.1,0.11889685729019829,0.06357117521706965,0.06049109078790482,0.11889449661281065,0.06357117521706965,0.06049109078790482,0.11889449661281065,0.13275164964676014,0.12983266296622648,0.14887369918349316,0.055884455835992906,0.05397574318735745,0.1043672693497693,0.13275164964676014,0.12983266296622648,0.14887369918349316,0.055884455835992906,0.05397574318735745,0.1043672693497693,1.0774357042861946,1.6981291928212727,0.5357453152826788,0.8443796285751235,0.5357453152826788,814160,203540,81416,122124,0.75,,,,,,,,,0.007902246965997796,1
bayesfl_observability_v1,vi_sparse_bayesian_keep010_seed42,94,vi,53,4,1,,5,256,105.67582316398621,7.998623186722398e-05,293.1134209832894,293.1134209832894,,,2.011026369890865,0.012518197298049927,0.999205463074922,2.011026369890865,,-0.0,2.3155014849272724,105.67582316398621,293.1134209832894,293.1134209832894,0.0028801554582223586,7.998623186722398e-05,293.1134209832894,0.0025,50.45797395113265,0.08520701626912192,0.08559862151741982,0.09501120448112488,0.12170809507369995,1.4942672285082947,1.2487822641814383,3.1008197090936536,,,,,,,,,,,,,,,,,,1,update_snr,bayesian,0.1,20,101770,10177,0.1,0.11910672006113085,0.06359178216314008,0.0605217853793282,0.11910621451633903,0.06359178216314008,0.0605217853793282,0.11910621451633903,0.1329604835455829,0.13008375080509912,0.14899543892891404,0.055884148676202,0.053958148936845654,0.10443864794459104,0.1329604835455829,0.13008375080509912,0.14899543892891404,0.055884148676202,0.053958148936845654,0.10443864794459104,1.0782615616517788,1.6975214475996165,0.5361747502646096,0.8441070057633,0.5361747502646096,814160,203540,81416,122124,0.75,,,,,,,,,0.007903197202055377,1
bayesfl_observability_v1,vi_sparse_bayesian_keep010_seed42,94,vi,138,11,1,,5,256,122.60214450359345,0.0001597276859683916,291.2846248784863,291.2846248784863,,,2.0068739352802356,0.012541741132736206,0.9992086894374699,2.0068739352802356,,-0.0,2.3277319754160017,122.60214450359345,291.2846248784863,291.2846248784863,0.002862185564296809,0.0001597276859683916,291.2846248784863,0.0025,50.4563936584553,0.08520341339423466,0.08560064062476158,0.09500717893242837,0.12064128369092941,1.494265178687319,1.250488614731046,3.102253605245717,,,,,,,,,,,,,,,,,,1,update_snr,bayesian,0.1,20,101770,10177,0.1,0.11861012342552948,0.06338930854136463,0.06031573865312778,0.11860542751682375,0.06338930854136463,0.06031573865312778,0.11860542751682375,0.13247046768738904,0.12975806982478472,0.14823101390651378,0.055713624191806366,0.05397181995031617,0.10383214638565796,0.13247046768738904,0.12975806982478472,0.14823101390651378,0.055713624191806366,0.05397181995031617,0.10383214638565796,1.0781887984478071,1.692646421143192,0.5372478955920323,0.843424388242321,0.5372478955920323,814160,203540,81416,122124,0.75,,,,,,,,,0.007903306572936714,1
bayesfl_observability_v1,vi_sparse_bayesian_keep010_seed42,94,vi,205,16,1,,5,256,110.21605378389359,0.018167637288570404,291.8035065455724,291.8035065455724,,,2.0071766377891875,0.012538731098175049,0.9992079015437753,2.0071766377891875,,-0.0,2.3096097079310103,110.21605378389359,291.8035065455724,291.8035065455724,0.002867284136244202,0.018167637288570404,291.8035065455724,0.0025,50.43792239690169,0.08520636024813591,0.08559988811612129,0.09501573443412781,0.12176533788442612,1.4936421849787722,1.2461327465441983,3.098371091119247,,,,,,,,,,,,,,,,,,1,update_snr,bayesian,0.1,20,101770,10177,0.1,0.11868407838891135,0.06343450587623821,0.060429425335799446,0.11868172065067069,0.06343450587623821,0.060429425335799446,0.11868172065067069,0.13292506972787413,0.13007048357673953,0.14878805230976397,0.05571333211494535,0.053776455933441165,0.10378711207042879,0.13292506972787413,0.13007048357673953,0.14878805230976397,0.05571333211494535,0.053776455933441165,0.10378711207042879,1.077195800220256,1.693637287991308,0.5366721492966047,0.8437908533335517,0.5366721492966047,814160,203540,81416,122124,0.75,,,,,,,,,0.00790812158110582,1
bayesfl_observability_v1,vi_sparse_bayesian_keep010_seed42,94,vi,191,15,1,,5,256,100.91020748615264,0.000542493537068367,293.45518316419833,293.45518316419833,,,2.0130896683175803,0.01253826916217804,0.9992034956099227,2.0130896683175803,,-0.0,2.3096097079310103,100.91020748615264,293.45518316419833,293.45518316419833,0.002883513640210262,0.000542493537068367,293.45518316419833,0.0025,50.44749430458537,0.08520534592428516,0.08559919521212578,0.09499750211834908,0.12167609483003616,1.49353178221113,1.246976467735498,3.0975942266496608,,,,,,,,,,,,,,,,,,1,update_snr,bayesian,0.1,20,101770,10177,0.1,0.11889861920590394,0.06368481713844117,0.06072951095740855,0.11889819281985793,0.06368481713844117,0.06072951095740855,0.11889819281985793,0.1329340315137327,0.13012669082697514,0.1489739324558609,0.055990459985631,0.05424300464632519,0.10417551097486576,0.1329340315137327,0.13012669082697514,0.1489739324558609,0.055990459985631,0.05424300464632519,0.10417551097486576,1.078836114971448,1.699600732442858,0.535910611410109,0.8442747281412866,0.535910611410109,814160,203540,81416,122124,0.75,,,,,,,,,0.007905777897330131,1
bayesfl_observability_v1,vi_sparse_bayesian_keep010_seed42,94,vi,46,3,2,,5,256,118.33023238182068,0.10337035357952118,146.32824894636462,146.32824894636462,,,2.0105511336271946,0.012521009892225266,0.9992054777135779,2.0105511336271946,,-0.0,2.4040642619438994,118.33023238182068,292.65649789272925,146.32824894636462,0.0028756656961062125,0.10337035357952118,146.32824894636462,0.0025,50.446617323030495,0.08520859522794247,0.08559545129537582,0.09499879777431489,0.12079720199108124,1.4937482900303143,1.248562703481367,3.0977485269435627,,,,,,,,,,,,,,,,,,1,update_snr,bayesian,0.1,20,101770,10177,0.1,0.11879415383522576,0.06356393663517652,0.06050106211035683,0.11879239797721763,0.06356393663517652,0.06050106211035683,0.11879239797721763,0.13270135954255452,0.12978874220413075,0.14905431665594768,0.05588200075657898,0.054027557051371064,0.10411212066722439,0.13270135954255452,0.12978874220413075,0.14905431665594768,0.05588200075657898,0.054027557051371064,0.10411212066722439,1.0780105453695552,1.6971178877737503,0.5361766370123291,0.8441058073027042,0.5361766370123291,814160,203540,81416,122124,0.75,,,,,,,,,0.007904896312559511,2
bayesfl_observability_v1,vi_sparse_bayesian_keep010_seed42,94,vi,47,3,1,,5,256,109.83648691177368,2.993198871612549,293.3248600273756,293.3248600273756,,,2.0114370145086324,0.01255100965499878,0.9992049603225418,2.0114370145086324,,-0.0,2.3292713582565514,109.83648691177368,293.3248600273756,293.3248600273756,0.00288223307484893,2.993198871612549,293.3248600273756,0.0025,50.4525735725716,0.08520509997572923,0.08559351041913033,0.09496926814317704,0.12166719138622284,1.4938813192962896,1.2477026225340928,3.101493235858514,,,,,,,,,,,,,,,,,,1,update_snr,bayesian,0.1,20,101770,10177,0.1,0.11909931305705436,0.06357369176085356,0.06036879993712213,0.11909502761906184,0.06357369176085356,0.06036879993712213,0.11909502761906184,0.13323695743838873,0.13016209522056862,0.14946470306824244,0.0558333289077941,0.05382537786518171,0.10427953203490328,0.13323695743838873,0.13016209522056862,0.14946470306824244,0.0558333289077941,0.05382537786518171,0.10427953203490328,1.07829756467439,1.6979850486245986,0.5360831867448774,0.8441651597225848,0.5360831867448774,814160,203540,81416,122124,0.75,,,,,,,,,0.00790282856609536,1
bayesfl_observability_v1,vi_sparse_bayesian_keep010_seed42,94,vi,289,23,4615,,5,256,857.4083160011392,0.1272571552887898,0.18309465982868456,0.18309465982868456,,,3.3400082733318293,0.06700414419174194,0.9978121589081921,3.3400082733318293,,0.8496433488150035,1.4144019597737127,857.4083160011392,844.9818551093792,0.18309465982868456,0.008302857965111323,0.1272571552887898,0.18309465982868456,0.0025,50.51987181955129,0.08574444110625805,0.08605803921818733,0.09595286846160889,0.1264033317565918,1.4870065551665372,1.2441521012572347,3.085374808430261,,,,,,,,,,,,,,,,,,1,update_snr,bayesian,0.1,20,101770,10177,0.1,0.20179166237448232,0.0975142271337499,0.08197808648272509,0.20178967343656276,0.0975142271337499,0.08197808648272509,0.20178967343656276,0.2548304137713469,0.2409797952188147,0.3196603192677197,0.08003465084068359,0.07255642303343449,0.1601512324602947,0.2548304137713469,0.2409797952188147,0.3196603192677197,0.08003465084068359,0.07255642303343449,0.1601512324602947,2.2093399845599215,2.5048896379980206,0.6614773987838035,0.7499650997867933,0.6614773987838035,814160,203540,81416,122124,0.75,,,,,,,,,0.008179344203909897,4615
bayesfl_observability_v1,vi_sparse_bayesian_keep010_seed42,94,vi,66,5,62,,5,256,204.96583409309386,0.32063167325911984,4.770170867091542,4.770170867091542,,,2.0215773508991295,0.012510880827903748,0.9991971205932885,2.0215773508991295,,0.5614271145662422,1.826949466466651,204.96583409309386,295.7505937596756,4.770170867091542,0.0029060685247093996,0.32063167325911984,4.770170867091542,0.0025,50.4585871474445,0.08520615156024322,0.08558543771505356,0.09499836117029191,0.1217697262763977,1.4940687688945673,1.247937468253217,3.098543118423709,,,,,,,,,,,,,,,,,,1,update_snr,bayesian,0.1,20,101770,10177,0.1,0.11909187191788101,0.06399385883855467,0.06114185066874682,0.11909083856419564,0.06399385883855467,0.06114185066874682,0.11909083856419564,0.13319792111457182,0.13040829524912523,0.14910770464981263,0.05630451858566389,0.054572003602749886,0.10467298023035423,0.13319792111457182,0.13040829524912523,0.14910770464981263,0.05630451858566389,0.054572003602749886,0.10467298023035423,1.0792974270507603,1.7093542785595837,0.5338887609572421,0.8455547237899754,0.5338887609572421,814160,203540,81416,122124,0.75,,,,,,,,,0.00790302424422689,62
bayesfl_observability_v1,vi_sparse_bayesian_keep010_seed42,94,vi,132,10,1,,5,256,105.19860968589782,2.82657527923584,294.6794264195869,294.6794264195869,,,2.01681658743994,0.012544989585876465,0.9992006976704738,2.01681658743994,,-0.0,2.311121424016332,105.19860968589782,294.6794264195869,294.6794264195869,0.002895543150433201,2.82657527923584,294.6794264195869,0.0025,50.452494394859364,0.0852069120851577,0.08558371663093567,0.09499264881014824,0.12176169455051422,1.493807333409511,1.246823853970625,3.099876477821746,,,,,,,,,,,,,,,,,,1,update_snr,bayesian,0.1,20,101770,10177,0.1,0.1191608228346482,0.06388000341983299,0.060968455513671554,0.11915854065870107,0.06388000341983299,0.060968455513671554,0.11915854065870107,0.1329974881660681,0.130221991783149,0.14916656597080083,0.056200282892473544,0.054283889760011514,0.10440661324742488,0.1329974881660681,0.130221991783149,0.14916656597080083,0.056200282892473544,0.054283889760011514,0.10440661324742488,1.078023528339054,1.7045276236307543,0.5345173849980333,0.8451574794882106,0.5345173849980333,814160,203540,81416,122124,0.75,,,,,,,,,0.007902751922463305,1
bayesfl_observability_v1,vi_sparse_bayesian_keep010_seed42,95,vi,224,17,73,,5,256,207.93120727539062,0.2776064938061858,4.012577919328453,4.012577919328453,,,2.016399551776216,0.012526050209999084,0.9992050203382301,2.016399551776216,,0.6276116833595444,1.622881584788002,207.93120727539062,292.91818811097704,4.012577919328453,0.0028782370847103963,0.2776064938061858,4.012577919328453,0.0025,50.57887787935849,0.08542924841260634,0.0858309380710125,0.09521010965108871,0.12177910655736923,1.4932121889478593,1.2463435742635578,3.0964518373375616,,,,,,,,,,,,,,,,,,1,update_snr,bayesian,0.1,20,101770,10177,0.1,0.11874738362755001,0.0636456433121706,0.060695743648514544,0.1187458488441801,0.0636456433121706,0.060695743648514544,0.1187458488441801,0.13279078813487327,0.13003536372779947,0.14878329585358793,0.05596284944298142,0.054029548197257346,0.1042928899543538,0.13279078813487327,0.13003536372779947,0.14878329585358793,0.05596284944298142,0.054029548197257346,0.1042928899543538,1.0779555682815334,1.7040771535391712,0.5345942312534133,0.8451088734066,0.5345942312534133,814160,203540,81416,122124,0.75,,,,,,,,,0.007908507411054226,73
bayesfl_observability_v1,vi_sparse_bayesian_keep010_seed42,95,vi,294,23,1,,5,256,111.91141204833984,0.0,290.8688238518061,290.8688238518061,,,2.00866879665343,0.012537345290184021,0.9992106861519326,2.00866879665343,,-0.0,2.3096097079310103,111.91141204833984,290.8688238518061,290.8688238518061,0.0028580998708048156,0.0,290.8688238518061,0.0025,50.56485513421897,0.08542819524452366,0.0858173631131649,0.09520062655210496,0.12217023223638535,1.4929720829786168,1.2474307065453722,3.094205900859843,,,,,,,,,,,,,,,,,,1,update_snr,bayesian,0.1,20,101770,10177,0.1,0.11851263026772489,0.0633636404959111,0.060266096300278585,0.11851227833133214,0.0633636404959111,0.060266096300278585,0.11851227833133214,0.1325537110552004,0.12963116065208363,0.14847375173886068,0.05567585487821227,0.05373348722949779,0.10360933509433957,0.1325537110552004,0.12963116065208363,0.14847375173886068,0.05567585487821227,0.05373348722949779,0.10360933509433957,1.0782615836862046,1.6947277928315385,0.536804069183858,0.843706934490675,0.536804069183858,814160,203540,81416,122124,0.75,,,,,,,,,0.007910881293922456,1
bayesfl_observability_v1,vi_sparse_bayesian_keep010_seed42,95,vi,298,23,35,,5,256,115.76976079940796,0.025094376291547503,8.339016931901572,8.339016931901572,,,2.0118692835865293,0.012542493641376495,0.9992086997963647,2.0118692835865293,,-0.0,2.3096097079310103,115.76976079940796,291.86559261655503,8.339016931901572,0.0028678941988459767,0.025094376291547503,8.339016931901572,0.0025,50.582153440895695,0.08543405466640441,0.08584510535001755,0.09522927105426789,0.12163494527339935,1.4933940067124467,1.2465552762346008,3.098706586660638,,,,,,,,,,,,,,,,,,1,update_snr,bayesian,0.1,20,101770,10177,0.1,0.11871174496162551,0.06341568063012853,0.06053091020185601,0.11871019343667817,0.06341568063012853,0.06053091020185601,0.11871019343667817,0.13263095908723765,0.129871350991774,0.1483827392094464,0.0557250941348942,0.053805924724141904,0.10391795929838232,0.13263095908723765,0.129871350991774,0.1483827392094464,0.0557250941348942,0.053805924724141904,0.10391795929838232,1.078985573301266,1.6980601128483985,0.5363099790349076,0.8440210935679142,0.5363099790349076,814160,203540,81416,122124,0.75,,,,,,,,,0.007910539807368446,35
bayesfl_observability_v1,vi_sparse_bayesian_keep010_seed42,95,vi,63,5,4,,5,256,121.92271842956544,0.9167726039886475,72.69560085225159,72.69560085225159,,,2.009496726814578,0.012527979910373688,0.999210260163999,2.009496726814578,,-0.0,2.3163460082440825,121.92271842956544,290.78240340900635,72.69560085225159,0.0028572506967574564,0.9167726039886475,72.69560085225159,0.0025,50.57265673195812,0.08543298170113271,0.08582795038819313,0.09524106234312057,0.12224600464105606,1.4929687738602224,1.2485839815270579,3.0994575011423624,,,,,,,,,,,,,,,,,,1,update_snr,bayesian,0.1,20,101770,10177,0.1,0.11844671576582294,0.06338872636480102,0.06035352564743071,0.11844614559372078,0.06338872636480102,0.06035352564743071,0.11844614559372078,0.13230926998238077,0.12954673417242735,0.14785543819955152,0.055730888185069945,0.05377762104048985,0.10381834546561762,0.13230926998238077,0.12954673417242735,0.14785543819955152,0.055730888185069945,0.05377762104048985,0.10381834546561762,1.0778206351892914,1.6959893199659772,0.5363634689257919,0.84398710250921,0.5363634689257919,814160,203540,81416,122124,0.75,,,,,,,,,0.007909298594682548,4
bayesfl_observability_v1,vi_sparse_bayesian_keep010_seed42,95,vi,53,4,1,,5,256,121.1725938796997,0.010007091797888279,291.17718851725715,291.17718851725715,,,2.0099057101358797,0.012537717819213867,0.9992100178829666,2.0099057101358797,,-0.0,2.3155014849272724,121.1725938796997,291.17718851725715,291.17718851725715,0.0028611298861870604,0.010007091797888279,291.17718851725715,0.0025,50.57522687624316,0.08542727795831725,0.08581295609474182,0.09521111100912094,0.12152543663978577,1.4932565800594761,1.2483564039793507,3.0976143932938713,,,,,,,,,,,,,,,,,,1,update_snr,bayesian,0.1,20,101770,10177,0.1,0.11858981786772575,0.0634349030648847,0.060318292090127394,0.11858968028277772,0.0634349030648847,0.060318292090127394,0.11858968028277772,0.13248967193641575,0.12987914643889908,0.14799810673616912,0.0557621509680479,0.05378613211781071,0.10375818655341953,0.13248967193641575,0.12987914643889908,0.14799810673616912,0.0557621509680479,0.05378613211781071,0.10375818655341953,1.0763306666331913,1.6974195885819654,0.5355130149664712,0.844526974584898,0.5355130149664712,814160,203540,81416,122124,0.75,,,,,,,,,0.007909404725369586,1
bayesfl_observability_v1,vi_sparse_bayesian_keep010_seed42,95,vi,1,0,3,,5,256,112.93779973983764,0.026670488218466442,96.88614911795044,96.88614911795044,,,2.008661913530678,0.012533798813819885,0.9992109722785287,2.008661913530678,,-0.0,2.3277319754160017,112.93779973983764,290.65844735385133,96.88614911795044,0.002856032694839848,0.026670488218466442,96.88614911795044,0.0025,50.57447598317075,0.08543123820494801,0.08581514656543732,0.0952248714864254,0.12097015231847763,1.4935907733012996,1.2482674139149403,3.0972444293801877,,,,,,,,,,,,,,,,,,1,update_snr,bayesian,0.1,20,101770,10177,0.1,0.11850805488812681,0.0632956858329554,0.06013659682070063,0.11850745280101468,0.0632956858329554,0.06013659682070063,0.11850745280101468,0.13248032046677533,0.1296213179588733,0.14872082360946448,0.05560850420697543,0.053608187846842625,0.1039248693860501,0.13248032046677533,0.1296213179588733,0.14872082360946448,0.05560850420697543,0.053608187846842625,0.1039248693860501,1.0799089523673355,1.6936703745019606,0.5376260410439859,0.8431833964158516,0.5376260410439859,814160,203540,81416,122124,0.75,,,,,,,,,0.00791106563968443,3
bayesfl_observability_v1,vi_sparse_bayesian_keep010_seed42,95,vi,233,18,90,,5,256,115.44164977073669,0.02957721021440294,3.247481490145274,3.247481490145274,,,2.0144568900399427,0.012532994151115417,0.9992064593205048,2.0144568900399427,,-0.0,2.3096097079310103,115.44164977073669,292.27333411307467,3.247481490145274,0.0028719006987626477,0.02957721021440294,3.247481490145274,0.0025,50.576004232027394,0.08543215336744246,0.08582118526101112,0.09522757232189179,0.12133710831403732,1.493285002782995,1.248586022286394,3.1001451067446992,,,,,,,,,,,,,,,,,,1,update_snr,bayesian,0.1,20,101770,10177,0.1,0.11894476675861632,0.0635149443700513,0.0604912217811334,0.11894213016688591,0.0635149443700513,0.0604912217811334,0.11894213016688591,0.1327426429091447,0.12998173062857815,0.14847986156269924,0.05582297786570759,0.0537751649884492,0.10392955905725729,0.1327426429091447,0.12998173062857815,0.14847986156269924,0.05582297786570759,0.0537751649884492,0.10392955905725729,1.0790466541523613,1.7010863822839786,0.5356514003786728,0.8444392087488402,0.5356514003786728,814160,203540,81416,122124,0.75,,,,,,,,,0.00791085952350166,90
bayesfl_observability_v1,vi_sparse_bayesian_keep010_seed42,95,vi,49,3,3,,5,256,113.96446266174317,0.8573351701100668,97.38444251945508,97.38444251945508,,,2.01455376083696,0.012501493096351624,0.9992064553364146,2.01455376083696,,-0.0,2.3277319754160017,113.96446266174317,292.1533275583652,97.38444251945508,0.0028707215049461063,0.8573351701100668,97.38444251945508,0.0025,50.57825305110705,0.08542935709422624,0.08581884205341339,0.09520483240485192,0.12146060168743134,1.49329041330973,1.2479671364708913,3.09691728848539,,,,,,,,,,,,,,,,,,1,update_snr,bayesian,0.1,20,101770,10177,0.1,0.11872273527113467,0.0635548926575613,0.06075013218532292,0.11872239409899346,0.0635548926575613,0.06075013218532292,0.11872239409899346,0.13270600474117367,0.1297852538489429,0.14873799152644734,0.05587143575938214,0.0542146603371251,0.10379676919333136,0.13270600474117367,0.1297852538489429,0.14873799152644734,0.05587143575938214,0.0542146603371251,0.10379676919333136,1.079816275785923,1.7007126935053318,0.5360076741448221,0.8442131089114044,0.5360076741448221,814160,203540,81416,122124,0.75,,,,,,,,,0.00790985556359696,3
bayesfl_observability_v1,vi_sparse_bayesian_keep010_seed42,95,vi,126,10,1,,5,256,97.48553109169006,0.9360724687576294,292.67279479152285,292.67279479152285,,,2.0164449249804255,0.012548431754112244,0.9992047798357745,2.0164449249804255,,-0.0,2.3277319754160017,97.48553109169006,292.67279479152285,292.67279479152285,0.0028758258307116326,0.9360724687576294,292.67279479152285,0.0025,50.5724060093452,0.08543091953584829,0.0858357772231102,0.09520454481244087,0.12199369072914124,1.4930683901275925,1.2481018274821727,3.0967300690643453,,,,,,,,,,,,,,,,,,1,update_snr,bayesian,0.1,20,101770,10177,0.1,0.11875575691425565,0.06362088614526985,0.06073213205608171,0.11875446820160693,0.06362088614526985,0.06073213205608171,0.11875446820160693,0.1326246152688844,0.1296956163267098,0.14827231486792292,0.0559538051315349,0.05410521901973632,0.10398462795148598,0.1326246152688844,0.1296956163267098,0.14827231486792292,0.0559538051315349,0.05410521901973632,0.10398462795148598,1.079608524395305,1.7030841346017844,0.5354019398302114,0.8445973968856685,0.5354019398302114,814160,203540,81416,122124,0.75,,,,,,,,,0.007909598617359756,1
bayesfl_observability_v1,vi_sparse_bayesian_keep010_seed42,95,vi,81,6,9,,5,256,122.08350822925567,0.012133610745271048,32.360357249292555,32.360357249292555,,,2.0111466312442996,0.012539926916360855,0.9992089936273033,2.0111466312442996,,-0.0,2.3155014849272724,122.08350822925567,291.243215243633,32.360357249292555,0.0028617786699777245,0.012133610745271048,32.360357249292555,0.0025,50.573679825391594,0.0854320317264465,0.08582939207553864,0.09522434398531915,0.1214885264635086,1.4932108164663374,1.2473884368660628,3.0950814408403433,,,,,,,,,,,,,,,,,,1,update_snr,bayesian,0.1,20,101770,10177,0.1,0.11865018958805469,0.06340333776995291,0.060037592315522664,0.11864846484696741,0.06340333776995291,0.060037592315522664,0.11864846484696741,0.13238006897084423,0.12968538663070095,0.1479373958545124,0.05573925652540943,0.053635600245776155,0.10392311791309071,0.13238006897084423,0.12968538663070095,0.1479373958545124,0.05573925652540943,0.053635600245776155,0.10392311791309071,1.0776762456311353,1.6980355361321735,0.5358516524299252,0.8443121499706843,0.5358516524299252,814160,203540,81416,122124,0.75,,,,,,,,,0.007910831202991374,9
bayesfl_observability_v1,vi_sparse_bayesian_keep010_seed42,95,vi,82,6,1,,5,256,104.59543642997741,0.0006937957368791103,291.8678908256689,291.8678908256689,,,2.013016525656885,0.012543450109660625,0.9992073465730628,2.013016525656885,,-0.0,2.3155014849272724,104.59543642997741,291.8678908256689,291.8678908256689,0.002867916781228937,0.0006937957368791103,291.8678908256689,0.0025,50.56778243712564,0.08543095306382703,0.08582489937543869,0.09521645531058312,0.12233034521341324,1.4925764820270742,1.2479153464752049,3.097071218914481,,,,,,,,,,,,,,,,,,1,update_snr,bayesian,0.1,20,101770,10177,0.1,0.1187148595042593,0.06351707885457755,0.06051937579559189,0.11871474083072339,0.06351707885457755,0.06051937579559189,0.11871474083072339,0.13255510845389218,0.129658004270555,0.14836489229900743,0.05584618667687593,0.053961057040526464,0.103876795708167,0.13255510845389218,0.129658004270555,0.14836489229900743,0.05584618667687593,0.053961057040526464,0.103876795708167,1.0784170116807903,1.69978006856334,0.5357218869968703,0.844394492990399,0.5357218869968703,814160,203540,81416,122124,0.75,,,,,,,,,0.007909089739016002,1
bayesfl_observability_v1,vi_sparse_bayesian_keep010_seed42,95,vi,101,8,1,,5,256,97.61187934875488,0.0027092916425317526,293.34534057952476,293.34534057952476,,,2.0182815094351914,0.012545734643936157,0.9992033709701188,2.0182815094351914,,-0.0,2.185987945410232,97.61187934875488,293.34534057952476,293.34534057952476,0.002882434318360271,0.0027092916425317526,293.34534057952476,0.0025,50.57373920146443,0.08543069310445318,0.08581552654504776,0.09523362144827843,0.12190979719161987,1.4928617011080263,1.2469895157768267,3.0961551436756176,,,,,,,,,,,,,,,,,,1,update_snr,bayesian,0.1,20,101770,10177,0.1,0.11870089845634887,0.06375256659760639,0.060766477072503,0.11869509112276659,0.06375256659760639,0.060766477072503,0.11869509112276659,0.1327051790038684,0.12972270608148964,0.14904182388456022,0.05609116521913283,0.05433722611114645,0.10420961797460308,0.1327051790038684,0.12972270608148964,0.14904182388456022,0.05609116521913283,0.05433722611114645,0.10420961797460308,1.0786948588359988,1.7058363499611504,0.5344620429772791,0.8451924778513789,0.5344620429772791,814160,203540,81416,122124,0.75,,,,,,,,,0.007911347577382594,1
bayesfl_observability_v1,vi_sparse_bayesian_keep010_seed42,95,vi,181,14,2031,,5,256,863.4781596839427,0.16177651495959358,0.46042050472525237,0.46042050472525237,,,3.576806961413834,0.05589538812637329,0.9975032500361312,3.576806961413834,,1.0649000763602765,1.25432875177699,863.4781596839427,935.1140450969875,0.46042050472525237,0.009188503931384371,0.16177651495959358,0.46042050472525237,0.0025,50.64786003922798,0.08588016172762093,0.08623301237821579,0.0959075815975666,0.12220801413059235,1.4883985120034287,1.2435025731614977,3.089293409795803,,,,,,,,,,,,,,,,,,1,update_snr,bayesian,0.1,20,101770,10177,0.1,0.21531505499873696,0.10482847932350281,0.08878055419524486,0.21530282438233722,0.10482847932350281,0.08878055419524486,0.21530282438233722,0.2721698600458654,0.2574242923200591,0.3431580467327339,0.08623499257657362,0.07867585601574933,0.17099741155322018,0.2721698600458654,0.2574242923200591,0.3431580467327339,0.08623499257657362,0.07867585601574933,0.17099741155322018,2.3500597842419113,2.6964359902855746,0.6570272898688901,0.7538667921904659,0.6570272898688901,814160,203540,81416,122124,0.75,,,,,,,,,0.008074587361642445,2031
bayesfl_observability_v1,vi_sparse_bayesian_keep010_seed42,95,vi,140,11,2,,5,256,116.79923093318939,0.15419599413871765,145.11295964914007,145.11295964914007,,,2.0076324022097185,0.01252669095993042,0.9992120117057017,2.0076324022097185,,-0.0,2.3277319754160017,116.79923093318939,290.22591929828013,145.11295964914007,0.00285178264025037,0.15419599413871765,145.11295964914007,0.0025,50.58158511925708,0.0854328182758283,0.08583832532167435,0.09521273896098137,0.12157013267278671,1.4935065562325947,1.247969980157241,3.0950356381817,,,,,,,,,,,,,,,,,,1,update_snr,bayesian,0.1,20,101770,10177,0.1,0.11845750415620156,0.063301326112314,0.060224126816340644,0.11845705360644974,0.063301326112314,0.060224126816340644,0.11845705360644974,0.13225681448103674,0.1294039263371588,0.14847782066000512,0.055639605182455885,0.053771572560164925,0.10369669359751237,0.13225681448103674,0.1294039263371588,0.14847782066000512,0.055639605182455885,0.053771572560164925,0.10369669359751237,1.077255875870109,1.694139203343601,0.5365802398309659,0.8438493030292455,0.5365802398309659,814160,203540,81416,122124,0.75,,,,,,,,,0.00791113737453039,2
bayesfl_observability_v1,vi_sparse_bayesian_keep010_seed42,95,vi,173,13,1,,5,256,113.17998974323272,1.4475935697555542,291.40086136325937,291.40086136325937,,,2.0113853063394473,0.012522339820861816,0.9992089495181248,2.0113853063394473,,-0.0,2.3292713582565514,113.17998974323272,291.40086136325937,291.40086136325937,0.0028633277131105373,1.4475935697555542,291.40086136325937,0.0025,50.57821765463957,0.08543110878403633,0.08582617715001106,0.09523380696773528,0.12162426859140396,1.4933100953420742,1.248225980840151,3.095698827215058,,,,,,,,,,,,,,,,,,1,update_snr,bayesian,0.1,20,101770,10177,0.1,0.1185070610398722,0.06349412561322898,0.06058301624941473,0.11850547243086011,0.06349412561322898,0.06058301624941473,0.11850547243086011,0.13234668673477729,0.1295535473143303,0.14816950279826943,0.05584384104416807,0.053922938865333774,0.10371251382074859,0.13234668673477729,0.1295535473143303,0.14816950279826943,0.05584384104416807,0.053922938865333774,0.10371251382074859,1.0762882362428976,1.6991981882886371,0.5350979908477367,0.8447899976862391,0.5350979908477367,814160,203540,81416,122124,0.75,,,,,,,,,0.007909877762628165,1
bayesfl_observability_v1,vi_sparse_bayesian_keep010_seed42,96,vi,19,1,279,,5,256,323.90101542472837,0.08923150903435163,1.9730145348943973,1.9730145348943973,,,2.767148163404001,0.024508073925971985,0.9985096576398607,2.767148163404001,,0.3705115655529096,1.9463369459516098,323.90101542472837,550.4710552355368,1.9730145348943973,0.005408971752338968,0.08923150903435163,1.9730145348943973,0.0025,50.70322279625221,0.0857721734871427,0.08618432655930519,0.09555851817131043,0.12259341031312943,1.491348598171491,1.2458335380176673,3.092973345403098,,,,,,,,,,,,,,,,,,1,update_snr,bayesian,0.1,20,101770,10177,0.1,0.16786120783982372,0.08428850824631165,0.07541485023840577,0.1678568993760195,0.08428850824631165,0.07541485023840577,0.1678568993760195,0.19842579524252252,0.1923195614840735,0.23407846207912064,0.0716065874689549,0.06695512548405406,0.1385633424624622,0.19842579524252252,0.1923195614840735,0.23407846207912064,0.0716065874689549,0.06695512548405406,0.1385633424624622,1.664464291980056,2.2105808238907465,0.6015089159275516,0.7988660864373107,0.6015089159275516,814160,203540,81416,122124,0.75,,,,,,,,,0.007934805565235258,279
bayesfl_observability_v1,vi_sparse_bayesian_keep010_seed42,96,vi,21,1,1,,5,256,108.36421910524368,0.763421893119812,290.3039216016414,290.3039216016414,,,2.012345693124008,0.012520089745521545,0.9992109054111991,2.012345693124008,,-0.0,2.3277319754160017,108.36421910524368,290.3039216016414,290.3039216016414,0.0028525490969995224,0.763421893119812,290.3039216016414,0.0025,50.665046612545076,0.08562933673700186,0.08604482561349869,0.09538889303803444,0.12171638756990433,1.4925470282691358,1.247872277875809,3.0961466730663787,,,,,,,,,,,,,,,,,,1,update_snr,bayesian,0.1,20,101770,10177,0.1,0.11835371322321919,0.0633617241502798,0.060255131029131444,0.11835226307155956,0.0633617241502798,0.060255131029131444,0.11835226307155956,0.1322142549175353,0.1294475642739105,0.14772884229403646,0.055711442953918076,0.0538705142641523,0.10375244979312534,0.1322142549175353,0.1294475642739105,0.14772884229403646,0.055711442953918076,0.0538705142641523,0.10375244979312534,1.0785929033652746,1.6988739027499402,0.5359878807357618,0.8442256758144634,0.5359878807357618,814160,203540,81416,122124,0.75,,,,,,,,,0.007898902341372204,1
bayesfl_observability_v1,vi_sparse_bayesian_keep010_seed42,96,vi,252,20,1,,5,256,111.42584743499756,7.271740287251305e-06,289.552394457062,289.552394457062,,,2.008532635152501,0.012539517134428024,0.9992139040360031,2.008532635152501,,-0.0,2.28098669344155,111.42584743499756,289.552394457062,289.552394457062,0.0028451645323480596,7.271740287251305e-06,289.552394457062,0.0025,50.665349808250625,0.08562748164082747,0.08604391291737556,0.09537137895822526,0.12231489270925522,1.4925941361742587,1.2474548184679062,3.096523955005265,,,,,,,,,,,,,,,,,,1,update_snr,bayesian,0.1,20,101770,10177,0.1,0.11825500570045644,0.06317519536746191,0.05994238155827509,0.1182546473710289,0.06317519536746191,0.05994238155827509,0.1182546473710289,0.1324138870399558,0.12952289850257717,0.14831006625301651,0.05548200740385149,0.05343549251941817,0.10343920718139185,0.1324138870399558,0.12952289850257717,0.14831006625301651,0.05548200740385149,0.05343549251941817,0.10343920718139185,1.078804002996254,1.6942211395186606,0.5371105174571107,0.843511880199061,0.5371105174571107,814160,203540,81416,122124,0.75,,,,,,,,,0.007898313248824673,1
bayesfl_observability_v1,vi_sparse_bayesian_keep010_seed42,96,vi,162,13,1,,5,256,103.38105955123902,0.006320131942629814,290.48607752044586,290.48607752044586,,,2.0125333044179863,0.012543007731437683,0.9992107594005359,2.0125333044179863,,-0.0,2.185987945410232,103.38105955123902,290.48607752044586,290.48607752044586,0.0028543389753409244,0.006320131942629814,290.48607752044586,0.0025,50.66508387742852,0.08562623310819162,0.08604639023542404,0.09538420736789703,0.12265047430992126,1.4926193656110764,1.2477032135568618,3.0978713166323284,,,,,,,,,,,,,,,,,,1,update_snr,bayesian,0.1,20,101770,10177,0.1,0.11851826189328483,0.06331058177914632,0.060145739559823386,0.1185180993512629,0.06331058177914632,0.060145739559823386,0.1185180993512629,0.13234540808922057,0.12946563673014638,0.14789979035523432,0.05564004552247141,0.05370369440112965,0.10381651541835123,0.13234540808922057,0.12946563673014638,0.14789979035523432,0.05564004552247141,0.05370369440112965,0.10381651541835123,1.0794741269422556,1.6985364025106546,0.5363757829858292,0.8439792766569207,0.5363757829858292,814160,203540,81416,122124,0.75,,,,,,,,,0.007897951511951282,1
bayesfl_observability_v1,vi_sparse_bayesian_keep010_seed42,96,vi,57,4,1,,5,256,114.59230017662048,1.007304072380066,289.60972508317644,289.60972508317644,,,2.0097435912946975,0.012535825371742249,0.9992129288650551,2.0097435912946975,,-0.0,2.259365973874069,114.59230017662048,289.60972508317644,289.60972508317644,0.002845727867575675,1.007304072380066,289.60972508317644,0.0025,50.664519546422724,0.08563001699777867,0.08604693785309792,0.09540561065077782,0.12225021421909332,1.4925767811754442,1.2480532265177016,3.0947926971360102,,,,,,,,,,,,,,,,,,1,update_snr,bayesian,0.1,20,101770,10177,0.1,0.11826345951101318,0.06323538723828763,0.060256967054635555,0.11825648837014008,0.06323538723828763,0.060256967054635555,0.11825648837014008,0.13203717722133104,0.1292577798862309,0.1478491503759106,0.05559074390683837,0.05368190096055225,0.10352612004455837,0.13203717722133104,0.1292577798862309,0.1478491503759106,0.05559074390683837,0.05368190096055225,0.10352612004455837,1.0764711699678922,1.697138510251319,0.5356261239646091,0.8444552417544992,0.5356261239646091,814160,203540,81416,122124,0.75,,,,,,,,,0.00790248540883565,1
bayesfl_observability_v1,vi_sparse_bayesian_keep010_seed42,96,vi,291,23,1,,5,256,110.08719549179077,0.00010048838157672435,290.002570618985,290.002570618985,,,2.0105770150637348,0.012534990906715393,0.9992119402903425,2.0105770150637348,,-0.0,2.3096097079310103,110.08719549179077,290.002570618985,290.002570618985,0.0028495879986143754,0.00010048838157672435,290.002570618985,0.0025,50.653212276093136,0.08562875705108323,0.0860535092651844,0.09539545997977257,0.12265290319919586,1.4922270885278857,1.2467624698478628,3.0905031886944996,,,,,,,,,,,,,,,,,,1,update_snr,bayesian,0.1,20,101770,10177,0.1,0.11846572720897527,0.0632182709033871,0.06026680987288599,0.11846126764976861,0.0632182709033871,0.06026680987288599,0.11846126764976861,0.13215934654261363,0.12933376521062087,0.14800143439307462,0.055558151387917476,0.053547740774226346,0.1038566047076933,0.13215934654261363,0.12933376521062087,0.14800143439307462,0.055558151387917476,0.053547740774226346,0.1038566047076933,1.0785034983022872,1.6968353301520827,0.5364149148338389,0.8439544058441817,0.5364149148338389,814160,203540,81416,122124,0.75,,,,,,,,,0.007899222270057075,1
bayesfl_observability_v1,vi_sparse_bayesian_keep010_seed42,96,vi,241,19,265,,5,256,280.88435889482497,0.02384205020586345,2.056105355056631,2.056105355056631,,,2.7546915974671338,0.023908939212560654,0.9985232535716823,2.7546915974671338,,-0.0,2.259365973874069,280.88435889482497,544.8679190900071,2.056105355056631,0.00535391489721929,0.02384205020586345,2.056105355056631,0.0025,50.70644488571116,0.08577666413663085,0.08619124442338943,0.09559346660971642,0.12196529656648636,1.4913066058073239,1.2450685450854424,3.09124805908974,,,,,,,,,,,,,,,,,,1,update_snr,bayesian,0.1,20,101770,10177,0.1,0.16712930957588518,0.08387996270025058,0.0749618148361762,0.1671290888067774,0.08387996270025058,0.0749618148361762,0.1671290888067774,0.19728202731889666,0.19117983905274696,0.23176533642013894,0.07127973329817881,0.06692766981523564,0.13804565935502844,0.19728202731889666,0.19117983905274696,0.23176533642013894,0.07127973329817881,0.06692766981523564,0.13804565935502844,1.6579970549864929,2.199857168729863,0.60188118935382,0.7985856459403926,0.60188118935382,814160,203540,81416,122124,0.75,,,,,,,,,0.007938319368065565,265
bayesfl_observability_v1,vi_sparse_bayesian_keep010_seed42,96,vi,203,16,1,,5,256,110.58632742166519,0.05111279338598251,290.1247444949408,290.1247444949408,,,2.011471699828174,0.012543132528662682,0.9992117492741486,2.011471699828174,,-0.0,2.311121424016332,110.58632742166519,290.1247444949408,290.1247444949408,0.002850788488699428,0.05111279338598251,290.1247444949408,0.0025,50.66984168615467,0.0856262310816293,0.08603795245289803,0.09539674147963524,0.12216968089342117,1.4924550249151076,1.2467770013146584,3.0976369346545947,,,,,,,,,,,,,,,,,,1,update_snr,bayesian,0.1,20,101770,10177,0.1,0.11842718285365636,0.06331981274152992,0.06039064069519989,0.11842668078132497,0.06331981274152992,0.06039064069519989,0.11842668078132497,0.13215376842335735,0.12931620500245888,0.14777008633640404,0.0556715954435491,0.053926851194979676,0.10363361191503506,0.13215376842335735,0.12931620500245888,0.14777008633640404,0.0556715954435491,0.053926851194979676,0.10363361191503506,1.0784840272653282,1.6979077130819578,0.5361666422438136,0.8441121559040569,0.5361666422438136,814160,203540,81416,122124,0.75,,,,,,,,,0.007898974074693038,1
bayesfl_observability_v1,vi_sparse_bayesian_keep010_seed42,96,vi,151,12,1,,5,256,119.95716233253479,0.2263159602880478,289.81480787432633,289.81480787432633,,,2.0102468258466373,0.012526184320449829,0.9992126730446084,2.0102468258466373,,-0.0,2.3277319754160017,119.95716233253479,289.81480787432633,289.81480787432633,0.0028477430271624873,0.2263159602880478,289.81480787432633,0.0025,50.66875993588796,0.08562560388938265,0.08602606505155563,0.09539026245474816,0.1215129941701889,1.4928625268775841,1.2472503076474442,3.0973012760852523,,,,,,,,,,,,,,,,,,1,update_snr,bayesian,0.1,20,101770,10177,0.1,0.11824067889399195,0.06329550733707598,0.060225799225805676,0.11823870937352199,0.06329550733707598,0.060225799225805676,0.11823870937352199,0.1321297076986049,0.12928864304573096,0.14788870421722652,0.05564726285246168,0.05384556430491507,0.10357070262143163,0.1321297076986049,0.12928864304573096,0.14788870421722652,0.05564726285246168,0.05384556430491507,0.10357070262143163,1.079183007367008,1.6960118918913232,0.5368410453340715,0.8436834074726268,0.5368410453340715,814160,203540,81416,122124,0.75,,,,,,,,,0.007898966039648537,1
bayesfl_observability_v1,vi_sparse_bayesian_keep010_seed42,96,vi,37,3,1,,5,256,110.4841449022293,0.004332679323852062,289.7922701728348,289.7922701728348,,,2.011149385284516,0.012538813054561615,0.9992121264060186,2.011149385284516,,-0.0,2.4040642619438994,110.4841449022293,289.7922701728348,289.7922701728348,0.0028475215699404026,0.004332679323852062,289.7922701728348,0.0025,50.673433639491925,0.0856265518856055,0.08603813499212265,0.09538576155900955,0.12163496762514114,1.4925307527362979,1.2478309289389007,3.097555916736444,,,,,,,,,,,,,,,,,,1,update_snr,bayesian,0.1,20,101770,10177,0.1,0.11839721194383307,0.06327608677663604,0.06024939135171531,0.11839484859802567,0.06327608677663604,0.06024939135171531,0.11839484859802567,0.13224612603734645,0.1294470622089551,0.14813694615757758,0.05561274908100157,0.053724010585872964,0.10352724360856101,0.13224612603734645,0.1294470622089551,0.14813694615757758,0.05561274908100157,0.053724010585872964,0.10352724360856101,1.0792363572098467,1.6970476526033997,0.5366266499677088,0.8438197903251824,0.5366266499677088,814160,203540,81416,122124,0.75,,,,,,,,,0.007900531615927615,1
bayesfl_observability_v1,vi_sparse_bayesian_keep010_seed42,96,vi,193,15,1,,5,256,109.00512840747834,0.0004076126788277179,291.6917450789259,291.6917450789259,,,2.016731704825494,0.012546777725219727,0.9992072288017992,2.016731704825494,,-0.0,2.3163460082440825,109.00512840747834,291.6917450789259,291.6917450789259,0.0028661859593094815,0.0004076126788277179,291.6917450789259,0.0025,50.65750086817094,0.08562579318691421,0.08605638518929482,0.09537413939833642,0.12230643630027771,1.4922407130529964,1.2472315244858025,3.0954813845251996,,,,,,,,,,,,,,,,,,1,update_snr,bayesian,0.1,20,101770,10177,0.1,0.11857474709934646,0.0635217714939687,0.06060083975235805,0.11857266271907979,0.0635217714939687,0.06060083975235805,0.11857266271907979,0.13245736816855838,0.12967341958933187,0.14834757564679166,0.055862260752347646,0.05404102728585523,0.10389716791133059,0.13245736816855838,0.12967341958933187,0.14834757564679166,0.055862260752347646,0.05404102728585523,0.10389716791133059,1.07965720483567,1.703392817084413,0.5353499437988415,0.8446303556435665,0.5353499437988415,814160,203540,81416,122124,0.75,,,,,,,,,0.007896853505127008,1
bayesfl_observability_v1,vi_sparse_bayesian_keep010_seed42,96,vi,132,10,1,,5,256,120.02794516086578,0.25908949971199036,288.1356727181912,288.1356727181912,,,2.0050471376946906,0.012539513409137726,0.9992168710948638,2.0050471376946906,,-0.0,2.311121424016332,120.02794516086578,288.1356727181912,288.1356727181912,0.0028312437134537798,0.25908949971199036,288.1356727181912,0.0025,50.67251384501875,0.08562921040328222,0.0860341414809227,0.09539067670702935,0.12185307592153549,1.4927977246164614,1.247605230952864,3.095728756911855,,,,,,,,,,,,,,,,,,1,update_snr,bayesian,0.1,20,101770,10177,0.1,0.11791921398338875,0.06299536256560986,0.05989745234251332,0.11791678219345059,0.06299536256560986,0.05989745234251332,0.11791678219345059,0.1320375926302707,0.129323213967047,0.14788473874662855,0.05532400366953643,0.05331187517676657,0.10349455859490898,0.1320375926302707,0.129323213967047,0.14788473874662855,0.05532400366953643,0.05331187517676657,0.10349455859490898,1.0787178804121995,1.6901425261961442,0.5380012569941168,0.8429440357892988,0.5380012569941168,814160,203540,81416,122124,0.75,,,,,,,,,0.007899975512280262,1
bayesfl_observability_v1,vi_sparse_bayesian_keep010_seed42,96,vi,142,11,17,,5,256,108.72923130989075,0.03095537073471967,17.131253295904358,17.131253295904358,,,2.014582985132643,0.01251724362373352,0.9992088748824924,2.014582985132643,,-0.0,2.3096097079310103,108.72923130989075,291.23130603037407,17.131253295904358,0.0028616616491144156,0.03095537073471967,17.131253295904358,0.0025,50.65601892109318,0.0856257940538669,0.08603766560554504,0.09537713751196862,0.1220976710319519,1.4922628959598654,1.2456203286712946,3.096439267331773,,,,,,,,,,,,,,,,,,1,update_snr,bayesian,0.1,20,101770,10177,0.1,0.11852266325316405,0.06346891171505545,0.06041066344992247,0.11851579627657124,0.06346891171505545,0.06041066344992247,0.11851579627657124,0.13240635210497223,0.1296557866942984,0.148351180861035,0.055809196116175804,0.05402464057014568,0.10371106661245423,0.13240635210497223,0.1296557866942984,0.148351180861035,0.055809196116175804,0.05402464057014568,0.10371106661245423,1.0790767209338457,1.7012166335668755,0.5356327979027371,0.8444510085321033,0.5356327979027371,814160,203540,81416,122124,0.75,,,,,,,,,0.00790246722207181,17
bayesfl_observability_v1,vi_sparse_bayesian_keep010_seed42,96,vi,276,22,1,,5,256,125.49932932853699,2.689112901687622,289.44397766336226,289.44397766336226,,,2.008602230755616,0.01254836842417717,0.9992137106101505,2.008602230755616,,-0.0,2.311121424016332,125.49932932853699,289.44397766336226,289.44397766336226,0.0028440992204319766,2.689112901687622,289.44397766336226,0.0025,50.66090948799353,0.08563028354597833,0.08605208247900009,0.09538320153951645,0.12365087121725082,1.4926320408203624,1.2499864378106877,3.097707286120097,,,,,,,,,,,,,,,,,,1,update_snr,bayesian,0.1,20,101770,10177,0.1,0.118073743531349,0.06322565823387451,0.06030375747927691,0.1180725747652208,0.06322565823387451,0.06030375747927691,0.1180725747652208,0.1319375356291546,0.1290716981797121,0.1482677512099783,0.0555910051899545,0.05379340167785586,0.10354385698142592,0.1319375356291546,0.1290716981797121,0.1482677512099783,0.0555910051899545,0.05379340167785586,0.10354385698142592,1.0770837039723336,1.695397775164777,0.5362354414826799,0.8440684517844956,0.5362354414826799,814160,203540,81416,122124,0.75,,,,,,,,,0.007898148899287402,1
bayesfl_observability_v1,vi_sparse_bayesian_keep010_seed42,96,vi,73,5,1,,5,256,112.00046329498291,0.03816087171435356,290.13478096778374,290.13478096778374,,,2.0107981850145045,0.012512467801570892,0.9992122525023611,2.0107981850145045,,-0.0,2.28098669344155,112.00046329498291,290.13478096778374,290.13478096778374,0.0028508871078685638,0.03816087171435356,290.13478096778374,0.0025,50.66910634830685,0.08562510550107048,0.08603699505329132,0.0953693188726902,0.12296686321496964,1.4926359530833466,1.248325110229417,3.0922917468117377,,,,,,,,,,,,,,,,,,1,update_snr,bayesian,0.1,20,101770,10177,0.1,0.11853711765352941,0.06331939427733001,0.06026731694854878,0.11853368434484972,0.06331939427733001,0.06026731694854878,0.11853368434484972,0.13227426812799273,0.1294007874683494,0.14814160820547773,0.05565774162725638,0.053739398547978476,0.10350838148621343,0.13227426812799273,0.1294007874683494,0.14814160820547773,0.05565774162725638,0.053739398547978476,0.10350838148621343,1.0775976815575043,1.6976726944730893,0.5359054377452261,0.8442780121471233,0.5359054377452261,814160,203540,81416,122124,0.75,,,,,,,,,0.007900624681164863,1
bayesfl_observability_v1,vi_sparse_bayesian_keep010_seed42,97,vi,35,2,1,,5,256,106.98668689727783,0.004173261113464832,289.0985800537617,289.0985800537617,,,2.011889396910758,0.012534558773040771,0.9992139371518168,2.011889396910758,,-0.0,2.3163460082440825,106.98668689727783,289.0985800537617,289.0985800537617,0.0028407053164366874,0.004173261113464832,289.0985800537617,0.0025,50.75113874089285,0.08580607550735381,0.08623340353369713,0.0955286405980587,0.12341705709695816,1.492186467005452,1.2466071122734963,3.0946477421681173,,,,,,,,,,,,,,,,,,1,update_snr,bayesian,0.1,20,101770,10177,0.1,0.11800531912853174,0.06317612827479119,0.060209372615476625,0.11800474368118544,0.06317612827479119,0.060209372615476625,0.11800474368118544,0.1320095745141887,0.12916448593611324,0.1478639751758717,0.05552796758152479,0.05364192833403219,0.10350216034663169,0.1320095745141887,0.12916448593611324,0.1478639751758717,0.05552796758152479,0.05364192833403219,0.10350216034663169,1.0789206616845595,1.6981251871378884,0.5362723534112931,0.8440450005578575,0.5362723534112931,814160,203540,81416,122124,0.75,,,,,,,,,0.007881591700651195,1
bayesfl_observability_v1,vi_sparse_bayesian_keep010_seed42,97,vi,256,20,1979,,5,256,739.1755931377411,0.05406566579393692,0.45275495945066935,0.45275495945066935,,,3.515146245526247,0.05009389668703079,0.9976055116238036,3.515146245526247,,1.070915936878561,1.1916887974754844,739.1755931377411,896.0020647528746,0.45275495945066935,0.00880418654567038,0.05406566579393692,0.45275495945066935,0.0025,50.82541457827049,0.08626942726958883,0.0866381824016571,0.09628203287720681,0.1252141296863556,1.487153910785136,1.2434560411474829,3.0841645966138693,,,,,,,,,,,,,,,,,,1,update_snr,bayesian,0.1,20,101770,10177,0.1,0.21137356445600583,0.1023182361248158,0.08621157379981959,0.2113636206460063,0.1023182361248158,0.08621157379981959,0.2113636206460063,0.2657881939685019,0.25223267276104194,0.3316870170683063,0.08415490747551733,0.07652921996434657,0.16802576489322538,0.2657881939685019,0.25223267276104194,0.3316870170683063,0.08415490747551733,0.07652921996434657,0.16802576489322538,2.3122449760499344,2.6475982131299918,0.657794815505257,0.753197172521516,0.657794815505257,814160,203540,81416,122124,0.75,,,,,,,,,0.008062410767336398,1979
bayesfl_observability_v1,vi_sparse_bayesian_keep010_seed42,97,vi,215,17,2060,,5,256,717.7871154983839,0.01756346469272597,0.4222836278416222,0.4222836278416222,,,3.4574005631635485,0.0493471622467041,0.9976843193498142,3.4574005631635485,,-0.0,2.185987945410232,717.7871154983839,869.9042733537417,0.4222836278416222,0.008547747600999722,0.01756346469272597,0.4222836278416222,0.0025,50.83311660277865,0.0862862621958125,0.08666514232754707,0.09628761187195778,0.12238204479217529,1.4861365038963332,1.2421503524986628,3.0808625168470436,,,,,,,,,,,,,,,,,,1,update_snr,bayesian,0.1,20,101770,10177,0.1,0.20767071066396822,0.1006403429354181,0.08496217633713742,0.2076590610174348,0.1006403429354181,0.08496217633713742,0.2076590610174348,0.2610236696284037,0.24738078475526357,0.32683502162876016,0.08281997330286417,0.07518189894529499,0.16533571175310863,0.2610236696284037,0.24738078475526357,0.32683502162876016,0.08281997330286417,0.07518189894529499,0.16533571175310863,2.273860454115831,2.604453357111965,0.6576792051064025,0.7532981237004456,0.6576792051064025,814160,203540,81416,122124,0.75,,,,,,,,,0.008066612654348099,2060
bayesfl_observability_v1,vi_sparse_bayesian_keep010_seed42,97,vi,216,17,1,,5,256,122.67515316009522,0.05039803683757782,286.8163577559624,286.8163577559624,,,2.003197566606628,0.01252511516213417,0.9992205980763654,2.003197566606628,,-0.0,2.3096097079310103,122.67515316009522,286.8163577559624,286.8163577559624,0.0028182800211846554,0.05039803683757782,286.8163577559624,0.0025,50.74714145561635,0.08580028661081532,0.08624652028083801,0.09551072269678115,0.12346675246953964,1.4920039571101067,1.245203733298617,3.090992035017924,,,,,,,,,,,,,,,,,,1,update_snr,bayesian,0.1,20,101770,10177,0.1,0.11799349837731053,0.06284043123572294,0.059613930742763145,0.11799292415603801,0.06284043123572294,0.059613930742763145,0.11799292415603801,0.13188046803064007,0.12908373162747996,0.14807809937080413,0.055169316036287705,0.05321608032403684,0.10293891089536522,0.13188046803064007,0.12908373162747996,0.14807809937080413,0.055169316036287705,0.05321608032403684,0.10293891089536522,1.0776466147653156,1.6886320690261605,0.5379632207674977,0.8429683108524665,0.5379632207674977,814160,203540,81416,122124,0.75,,,,,,,,,0.007879919857274443,1
bayesfl_observability_v1,vi_sparse_bayesian_keep010_seed42,97,vi,107,8,1372,,5,256,611.8752786914507,0.006191041543210908,0.6597903088808458,0.6597903088808458,,,3.5447698124863365,0.04842354357242584,0.9975672939775215,3.5447698124863365,,-0.0,2.3155014849272724,611.8752786914507,905.2323037845205,0.6597903088808458,0.00889488359815781,0.006191041543210908,0.6597903088808458,0.0025,50.84978696802932,0.08621461741744131,0.08660681173205376,0.0961771845817566,0.12283895909786224,1.4883263387340504,1.2436212245895701,3.0915371387506365,,,,,,,,,,,,,,,,,,1,update_snr,bayesian,0.1,20,101770,10177,0.1,0.21335170378642426,0.10386333305492886,0.08825729004166555,0.21335009101358265,0.10386333305492886,0.08825729004166555,0.21335009101358265,0.2666765446834033,0.2533549523984602,0.3320534765034911,0.0857729762073206,0.07817048786718668,0.17077639204800354,0.2666765446834033,0.2533549523984602,0.3320534765034911,0.0857729762073206,0.07817048786718668,0.17077639204800354,2.3054922425130604,2.6926007025228476,0.6503926529705931,0.7595981812523479,0.6503926529705931,814160,203540,81416,122124,0.75,,,,,,,,,0.008023601642445474,1372
bayesfl_observability_v1,vi_sparse_bayesian_keep010_seed42,97,vi,158,12,58,,5,256,157.163094329834,0.0959513598474963,4.996715562822761,4.996715562822761,,,2.013662008469766,0.012529641389846802,0.9992125649938853,2.013662008469766,,-0.0,2.3292713582565514,157.163094329834,289.8095026437201,4.996715562822761,0.0028476908975505564,0.0959513598474963,4.996715562822761,0.0025,50.75159774653945,0.08580354765464611,0.08624601736664772,0.09551718011498452,0.12241586297750473,1.4921884373161152,1.245631473110207,3.095813372298405,,,,,,,,,,,,,,,,,,1,update_snr,bayesian,0.1,20,101770,10177,0.1,0.11813802225190372,0.06328912776207875,0.060298520233119136,0.1181375302393659,0.06328912776207875,0.060298520233119136,0.1181375302393659,0.13210807332784136,0.12914055814506678,0.14791777198679215,0.05564257825477181,0.053751273221963713,0.10346318230569128,0.13210807332784136,0.12914055814506678,0.14791777198679215,0.05564257825477181,0.053751273221963713,0.10346318230569128,1.0787817562427855,1.7003130908018749,0.535731295373934,0.8443885238188443,0.535731295373934,814160,203540,81416,122124,0.75,,,,,,,,,0.007881034783210174,58
bayesfl_observability_v1,vi_sparse_bayesian_keep010_seed42,97,vi,181,14,2031,,5,256,774.0386671900749,0.1318557866977859,0.44047320872526086,0.44047320872526086,,,3.5132575082449247,0.047230035066604614,0.9976089509278828,3.5132575082449247,,1.0649000763602765,1.25432875177699,774.0386671900749,894.6010869210048,0.44047320872526086,0.008790420427640807,0.1318557866977859,0.44047320872526086,0.0025,50.8347252447188,0.08625734232185256,0.0866224393248558,0.09624297097325325,0.1225939616560936,1.4870084274995246,1.2396658854851386,3.08432991340238,,,,,,,,,,,,,,,,,,1,update_snr,bayesian,0.1,20,101770,10177,0.1,0.21127207680781057,0.10236318213579142,0.08640432775272791,0.21126524916969416,0.10236318213579142,0.08640432775272791,0.21126524916969416,0.2649972672113121,0.2509367136278303,0.3311021970499261,0.08429272823851132,0.07642024579177374,0.1687216635939536,0.2649972672113121,0.2509367136278303,0.3311021970499261,0.08429272823851132,0.07642024579177374,0.1687216635939536,2.303156259852035,2.6530076445317197,0.655561470927474,0.7551418130625587,0.655561470927474,814160,203540,81416,122124,0.75,,,,,,,,,0.00804988768139445,2031
bayesfl_observability_v1,vi_sparse_bayesian_keep010_seed42,97,vi,185,14,41,,5,256,134.0838629722595,0.10641909808647342,7.083771688618335,7.083771688618335,,,2.0170053128326977,0.012547582387924194,0.9992099744774513,2.0170053128326977,,-0.0,2.185987945410232,134.0838629722595,290.43463923335173,7.083771688618335,0.002853833538698553,0.10641909808647342,7.083771688618335,0.0025,50.75248040133745,0.08580490400626856,0.08623921126127243,0.0955375924706459,0.12235406786203384,1.4921849960243614,1.245447197588701,3.093156873090028,,,,,,,,,,,,,,,,,,1,update_snr,bayesian,0.1,20,101770,10177,0.1,0.11808366335811452,0.06338321290695226,0.060502697889221205,0.11808319845988882,0.06338321290695226,0.060502697889221205,0.11808319845988882,0.1318004904923001,0.12887600437053076,0.14762059360574054,0.055781293175246924,0.05392651880604589,0.10381669241461729,0.1318004904923001,0.12887600437053076,0.14762059360574054,0.055781293175246924,0.05392651880604589,0.10381669241461729,1.0772835557012308,1.7052186289772475,0.534100504766785,0.8454209902810942,0.534100504766785,814160,203540,81416,122124,0.75,,,,,,,,,0.007882366008722238,41
bayesfl_observability_v1,vi_sparse_bayesian_keep010_seed42,97,vi,112,9,234,,5,256,157.62182865142822,0.06471081269093049,1.242263344169097,1.242263344169097,,,2.0183575553026865,0.012541279196739197,0.9992089081347777,2.0183575553026865,,-0.0,2.3155014849272724,157.62182865142822,290.6896225355687,1.242263344169097,0.0028563390246199145,0.06471081269093049,1.242263344169097,0.0025,50.752279866712485,0.08580467395171108,0.08624084666371346,0.09553503468632699,0.12277231365442276,1.4920464064286847,1.2447474553816007,3.095753823345381,,,,,,,,,,,,,,,,,,1,update_snr,bayesian,0.1,20,101770,10177,0.1,0.11830773995552607,0.0634711868131468,0.06063039255279375,0.11830370892995941,0.0634711868131468,0.06063039255279375,0.11830370892995941,0.13202444080731107,0.12921339435491494,0.14802050735270358,0.05585415859157298,0.054170845348993066,0.10364676085830851,0.13202444080731107,0.12921339435491494,0.14802050735270358,0.05585415859157298,0.054170845348993066,0.10364676085830851,1.0803380279033596,1.7048862033911,0.5352560179761335,0.844689881092661,0.5352560179761335,814160,203540,81416,122124,0.75,,,,,,,,,0.007879512351861101,234
bayesfl_observability_v1,vi_sparse_bayesian_keep010_seed42,97,vi,278,22,193,,5,256,175.8933868408203,0.037122756088335894,1.5050428943193623,1.5050428943193623,,,2.0174561805178834,0.012547582387924194,0.9992096628486985,2.0174561805178834,,-0.0,2.185987945410232,175.8933868408203,290.4732786036369,1.5050428943193623,0.0028542132121807695,0.037122756088335894,1.5050428943193623,0.0025,50.75380499976068,0.08580411210256439,0.08625314757227898,0.09552972987294198,0.12344060838222504,1.4920389754045482,1.2469499005509488,3.0938179361087634,,,,,,,,,,,,,,,,,,1,update_snr,bayesian,0.1,20,101770,10177,0.1,0.11838300021378997,0.06340746409284395,0.06050506401169026,0.11838234192085192,0.06340746409284395,0.06050506401169026,0.11838234192085192,0.1321175399863688,0.12938221580866865,0.14773230113656385,0.055773011215785644,0.054019905577255375,0.10367843015418837,0.1321175399863688,0.12938221580866865,0.14773230113656385,0.055773011215785644,0.054019905577255375,0.10367843015418837,1.0796594742844299,1.7042490604068639,0.5351588226353843,0.8447514631863682,0.5351588226353843,814160,203540,81416,122124,0.75,,,,,,,,,0.00787847346132301,193
bayesfl_observability_v1,vi_sparse_bayesian_keep010_seed42,97,vi,282,22,9,,5,256,114.2828148841858,0.028097940815819636,32.12477106112482,32.12477106112482,,,2.0123155748625856,0.012523405253887177,0.999213658151076,2.0123155748625856,,-0.0,2.185987945410232,114.2828148841858,289.12293955012336,32.12477106112482,0.0028409446747580166,0.028097940815819636,32.12477106112482,0.0025,50.75288661943888,0.08580497423046152,0.0862475074827671,0.09553562104701996,0.12160888314247131,1.4922833494131886,1.246742049591051,3.094473527940437,,,,,,,,,,,,,,,,,,1,update_snr,bayesian,0.1,20,101770,10177,0.1,0.11813156290035139,0.0631588246551509,0.060086681897675576,0.11813156196323668,0.0631588246551509,0.060086681897675576,0.11813156196323668,0.13207742501860129,0.12921248032063695,0.148226311110001,0.0555012023925453,0.05371068686680115,0.10346155356689987,0.13207742501860129,0.12921248032063695,0.148226311110001,0.0555012023925453,0.05371068686680115,0.10346155356689987,1.080164383263433,1.6978394735556328,0.5367768339899639,0.8437242621210506,0.5367768339899639,814160,203540,81416,122124,0.75,,,,,,,,,0.00788100550928654,9
bayesfl_observability_v1,vi_sparse_bayesian_keep010_seed42,97,vi,202,16,1,,5,256,122.45571885108947,0.12942391633987427,288.5661440884925,288.5661440884925,,,2.0090338567152393,0.012539222836494446,0.9992159942542127,2.0090338567152393,,-0.0,2.28098669344155,122.45571885108947,288.5661440884925,288.5661440884925,0.002835473558892527,0.12942391633987427,288.5661440884925,0.0025,50.74525056484217,0.0858023885522216,0.08623383566737175,0.09552876427769662,0.12365112453699112,1.491730842833557,1.2484243441148326,3.09463876863179,,,,,,,,,,,,,,,,,,1,update_snr,bayesian,0.1,20,101770,10177,0.1,0.11793689938889566,0.06311055037326131,0.06017725619831281,0.11793660381135805,0.06311055037326131,0.06017725619831281,0.11793660381135805,0.13208997355364738,0.1292319652653951,0.14825656242937965,0.05544617001988509,0.053677704011539096,0.10334948582268187,0.13208997355364738,0.1292319652653951,0.14825656242937965,0.05544617001988509,0.053677704011539096,0.10334948582268187,1.077606849056685,1.6955767503402006,0.5363806316427973,0.8439761951610215,0.5363806316427973,814160,203540,81416,122124,0.75,,,,,,,,,0.007878969104753478,1
bayesfl_observability_v1,vi_sparse_bayesian_keep010_seed42,97,vi,91,7,1,,5,256,112.88132553100586,0.14164872467517853,287.6483847991991,287.6483847991991,,,2.0068772137978326,0.012534603476524353,0.9992177730961086,2.0068772137978326,,-0.0,2.3277319754160017,112.88132553100586,287.6483847991991,287.6483847991991,0.002826455584152492,0.14164872467517853,287.6483847991991,0.0025,50.74857029793064,0.08580591083773581,0.08626478165388107,0.09553737342357635,0.1221555843949318,1.4920506372554119,1.2468589937972236,3.0960545586790578,,,,,,,,,,,,,,,,,,1,update_snr,bayesian,0.1,20,101770,10177,0.1,0.11790575022214937,0.06299448202873048,0.05983089578761215,0.11790537998959497,0.06299448202873048,0.05983089578761215,0.11790537998959497,0.13187006668687734,0.12896912153622977,0.1478993453598404,0.0553416392889364,0.053367241611287045,0.10323671891867378,0.13187006668687734,0.12896912153622977,0.1478993453598404,0.0553416392889364,0.053367241611287045,0.10323671891867378,1.0786019390560708,1.6923870740245675,0.5374528803458358,0.8432937811984416,0.5374528803458358,814160,203540,81416,122124,0.75,,,,,,,,,0.007881156207956473,1
bayesfl_observability_v1,vi_sparse_bayesian_keep010_seed42,97,vi,75,6,1,,5,256,102.67928681373596,0.0026154855731874704,289.16529011405925,289.16529011405925,,,2.0119172447716696,0.012541085481643677,0.9992138739682368,2.0119172447716696,,-0.0,2.3096097079310103,102.67928681373596,289.16529011405925,289.16529011405925,0.0028413608147200477,0.0026154855731874704,289.16529011405925,0.0025,50.74977600386021,0.08580316213512598,0.08624638989567757,0.09551230072975159,0.12219112366437912,1.4920031556043365,1.2457151257955352,3.093280504691036,,,,,,,,,,,,,,,,,,1,update_snr,bayesian,0.1,20,101770,10177,0.1,0.11819210090847519,0.06319802036152751,0.0602093252463202,0.11819104260674555,0.06319802036152751,0.0602093252463202,0.11819104260674555,0.13192558646559838,0.12918678320760382,0.1475358082835903,0.055561624127741856,0.05368805812689003,0.10355988962074351,0.13192558646559838,0.12918678320760382,0.1475358082835903,0.055561624127741856,0.05368805812689003,0.10355988962074351,1.0780208445396562,1.6987295424956959,0.5358176870053121,0.8443337055289681,0.5358176870053121,814160,203540,81416,122124,0.75,,,,,,,,,0.00788206893475713,1
bayesfl_observability_v1,vi_sparse_bayesian_keep010_seed42,97,vi,81,6,9,,5,256,110.53673204034567,0.0009734006598591805,32.1382219565861,32.1382219565861,,,2.0123709869926163,0.012536995112895966,0.9992137709014476,2.0123709869926163,,-0.0,2.3155014849272724,110.53673204034567,289.2439976092749,32.1382219565861,0.002842134200739657,0.0009734006598591805,32.1382219565861,0.0025,50.75772241611517,0.08580321767526197,0.08624042943120003,0.09553207531571388,0.12327108532190323,1.4922766238595122,1.2461814673242082,3.0967079885424296,,,,,,,,,,,,,,,,,,1,update_snr,bayesian,0.1,20,101770,10177,0.1,0.118253525575259,0.06319274572436683,0.060427349125558416,0.11825212964705685,0.06319274572436683,0.060427349125558416,0.11825212964705685,0.1320033506459285,0.1290883512188672,0.14778549967918267,0.05554712295530442,0.053755611149586054,0.10356488708436143,0.1320033506459285,0.1290883512188672,0.14778549967918267,0.05554712295530442,0.053755611149586054,0.10356488708436143,1.0786275492431974,1.6988818673772617,0.535998360250239,0.844219022416017,0.535998360250239,814160,203540,81416,122124,0.75,,,,,,,,,0.007880114394489164,9
bayesfl_observability_v1,vi_sparse_bayesian_keep010_seed42,98,vi,135,10,1,,5,256,107.14216008186341,0.024469614028930664,286.37272519350256,286.37272519350256,,,2.0099603235949908,0.01252448558807373,0.9992214198744367,2.0099603235949908,,-0.0,2.311121424016332,107.14216008186341,286.37272519350256,286.37272519350256,0.0028139208528397616,0.024469614028930664,286.37272519350256,0.0025,50.94539975465552,0.08611992504262843,0.08655696362257004,0.09586045220494271,0.12327921390533447,1.4922592840527409,1.246289214461509,3.0953695788680164,,,,,,,,,,,,,,,,,,1,update_snr,bayesian,0.1,20,101770,10177,0.1,0.11752485711295096,0.06289179427677229,0.05998364471622489,0.11752464300586063,0.06289179427677229,0.05998364471622489,0.11752464300586063,0.13130792249503126,0.12841381521821388,0.14726792720332937,0.05529000225252129,0.05355034541819057,0.10282204369987191,0.13130792249503126,0.12841381521821388,0.14726792720332937,0.05529000225252129,0.05355034541819057,0.10282204369987191,1.0793501101188763,1.6955659356723503,0.5370007046648382,0.843581794012571,0.5370007046648382,814160,203540,81416,122124,0.75,,,,,,,,,0.007909715299736504,1
bayesfl_observability_v1,vi_sparse_bayesian_keep010_seed42,98,vi,279,22,125,,5,256,197.793159866333,0.14752969360351562,2.337624750040335,2.337624750040335,,,2.0308800523417005,0.01255577802658081,0.9992051161982148,2.0308800523417005,,-0.0,2.259365973874069,197.793159866333,292.2030937550419,2.337624750040335,0.0028712105114969233,0.14752969360351562,2.337624750040335,0.0025,50.945169334566444,0.08611633262443374,0.0865589901804924,0.09589306637644768,0.12179942429065704,1.4921288278856557,1.2471989865791386,3.0974122133688335,,,,,,,,,,,,,,,,,,1,update_snr,bayesian,0.1,20,101770,10177,0.1,0.11831866279484919,0.0636111488014793,0.060737513983217334,0.118315915146742,0.0636111488014793,0.060737513983217334,0.118315915146742,0.13218509101358997,0.12924839430515359,0.14800213406527793,0.05599182188902259,0.05394620811416718,0.10405406868229036,0.13218509101358997,0.12924839430515359,0.14800213406527793,0.05599182188902259,0.05394620811416718,0.10405406868229036,1.083774234257606,1.7175293872766113,0.5336475844587489,0.8457069561032021,0.5336475844587489,814160,203540,81416,122124,0.75,,,,,,,,,0.007911424697433236,125
bayesfl_observability_v1,vi_sparse_bayesian_keep010_seed42,98,vi,283,22,9,,5,256,114.69786541461944,5.928288576089674e-05,31.753554799975216,31.753554799975216,,,2.007110055103418,0.012543942779302597,0.9992239368280914,2.007110055103418,,-0.0,2.185987945410232,114.69786541461944,285.78199319977693,31.753554799975216,0.0028081162739488743,5.928288576089674e-05,31.753554799975216,0.0025,50.95526910102937,0.08611743042451045,0.08654970303177834,0.09584724754095078,0.12236633896827698,1.492440454991915,1.24646018376658,3.099456604392241,,,,,,,,,,,,,,,,,,1,update_snr,bayesian,0.1,20,101770,10177,0.1,0.11754735895333496,0.06278963574543146,0.059735148522450675,0.11754599881107639,0.06278963574543146,0.059735148522450675,0.11754599881107639,0.13140616550764742,0.1285676365362388,0.14757140617832207,0.05516557688296302,0.05318334455748556,0.1029092815130973,0.13140616550764742,0.1285676365362388,0.14757140617832207,0.05516557688296302,0.05318334455748556,0.1029092815130973,1.077569892166569,1.693320377481289,0.5368763359172383,0.8436609508161921,0.5368763359172383,814160,203540,81416,122124,0.75,,,,,,,,,0.007908890166439163,9
bayesfl_observability_v1,vi_sparse_bayesian_keep010_seed42,98,vi,286,22,1,,5,256,97.71337769031524,0.0003591130953282118,286.9950675815798,286.9950675815798,,,2.012645291141106,0.012523848563432693,0.9992195707780249,2.012645291141106,,-0.0,2.185987945410232,97.71337769031524,286.9950675815798,286.9950675815798,0.002820036037944186,0.0003591130953282118,286.9950675815798,0.0025,50.95291826323354,0.08611633838042272,0.08655119687318802,0.09587755724787712,0.12127440422773361,1.4924165923089954,1.2463564217516903,3.09533621170101,,,,,,,,,,,,,,,,,,1,update_snr,bayesian,0.1,20,101770,10177,0.1,0.11790810898520099,0.06292831796040048,0.05972934488990565,0.11790533219480781,0.06292831796040048,0.05972934488990565,0.11790533219480781,0.13159910986368276,0.1287868156916128,0.14710589732513407,0.0552982299711469,0.053251380459811815,0.103181376361807,0.13159910986368276,0.1287868156916128,0.14710589732513407,0.0552982299711469,0.053251380459811815,0.103181376361807,1.0804187532283405,1.698068427839405,0.5368152838376092,0.843699799121908,0.5368152838376092,814160,203540,81416,122124,0.75,,,,,,,,,0.007908251312834916,1
bayesfl_observability_v1,vi_sparse_bayesian_keep010_seed42,98,vi,76,6,70,,5,256,132.50616112947463,0.037099688393729076,4.079060308838387,4.079060308838387,,,2.0069744353785817,0.012553080916404724,0.9992237818234925,2.0069744353785817,,-0.0,2.311121424016332,132.50616112947463,285.53422161868707,4.079060308838387,0.0028056816509647938,0.037099688393729076,4.079060308838387,0.0025,50.94706642275423,0.08611612137206835,0.08654685318470001,0.09586340412497521,0.12360503524541855,1.4919993562264833,1.2468178873277556,3.098875571889688,,,,,,,,,,,,,,,,,,1,update_snr,bayesian,0.1,20,101770,10177,0.1,0.1173474981169362,0.06282962621332153,0.05970756741216021,0.11734661423539147,0.06282962621332153,0.05970756741216021,0.11734661423539147,0.13116103413787786,0.12839241018728495,0.14696759018653485,0.05523724755503751,0.05329817424534196,0.10272675921617648,0.13116103413787786,0.12839241018728495,0.14696759018653485,0.05523724755503751,0.05329817424534196,0.10272675921617648,1.0773809960066558,1.6932798273489487,0.5368184950514461,0.8436977559355608,0.5368184950514461,814160,203540,81416,122124,0.75,,,,,,,,,0.007911192427609673,70
bayesfl_observability_v1,vi_sparse_bayesian_keep010_seed42,98,vi,267,21,2,,5,256,119.44127464294434,2.0962412357330322,143.81352529932008,143.81352529932008,,,2.0139997377569707,0.012533947825431824,0.9992182938988936,2.0139997377569707,,-0.0,2.259365973874069,119.44127464294434,287.62705059864015,143.81352529932008,0.00282624595262494,2.0962412357330322,143.81352529932008,0.0025,50.94565791080622,0.08611785665006573,0.08655992150306702,0.09588177427649498,0.12203271687030792,1.4923104934146416,1.2468290976686909,3.095521469887198,,,,,,,,,,,,,,,,,,1,update_snr,bayesian,0.1,20,101770,10177,0.1,0.11772328009848763,0.06306109521209943,0.060112120918207876,0.11772198492893744,0.06306109521209943,0.060112120918207876,0.11772198492893744,0.1314840735961574,0.1286645404470418,0.1474638121354758,0.05545854205831521,0.053592866303120656,0.10319307553059966,0.1314840735961574,0.1286645404470418,0.1474638121354758,0.05545854205831521,0.053592866303120656,0.10319307553059966,1.079208545038313,1.7004422542390072,0.5358533691966851,0.8443110604040205,0.5358533691966851,814160,203540,81416,122124,0.75,,,,,,,,,0.007908740029161669,2
bayesfl_observability_v1,vi_sparse_bayesian_keep010_seed42,98,vi,38,3,2,,5,256,103.80618977546692,0.004341745749115944,143.76815549913223,143.76815549913223,,,2.0127319522597937,0.012538880109786987,0.9992196838993621,2.0127319522597937,,-0.0,2.311121424016332,103.80618977546692,287.53631099826447,143.76815549913223,0.0028253543381965653,0.004341745749115944,143.76815549913223,0.0025,50.95830481742589,0.08611676524835907,0.08653600513935089,0.09587086141109466,0.12309857457876205,1.4923631077848603,1.2448101488494734,3.098814805651516,,,,,,,,,,,,,,,,,,1,update_snr,bayesian,0.1,20,101770,10177,0.1,0.11775127387457794,0.06302806674867524,0.05992572581584124,0.11775042923785373,0.06302806674867524,0.05992572581584124,0.11775042923785373,0.13163581469514557,0.12882580856263373,0.1472344892972192,0.05540498364351185,0.053520694724725135,0.10310016227170732,0.13163581469514557,0.12882580856263373,0.1472344892972192,0.05540498364351185,0.053520694724725135,0.10310016227170732,1.0800201476230704,1.698424679629852,0.5365941283987062,0.8438404715158154,0.5365941283987062,814160,203540,81416,122124,0.75,,,,,,,,,0.007907065298488607,2
bayesfl_observability_v1,vi_sparse_bayesian_keep010_seed42,98,vi,46,3,2,,5,256,123.77173728942871,0.6307714581489563,143.57077208413276,143.57077208413276,,,2.0125525693389146,0.012547634541988373,0.9992193217804052,2.0125525693389146,,-0.0,2.4040642619438994,123.77173728942871,287.1415441682655,143.57077208413276,0.0028214753283704974,0.6307714581489563,143.57077208413276,0.0025,50.94236770302593,0.08611740216285567,0.08653581887483597,0.09588904678821564,0.12330270558595657,1.4918998314095546,1.2456621354014676,3.098039706930245,,,,,,,,,,,,,,,,,,1,update_snr,bayesian,0.1,20,101770,10177,0.1,0.1178069831857906,0.06298542701988434,0.06000139510655925,0.11780682357098674,0.06298542701988434,0.06000139510655925,0.11780682357098674,0.13162496127426865,0.12869527664472047,0.14739639005124514,0.05535881210273054,0.05339653437192844,0.10311461829176095,0.13162496127426865,0.12869527664472047,0.14739639005124514,0.05535881210273054,0.05339653437192844,0.10311461829176095,1.0811013483695922,1.6975239965626758,0.5371791847030924,0.8434681520494545,0.5371791847030924,814160,203540,81416,122124,0.75,,,,,,,,,0.00791394361143002,2
bayesfl_observability_v1,vi_sparse_bayesian_keep010_seed42,98,vi,246,19,85,,5,256,234.93928642272948,0.24171874102424173,3.461047900117795,3.461047900117795,,,2.0382648207064946,0.012527555227279663,0.9991994482274491,2.0382648207064946,,-0.0,2.3096097079310103,234.93928642272948,294.1890715100126,3.461047900117795,0.002890724884641963,0.24171874102424173,3.461047900117795,0.0025,50.949254713040546,0.08611908410283693,0.08655022457242012,0.09589250162243843,0.12217088043689728,1.4922590377439486,1.247007310842375,3.1009816994216135,,,,,,,,,,,,,,,,,,1,update_snr,bayesian,0.1,20,101770,10177,0.1,0.11855837620793604,0.06390934325469866,0.06128285993183372,0.11855646249583607,0.06390934325469866,0.06128285993183372,0.11855646249583607,0.13212661895236616,0.12928146095658968,0.147457293729249,0.05632964595495783,0.05472335729515707,0.10421897535198985,0.13212661895236616,0.12928146095658968,0.147457293729249,0.05632964595495783,0.05472335729515707,0.10421897535198985,1.0833427425058837,1.7265259863638056,0.5315024483081546,0.8470567557386212,0.5315024483081546,814160,203540,81416,122124,0.75,,,,,,,,,0.00791226777372105,85
bayesfl_observability_v1,vi_sparse_bayesian_keep010_seed42,98,vi,249,19,1,,5,256,111.87105083465576,0.0008056493825279176,286.2684746025578,286.2684746025578,,,2.010435080605175,0.01254303753376007,0.999220969952811,2.010435080605175,,-0.0,2.3163460082440825,111.87105083465576,286.2684746025578,286.2684746025578,0.00281289647835863,0.0008056493825279176,286.2684746025578,0.0025,50.942572082059336,0.08611794763009593,0.08654476702213287,0.09587754011154175,0.12267150729894638,1.4920477718160032,1.2453912236054503,3.1009861979247018,,,,,,,,,,,,,,,,,,1,update_snr,bayesian,0.1,20,101770,10177,0.1,0.11756970175207489,0.06288066775897697,0.05994471143510363,0.11756477728434014,0.06288066775897697,0.05994471143510363,0.11756477728434014,0.1312745214368923,0.12827138188338122,0.1473604854759936,0.055281350683653044,0.05344312775167637,0.10288594045770115,0.1312745214368923,0.12827138188338122,0.1473604854759936,0.055281350683653044,0.05344312775167637,0.10288594045770115,1.0792856402870177,1.6961697202810173,0.5368418262787845,0.8436829105520987,0.5368418262787845,814160,203540,81416,122124,0.75,,,,,,,,,0.007909879130147204,1
bayesfl_observability_v1,vi_sparse_bayesian_keep010_seed42,98,vi,201,16,28,,5,256,144.99448070526122,0.5087620871407645,10.299426270374022,10.299426270374022,,,2.0166968533157585,0.012541145086288452,0.999216086720705,2.0166968533157585,,-0.0,2.28098669344155,144.99448070526122,288.3839355704726,10.299426270374022,0.00283368316370711,0.5087620871407645,10.299426270374022,0.0025,50.94181515729081,0.08611462354119012,0.08653851971030235,0.09585694894194603,0.12199043482542038,1.4919875678736247,1.2462601317502857,3.1004686818981266,,,,,,,,,,,,,,,,,,1,update_snr,bayesian,0.1,20,101770,10177,0.1,0.11786085691570161,0.0631372396845343,0.06036313343714782,0.11785783065302424,0.0631372396845343,0.06036313343714782,0.11785783065302424,0.1316838863754585,0.1285993597177399,0.1475960773828056,0.05552094560776493,0.05382403120214693,0.10324698990235405,0.1316838863754585,0.1285993597177399,0.1475960773828056,0.05552094560776493,0.05382403120214693,0.10324698990235405,1.0805268922104225,1.7027999980572495,0.535790438921879,0.8443509966595056,0.535790438921879,814160,203540,81416,122124,0.75,,,,,,,,,0.007912059586904809,28
bayesfl_observability_v1,vi_sparse_bayesian_keep010_seed42,98,vi,208,16,1492,,5,256,765.4501791556676,0.014674662864559778,0.6433801692327943,0.6433801692327943,,,3.6683663029781983,0.04752457141876221,0.9974123447872653,3.6683663029781983,,0.2345060748432112,2.0889349747065498,765.4501791556676,959.923212495329,0.6433801692327943,0.009432280755579532,0.014674662864559778,0.6433801692327943,0.0025,51.02484116702176,0.08651317267525761,0.08691377565264702,0.09649502336978913,0.12583965063095093,1.4880719392566917,1.2403066644751872,3.0912851932619247,,,,,,,,,,,,,,,,,,1,update_snr,bayesian,0.1,20,101770,10177,0.1,0.22010916990295337,0.10762306269715395,0.09183051198880698,0.2201035989868103,0.10762306269715395,0.09183051198880698,0.2201035989868103,0.272873950497748,0.26069627529528355,0.33691933933170226,0.0892618529415324,0.08161013927842282,0.17728234733463483,0.272873950497748,0.26069627529528355,0.33691933933170226,0.0892618529415324,0.08161013927842282,0.17728234733463483,2.3585850256054757,2.8096241759024583,0.6429524291755259,0.7659061129259196,0.6429524291755259,814160,203540,81416,122124,0.75,,,,,,,,,0.008048605940414712,1492
bayesfl_observability_v1,vi_sparse_bayesian_keep010_seed42,98,vi,210,16,633,,5,256,409.1593965848287,0.021324523628982135,1.1175704758385552,1.1175704758385552,,,3.152670684846519,0.03434506058692932,0.9980871007380159,3.152670684846519,,-0.0,2.311121424016332,409.1593965848287,707.4221112058054,1.1175704758385552,0.006951185135165623,0.021324523628982135,1.1175704758385552,0.0025,50.99438881272106,0.08636233169994344,0.08678741380572319,0.09618922919034958,0.12333245575428009,1.48977958310395,1.2445009096291386,3.092246202585611,,,,,,,,,,,,,,,,,,1,update_snr,bayesian,0.1,20,101770,10177,0.1,0.19058170074300754,0.09378169509687825,0.08146614284189434,0.19057618064989196,0.09378169509687825,0.08146614284189434,0.19057618064989196,0.23170639783951189,0.2222193459658549,0.28053944209786513,0.07845672812547451,0.07241823424690733,0.15451334758169472,0.23170639783951189,0.2222193459658549,0.28053944209786513,0.07845672812547451,0.07241823424690733,0.15451334758169472,1.9785481184216565,2.4545223140523214,0.6275784299107592,0.7785533471193533,0.6275784299107592,814160,203540,81416,122124,0.75,,,,,,,,,0.007980559945948484,633
bayesfl_observability_v1,vi_sparse_bayesian_keep010_seed42,98,vi,62,5,333,,5,256,428.2958899497986,0.04363882219469225,1.7563883360810424,1.7563883360810424,,,2.8730247916888927,0.023827075958251953,0.9984115287067041,2.8730247916888927,,-0.0,2.4040642619438994,428.2958899497986,584.8773159149871,1.7563883360810424,0.005747050367642597,0.04363882219469225,1.7563883360810424,0.0025,50.99257843978923,0.08626117974840389,0.08669807761907578,0.09607107788324357,0.12250204384326935,1.4911494553411566,1.2454062165237885,3.0955932861911553,,,,,,,,,,,,,,,,,,1,update_snr,bayesian,0.1,20,101770,10177,0.1,0.1718266541078611,0.08758169365244033,0.07940200060636787,0.1718168887800737,0.08758169365244033,0.07940200060636787,0.1718168887800737,0.20120940064411855,0.19518563307929107,0.23579403344503416,0.0749563928755872,0.07074519601005919,0.14359184407574352,0.20120940064411855,0.19518563307929107,0.23579403344503416,0.0749563928755872,0.07074519601005919,0.14359184407574352,1.6937025795677945,2.320698822687777,0.5895189573258642,0.8077545412768842,0.5895189573258642,814160,203540,81416,122124,0.75,,,,,,,,,0.007945986703519444,333
bayesfl_observability_v1,vi_sparse_bayesian_keep010_seed42,98,vi,68,5,1,,5,256,121.3472762465477,0.10682997852563858,285.1352549269995,285.1352549269995,,,2.0046463748429235,0.012541405856609344,0.9992255945636892,2.0046463748429235,,-0.0,2.4040642619438994,121.3472762465477,285.1352549269995,285.1352549269995,0.0028017613729684533,0.10682997852563858,285.1352549269995,0.0025,50.94747483233332,0.08612088409923342,0.08654645457863808,0.09587598741054536,0.1222510039806366,1.4923951743770527,1.2451866572066346,3.102800985131759,,,,,,,,,,,,,,,,,,1,update_snr,bayesian,0.1,20,101770,10177,0.1,0.11730735008227955,0.06264147580900684,0.05937631588354213,0.11730170473348346,0.06264147580900684,0.05937631588354213,0.11730170473348346,0.131270422777554,0.128375602420134,0.14758142829727336,0.05501603725694605,0.05291189488881373,0.10295029178676447,0.131270422777554,0.128375602420134,0.14758142829727336,0.05501603725694605,0.05291189488881373,0.10295029178676447,1.0763846709471334,1.6911543774359892,0.5369449118084355,0.8436173076004498,0.5369449118084355,814160,203540,81416,122124,0.75,,,,,,,,,0.007910826712630629,1
bayesfl_observability_v1,vi_sparse_bayesian_keep010_seed42,99,vi,237,19,1,,5,256,122.56717009544373,3.7428481578826904,284.45992703663086,284.45992703663086,,,2.0084857819371145,0.012516558170318604,0.9992264836639716,2.0084857819371145,,-0.0,2.3163460082440825,122.56717009544373,284.45992703663086,284.45992703663086,0.0027951255481638093,3.7428481578826904,284.45992703663086,0.0025,51.07414440685381,0.08633460965246574,0.08678727596998215,0.09606752023100854,0.12302491813898087,1.4925112293092155,1.245260617620465,3.092106560467542,,,,,,,,,,,,,,,,,,1,update_snr,bayesian,0.1,20,101770,10177,0.1,0.1171009570396739,0.06267960567092123,0.05949679534291797,0.11709713484750846,0.06267960567092123,0.05949679534291797,0.11709713484750846,0.13095824781553134,0.12823933400779358,0.14679383346202035,0.05509308987707565,0.05317367659372863,0.10256749350490557,0.13095824781553134,0.12823933400779358,0.14679383346202035,0.05509308987707565,0.05317367659372863,0.10256749350490557,1.0784874310554338,1.6943671376944838,0.5369654297553803,0.8436042480023562,0.5369654297553803,814160,203540,81416,122124,0.75,,,,,,,,,0.007899687680398766,1
bayesfl_observability_v1,vi_sparse_bayesian_keep010_seed42,99,vi,92,7,1,,5,256,106.23960289955139,0.43356528878211975,286.24136428038656,286.24136428038656,,,2.014859150373868,0.01254996843636036,0.9992215738741915,2.014859150373868,,-0.0,2.3163460082440825,106.23960289955139,286.24136428038656,286.24136428038656,0.002812630090207198,0.43356528878211975,286.24136428038656,0.0025,51.0744443068236,0.08633780180822248,0.08678032085299492,0.09607442691922188,0.12369749695062637,1.4926557928697417,1.245536957093515,3.0947602928450535,,,,,,,,,,,,,,,,,,1,update_snr,bayesian,0.1,20,101770,10177,0.1,0.11744052253575851,0.06289963114168318,0.059917198106644025,0.11743936810113718,0.06289963114168318,0.059917198106644025,0.11743936810113718,0.1310092484351534,0.12825016706211842,0.14637667277981828,0.055331895886853145,0.0535523432919587,0.10303066906249247,0.1310092484351534,0.12825016706211842,0.14637667277981828,0.055331895886853145,0.0535523432919587,0.10303066906249247,1.0794433739095166,1.7013110821857793,0.5357413562676181,0.8443821404935883,0.5357413562676181,814160,203540,81416,122124,0.75,,,,,,,,,0.007903347704730404,1
bayesfl_observability_v1,vi_sparse_bayesian_keep010_seed42,99,vi,96,7,1,,5,256,106.31883878707886,0.0018447301117703319,284.37884272755406,284.37884272755406,,,2.0085920707169267,0.012541987001895905,0.9992269782854414,2.0085920707169267,,-0.0,2.259365973874069,106.31883878707886,284.37884272755406,284.37884272755406,0.002794328807384829,0.0018447301117703319,284.37884272755406,0.0025,51.09244099391087,0.08633428801287073,0.08679186925292015,0.0960692122578621,0.1235976442694664,1.4930589869275435,1.2440740705801838,3.096998623427579,,,,,,,,,,,,,,,,,,1,update_snr,bayesian,0.1,20,101770,10177,0.1,0.11721785100807222,0.06267317210967087,0.05972770079140374,0.11721508217548657,0.06267317210967087,0.05972770079140374,0.11721508217548657,0.1307325782550439,0.12784438176635315,0.14611531112129977,0.055111015871296104,0.05318297329737927,0.10259892391397787,0.1307325782550439,0.12784438176635315,0.14611531112129977,0.055111015871296104,0.05318297329737927,0.10259892391397787,1.078034205684137,1.6947815074285784,0.536711371811477,0.8437659055497815,0.536711371811477,814160,203540,81416,122124,0.75,,,,,,,,,0.007903118743838922,1
bayesfl_observability_v1,vi_sparse_bayesian_keep010_seed42,99,vi,147,11,1921,,5,256,745.7399658799171,0.06219754971172089,0.46165410065157997,0.46165410065157997,,,3.5173822949165374,0.05486390367150307,0.997632957005113,3.5173822949165374,,0.7419061377582201,1.6227932907659905,745.7399658799171,886.8375273516851,0.46165410065157997,0.008714135082555616,0.06219754971172089,0.46165410065157997,0.0025,51.15131035077152,0.08679357557347502,0.08717555180191994,0.09681351929903032,0.1235060766339302,1.487175687262205,1.2412889739792492,3.0883887300395485,,,,,,,,,,,,,,,,,,1,update_snr,bayesian,0.1,20,101770,10177,0.1,0.20991141501765173,0.10203609296847059,0.08652030167114155,0.20991102363435152,0.10203609296847059,0.08652030167114155,0.20991102363435152,0.26361178178778455,0.24963829376472818,0.3283864863386868,0.08408323865521349,0.07684397928586878,0.16735353160092165,0.26361178178778455,0.24963829376472818,0.3283864863386868,0.08408323865521349,0.07684397928586878,0.16735353160092165,2.3023613364031874,2.6591559723393585,0.6545667042592023,0.7560042524187598,0.6545667042592023,814160,203540,81416,122124,0.75,,,,,,,,,0.008087650767862855,1921
bayesfl_observability_v1,vi_sparse_bayesian_keep010_seed42,99,vi,162,13,1,,5,256,109.56386306285859,0.011699985712766647,285.48239197985174,285.48239197985174,,,2.0120503736479827,0.012521862983703613,0.9992240337274287,2.0120503736479827,,-0.0,2.185987945410232,109.56386306285859,285.48239197985174,285.48239197985174,0.002805172368869527,0.011699985712766647,285.48239197985174,0.0025,51.08411708950182,0.08633593236882021,0.0867721326649189,0.0960787482559681,0.12286671251058578,1.492767998621707,1.2460802392877286,3.094454631572724,,,,,,,,,,,,,,,,,,1,update_snr,bayesian,0.1,20,101770,10177,0.1,0.11742902294350367,0.06273034528205881,0.05971640874727868,0.1174266981708096,0.06273034528205881,0.05971640874727868,0.1174266981708096,0.13124363757488217,0.12848639867133568,0.14701306781173337,0.055117757249522885,0.053183912580137306,0.10281254936098498,0.13124363757488217,0.12848639867133568,0.14701306781173337,0.055117757249522885,0.053183912580137306,0.10281254936098498,1.08032067212585,1.6974256836381794,0.5369252610545511,0.8436298145759802,0.5369252610545511,814160,203540,81416,122124,0.75,,,,,,,,,0.007899996809308524,1
bayesfl_observability_v1,vi_sparse_bayesian_keep010_seed42,99,vi,166,13,9,,5,256,114.88235559463502,0.11740565299987793,31.670732707983607,31.670732707983607,,,2.0105378777783875,0.012523333542048931,0.9992250844127204,2.0105378777783875,,-0.0,2.3277319754160017,114.88235559463502,285.03659437185246,31.670732707983607,0.0028007919266173965,0.11740565299987793,31.670732707983607,0.0025,51.08039098319096,0.08633472342602341,0.0867760181427002,0.09608426913619042,0.12371966987848282,1.4924441403471842,1.2439519592527983,3.098760589962098,,,,,,,,,,,,,,,,,,1,update_snr,bayesian,0.1,20,101770,10177,0.1,0.11737848674036781,0.06273109374131301,0.0596060510217716,0.11737531779349891,0.06273109374131301,0.0596060510217716,0.11737531779349891,0.1310174968424318,0.12826301856439415,0.14663824099656053,0.05514371561896648,0.053239712216175045,0.1028053773997447,0.1310174968424318,0.12826301856439415,0.14663824099656053,0.05514371561896648,0.053239712216175045,0.1028053773997447,1.0795889266949275,1.6960985547247305,0.5369652263840242,0.84360437745092,0.5369652263840242,814160,203540,81416,122124,0.75,,,,,,,,,0.007903612300329403,9
bayesfl_observability_v1,vi_sparse_bayesian_keep010_seed42,99,vi,104,8,810,,5,256,484.7993636727333,0.010061604566412207,1.004106424724089,1.004106424724089,,,3.387970033856861,0.03815901279449463,0.9978046293842261,3.387970033856861,,0.008677115299901474,2.3068194974795277,484.7993636727333,813.3262040265121,1.004106424724089,0.00799180705538481,0.010061604566412207,1.004106424724089,0.0025,51.157432929761946,0.08665427454079493,0.08707189932465553,0.09655251279473305,0.12253019213676453,1.4895074438374483,1.2450171102172123,3.086970169749115,,,,,,,,,,,,,,,,,,1,update_snr,bayesian,0.1,20,101770,10177,0.1,0.20406536176285703,0.09962844432081495,0.08557690490846312,0.20405184089192857,0.09962844432081495,0.08557690490846312,0.20405184089192857,0.2510144040219476,0.2402104478549495,0.3070087612676694,0.0828077821318002,0.0757970330554694,0.16381996718729203,0.2510144040219476,0.2402104478549495,0.3070087612676694,0.0828077821318002,0.0757970330554694,0.16381996718729203,2.1642444017112124,2.6066045192882177,0.6388026989859291,0.769370594556547,0.6388026989859291,814160,203540,81416,122124,0.75,,,,,,,,,0.008005035897264303,810
bayesfl_observability_v1,vi_sparse_bayesian_keep010_seed42,99,vi,107,8,1372,,5,256,613.1979350765546,0.006248728939638889,0.6504794935252873,0.6504794935252873,,,3.5454186324482864,0.05333283543586731,0.9975959502216329,3.5454186324482864,,-0.0,2.3155014849272724,613.1979350765546,892.4578651166942,0.6504794935252873,0.008769360962137115,0.006248728939638889,0.6504794935252873,0.0025,51.16133656151147,0.08674121418940572,0.08715103566646576,0.09669398739933968,0.12493102997541428,1.4881855243259532,1.2426010445083016,3.0893191167412675,,,,,,,,,,,,,,,,,,1,update_snr,bayesian,0.1,20,101770,10177,0.1,0.21218083803503177,0.10294686305759436,0.08759945418746978,0.2121760524443233,0.10294686305759436,0.08759945418746978,0.2121760524443233,0.2653030400558581,0.25197129291235604,0.32966493378238965,0.08490728783556509,0.07735475800769104,0.1690680296851725,0.2653030400558581,0.25197129291235604,0.32966493378238965,0.08490728783556509,0.07735475800769104,0.1690680296851725,2.3165822196725734,2.6839225210144173,0.6534016035428964,0.757011455981726,0.6534016035428964,814160,203540,81416,122124,0.75,,,,,,,,,0.0080526274593651,1372
bayesfl_observability_v1,vi_sparse_bayesian_keep010_seed42,99,vi,63,5,4,,5,256,107.84322230815887,0.5022179484367371,71.61612877866828,71.61612877866828,,,2.014783541166948,0.012543939054012299,0.9992221175668236,2.014783541166948,,-0.0,2.3163460082440825,107.84322230815887,286.46451511467313,71.61612877866828,0.002814822787802625,0.5022179484367371,71.61612877866828,0.0025,51.09000042599268,0.08633551643270927,0.08679265156388283,0.09606313407421112,0.12370683252811432,1.4927351649981455,1.246177334603619,3.098447143347137,,,,,,,,,,,,,,,,,,1,update_snr,bayesian,0.1,20,101770,10177,0.1,0.1176402756073254,0.06287610015857559,0.05973923681719448,0.11764013687929092,0.06287610015857559,0.05973923681719448,0.11764013687929092,0.13133339260046484,0.12854727072653432,0.14716555450896157,0.055269734331699,0.05325668093980036,0.1029636019821559,0.13133339260046484,0.12854727072653432,0.14716555450896157,0.055269734331699,0.05325668093980036,0.1029636019821559,1.0803922930479737,1.7006190669517294,0.5362324393528737,0.8440703590256365,0.5362324393528737,814160,203540,81416,122124,0.75,,,,,,,,,0.00789991451708566,4
bayesfl_observability_v1,vi_sparse_bayesian_keep010_seed42,99,vi,210,16,633,,5,256,443.19514329036076,0.010178624218297419,1.1495991588681351,1.1495991588681351,,,3.208817314644065,0.03299655020236969,0.9980301845037979,3.208817314644065,,-0.0,2.311121424016332,443.19514329036076,727.6962675635295,1.1495991588681351,0.007150400585275911,0.010178624218297419,1.1495991588681351,0.0025,51.14818334730703,0.08657216247849454,0.08702053502202034,0.09639686420559883,0.12427245825529099,1.490837430186169,1.246969894485741,3.0938323098530773,,,,,,,,,,,,,,,,,,1,update_snr,bayesian,0.1,20,101770,10177,0.1,0.1922341955705188,0.09585786818812513,0.08436063296692094,0.19223024910147676,0.09585786818812513,0.08436063296692094,0.19223024910147676,0.23221756489587175,0.22325381561862997,0.2795972111616252,0.08070679077615331,0.07520882453509278,0.1575174642145921,0.23221756489587175,0.22325381561862997,0.2795972111616252,0.08070679077615331,0.07520882453509278,0.1575174642145921,1.9858913777798872,2.5204650353494435,0.6188857710025697,0.7854810006935605,0.6188857710025697,814160,203540,81416,122124,0.75,,,,,,,,,0.007971530042835654,633
bayesfl_observability_v1,vi_sparse_bayesian_keep010_seed42,99,vi,226,18,1,,5,256,102.62079644203186,0.00012444675667211413,286.34704727665184,286.34704727665184,,,2.0150106968623356,0.012516185641288757,0.9992217483800501,2.0150106968623356,,-0.0,2.259365973874069,102.62079644203186,286.34704727665184,286.34704727665184,0.002813668539615327,0.00012444675667211413,286.34704727665184,0.0025,51.08414072789108,0.08633544998315014,0.0867851972579956,0.09607450291514397,0.12325900793075562,1.492612766999212,1.2438250821595997,3.0961041839030305,,,,,,,,,,,,,,,,,,1,update_snr,bayesian,0.1,20,101770,10177,0.1,0.11746867971648901,0.06285832336549266,0.06002281424625867,0.11746794372316992,0.06285832336549266,0.06002281424625867,0.11746794372316992,0.13120938601147722,0.12840427522028228,0.14675832138919345,0.05526376084927213,0.053445879528971285,0.10290113648592261,0.13120938601147722,0.12840427522028228,0.14675832138919345,0.05526376084927213,0.053445879528971285,0.10290113648592261,1.0798937977961638,1.7012047184131063,0.5359245980568318,0.8442658498350054,0.5359245980568318,814160,203540,81416,122124,0.75,,,,,,,,,0.007902831902630126,1
bayesfl_observability_v1,vi_sparse_bayesian_keep010_seed42,99,vi,230,18,1,,5,256,99.52042641043663,0.013192862272262573,286.73869421044685,286.73869421044685,,,2.0160879036549164,0.012540057301521301,0.9992208880620033,2.0160879036549164,,-0.0,2.28098669344155,99.52042641043663,286.73869421044685,286.73869421044685,0.0028175168930966578,0.013192862272262573,286.73869421044685,0.0025,51.08327184439501,0.08633418665602005,0.08679185435175896,0.09607319086790085,0.12273508310317993,1.4926946008341047,1.2471580879492103,3.0955381803449495,,,,,,,,,,,,,,,,,,1,update_snr,bayesian,0.1,20,101770,10177,0.1,0.11750414420185355,0.06298013288383748,0.06014081943456956,0.11750083528317819,0.06298013288383748,0.06014081943456956,0.11750083528317819,0.13107857167391745,0.1282676557961315,0.14664344551331276,0.0554136396849397,0.05357818666566002,0.10302556991200075,0.13107857167391745,0.1282676557961315,0.14664344551331276,0.0554136396849397,0.05357818666566002,0.10302556991200075,1.0789889642889108,1.7030540949149033,0.5351894440380491,0.8447320634320945,0.5351894440380491,814160,203540,81416,122124,0.75,,,,,,,,,0.00790250835919162,1
bayesfl_observability_v1,vi_sparse_bayesian_keep010_seed42,99,vi,275,22,35,,5,256,175.58551859855652,0.4016050066266741,8.25215339554155,8.25215339554155,,,2.0224418432276114,0.012527834624052048,0.9992156484354064,2.0224418432276114,,-0.0,2.28098669344155,175.58551859855652,288.8253688439542,8.25215339554155,0.002838020721666053,0.4016050066266741,8.25215339554155,0.0025,51.072523501732135,0.08633695918569938,0.08678293973207474,0.09606199786067009,0.12339615821838379,1.4924112214833027,1.2449278812024782,3.097209658933392,,,,,,,,,,,,,,,,,,1,update_snr,bayesian,0.1,20,101770,10177,0.1,0.11785918226034378,0.0631951757668663,0.0604240958284559,0.11785851947945097,0.0631951757668663,0.0604240958284559,0.11785851947945097,0.13136443110697818,0.1286386740882287,0.14688387239447723,0.05562081406240942,0.053841978772476116,0.10343230571953045,0.13136443110697818,0.1286386740882287,0.14688387239447723,0.05562081406240942,0.053841978772476116,0.10343230571953045,1.0794357138247028,1.7102893173254798,0.5337289264654618,0.8456556232025105,0.5337289264654618,814160,203540,81416,122124,0.75,,,,,,,,,0.007901360123360584,35
bayesfl_observability_v1,vi_sparse_bayesian_keep010_seed42,99,vi,287,23,1,,5,256,119.9344690322876,0.0003591130953282118,284.00637556437704,284.00637556437704,,,2.0072243446374665,0.012539222836494446,0.9992275775661019,2.0072243446374665,,-0.0,2.259365973874069,119.9344690322876,284.00637556437704,284.00637556437704,0.002790668915833517,0.0003591130953282118,284.00637556437704,0.0025,51.078391079555885,0.08633277871492887,0.08678563311696053,0.09608060345053673,0.12432370334863663,1.492571180937615,1.2449638195687538,3.0944305113336195,,,,,,,,,,,,,,,,,,1,update_snr,bayesian,0.1,20,101770,10177,0.1,0.11747856063749118,0.06260543174496486,0.05952023663402105,0.11747848361493399,0.06260543174496486,0.05952023663402105,0.11747848361493399,0.131016016626584,0.12823173511338218,0.14637507724657658,0.05500425564700718,0.05314985540600447,0.10245282934240517,0.131016016626584,0.12823173511338218,0.14637507724657658,0.05500425564700718,0.05314985540600447,0.10245282934240517,1.0789900017313514,1.6925513717075433,0.5375532658389676,0.8432297945316334,0.5375532658389676,814160,203540,81416,122124,0.75,,,,,,,,,0.007903600093713083,1
bayesfl_observability_v1,vi_sparse_bayesian_keep010_seed42,99,vi,223,17,1,,5,256,121.08581557273865,2.7021102905273438,284.6387756221635,284.6387756221635,,,2.008126044884858,0.01254044845700264,0.9992270053359329,2.008126044884858,,-0.0,2.311121424016332,121.08581557273865,284.6387756221635,284.6387756221635,0.0027968829283891473,2.7021102905273438,284.6387756221635,0.0025,51.08240985722202,0.08633397136813703,0.08677374571561813,0.09606188237667085,0.124249167740345,1.4928147977956567,1.2443932459341651,3.0980083231046516,,,,,,,,,,,,,,,,,,1,update_snr,bayesian,0.1,20,101770,10177,0.1,0.11725297542807339,0.06268000212523478,0.059700985526957906,0.11725223290138762,0.06268000212523478,0.059700985526957906,0.11725223290138762,0.13112520624512383,0.12840164126182058,0.14674903202438264,0.05507497944524713,0.05321874437778961,0.10259286564341476,0.13112520624512383,0.12840164126182058,0.14674903202438264,0.05507497944524713,0.05321874437778961,0.10259286564341476,1.0790347485274965,1.6935921066228157,0.5373341734579048,0.8433694244127604,0.5373341734579048,814160,203540,81416,122124,0.75,,,,,,,,,0.007902410210459362,1
bayesfl_observability_v1,vi_sparse_bayesian_keep010_seed42,100,vi,19,1,279,,5,256,323.21795120239256,0.07076370149290048,1.9196850544647803,1.9196850544647803,,,2.7608642958056246,0.024112902581691742,0.998550969453415,2.7608642958056246,,0.3705115655529096,1.9463369459516098,323.21795120239256,535.5921301956737,1.9196850544647803,0.00526277026820943,0.07076370149290048,1.9196850544647803,0.0025,51.3036447482636,0.08675308435206518,0.08718639984726906,0.09654618799686433,0.12409339100122452,1.4922890391033534,1.2501702169421165,3.089994529263958,,,,,,,,,,,,,,,,,,1,update_snr,bayesian,0.1,20,101770,10177,0.1,0.16530406043401258,0.08318858085189829,0.07420013228483974,0.1652897392386035,0.08318858085189829,0.07420013228483974,0.1652897392386035,0.19557003928233285,0.189776770464835,0.23011818367750422,0.07070175213740554,0.06638363892355742,0.1366894770162877,0.19557003928233285,0.189776770464835,0.23011818367750422,0.07070175213740554,0.06638363892355742,0.1366894770162877,1.6604140620146361,2.2057644485570913,0.6014109655940639,0.7989398290630021,0.6014109655940639,814160,203540,81416,122124,0.75,,,,,,,,,0.00794329024829276,279
bayesfl_observability_v1,vi_sparse_bayesian_keep010_seed42,100,vi,24,1,142,,5,256,130.87195711135865,0.023997182577428684,1.9945079264885652,1.9945079264885652,,,2.0097297950955366,0.012532256543636322,0.9992315621102907,2.0097297950955366,,0.40519466481919386,1.9096930536110042,130.87195711135865,283.2201255613763,1.9945079264885652,0.0027829431616525134,0.023997182577428684,1.9945079264885652,0.0025,51.27451489308294,0.08660768896218331,0.08706059679389,0.09634226262569427,0.12390441447496414,1.493586201162171,1.2503099940665765,3.0914951298859616,,,,,,,,,,,,,,,,,,1,update_snr,bayesian,0.1,20,101770,10177,0.1,0.1169143882201173,0.0624865521706608,0.05952728069115693,0.116909153737745,0.0624865521706608,0.05952728069115693,0.116909153737745,0.13070306651711158,0.12787058102804727,0.14625445343791255,0.05490693946549961,0.05293398045973192,0.102473083966563,0.13070306651711158,0.12787058102804727,0.14625445343791255,0.05490693946549961,0.05293398045973192,0.102473083966563,1.078729997912337,1.695687306344776,0.5367537469687846,0.8437389496253987,0.5367537469687846,814160,203540,81416,122124,0.75,,,,,,,,,0.007913046990108516,142
bayesfl_observability_v1,vi_sparse_bayesian_keep010_seed42,100,vi,120,9,935,,5,256,489.05583382844924,0.019704440092657975,0.8786675224549525,0.8786675224549525,,,3.4146904507526674,0.039981842041015625,0.9977876647610353,3.4146904507526674,,0.007653727565891914,2.2517606506762466,489.05583382844924,821.5541334953806,0.8786675224549525,0.008072655335515187,0.019704440092657975,0.8786675224549525,0.0025,51.36256002251222,0.08691790254973845,0.08736514672636986,0.09680757820606231,0.12425176054239273,1.4910106941500794,1.2424080149424364,3.08765327634242,,,,,,,,,,,,,,,,,,1,update_snr,bayesian,0.1,20,101770,10177,0.1,0.20404458398595274,0.1002930242831155,0.08626750493680126,0.2040427128369227,0.1002930242831155,0.08626750493680126,0.2040427128369227,0.2517522030359407,0.24068319061053162,0.30957367760683785,0.08346422664391268,0.07668014098123248,0.16491341627512662,0.2517522030359407,0.24068319061053162,0.30957367760683785,0.08346422664391268,0.07668014098123248,0.16491341627512662,2.172936239919502,2.63409547505514,0.6363494059734002,0.7714009550922929,0.6363494059734002,814160,203540,81416,122124,0.75,,,,,,,,,0.008010068992852996,935
bayesfl_observability_v1,vi_sparse_bayesian_keep010_seed42,100,vi,9,0,1,,5,256,117.45384809970855,0.33533865213394165,283.9481660359592,283.9481660359592,,,2.0127096555272974,0.01253223605453968,0.99922921436525,2.0127096555272974,,-0.0,2.3292713582565514,117.45384809970855,283.9481660359592,283.9481660359592,0.002790096944442952,0.33533865213394165,283.9481660359592,0.0025,51.27232553098324,0.08660164396758543,0.08704623952507973,0.09633302018046379,0.12401345372200012,1.4936482797800732,1.2472206523017249,3.097194675485702,,,,,,,,,,,,,,,,,,1,update_snr,bayesian,0.1,20,101770,10177,0.1,0.11698624337149316,0.06265741124000018,0.05975308751530156,0.11698572975324695,0.06265741124000018,0.05975308751530156,0.11698572975324695,0.13054539705419643,0.1278251048435715,0.14620453077904663,0.0551143017050895,0.05321159144410588,0.10254211621396493,0.13054539705419643,0.1278251048435715,0.14620453077904663,0.0551143017050895,0.05321159144410588,0.10254211621396493,1.077933614607052,1.6997232951139403,0.5355633941770159,0.8444950271124129,0.5355633941770159,814160,203540,81416,122124,0.75,,,,,,,,,0.00790967323849627,1
bayesfl_observability_v1,vi_sparse_bayesian_keep010_seed42,100,vi,261,20,20,,5,256,140.05505685806276,0.2527336597442627,14.179176047280816,14.179176047280816,,,2.010221570619873,0.012539312243461609,0.9992310929879593,2.010221570619873,,-0.0,2.311121424016332,140.05505685806276,283.5835209456163,14.179176047280816,0.0027865139131926535,0.2527336597442627,14.179176047280816,0.0025,51.271429811639344,0.0866040863961324,0.08706513792276382,0.09636141285300255,0.12401039898395538,1.4936950338359851,1.2483290398578935,3.0935627513235238,,,,,,,,,,,,,,,,,,1,update_snr,bayesian,0.1,20,101770,10177,0.1,0.11689256179877015,0.06254795197599307,0.059538873420205946,0.11689136245795455,0.06254795197599307,0.059538873420205946,0.11689136245795455,0.1307936399014007,0.1279295355378774,0.14657849119964134,0.05496509776205888,0.05297131906885252,0.10253716695854243,0.1307936399014007,0.1279295355378774,0.14657849119964134,0.05496509776205888,0.05297131906885252,0.10253716695854243,1.0784308673974714,1.696460322916445,0.5364736321404241,0.843917082430532,0.5364736321404241,814160,203540,81416,122124,0.75,,,,,,,,,0.007910655180342587,20
bayesfl_observability_v1,vi_sparse_bayesian_keep010_seed42,100,vi,162,13,1,,5,256,111.98765592575073,0.015784086659550667,283.48012178288724,283.48012178288724,,,2.0100284352129667,0.012535631656646729,0.9992313104555961,2.0100284352129667,,-0.0,2.185987945410232,111.98765592575073,283.48012178288724,283.48012178288724,0.002785497904911931,0.015784086659550667,283.48012178288724,0.0025,51.2737562031063,0.08660701495006211,0.08705826476216316,0.09636597037315368,0.12316423654556274,1.4934256256257403,1.2474735668189525,3.0926540485558767,,,,,,,,,,,,,,,,,,1,update_snr,bayesian,0.1,20,101770,10177,0.1,0.11714749734346354,0.06245231967201768,0.0592077746193074,0.11714497776114746,0.06245231967201768,0.0592077746193074,0.11714497776114746,0.130944284918106,0.12806037453318028,0.14666867081495655,0.054842101311341186,0.05272505383295489,0.10278324804538148,0.130944284918106,0.12806037453318028,0.14666867081495655,0.054842101311341186,0.05272505383295489,0.10278324804538148,1.0800484040390341,1.6952019806788297,0.537329912909715,0.8433721389116664,0.537329912909715,814160,203540,81416,122124,0.75,,,,,,,,,0.007913645472190546,1
bayesfl_observability_v1,vi_sparse_bayesian_keep010_seed42,100,vi,217,17,1,,5,256,111.04281561374664,0.06882904469966888,281.88800770445533,281.88800770445533,,,2.0051847456817997,0.012528963387012482,0.9992347750773695,2.0051847456817997,,-0.0,2.311121424016332,111.04281561374664,281.88800770445533,281.88800770445533,0.0027698536671362417,0.06882904469966888,281.88800770445533,0.0025,51.26550912559662,0.08660469258520187,0.08704687282443047,0.09633435904979706,0.12308717519044876,1.493582350997337,1.2483347159929212,3.094846671341706,,,,,,,,,,,,,,,,,,1,update_snr,bayesian,0.1,20,101770,10177,0.1,0.1168395606489463,0.062371950920342555,0.05932313557615952,0.11683932668979116,0.062371950920342555,0.05932313557615952,0.11683932668979116,0.13034459993201955,0.12773541233961097,0.14579264040152323,0.05481943436348956,0.05291095698112737,0.10216113941707479,0.13034459993201955,0.12773541233961097,0.14579264040152323,0.05481943436348956,0.05291095698112737,0.10216113941707479,1.0757837958394618,1.6921746626528313,0.5365010870724909,0.8438996288481443,0.5365010870724909,814160,203540,81416,122124,0.75,,,,,,,,,0.007908406216387647,1
bayesfl_observability_v1,vi_sparse_bayesian_keep010_seed42,100,vi,68,5,1,,5,256,110.78697726130486,0.008758344687521458,283.514878539296,283.514878539296,,,2.0103975908498484,0.012542381882667542,0.9992310157221053,2.0103975908498484,,-0.0,2.4040642619438994,110.78697726130486,283.514878539296,283.514878539296,0.002785839427525754,0.008758344687521458,283.514878539296,0.0025,51.27335240939576,0.08660509074526855,0.08706086501479149,0.09635845348238944,0.1236468032002449,1.493730545294608,1.2473434060662454,3.095089097868414,,,,,,,,,,,,,,,,,,1,update_snr,bayesian,0.1,20,101770,10177,0.1,0.11692351738337256,0.06255810791746534,0.0597202511580341,0.11692111259651637,0.06255810791746534,0.0597202511580341,0.11692111259651637,0.13075768992912548,0.12787980345127825,0.14669563205563788,0.05498037658283645,0.05329976605844475,0.10228390089732259,0.13075768992912548,0.12787980345127825,0.14669563205563788,0.05498037658283645,0.05329976605844475,0.10228390089732259,1.0779824307794135,1.6969538450487636,0.5362036025539215,0.8440886781661016,0.5362036025539215,814160,203540,81416,122124,0.75,,,,,,,,,0.007912660728621236,1
bayesfl_observability_v1,vi_sparse_bayesian_keep010_seed42,100,vi,54,4,1,,5,256,131.3357374191284,11.27798080444336,282.47867701484745,282.47867701484745,,,2.0074667674835385,0.012521535158157349,0.9992333792455947,2.0074667674835385,,-0.0,2.3096097079310103,131.3357374191284,282.47867701484745,282.47867701484745,0.0027756576300957793,11.27798080444336,282.47867701484745,0.0025,51.277299899347284,0.08660266462080579,0.08703742176294327,0.0963375359773636,0.12428738176822662,1.4936570705941816,1.2484423718947122,3.0927306508354406,,,,,,,,,,,,,,,,,,1,update_snr,bayesian,0.1,20,101770,10177,0.1,0.11670132293806702,0.06247333117515447,0.059513193276692966,0.11670117087509332,0.06247333117515447,0.059513193276692966,0.11670117087509332,0.13049749556912701,0.12768930337655368,0.14593252768732695,0.0549150906869353,0.05301742155262639,0.10223779046008677,0.13049749556912701,0.12768930337655368,0.14593252768732695,0.0549150906869353,0.05301742155262639,0.10223779046008677,1.0777054977483984,1.6936568963853589,0.5368484874593251,0.8436786719555233,0.5368484874593251,814160,203540,81416,122124,0.75,,,,,,,,,0.007911232140977381,1
bayesfl_observability_v1,vi_sparse_bayesian_keep010_seed42,100,vi,56,4,308,,5,256,344.3354210019112,0.012749462352170572,1.8056064667768525,1.8056064667768525,,,2.8143413163661024,0.02400866150856018,0.9984942980382786,2.8143413163661024,,-0.0,2.3292713582565514,344.3354210019112,556.1267917672706,1.8056064667768525,0.005464545462977995,0.012749462352170572,1.8056064667768525,0.0025,51.30441849880539,0.0867506855401629,0.08719361573457718,0.09651877880096436,0.12558197975158691,1.4923988171589055,1.2466050480516153,3.0891467989544026,,,,,,,,,,,,,,,,,,1,update_snr,bayesian,0.1,20,101770,10177,0.1,0.16837067336474137,0.08500172569583893,0.07654582922409209,0.1683653018847626,0.08500172569583893,0.07654582922409209,0.1683653018847626,0.19794974609132163,0.19185426610875836,0.2317947943596096,0.07245194565189642,0.06830863886423795,0.139650630197945,0.19794974609132163,0.19185426610875836,0.2317947943596096,0.07245194565189642,0.06830863886423795,0.139650630197945,1.6776029892341757,2.259682556360045,0.5960908079906628,0.8029170247472909,0.5960908079906628,814160,203540,81416,122124,0.75,,,,,,,,,0.007947257703683305,308
bayesfl_observability_v1,vi_sparse_bayesian_keep010_seed42,100,vi,58,4,1,,5,256,110.14378880262375,0.03960917890071869,283.52369175848156,283.52369175848156,,,2.0111196434270497,0.012523658573627472,0.9992306474768163,2.0111196434270497,,-0.0,2.3292713582565514,110.14378880262375,283.52369175848156,283.52369175848156,0.0027859260269085346,0.03960917890071869,283.52369175848156,0.0025,51.279232328341635,0.08660829132851998,0.08706984296441078,0.0963435061275959,0.12330900132656097,1.4937229919993937,1.248185563532057,3.0908465060010255,,,,,,,,,,,,,,,,,,1,update_snr,bayesian,0.1,20,101770,10177,0.1,0.11699124199573385,0.0625659629920215,0.059801547252630254,0.11698776191638177,0.0625659629920215,0.059801547252630254,0.11698776191638177,0.13076868879505382,0.12814905777405022,0.14639116351241277,0.05498788234724012,0.05337175854591398,0.10237307830657781,0.13076868879505382,0.12814905777405022,0.14639116351241277,0.05498788234724012,0.05337175854591398,0.10237307830657781,1.0804422491674628,1.696244901655448,0.537234198223202,0.8434331130916511,0.537234198223202,814160,203540,81416,122124,0.75,,,,,,,,,0.007912856046858738,1
bayesfl_observability_v1,vi_sparse_bayesian_keep010_seed42,100,vi,125,10,1,,5,256,106.41065594553947,0.022991742938756943,284.38381582661594,284.38381582661594,,,2.014469713081879,0.012519150972366333,0.9992279524818135,2.014469713081879,,-0.0,2.311121424016332,106.41065594553947,284.38381582661594,284.38381582661594,0.0027943776734461623,0.022991742938756943,284.38381582661594,0.0025,51.275190925095046,0.086605175144343,0.08705362305045128,0.0963362380862236,0.1235918253660202,1.4935598876633849,1.2485277943916917,3.090650349108975,,,,,,,,,,,,,,,,,,1,update_snr,bayesian,0.1,20,101770,10177,0.1,0.11718684176347487,0.06269490671444992,0.059669616608492265,0.11718411643744983,0.06269490671444992,0.059669616608492265,0.11718411643744983,0.13076936321270125,0.12786806272875034,0.14653524590221167,0.055131078214644205,0.05329629728359802,0.10255254261832435,0.13076936321270125,0.12786806272875034,0.14653524590221167,0.055131078214644205,0.05329629728359802,0.10255254261832435,1.080010854243163,1.7004895705769978,0.5361266278810842,0.844137571061055,0.5361266278810842,814160,203540,81416,122124,0.75,,,,,,,,,0.007910867488583941,1
bayesfl_observability_v1,vi_sparse_bayesian_keep010_seed42,100,vi,128,10,1025,,5,256,623.4306149630248,0.014697982392660002,0.8656876608349612,0.8656876608349612,,,3.5462372638739748,0.044782526791095734,0.9976131339755397,3.5462372638739748,,0.10892171136653514,2.2170760364031934,623.4306149630248,887.3298523558352,0.8656876608349612,0.008718972706650636,0.014697982392660002,0.8656876608349612,0.0025,51.35681243553303,0.08697214841178637,0.0873989462852478,0.09689633026719094,0.12378876656293869,1.4900123779594838,1.2450706331946688,3.092464717616922,,,,,,,,,,,,,,,,,,1,update_snr,bayesian,0.1,20,101770,10177,0.1,0.21183399040451048,0.10374226083220725,0.08893618907385684,0.21182969592306075,0.10374226083220725,0.08893618907385684,0.21182969592306075,0.2625104515678491,0.2497393682256001,0.3255504626673974,0.08610135075046929,0.07897053777694883,0.1698449296594787,0.2625104515678491,0.2497393682256001,0.3255504626673974,0.08610135075046929,0.07897053777694883,0.1698449296594787,2.2813277880368075,2.7150215938771978,0.643309406078668,0.7656063009476298,0.643309406078668,814160,203540,81416,122124,0.75,,,,,,,,,0.008036815428907114,1025
bayesfl_observability_v1,vi_sparse_bayesian_keep010_seed42,100,vi,130,10,1,,5,256,108.08015846014023,0.0032548329327255487,283.2235189388899,283.2235189388899,,,2.010439113457797,0.012537539005279541,0.9992308829299392,2.010439113457797,,-0.0,2.311121424016332,108.08015846014023,283.2235189388899,283.2235189388899,0.002782976505246044,0.0032548329327255487,283.2235189388899,0.0025,51.26993928833834,0.08660598472851579,0.08704899623990059,0.0963548943400383,0.12352489680051804,1.493358688822984,1.2478059749894093,3.0950648169425734,,,,,,,,,,,,,,,,,,1,update_snr,bayesian,0.1,20,101770,10177,0.1,0.11684037703847305,0.06254302293537892,0.05968867751266923,0.1168396564313362,0.06254302293537892,0.05968867751266923,0.1168396564313362,0.13046696686567463,0.12762705554796364,0.14593739415604795,0.05499591805423494,0.05313023301151816,0.1022757816155588,0.13046696686567463,0.12762705554796364,0.14593739415604795,0.05499591805423494,0.05313023301151816,0.1022757816155588,1.0770663152946527,1.6975846315805796,0.5357368487733923,0.8443850003797767,0.5357368487733923,814160,203540,81416,122124,0.75,,,,,,,,,0.007910849441111303,1
bayesfl_observability_v1,vi_sparse_bayesian_keep010_seed42,100,vi,105,8,1,,5,256,127.47775793075562,9.199573516845703,282.49896954727785,282.49896954727785,,,2.0070886599591473,0.01253385841846466,0.9992335859496202,2.0070886599591473,,-0.0,2.3096097079310103,127.47775793075562,282.49896954727785,282.49896954727785,0.0027758570261106207,9.199573516845703,282.49896954727785,0.0025,51.27466474361768,0.08660326127112615,0.08704748377203941,0.09635222479701042,0.12212589383125305,1.4937740073633115,1.2481523049315102,3.0940146007451554,,,,,,,,,,,,,,,,,,1,update_snr,bayesian,0.1,20,101770,10177,0.1,0.1170973763376477,0.062405048881243826,0.05923636577925967,0.11709609364358542,0.062405048881243826,0.05923636577925967,0.11709609364358542,0.13067149095316016,0.1278712252795459,0.14617710199816314,0.05481988865103089,0.05277179150870015,0.10223198937789585,0.13067149095316016,0.1278712252795459,0.14617710199816314,0.05481988865103089,0.05277179150870015,0.10223198937789585,1.0786076141897498,1.6926341907064573,0.5373990873984132,0.8433280624189813,0.5373990873984132,814160,203540,81416,122124,0.75,,,,,,,,,0.007911562034519497,1
bayesfl_observability_v1,vi_sparse_bayesian_keep010_seed42,101,vi,28,2,568,,5,256,389.88002836803594,0.0015213679928909724,1.225177007129554,1.225177007129554,,,3.1528024485711037,0.03275955468416214,0.9981235784994419,3.1528024485711037,,0.08787175099597194,2.241159561925204,389.88002836803594,695.9005400495867,1.225177007129554,0.006837973273553961,0.0015213679928909724,1.225177007129554,0.0025,51.489510874365514,0.08708208710521861,0.08751338347792625,0.09691565111279488,0.12492381036281586,1.4914954776358988,1.2494636693211587,3.0914810899656526,,,,,,,,,,,,,,,,,,1,update_snr,bayesian,0.1,20,101770,10177,0.1,0.18866786080824433,0.09317189609867764,0.080975292003657,0.18866643972511205,0.09317189609867764,0.080975292003657,0.18866643972511205,0.22893810616882357,0.22071637057350804,0.2763125644125534,0.07808676164643918,0.07195545414287476,0.15373401997434696,0.22893810616882357,0.22071637057350804,0.2763125644125534,0.07808676164643918,0.07195545414287476,0.15373401997434696,1.9688145862926678,2.462505310556143,0.6244649382281987,0.7810528413133486,0.6244649382281987,814160,203540,81416,122124,0.75,,,,,,,,,0.007976654936928645,568
bayesfl_observability_v1,vi_sparse_bayesian_keep010_seed42,101,vi,61,4,19,,5,256,102.34264853000641,0.025971814205772,14.880389372336804,14.880389372336804,,,2.013396546004922,0.012510091066360474,0.9992337400839605,2.013396546004922,,0.19144408195771734,2.068951449990993,102.34264853000641,282.7273980743993,14.880389372336804,0.0027781015827296773,0.025971814205772,14.880389372336804,0.0025,51.44100902277937,0.0868347486308112,0.0872841440141201,0.09658627361059188,0.12400052696466446,1.4943615942493613,1.2487202303907492,3.0950193412936575,,,,,,,,,,,,,,,,,,1,update_snr,bayesian,0.1,20,101770,10177,0.1,0.11685047435658287,0.06249080926883038,0.05952405580986907,0.11684677303626445,0.06249080926883038,0.05952405580986907,0.11684677303626445,0.1304071314271486,0.12758263470563336,0.14570768657531072,0.05494455125123946,0.05313132367205973,0.10235172438280156,0.1304071314271486,0.12758263470563336,0.14570768657531072,0.05494455125123946,0.05313132367205973,0.10235172438280156,1.080086632815429,1.6991699494394261,0.5364500276702018,0.8439320872040834,0.5364500276702018,814160,203540,81416,122124,0.75,,,,,,,,,0.007906783595522734,19
bayesfl_observability_v1,vi_sparse_bayesian_keep010_seed42,101,vi,191,15,1,,5,256,107.04480763673783,0.10137146711349487,282.5254705512608,282.5254705512608,,,2.0133391564603005,0.012537628412246704,0.9992338301468354,2.0133391564603005,,-0.0,2.3096097079310103,107.04480763673783,282.5254705512608,282.5254705512608,0.0027761174270537568,0.10137146711349487,282.5254705512608,0.0025,51.442548094908496,0.08683367798948079,0.08728254958987236,0.09656462073326111,0.12431463599205017,1.494501502383016,1.251050760351745,3.0941846749003368,,,,,,,,,,,,,,,,,,1,update_snr,bayesian,0.1,20,101770,10177,0.1,0.11696969065522422,0.062444283226228595,0.059364627755077,0.11696949182950682,0.062444283226228595,0.059364627755077,0.11696949182950682,0.13045326337859317,0.127687910535785,0.14583560641455745,0.05488772987596586,0.05303249435003334,0.10230379723455771,0.13045326337859317,0.127687910535785,0.14583560641455745,0.05488772987596586,0.05303249435003334,0.10230379723455771,1.0797458802491418,1.6993185084089684,0.5362960715210391,0.8440299305540656,0.5362960715210391,814160,203540,81416,122124,0.75,,,,,,,,,0.007905356547525763,1
bayesfl_observability_v1,vi_sparse_bayesian_keep010_seed42,101,vi,7,0,80,,5,256,213.06115550994872,0.19930241107940674,3.579949112052868,3.579949112052868,,,2.027406756354638,0.012551456689834595,0.9992231203305005,2.027406756354638,,-0.0,2.4040642619438994,213.06115550994872,286.3959289642294,3.579949112052868,0.0028141488549103806,0.19930241107940674,3.579949112052868,0.0025,51.443805890693646,0.08682866852997363,0.08728457242250443,0.09655643552541733,0.12379787862300873,1.494786083931412,1.2495963747258914,3.094516066984394,,,,,,,,,,,,,,,,,,1,update_snr,bayesian,0.1,20,101770,10177,0.1,0.11705962592080806,0.06305325530980743,0.060446858980801044,0.11705497859862815,0.06305325530980743,0.060446858980801044,0.11705497859862815,0.13058464951545967,0.12787677700588856,0.14589109269885167,0.05554976706473495,0.05411578988870361,0.10282010274613748,0.13058464951545967,0.12787677700588856,0.14589109269885167,0.05554976706473495,0.05411578988870361,0.10282010274613748,1.078773866288501,1.716573651529522,0.5320954282643219,0.846684389380251,0.5320954282643219,814160,203540,81416,122124,0.75,,,,,,,,,0.007905793568210648,80
bayesfl_observability_v1,vi_sparse_bayesian_keep010_seed42,101,vi,289,23,4615,,5,256,841.2957310300125,0.13312799147575416,0.18263756256307284,0.18263756256307284,,,3.3975819867446204,0.06475530564785004,0.9978233615856579,3.3975819867446204,,0.8496433488150035,1.4144019597737127,841.2957310300125,842.8723512285811,0.18263756256307284,0.00828212981456796,0.13312799147575416,0.18263756256307284,0.0025,51.52248365300515,0.0873676266745238,0.08774014562368393,0.09750738218426705,0.12767617404460907,1.4883301871184962,1.2428420975035706,3.0835802138656088,,,,,,,,,,,,,,,,,,1,update_snr,bayesian,0.1,20,101770,10177,0.1,0.2012693097898201,0.09755769734965608,0.08235672893929993,0.20126838528206983,0.09755769734965608,0.08235672893929993,0.20126838528206983,0.25373292859700664,0.23927157258256362,0.3169387318958647,0.08020489387772825,0.07293709784237166,0.15976714541056738,0.25373292859700664,0.23927157258256362,0.3169387318958647,0.08020489387772825,0.07293709784237166,0.15976714541056738,2.240937179827659,2.5537744443700574,0.6595682425237968,0.7516446856421399,0.6595682425237968,814160,203540,81416,122124,0.75,,,,,,,,,0.008196017370109459,4615
bayesfl_observability_v1,vi_sparse_bayesian_keep010_seed42,101,vi,292,23,1,,5,256,107.15683492422104,0.01393928937613964,281.49379888872045,281.49379888872045,,,2.009093289360476,0.012534983456134796,0.9992370578803463,2.009093289360476,,-0.0,2.3096097079310103,107.15683492422104,281.49379888872045,281.49379888872045,0.0027659801404020874,0.01393928937613964,281.49379888872045,0.0025,51.44249194714435,0.08683114822577274,0.0872870534658432,0.09656512513756751,0.12321875989437103,1.4944999787353443,1.2498993386924235,3.09605709458584,,,,,,,,,,,,,,,,,,1,update_snr,bayesian,0.1,20,101770,10177,0.1,0.11668841725514312,0.06227560996409366,0.059191313547615934,0.11668713298187268,0.06227560996409366,0.059191313547615934,0.11668713298187268,0.13032631268539457,0.12740023316793114,0.1464058358378462,0.05471442077283801,0.05273386953655347,0.10212496302952938,0.13032631268539457,0.12740023316793114,0.1464058358378462,0.05471442077283801,0.05273386953655347,0.10212496302952938,1.0797458265785014,1.6942859249074835,0.5374294127089541,0.8433087372696365,0.5374294127089541,814160,203540,81416,122124,0.75,,,,,,,,,0.007901762579783776,1
bayesfl_observability_v1,vi_sparse_bayesian_keep010_seed42,101,vi,295,23,1,,5,256,102.78400642871857,0.028247887268662453,283.3984190020569,283.3984190020569,,,2.015389441965194,0.01254686713218689,0.9992321786557392,2.015389441965194,,-0.0,2.3096097079310103,102.78400642871857,283.3984190020569,283.3984190020569,0.0027846950869810055,0.028247887268662453,283.3984190020569,0.0025,51.43954981670297,0.08683269217111067,0.0872919000685215,0.0965723603963852,0.12430260330438614,1.4945414971272974,1.2502193823379455,3.098048123250615,,,,,,,,,,,,,,,,,,1,update_snr,bayesian,0.1,20,101770,10177,0.1,0.11672487417612849,0.06259356484600949,0.05970786306685509,0.11672260093419078,0.06259356484600949,0.05970786306685509,0.11672260093419078,0.13033376556435272,0.12750770435089837,0.14587003349751257,0.05506687587730469,0.05321946157242091,0.1024755223865607,0.13033376556435272,0.12750770435089837,0.14587003349751257,0.05506687587730469,0.05321946157242091,0.1024755223865607,1.0777559686245133,1.7030081253120948,0.534763131225695,0.845002007974946,0.534763131225695,814160,203540,81416,122124,0.75,,,,,,,,,0.00790720672645483,1
bayesfl_observability_v1,vi_sparse_bayesian_keep010_seed42,101,vi,298,23,35,,5,256,163.08162937164306,0.31185286385672434,8.086785816787582,8.086785816787582,,,2.014943878657665,0.012538839131593704,0.9992324005355748,2.014943878657665,,-0.0,2.3096097079310103,163.08162937164306,283.03750358756537,8.086785816787582,0.002781148703818074,0.31185286385672434,8.086785816787582,0.0025,51.43542420424417,0.08683062414536662,0.08730430528521538,0.09656825810670852,0.1236368715763092,1.4943464348291189,1.2498383261925525,3.0923236504934177,,,,,,,,,,,,,,,,,,1,update_snr,bayesian,0.1,20,101770,10177,0.1,0.11674186892485686,0.06254611281949089,0.059553339327689234,0.11674182156329013,0.06254611281949089,0.059553339327689234,0.11674182156329013,0.13042432149127825,0.1277196905346283,0.14570332911549425,0.055004089633736736,0.05325589216200211,0.10236317028330798,0.13042432149127825,0.1277196905346283,0.14570332911549425,0.055004089633736736,0.05325589216200211,0.10236317028330798,1.0800430685934788,1.7010308063416066,0.536016451888969,0.844207535683235,0.536016451888969,814160,203540,81416,122124,0.75,,,,,,,,,0.007903704798695248,35
bayesfl_observability_v1,vi_sparse_bayesian_keep010_seed42,101,vi,299,23,1,,5,256,103.07045942246914,0.0011344670783728361,283.19523618767613,283.19523618767613,,,2.015869824895842,0.012542515993118286,0.9992319444471193,2.015869824895842,,-0.0,2.3096097079310103,103.07045942246914,283.19523618767613,283.19523618767613,0.0027826985967149076,0.0011344670783728361,283.19523618767613,0.0025,51.443928248697965,0.08682968336007146,0.08727528527379036,0.0965697169303894,0.12403135746717453,1.4946800622316292,1.2518348265363386,3.094442577023466,,,,,,,,,,,,,,,,,,1,update_snr,bayesian,0.1,20,101770,10177,0.1,0.11678095337302398,0.06256272035367721,0.05954783187012752,0.11677854718007537,0.06256272035367721,0.05954783187012752,0.11677854718007537,0.13026350790203375,0.12753629418604087,0.14569828276870145,0.05504041062608205,0.05302410994553852,0.10249761345186137,0.13026350790203375,0.12753629418604087,0.14569828276870145,0.05504041062608205,0.05302410994553852,0.10249761345186137,1.077757819114813,1.7035754266431755,0.534636614827299,0.845082061155014,0.534636614827299,814160,203540,81416,122124,0.75,,,,,,,,,0.007904509713587405,1
bayesfl_observability_v1,vi_sparse_bayesian_keep010_seed42,101,vi,49,3,3,,5,256,112.98526808023453,0.6018013954162598,94.11545322556758,94.11545322556758,,,2.0124019964310125,0.012534677982330322,0.9992343817379983,2.0124019964310125,,-0.0,2.3277319754160017,112.98526808023453,282.3463596767027,94.11545322556758,0.002774357469555888,0.6018013954162598,94.11545322556758,0.0025,51.43703736200692,0.0868342179392136,0.08728707581758499,0.09658831208944321,0.12382550537586212,1.4943802593450715,1.2504136769793255,3.1002536468410304,,,,,,,,,,,,,,,,,,1,update_snr,bayesian,0.1,20,101770,10177,0.1,0.11688024013941901,0.06242040848758226,0.05934660483408871,0.11687743455672617,0.06242040848758226,0.05934660483408871,0.11687743455672617,0.13050289496021614,0.12779846038230877,0.14570432902695696,0.05485568776840073,0.05286575969469753,0.10216952756936504,0.13050289496021614,0.12779846038230877,0.14570432902695696,0.05485568776840073,0.05286575969469753,0.10216952756936504,1.080006919074359,1.6980420636695188,0.5366755354992429,0.8437886996141875,0.5366755354992429,814160,203540,81416,122124,0.75,,,,,,,,,0.007906507298638628,3
bayesfl_observability_v1,vi_sparse_bayesian_keep010_seed42,101,vi,131,10,1,,5,256,113.96579875946045,0.9269777536392212,282.2284726696885,282.2284726696885,,,2.0122857438563804,0.012496434152126312,0.9992345808316555,2.0122857438563804,,-0.0,2.259365973874069,113.96579875946045,282.2284726696885,282.2284726696885,0.0027731991025811975,0.9269777536392212,282.2284726696885,0.0025,51.440846394407785,0.08683189271510063,0.08730509877204895,0.09657057523727416,0.12312721461057663,1.4943110794104764,1.2502614394387381,3.0990344474636387,,,,,,,,,,,,,,,,,,1,update_snr,bayesian,0.1,20,101770,10177,0.1,0.11655602289021949,0.0624570901935629,0.0596192076342145,0.11655317858388443,0.0624570901935629,0.0596192076342145,0.11655317858388443,0.13017525765861965,0.12743166875110323,0.14535036824979275,0.054932849364112156,0.05308577637562707,0.10213639117951608,0.13017525765861965,0.12743166875110323,0.14535036824979275,0.054932849364112156,0.05308577637562707,0.10213639117951608,1.0785307122582328,1.6988423757498448,0.5359729429833943,0.8442351594133708,0.5359729429833943,814160,203540,81416,122124,0.75,,,,,,,,,0.007903987906253409,1
bayesfl_observability_v1,vi_sparse_bayesian_keep010_seed42,101,vi,16,1,1,,5,256,106.31694765090943,0.43723201751708984,282.67503561766836,282.67503561766836,,,2.0131623625518835,0.012539669871330261,0.999233925139374,2.0131623625518835,,-0.0,2.311121424016332,106.31694765090943,282.67503561766836,282.67503561766836,0.002777587065123989,0.43723201751708984,282.67503561766836,0.0025,51.44123482465862,0.08683175830024276,0.08730058744549751,0.09655992239713669,0.12429121136665344,1.4945925019518855,1.249556622747246,3.096768495830621,,,,,,,,,,,,,,,,,,1,update_snr,bayesian,0.1,20,101770,10177,0.1,0.11687358692300823,0.06245523696417501,0.05934120831420283,0.11686934200417552,0.06245523696417501,0.05934120831420283,0.11686934200417552,0.13052595557301472,0.1276789250857779,0.1462605636924669,0.054891823785415045,0.05289330240333859,0.10238349322118238,0.13052595557301472,0.1276789250857779,0.1462605636924669,0.054891823785415045,0.05289330240333859,0.10238349322118238,1.0799731582061256,1.6989645892571659,0.5364560644960361,0.8439282498325467,0.5364560644960361,814160,203540,81416,122124,0.75,,,,,,,,,0.007903859487307551,1
bayesfl_observability_v1,vi_sparse_bayesian_keep010_seed42,101,vi,22,1,18,,5,256,138.2040205001831,0.9081390168931749,15.711615758087994,15.711615758087994,,,2.0128660049371065,0.012550100684165955,0.9992340544016067,2.0128660049371065,,-0.0,2.3277319754160017,138.2040205001831,282.8090836455839,15.711615758087994,0.002778904231557275,0.9081390168931749,15.711615758087994,0.0025,51.43794534717642,0.08683412730623535,0.08728459477424622,0.0965762235224247,0.12239203602075577,1.4943029104209686,1.2499574528599808,3.098215076078869,,,,,,,,,,,,,,,,,,1,update_snr,bayesian,0.1,20,101770,10177,0.1,0.11670392593586548,0.0624627126746954,0.05944686848209593,0.11670258727277853,0.0624627126746954,0.05944686848209593,0.11670258727277853,0.13067043594565772,0.12776845483962546,0.1463467062707013,0.054884076755699576,0.05302899779112795,0.10229530575578795,0.13067043594565772,0.12776845483962546,0.1463467062707013,0.054884076755699576,0.05302899779112795,0.10229530575578795,1.081095079514576,1.6978995797398744,0.5370924228750913,0.8435234017442341,0.5370924228750913,814160,203540,81416,122124,0.75,,,,,,,,,0.007904011410499314,18
bayesfl_observability_v1,vi_sparse_bayesian_keep010_seed42,101,vi,138,11,1,,5,256,103.83352947235107,0.03550580143928528,283.28561985656694,283.28561985656694,,,2.0165192624405965,0.012535404413938522,0.9992314962641708,2.0165192624405965,,-0.0,2.3277319754160017,103.83352947235107,283.28561985656694,283.28561985656694,0.0027835867137326023,0.03550580143928528,283.28561985656694,0.0025,51.445431292337055,0.08683456580299279,0.08728361502289772,0.09657706767320633,0.12318352609872818,1.4944440816781592,1.2509023472322482,3.100702360566241,,,,,,,,,,,,,,,,,,1,update_snr,bayesian,0.1,20,101770,10177,0.1,0.11691591141002636,0.06257282011205055,0.05970503017620538,0.11691488381365972,0.06257282011205055,0.05970503017620538,0.11691488381365972,0.13025533917560495,0.1275196009867116,0.14553861439701354,0.05505254021610008,0.053240805205046114,0.10249512971530984,0.13025533917560495,0.1275196009867116,0.14553861439701354,0.05505254021610008,0.053240805205046114,0.10249512971530984,1.0800305387139157,1.702904569034712,0.5355914812372052,0.8444772141544951,0.5355914812372052,814160,203540,81416,122124,0.75,,,,,,,,,0.007906251508304697,1
bayesfl_observability_v1,vi_sparse_bayesian_keep010_seed42,101,vi,144,11,1,,5,256,111.9461932182312,0.15567736327648163,281.36759916312,281.36759916312,,,2.008571235742925,0.012540802359580994,0.9992375563241603,2.008571235742925,,-0.0,2.185987945410232,111.9461932182312,281.36759916312,281.36759916312,0.0027647400920027517,0.15567736327648163,281.36759916312,0.0025,51.445782998656284,0.08683193702969275,0.08728902414441109,0.09657528325915336,0.12359627336263657,1.4945712086424676,1.2502437738103245,3.09999698358629,,,,,,,,,,,,,,,,,,1,update_snr,bayesian,0.1,20,101770,10177,0.1,0.11668373868122973,0.06224801547724245,0.05920576098294135,0.11668202476390052,0.06224801547724245,0.05920576098294135,0.11668202476390052,0.1303121780209978,0.12755974898250355,0.1457800238797187,0.05468533075015853,0.05271688200767875,0.10213322306494356,0.1303121780209978,0.12755974898250355,0.1457800238797187,0.05468533075015853,0.05271688200767875,0.10213322306494356,1.0791374627262313,1.6940545285186825,0.5372662136760525,0.8434127196350545,0.5372662136760525,814160,203540,81416,122124,0.75,,,,,,,,,0.007904933795333951,1
bayesfl_observability_v1,vi_sparse_bayesian_keep010_seed42,102,vi,37,3,1,,5,256,105.01663618683816,0.0035050406586378813,281.8621284009718,281.8621284009718,,,2.015578592201867,0.012533020228147507,0.9992356927099424,2.015578592201867,,-0.0,2.4040642619438994,105.01663618683816,281.8621284009718,281.8621284009718,0.002769599375070962,0.0035050406586378813,281.8621284009718,0.0025,51.56235030802601,0.0870605483832722,0.087498988956213,0.09677303358912469,0.12916505336761475,1.4938347660478952,1.2522507435153256,3.0980655103676096,,,,,,,,,,,,,,,,,,1,update_snr,bayesian,0.1,20,101770,10177,0.1,0.11664177654060687,0.0623955003775779,0.059479428856201784,0.1166376796435088,0.0623955003775779,0.059479428856201784,0.1166376796435088,0.1301133326934686,0.1273657102902328,0.14556888340304902,0.054871296786923374,0.053120816585508386,0.10218359471825536,0.1301133326934686,0.1273657102902328,0.14556888340304902,0.054871296786923374,0.053120816585508386,0.10218359471825536,1.080481621962429,1.701504195100295,0.5360652400966833,0.8441765563909519,0.5360652400966833,814160,203540,81416,122124,0.75,,,,,,,,,0.00791480975307598,1
bayesfl_observability_v1,vi_sparse_bayesian_keep010_seed42,102,vi,211,16,21,,5,256,216.59879360198974,1.0314082191103982,13.45711932349332,13.45711932349332,,,2.017167165833016,0.012543346732854843,0.9992343212379977,2.017167165833016,,-0.0,2.311121424016332,216.59879360198974,282.5995057933597,13.45711932349332,0.0027768449031478795,1.0314082191103982,13.45711932349332,0.0025,51.55617686027444,0.08705815306981907,0.08750414103269577,0.09677593335509302,0.12691235542297363,1.4940354323081306,1.2518411244801917,3.0979257680446244,,,,,,,,,,,,,,,,,,1,update_snr,bayesian,0.1,20,101770,10177,0.1,0.11673704023869466,0.06243932496703055,0.05952823583567263,0.1167365809917967,0.06243932496703055,0.05952823583567263,0.1167365809917967,0.13049913325855456,0.12746091359658326,0.14645453558335564,0.0548771240457501,0.05300120643469128,0.10215557097190532,0.13049913325855456,0.12746091359658326,0.14645453558335564,0.0548771240457501,0.05300120643469128,0.10215557097190532,1.0805825044734494,1.703321703595857,0.5356930862134118,0.844412764815378,0.5356930862134118,814160,203540,81416,122124,0.75,,,,,,,,,0.007909955665562168,21
bayesfl_observability_v1,vi_sparse_bayesian_keep010_seed42,102,vi,144,11,1,,5,256,98.26294324994088,0.020897798240184784,282.34601285604964,282.34601285604964,,,2.017665195506826,0.012530103325843811,0.9992341788421497,2.017665195506826,,-0.0,2.185987945410232,98.26294324994088,282.34601285604964,282.34601285604964,0.0027743540616689557,0.020897798240184784,282.34601285604964,0.0025,51.56480387453545,0.08706024820855315,0.08751687780022621,0.09678918346762658,0.12794744968414307,1.4941130719670608,1.2540976750467108,3.100563286012234,,,,,,,,,,,,,,,,,,1,update_snr,bayesian,0.1,20,101770,10177,0.1,0.11659879136188829,0.06248039052801082,0.059497040303805496,0.11659594479542536,0.06248039052801082,0.059497040303805496,0.11659594479542536,0.13011927876891763,0.12721163591619317,0.14584044064704904,0.054964958501243395,0.05296346675202601,0.10207110145159788,0.13011927876891763,0.12721163591619317,0.14584044064704904,0.054964958501243395,0.05296346675202601,0.10207110145159788,1.0792401277400598,1.7047620326119473,0.5348955466662352,0.8449181937658993,0.5348955466662352,814160,203540,81416,122124,0.75,,,,,,,,,0.007912394451862757,1
bayesfl_observability_v1,vi_sparse_bayesian_keep010_seed42,102,vi,145,11,1,,5,256,114.0623851209879,0.049145299941301346,279.8123145992921,279.8123145992921,,,2.008888395571032,0.012535631656646729,0.9992406636750533,2.008888395571032,,-0.0,2.3096097079310103,114.0623851209879,279.8123145992921,279.8123145992921,0.0027494577439254406,0.049145299941301346,279.8123145992921,0.0025,51.55882681951254,0.08705878055787068,0.08751564100384712,0.09680169597268105,0.12819209694862366,1.4940754994944856,1.2512639404229957,3.0956030304976636,,,,,,,,,,,,,,,,,,1,update_snr,bayesian,0.1,20,101770,10177,0.1,0.11605119912562915,0.062192364709825435,0.059400633929811486,0.1160492913375277,0.062192364709825435,0.059400633929811486,0.1160492913375277,0.12986759307387352,0.12717132502252532,0.14536368248483258,0.054672894891597885,0.05302313218545121,0.10148420594537258,0.12986759307387352,0.12717132502252532,0.14536368248483258,0.054672894891597885,0.05302313218545121,0.10148420594537258,1.0791649103355134,1.6944130789628902,0.5371950540979444,0.8434580451052128,0.5371950540979444,814160,203540,81416,122124,0.75,,,,,,,,,0.007911917056347688,1
bayesfl_observability_v1,vi_sparse_bayesian_keep010_seed42,102,vi,147,11,1921,,5,256,737.4557741463184,0.0609771878318449,0.45712101449664844,0.45712101449664844,,,3.5298441444052076,0.05008799582719803,0.9976615572735835,3.5298441444052076,,0.7419061377582201,1.6227932907659905,737.4557741463184,878.1294688480616,0.45712101449664844,0.008628569016881808,0.0609771878318449,0.45712101449664844,0.0025,51.64533170902053,0.08752680930658667,0.08796444162726402,0.09748164042830468,0.12518461048603058,1.4890229970236308,1.2490629516744534,3.0909568710278323,,,,,,,,,,,,,,,,,,1,update_snr,bayesian,0.1,20,101770,10177,0.1,0.20940740271653954,0.10139314678027637,0.08532874174796044,0.20940244405222952,0.10139314678027637,0.08532874174796044,0.20940244405222952,0.262896684341148,0.24953751728202647,0.3279601123546969,0.08344830927351286,0.07557096489775354,0.16655673870332965,0.262896684341148,0.24953751728202647,0.3279601123546969,0.08344830927351286,0.07557096489775354,0.16655673870332965,2.316673946149571,2.663235158791564,0.6563105483910648,0.754490864139932,0.6563105483910648,814160,203540,81416,122124,0.75,,,,,,,,,0.008089678692678863,1921
bayesfl_observability_v1,vi_sparse_bayesian_keep010_seed42,102,vi,282,22,9,,5,256,104.01371153593064,0.058928721480899386,31.18762615460559,31.18762615460559,,,2.012287568912065,0.0125419395044446,0.9992385493658894,2.012287568912065,,-0.0,2.185987945410232,104.01371153593064,280.6886353914503,31.18762615460559,0.0027580685407433457,0.058928721480899386,31.18762615460559,0.0025,51.57433717030763,0.08705901033477927,0.08751381188631058,0.09678146764636039,0.12872110307216644,1.4943498979998397,1.2495997790392708,3.1012782858385837,,,,,,,,,,,,,,,,,,1,update_snr,bayesian,0.1,20,101770,10177,0.1,0.11625843764321592,0.062236583144482834,0.05939076317343289,0.11625707458316352,0.062236583144482834,0.05939076317343289,0.11625707458316352,0.12982490336230487,0.12707515088174975,0.1448368241536276,0.05472676978694704,0.052908158210567484,0.10211903375028233,0.12982490336230487,0.12707515088174975,0.1448368241536276,0.05472676978694704,0.052908158210567484,0.10211903375028233,1.0784837373095044,1.6988743592028688,0.5359491128261464,0.8442502878062096,0.5359491128261464,814160,203540,81416,122124,0.75,,,,,,,,,0.007911357282315729,9
bayesfl_observability_v1,vi_sparse_bayesian_keep010_seed42,102,vi,55,4,1,,5,256,116.01411023139954,0.005934475921094418,278.11187227524994,278.11187227524994,,,2.002983176646453,0.012534119188785553,0.9992453502813807,2.002983176646453,,-0.0,2.3292713582565514,116.01411023139954,278.11187227524994,278.11187227524994,0.002732749064314139,0.005934475921094418,278.11187227524994,0.0025,51.5669588744616,0.08705645576163348,0.0875236913561821,0.09677525013685226,0.12887826561927795,1.4943215363097313,1.2518675296132118,3.096475112576234,,,,,,,,,,,,,,,,,,1,update_snr,bayesian,0.1,20,101770,10177,0.1,0.11599519437697733,0.061922999109690895,0.0588007884892246,0.11599357061938836,0.061922999109690895,0.0588007884892246,0.11599357061938836,0.12951836853666085,0.12667916930584452,0.14528859650913176,0.054412402506694234,0.05239633367110704,0.10164066157934258,0.12951836853666085,0.12667916930584452,0.14528859650913176,0.054412402506694234,0.05239633367110704,0.10164066157934258,1.0765359003924562,1.6890861615367412,0.5374662717811113,0.843285246341778,0.5374662717811113,814160,203540,81416,122124,0.75,,,,,,,,,0.007909393324569797,1
bayesfl_observability_v1,vi_sparse_bayesian_keep010_seed42,102,vi,233,18,90,,5,256,113.87555103302002,0.045090214411417646,3.136490860542684,3.136490860542684,,,2.016758461176637,0.012526050209999084,0.9992353336712727,2.016758461176637,,-0.0,2.3096097079310103,113.87555103302002,282.28417744884155,3.136490860542684,0.0027737464621090846,0.045090214411417646,3.136490860542684,0.0025,51.57951787680947,0.08705889030550124,0.08752603083848953,0.09678407534956933,0.128441721200943,1.4945545470317183,1.2520109779023876,3.096969168210226,,,,,,,,,,,,,,,,,,1,update_snr,bayesian,0.1,20,101770,10177,0.1,0.11671502329369787,0.062443028862234774,0.05949348446263168,0.11671430643576244,0.062443028862234774,0.05949348446263168,0.11671430643576244,0.13024024916291818,0.12739662530871396,0.14556806878606984,0.05491000438438105,0.053040250183988884,0.10230126445832334,0.13024024916291818,0.12739662530871396,0.14556806878606984,0.05491000438438105,0.053040250183988884,0.10230126445832334,1.0802342287377715,1.7030586313427,0.5356289558381377,0.8444534455301528,0.5356289558381377,814160,203540,81416,122124,0.75,,,,,,,,,0.007914359961870617,90
bayesfl_observability_v1,vi_sparse_bayesian_keep010_seed42,102,vi,235,18,9,,5,256,134.20908317565917,0.9610842598809136,31.22581625419729,31.22581625419729,,,2.0127178662294147,0.012536287307739258,0.9992383681263437,2.0127178662294147,,-0.0,2.311121424016332,134.20908317565917,281.0323462877756,31.22581625419729,0.0027614458709617337,0.9610842598809136,31.22581625419729,0.0025,51.57868387210414,0.08705628853153272,0.08752788603305817,0.09678380116820336,0.12842249870300293,1.4945209331096414,1.2507993675010574,3.098610105006455,,,,,,,,,,,,,,,,,,1,update_snr,bayesian,0.1,20,101770,10177,0.1,0.1165151805768239,0.06225894063296711,0.05960238312402879,0.11651489139336017,0.06225894063296711,0.05960238312402879,0.11651489139336017,0.12998121604073193,0.1271664728186525,0.14565373458970862,0.05473424336543768,0.05304288920193648,0.10196834655700421,0.12998121604073193,0.1271664728186525,0.14565373458970862,0.05473424336543768,0.05304288920193648,0.10196834655700421,1.077750341407958,1.6998492317361915,0.5354701518236105,0.8445541525005961,0.5354701518236105,814160,203540,81416,122124,0.75,,,,,,,,,0.007911921707582736,9
bayesfl_observability_v1,vi_sparse_bayesian_keep010_seed42,102,vi,133,10,129,,5,256,138.1222421646118,0.07931574000868687,2.168534970865753,2.168534970865753,,,2.0092839096660025,0.012534542009234428,0.9992404674690489,2.0092839096660025,,-0.0,2.259365973874069,138.1222421646118,279.74101124168214,2.168534970865753,0.002748757111542519,0.07931574000868687,2.168534970865753,0.0025,51.56259670537302,0.08705934410032781,0.08750923722982407,0.09679235890507698,0.1279091089963913,1.4941217995851868,1.2516563606001028,3.098771669601057,,,,,,,,,,,,,,,,,,1,update_snr,bayesian,0.1,20,101770,10177,0.1,0.11611201808239026,0.06218024028661526,0.0591666969977817,0.11610873381281768,0.06218024028661526,0.0591666969977817,0.11610873381281768,0.12963125748465965,0.12689575676062714,0.14520641943783563,0.05468568282016589,0.05278477044815489,0.101702295082876,0.12963125748465965,0.12689575676062714,0.14520641943783563,0.05468568282016589,0.05278477044815489,0.101702295082876,1.078298787864848,1.6954331463469432,0.5366582505725089,0.8437996931099548,0.5366582505725089,814160,203540,81416,122124,0.75,,,,,,,,,0.007912703130669723,129
bayesfl_observability_v1,vi_sparse_bayesian_keep010_seed42,102,vi,246,19,85,,5,256,134.46223335266114,0.054565115535960475,3.320532079134396,3.320532079134396,,,2.018077799272194,0.012533098459243774,0.9992342153490915,2.018077799272194,,-0.0,2.3096097079310103,134.46223335266114,282.24522672642365,3.320532079134396,0.0027733637292563984,0.054565115535960475,3.320532079134396,0.0025,51.576063783821645,0.0870614421814812,0.08752601966261864,0.09680317714810371,0.12703856825828552,1.494432121616439,1.2525995792783187,3.098159728997663,,,,,,,,,,,,,,,,,,1,update_snr,bayesian,0.1,20,101770,10177,0.1,0.11646503017858899,0.062492363254754164,0.0597601636810591,0.11646324995683384,0.062492363254754164,0.0597601636810591,0.11646324995683384,0.12993026855943485,0.12711046708619067,0.1453028692219548,0.054999262665345196,0.05330627100888871,0.10222843731067875,0.12993026855943485,0.12711046708619067,0.1453028692219548,0.054999262665345196,0.05330627100888871,0.10222843731067875,1.0795031908414807,1.7050838292818233,0.5349165385154111,0.8449049040115054,0.5349165385154111,814160,203540,81416,122124,0.75,,,,,,,,,0.007915449474117355,85
bayesfl_observability_v1,vi_sparse_bayesian_keep010_seed42,102,vi,249,19,1,,5,256,112.92633664608002,0.09878333657979965,280.52662488600146,280.52662488600146,,,2.0110933359293814,0.012533716857433319,0.9992391324113703,2.0110933359293814,,-0.0,2.3163460082440825,112.92633664608002,280.52662488600146,280.52662488600146,0.0027564766128132206,0.09878333657979965,280.52662488600146,0.0025,51.56379824820826,0.08705975982270218,0.08753237500786781,0.09680651649832725,0.12641707062721252,1.4940051649073658,1.2505267683273116,3.1003040412125333,,,,,,,,,,,,,,,,,,1,update_snr,bayesian,0.1,20,101770,10177,0.1,0.11626081324406358,0.06225727278527327,0.05913833239715343,0.11625950522945665,0.06225727278527327,0.05913833239715343,0.11625950522945665,0.12990498783429133,0.12694323715560593,0.1454590825407742,0.05474086000204906,0.052695580668109004,0.10200491397318745,0.12990498783429133,0.12694323715560593,0.1454590825407742,0.05474086000204906,0.052695580668109004,0.10200491397318745,1.0791408238758506,1.6970419818213462,0.5365941026188872,0.8438404879090788,0.5365941026188872,814160,203540,81416,122124,0.75,,,,,,,,,0.007915866535590302,1
bayesfl_observability_v1,vi_sparse_bayesian_keep010_seed42,102,vi,69,5,63,,5,256,226.09478597640992,0.4900641365656777,4.50310594638174,4.50310594638174,,,2.022232534547603,0.012545794248580933,0.9992308503649583,2.022232534547603,,0.6915136378174996,1.579280430685095,226.09478597640992,283.6956746220496,4.50310594638174,0.0027876159440114925,0.4900641365656777,4.50310594638174,0.0025,51.569609209731865,0.08705781405716417,0.08750728145241737,0.0967872604727745,0.12872986495494843,1.4946682745366497,1.2520646478232864,3.09513484745597,,,,,,,,,,,,,,,,,,1,update_snr,bayesian,0.1,20,101770,10177,0.1,0.11694571396103494,0.06263987619538124,0.05965967237158103,0.11694408238265509,0.06263987619538124,0.05965967237158103,0.11694408238265509,0.13036855985151433,0.1275179956235067,0.14597603214395896,0.05511446690025534,0.05315803210372725,0.10252995112728375,0.13036855985151433,0.1275179956235067,0.14597603214395896,0.05511446690025534,0.05315803210372725,0.10252995112728375,1.080054938710201,1.7096507693533576,0.5340903779652729,0.8454273878724963,0.5340903779652729,814160,203540,81416,122124,0.75,,,,,,,,,0.007911743926231198,63
bayesfl_observability_v1,vi_sparse_bayesian_keep010_seed42,102,vi,174,13,3,,5,256,114.16438999176026,2.0835046768188477,93.84306839158434,93.84306839158434,,,2.014590084034625,0.012528866529464722,0.9992365086263254,2.014590084034625,,-0.0,2.28098669344155,114.16438999176026,281.52920517475303,93.84306839158434,0.002766328045344925,2.0835046768188477,93.84306839158434,0.0025,51.56467894551785,0.0870579964161092,0.0875268466770649,0.09678936153650285,0.12798884510993958,1.493964815688728,1.25048283831496,3.0994506183112223,,,,,,,,,,,,,,,,,,1,update_snr,bayesian,0.1,20,101770,10177,0.1,0.1162814774083716,0.06241946650011663,0.05966480698196472,0.116281326727487,0.06241946650011663,0.05966480698196472,0.116281326727487,0.12991095935448088,0.12708167928182706,0.14540755406410974,0.05492041173852059,0.053128247099541476,0.10199716449758174,0.12991095935448088,0.12708167928182706,0.14540755406410974,0.05492041173852059,0.053128247099541476,0.10199716449758174,1.078484537318431,1.7016005140618904,0.53533696302056,0.8446385830779483,0.53533696302056,814160,203540,81416,122124,0.75,,,,,,,,,0.007912462379531865,3
bayesfl_observability_v1,vi_sparse_bayesian_keep010_seed42,102,vi,265,21,1,,5,256,114.99581966400146,0.0,280.1074897321832,280.1074897321832,,,2.010042968862689,0.012538120150566101,0.9992399870533885,2.010042968862689,,-0.0,2.259365973874069,114.99581966400146,280.1074897321832,280.1074897321832,0.0027523581579265324,0.0,280.1074897321832,0.0025,51.565871062314216,0.08705869909510246,0.0875171646475792,0.09680101051926614,0.12835776805877686,1.4942914080908831,1.2512734105742835,3.0988537758142165,,,,,,,,,,,,,,,,,,1,update_snr,bayesian,0.1,20,101770,10177,0.1,0.11610529213911713,0.062209270088525115,0.05921166447010805,0.11610488713689608,0.062209270088525115,0.05921166447010805,0.11610488713689608,0.12969387891701953,0.12716829512755592,0.14495902932330657,0.05471098021869239,0.05274650366812534,0.10194778972135075,0.12969387891701953,0.12716829512755592,0.14495902932330657,0.05471098021869239,0.05274650366812534,0.10194778972135075,1.0777067397831108,1.6967088494200748,0.5361610455486395,0.844115710809952,0.5361610455486395,814160,203540,81416,122124,0.75,,,,,,,,,0.007912794050279979,1
bayesfl_observability_v1,vi_sparse_bayesian_keep010_seed42,103,vi,37,3,1,,5,256,96.744067068398,5.471556869451888e-05,280.37732774238157,280.37732774238157,,,2.015771996931109,0.01254330575466156,0.9992386880640801,2.015771996931109,,-0.0,2.4040642619438994,96.744067068398,280.37732774238157,280.37732774238157,0.002755009607373308,5.471556869451888e-05,280.37732774238157,0.0025,51.667845947317744,0.08725749954641293,0.08773060142993927,0.09696707427501679,0.12859155237674713,1.4935916428508702,1.2514958707763908,3.0948130895615704,,,,,,,,,,,,,,,,,,1,update_snr,bayesian,0.1,20,101770,10177,0.1,0.1161895446423543,0.062226396947752984,0.05941470313832618,0.11618786760361755,0.062226396947752984,0.05941470313832618,0.11618786760361755,0.12969025037132337,0.12686634687040194,0.14518980999266035,0.05473041323402294,0.0531258594393819,0.10202619958450988,0.12969025037132337,0.12686634687040194,0.14518980999266035,0.05473041323402294,0.0531258594393819,0.10202619958450988,1.080676027451103,1.7016098457943105,0.5361102491235947,0.844147973275206,0.5361102491235947,814160,203540,81416,122124,0.75,,,,,,,,,0.007901235091036565,1
bayesfl_observability_v1,vi_sparse_bayesian_keep010_seed42,103,vi,48,3,1,,5,256,113.57681090831757,0.053810399025678635,279.876753560433,279.876753560433,,,2.012976092786924,0.01253228634595871,0.9992407809385423,2.012976092786924,,-0.0,2.3292713582565514,113.57681090831757,279.876753560433,279.876753560433,0.0027500909262104054,0.053810399025678635,279.876753560433,0.0025,51.667124486424704,0.08725857465633466,0.08773322775959969,0.09692775607109069,0.12905709445476532,1.4934938076666193,1.2514336058551725,3.0974568358111028,,,,,,,,,,,,,,,,,,1,update_snr,bayesian,0.1,20,101770,10177,0.1,0.11608040528823972,0.062188944977345416,0.059397159157413656,0.11608039449291131,0.062188944977345416,0.059397159157413656,0.11608039449291131,0.12968031694078416,0.12694049976322644,0.1450920360612446,0.054689903648074426,0.05298119492157298,0.10165664543275889,0.12968031694078416,0.12694049976322644,0.1450920360612446,0.054689903648074426,0.05298119492157298,0.10165664543275889,1.0788282154507096,1.6994712211976846,0.5359369240978387,0.8442580253622395,0.5359369240978387,814160,203540,81416,122124,0.75,,,,,,,,,0.007901673938656009,1
bayesfl_observability_v1,vi_sparse_bayesian_keep010_seed42,103,vi,268,21,1,,5,256,109.11628139019012,6.651657167822123e-05,278.37018644690994,278.37018644690994,,,2.008494401246879,0.012516707181930542,0.9992447147586015,2.008494401246879,,-0.0,2.3096097079310103,109.11628139019012,278.37018644690994,278.37018644690994,0.0027352872796198285,6.651657167822123e-05,278.37018644690994,0.0025,51.686744952371534,0.08726082423911811,0.08773628622293472,0.09696645587682724,0.12701129913330078,1.4942067671778736,1.2531700701489843,3.0990841776661657,,,,,,,,,,,,,,,,,,1,update_snr,bayesian,0.1,20,101770,10177,0.1,0.11598953449410634,0.06195879608390621,0.059036254557766225,0.1159886332355476,0.06195879608390621,0.059036254557766225,0.1159886332355476,0.12942270959866906,0.12667992413876605,0.1446543925545622,0.05446280569337699,0.05255573630376821,0.1015054016859758,0.12942270959866906,0.12667992413876605,0.1446543925545622,0.05446280569337699,0.05255573630376821,0.1015054016859758,1.0781623750508216,1.6945842123851012,0.5368012847740553,0.8437087060502128,0.5368012847740553,814160,203540,81416,122124,0.75,,,,,,,,,0.007901114927325509,1
bayesfl_observability_v1,vi_sparse_bayesian_keep010_seed42,103,vi,112,9,234,,5,256,148.2657091140747,0.03362847597171099,1.2011075464344176,1.2011075464344176,,,2.016000039947366,0.0125352144241333,0.9992388537051387,2.016000039947366,,-0.0,2.3155014849272724,148.2657091140747,281.0591658656537,1.2011075464344176,0.002761709402236943,0.03362847597171099,1.2011075464344176,0.0025,51.68019081848522,0.08725734687843789,0.0877382718026638,0.0969566434621811,0.1283946931362152,1.4943008923460548,1.251167460373744,3.098755122725264,,,,,,,,,,,,,,,,,,1,update_snr,bayesian,0.1,20,101770,10177,0.1,0.11664491951444982,0.06231743163696519,0.059415014074614504,0.1166439143870779,0.06231743163696519,0.059415014074614504,0.1166439143870779,0.12997745174585706,0.12713758324126806,0.14531504081721036,0.054799651624866094,0.05303949920326224,0.10204872162193086,0.12997745174585706,0.12713758324126806,0.14531504081721036,0.054799651624866094,0.05303949920326224,0.10204872162193086,1.080098722677284,1.7022464305554246,0.5357632446800366,0.8443682523934212,0.5357632446800366,814160,203540,81416,122124,0.75,,,,,,,,,0.00790551578729864,234
bayesfl_observability_v1,vi_sparse_bayesian_keep010_seed42,103,vi,145,11,1,,5,256,100.79633009433746,0.13318966329097748,278.5140146095678,278.5140146095678,,,2.0091283404843665,0.01253017783164978,0.9992436234653662,2.0091283404843665,,-0.0,2.3096097079310103,100.79633009433746,278.5140146095678,278.5140146095678,0.002736700546423974,0.13318966329097748,278.5140146095678,0.0025,51.664746645734695,0.08726056900252067,0.08772912621498108,0.09694958925247192,0.12806016206741333,1.4933811869307336,1.2499888403747303,3.098171232272348,,,,,,,,,,,,,,,,,,1,update_snr,bayesian,0.1,20,101770,10177,0.1,0.1159825877856932,0.06197432822230459,0.058868310025732506,0.11598045492391859,0.06197432822230459,0.058868310025732506,0.11598045492391859,0.1294082626381216,0.12672940888551373,0.1446472518625192,0.05448166884276936,0.052473927103554495,0.10160611276026275,0.1294082626381216,0.12672940888551373,0.1446472518625192,0.05448166884276936,0.052473927103554495,0.10160611276026275,1.0792825262547419,1.69462264739341,0.5371894390751291,0.843461621264506,0.5371894390751291,814160,203540,81416,122124,0.75,,,,,,,,,0.007903834683036645,1
bayesfl_observability_v1,vi_sparse_bayesian_keep010_seed42,103,vi,197,15,49,,5,256,111.51513910293579,0.05549247897401148,5.701196943941557,5.701196943941557,,,2.010919003785778,0.012538675218820572,0.9992426010192791,2.010919003785778,,-0.0,2.259365973874069,111.51513910293579,279.3586502531363,5.701196943941557,0.002745000002487337,0.05549247897401148,5.701196943941557,0.0025,51.67722830391122,0.08725870928251317,0.08774180710315704,0.09695213362574577,0.12883692979812622,1.493932320866558,1.2512989301455621,3.0989264064539146,,,,,,,,,,,,,,,,,,1,update_snr,bayesian,0.1,20,101770,10177,0.1,0.11618832768816528,0.062068531373290464,0.059078047119075106,0.11618789815905428,0.062068531373290464,0.059078047119075106,0.11618789815905428,0.12957768820986376,0.1267337609570043,0.14503706460070506,0.05456751394700453,0.05267657045772288,0.10176494893155018,0.12957768820986376,0.1267337609570043,0.14503706460070506,0.05456751394700453,0.05267657045772288,0.10176494893155018,1.0779996858588565,1.69756057832261,0.5360731505492775,0.8441715330785398,0.5360731505492775,814160,203540,81416,122124,0.75,,,,,,,,,0.007904398246389749,49
bayesfl_observability_v1,vi_sparse_bayesian_keep010_seed42,103,vi,109,8,1,,5,256,117.48503637313843,2.362562417984009,278.7106984338692,278.7106984338692,,,2.0093297962891894,0.012528955936431885,0.9992435999844426,2.0093297962891894,,-0.0,2.28098669344155,117.48503637313843,278.7106984338692,278.7106984338692,0.002738633177103952,2.362562417984009,278.7106984338692,0.0025,51.66992170873672,0.08725725778188109,0.08774381875991821,0.09695881977677345,0.12787458300590515,1.493678418376377,1.2519440221167328,3.0964029342980917,,,,,,,,,,,,,,,,,,1,update_snr,bayesian,0.1,20,101770,10177,0.1,0.11598784178218076,0.062002911110867906,0.05898331243719073,0.11598587206167275,0.062002911110867906,0.05898331243719073,0.11598587206167275,0.12955065228517504,0.1268034683670915,0.14499874256133294,0.0544976065359449,0.05261986664607409,0.10168542370346413,0.12955065228517504,0.1268034683670915,0.14499874256133294,0.0544976065359449,0.05261986664607409,0.10168542370346413,1.077955755747869,1.6957056404062578,0.5364752753572993,0.8439160378439967,0.5364752753572993,814160,203540,81416,122124,0.75,,,,,,,,,0.007904007835469533,1
bayesfl_observability_v1,vi_sparse_bayesian_keep010_seed42,103,vi,133,10,129,,5,256,124.96666622161865,0.06240344232366991,2.1709736851383665,2.1709736851383665,,,2.0149617299955933,0.012550890445709229,0.9992395504332358,2.0149617299955933,,-0.0,2.259365973874069,124.96666622161865,280.0556053828493,2.1709736851383665,0.0027518483382416165,0.06240344232366991,2.1709736851383665,0.0025,51.677187507872894,0.08725773075047705,0.08774043247103691,0.09695989638566971,0.12762495875358582,1.4941383133142059,1.2515134263630587,3.094781257320649,,,,,,,,,,,,,,,,,,1,update_snr,bayesian,0.1,20,101770,10177,0.1,0.11613370330650354,0.062188066130127194,0.05915462294718084,0.11613288719769026,0.062188066130127194,0.05915462294718084,0.11613288719769026,0.1295686105561164,0.12685511947879757,0.14508690098960855,0.05470133897168395,0.05273123407983176,0.10199564950530968,0.1295686105561164,0.12685511947879757,0.14508690098960855,0.05470133897168395,0.05273123407983176,0.10199564950530968,1.0787441061928535,1.701876002152043,0.5353670445121619,0.8446195164985912,0.5353670445121619,814160,203540,81416,122124,0.75,,,,,,,,,0.007902337696356508,129
bayesfl_observability_v1,vi_sparse_bayesian_keep010_seed42,103,vi,136,10,1,,5,256,104.28999490737915,1.1920928244535389e-07,279.9399424886161,279.9399424886161,,,2.0134063433608405,0.01254928857088089,0.9992411164362427,2.0134063433608405,,-0.0,2.3155014849272724,104.28999490737915,279.9399424886161,279.9399424886161,0.00275071182557351,1.1920928244535389e-07,279.9399424886161,0.0025,51.6898788248507,0.08726008473963667,0.08773744851350784,0.09696578159928322,0.12690037488937378,1.4941161451450682,1.2520365217015743,3.0965492662617287,,,,,,,,,,,,,,,,,,1,update_snr,bayesian,0.1,20,101770,10177,0.1,0.11622532756552882,0.062178060423706334,0.059328697294645294,0.11622232609509138,0.062178060423706334,0.059328697294645294,0.11622232609509138,0.12979250414146,0.12697247539098325,0.1453356500404544,0.05466534445506704,0.05287678500718504,0.10182478814654815,0.12979250414146,0.12697247539098325,0.1453356500404544,0.05466534445506704,0.05287678500718504,0.10182478814654815,1.0792107816067549,1.6997379775569557,0.5360124076123167,0.8442101035202364,0.5360124076123167,814160,203540,81416,122124,0.75,,,,,,,,,0.007903032296321194,1
bayesfl_observability_v1,vi_sparse_bayesian_keep010_seed42,103,vi,8,0,25,,5,256,157.76730365753173,0.6234029388427734,11.225383141345585,11.225383141345585,,,2.015433316357196,0.012534372508525848,0.9992391334884552,2.015433316357196,,0.34883209584303193,1.9674200764769605,157.76730365753173,280.6345785336396,11.225383141345585,0.002757537373819786,0.6234029388427734,11.225383141345585,0.0025,51.675026383640024,0.08726098370760565,0.08773286268115044,0.09695355668663978,0.1278855800628662,1.4941844681491074,1.252423505822248,3.1004745141079533,,,,,,,,,,,,,,,,,,1,update_snr,bayesian,0.1,20,101770,10177,0.1,0.11651810123809217,0.06223928653856523,0.05910239770088109,0.11651233299505313,0.06223928653856523,0.05910239770088109,0.11651233299505313,0.13001067747877065,0.1273271314773437,0.14556187678174082,0.05470913198965354,0.05281178552072867,0.10203270282726477,0.13001067747877065,0.1273271314773437,0.14556187678174082,0.05470913198965354,0.05281178552072867,0.10203270282726477,1.0814598173864762,1.7007104739081773,0.5365892329998622,0.843843584456634,0.5365892329998622,814160,203540,81416,122124,0.75,,,,,,,,,0.007903816055691952,25
bayesfl_observability_v1,vi_sparse_bayesian_keep010_seed42,103,vi,30,2,189,,5,256,167.93828468322755,0.00722887844004959,1.4977555954799848,1.4977555954799848,,,2.024787281004774,0.012549519538879395,0.9992320675914441,2.024787281004774,,-0.0,2.4040642619438994,167.93828468322755,283.0758075457171,1.4977555954799848,0.002781525081514367,0.00722887844004959,1.4977555954799848,0.0025,51.67557013586946,0.08725855156378098,0.08775665983557701,0.09695839881896973,0.12802918255329132,1.4938155198372998,1.250059120000092,3.1006445494253447,,,,,,,,,,,,,,,,,,1,update_snr,bayesian,0.1,20,101770,10177,0.1,0.11650388277901513,0.06263027010813395,0.060025459207549356,0.11650337291830531,0.06263027010813395,0.060025459207549356,0.11650337291830531,0.12995318246255083,0.12705643621147558,0.1455012856919662,0.05514994651319874,0.05335425321928316,0.10233907630794777,0.12995318246255083,0.12705643621147558,0.1455012856919662,0.05514994651319874,0.05335425321928316,0.10233907630794777,1.0803161680639546,1.7125070832958094,0.5335455127552272,0.8457713555203686,0.5335455127552272,814160,203540,81416,122124,0.75,,,,,,,,,0.007900472418915684,189
bayesfl_observability_v1,vi_sparse_bayesian_keep010_seed42,103,vi,31,2,1,,5,256,93.64326522350311,0.002690982772037387,280.38376842576565,280.38376842576565,,,2.01502241759557,0.012521050870418549,0.9992394468819559,2.01502241759557,,-0.0,2.3163460082440825,93.64326522350311,280.38376842576565,280.38376842576565,0.002755072894033268,0.002690982772037387,280.38376842576565,0.0025,51.675137629174586,0.08726004977461906,0.08773314580321312,0.09694398641586303,0.1279827356338501,1.4939547781885785,1.2511401665636999,3.0963222809833844,,,,,,,,,,,,,,,,,,1,update_snr,bayesian,0.1,20,101770,10177,0.1,0.11636114919786013,0.06219429423063716,0.05915381667919856,0.11635919209885769,0.06219429423063716,0.05915381667919856,0.11635919209885769,0.12985159522260267,0.12703999029206342,0.14522849945173422,0.05467681634264099,0.05264153269980436,0.10198894400472998,0.12985159522260267,0.12703999029206342,0.14522849945173422,0.05467681634264099,0.05264153269980436,0.10198894400472998,1.0802697753228996,1.7009798811086836,0.5361080680243417,0.8441493584663844,0.5361080680243417,814160,203540,81416,122124,0.75,,,,,,,,,0.007901507950671545,1
bayesfl_observability_v1,vi_sparse_bayesian_keep010_seed42,103,vi,289,23,4615,,5,256,811.597749093018,0.1049110660444489,0.1780342863272701,0.1780342863272701,,,3.369760380490272,0.05174684152007103,0.9978764341582209,3.369760380490272,,0.8496433488150035,1.4144019597737127,811.597749093018,821.6282314003516,0.1780342863272701,0.008073383427339605,0.1049110660444489,0.1780342863272701,0.0025,51.73410264388026,0.08781510664098323,0.08822554722428322,0.09794247522950172,0.12589137256145477,1.4865598354569556,1.2484044513382657,3.0853565623555887,,,,,,,,,,,,,,,,,,1,update_snr,bayesian,0.1,20,101770,10177,0.1,0.19852564696443045,0.09618429208958798,0.0808112230391785,0.19852298028033877,0.09618429208958798,0.0808112230391785,0.19852298028033877,0.2501146065831163,0.23670687756892675,0.313468175242228,0.07908092381252926,0.07177613790867131,0.15819580925227628,0.2501146065831163,0.23670687756892675,0.313468175242228,0.07908092381252926,0.07177613790867131,0.15819580925227628,2.220895427012741,2.5343457783411982,0.6590662766026167,0.7520848642574616,0.6590662766026167,814160,203540,81416,122124,0.75,,,,,,,,,0.008186286363797927,4615
bayesfl_observability_v1,vi_sparse_bayesian_keep010_seed42,103,vi,299,23,1,,5,256,117.28348696231842,1.966933996300213e-05,277.64373175899146,277.64373175899146,,,2.0050088756939553,0.012550612911581993,0.9992470771916785,2.0050088756939553,,-0.0,2.3096097079310103,117.28348696231842,277.64373175899146,277.64373175899146,0.0027281490788935,1.966933996300213e-05,277.64373175899146,0.0025,51.67824893248517,0.08725798811203103,0.08773621171712875,0.09696071296930313,0.12784460186958313,1.4938664886226831,1.2523173185837078,3.0965495712087105,,,,,,,,,,,,,,,,,,1,update_snr,bayesian,0.1,20,101770,10177,0.1,0.11584750896533651,0.06189900240389178,0.05882606932558865,0.11584702117557309,0.06189900240389178,0.05882606932558865,0.11584702117557309,0.12940406239272448,0.12674787396165224,0.14464188480891554,0.05439844018291036,0.05249398927629237,0.1013092288009909,0.12940406239272448,0.12674787396165224,0.14464188480891554,0.05439844018291036,0.05249398927629237,0.1013092288009909,1.0781632614675836,1.6904509969925552,0.5377349070808575,0.8431139719555963,0.5377349070808575,814160,203540,81416,122124,0.75,,,,,,,,,0.007901668267655248,1
bayesfl_observability_v1,vi_sparse_bayesian_keep010_seed42,103,vi,63,5,4,,5,256,132.15744047164918,1.7734097242355347,69.56988382148005,69.56988382148005,,,2.00747574219183,0.012548968195915222,0.9992451776387234,2.00747574219183,,-0.0,2.3163460082440825,132.15744047164918,278.2795352859202,69.56988382148005,0.0027343965342037945,1.7734097242355347,69.56988382148005,0.0025,51.67667100578616,0.08726086468324454,0.08774201944470406,0.09697188809514046,0.12809298932552338,1.493745478007293,1.2541118606385435,3.099015120590577,,,,,,,,,,,,,,,,,,1,update_snr,bayesian,0.1,20,101770,10177,0.1,0.11586167647543047,0.06196713231677479,0.0591651855984263,0.11586094566024367,0.06196713231677479,0.0591651855984263,0.11586094566024367,0.12943269810392738,0.12654839416556818,0.1449335584713581,0.05447095834042449,0.05263495120467772,0.10142296660983574,0.12943269810392738,0.12654839416556818,0.1449335584713581,0.05447095834042449,0.05263495120467772,0.10142296660983574,1.0776948667915789,1.6936742985532138,0.5368407917173211,0.8436835688505021,0.5368407917173211,814160,203540,81416,122124,0.75,,,,,,,,,0.007905400319676941,4
bayesfl_observability_v1,vi_sparse_bayesian_keep010_seed42,104,vi,284,22,369,,5,256,282.22761545181277,0.0503960831701594,1.4193091263984754,1.4193091263984754,,,2.7559329433555533,0.023784488439559937,0.9985850622901106,2.7559329433555533,,-0.0,2.3096097079310103,282.22761545181277,523.7250676410374,1.4193091263984754,0.00514616358102621,0.0503960831701594,1.4193091263984754,0.0025,51.82422250296942,0.08761985783356398,0.08811645582318306,0.09736563339829445,0.12782399356365204,1.4919248921928565,1.2479556188722327,3.095565153860872,,,,,,,,,,,,,,,,,,1,update_snr,bayesian,0.1,20,101770,10177,0.1,0.16398146810314862,0.08193330855041729,0.0728251890905386,0.16397958282358904,0.08193330855041729,0.0728251890905386,0.16397958282358904,0.194527521709296,0.18824405884316897,0.22952391825396118,0.06942284042165302,0.06473910035607565,0.13503281878319204,0.194527521709296,0.18824405884316897,0.22952391825396118,0.06942284042165302,0.06473910035607565,0.13503281878319204,1.668074545752828,2.193785244294419,0.6052667390817656,0.7960227223900892,0.6052667390817656,814160,203540,81416,122124,0.75,,,,,,,,,0.007949740673261143,369
bayesfl_observability_v1,vi_sparse_bayesian_keep010_seed42,104,vi,262,21,46,,5,256,215.6683916091919,0.7616247094195822,6.166932663118052,6.166932663118052,,,2.0324289742002204,0.012537360191345215,0.9992293359491466,2.0324289742002204,,-0.0,2.28098669344155,215.6683916091919,283.6789025034304,6.166932663118052,0.002787451139858803,0.7616247094195822,6.166932663118052,0.0025,51.77871330409143,0.08747170016515832,0.08797116205096245,0.09717213213443757,0.12713950872421265,1.4928925307155532,1.2512992247585655,3.0960722334956,,,,,,,,,,,,,,,,,,1,update_snr,bayesian,0.1,20,101770,10177,0.1,0.11654388288085216,0.06269714371272883,0.05990848693076825,0.11654264287283451,0.06269714371272883,0.05990848693076825,0.11654264287283451,0.13008642502407514,0.1271855975574656,0.14570128724122616,0.05520944578924592,0.05357464289519248,0.10240768398692877,0.13008642502407514,0.1271855975574656,0.14570128724122616,0.05520944578924592,0.05357464289519248,0.10240768398692877,1.0847008886849347,1.7187761684566951,0.5336968240731633,0.8456758835240722,0.5336968240731633,814160,203540,81416,122124,0.75,,,,,,,,,0.007910087844512513,46
bayesfl_observability_v1,vi_sparse_bayesian_keep010_seed42,104,vi,273,21,19,,5,256,117.26416082382202,0.41760279002942535,14.601007246457627,14.601007246457627,,,2.0092404646629225,0.012514188885688782,0.9992470711596487,2.0092404646629225,,-0.0,2.3096097079310103,117.26416082382202,277.4191376826949,14.601007246457627,0.002725942199888915,0.41760279002942535,14.601007246457627,0.0025,51.78636517990975,0.08747293170535302,0.08797052875161171,0.09716393500566482,0.12885861098766327,1.493346937410445,1.253331059116998,3.1006485704334943,,,,,,,,,,,,,,,,,,1,update_snr,bayesian,0.1,20,101770,10177,0.1,0.11579983172777504,0.061882763641908,0.05887078364766371,0.11579889489691109,0.061882763641908,0.05887078364766371,0.11579889489691109,0.12937787872931802,0.1266087902505724,0.14464302468607004,0.054383306409973554,0.05248125843232863,0.101256613972124,0.12937787872931802,0.1266087902505724,0.14464302468607004,0.054383306409973554,0.05248125843232863,0.101256613972124,1.0801977100868703,1.6941724091608745,0.5376149490738472,0.8431904687152989,0.5376149490738472,814160,203540,81416,122124,0.75,,,,,,,,,0.007907347408887737,19
bayesfl_observability_v1,vi_sparse_bayesian_keep010_seed42,104,vi,152,12,1,,5,256,105.87127799987793,1.175309181213379,278.9060432248218,278.9060432248218,,,2.0164849190540908,0.012536861002445221,0.9992411607879178,2.0164849190540908,,-0.0,2.3277319754160017,105.87127799987793,278.9060432248218,278.9060432248218,0.0027405526503372487,1.175309181213379,278.9060432248218,0.0025,51.770961135210655,0.08747074040679896,0.08797923475503922,0.09716774523258209,0.12860946357250214,1.4931059753000313,1.2505303012428335,3.0968131147974196,,,,,,,,,,,,,,,,,,1,update_snr,bayesian,0.1,20,101770,10177,0.1,0.11591761761638637,0.062121565335516625,0.059165765516257234,0.11591748280692024,0.062121565335516625,0.059165765516257234,0.11591748280692024,0.12912307113641852,0.12634639576004061,0.14408830846884577,0.054676953579860854,0.052895305411975624,0.10164940994083398,0.12912307113641852,0.12634639576004061,0.14408830846884577,0.054676953579860854,0.052895305411975624,0.10164940994083398,1.0782811379772885,1.7039721876412743,0.5347330534379089,0.8450210420817764,0.5347330534379089,814160,203540,81416,122124,0.75,,,,,,,,,0.007907604953893824,1
bayesfl_observability_v1,vi_sparse_bayesian_keep010_seed42,104,vi,121,9,1,,5,256,106.84874418973922,0.10817880928516388,278.3455586661876,278.3455586661876,,,2.01333282619681,0.012528739869594574,0.9992438748575049,2.01333282619681,,-0.0,2.28098669344155,106.84874418973922,278.3455586661876,278.3455586661876,0.0027350452851153347,0.10817880928516388,278.3455586661876,0.0025,51.782540547583025,0.08746885173385137,0.08797470480203629,0.0971810556948185,0.12841099500656128,1.49339195990525,1.2555481763530463,3.0971042936977944,,,,,,,,,,,,,,,,,,1,update_snr,bayesian,0.1,20,101770,10177,0.1,0.1158632199304587,0.06202186623862032,0.05909829645345854,0.11586141813650684,0.06202186623862032,0.05909829645345854,0.11586141813650684,0.1292627037911797,0.12648155854366755,0.14480691273015275,0.05455066206611372,0.05267791769812984,0.1014834478798436,0.1292627037911797,0.12648155854366755,0.14480691273015275,0.05455066206611372,0.05267791769812984,0.1014834478798436,1.0791272270829986,1.699703943870754,0.535990479587755,0.8442240258315851,0.535990479587755,814160,203540,81416,122124,0.75,,,,,,,,,0.007908150832561432,1
bayesfl_observability_v1,vi_sparse_bayesian_keep010_seed42,104,vi,100,8,22,,5,256,153.55588788986205,0.22204550829800693,12.628676238025266,12.628676238025266,,,2.0120517072179784,0.012541405856609344,0.999244678959967,2.0120517072179784,,-0.0,2.3163460082440825,153.55588788986205,277.83087723655586,12.628676238025266,0.0027299879850305186,0.22204550829800693,12.628676238025266,0.0025,51.77739685106472,0.087471918297103,0.087967898696661,0.09717898890376091,0.1273859441280365,1.492913914290338,1.252177244215825,3.0969706038763434,,,,,,,,,,,,,,,,,,1,update_snr,bayesian,0.1,20,101770,10177,0.1,0.1157992640456678,0.061935245980761416,0.058846758517003425,0.11579912632877143,0.061935245980761416,0.058846758517003425,0.11579912632877143,0.12939949072340878,0.12670681629431202,0.14463883899556507,0.05443921878713393,0.05240118489385045,0.10128897651587825,0.12939949072340878,0.12670681629431202,0.14463883899556507,0.05443921878713393,0.05240118489385045,0.10128897651587825,1.0806101520420934,1.6972429913899623,0.5370687781857407,0.8435384564429035,0.5370687781857407,814160,203540,81416,122124,0.75,,,,,,,,,0.007909281219254494,22
bayesfl_observability_v1,vi_sparse_bayesian_keep010_seed42,104,vi,103,8,1,,5,256,99.83484296798706,2.3455586433410645,280.06926677808036,280.06926677808036,,,2.018238227995183,0.01253625750541687,0.9992399495014833,2.018238227995183,,-0.0,2.311121424016332,99.83484296798706,280.06926677808036,280.06926677808036,0.0027519825761823757,2.3455586433410645,280.06926677808036,0.0025,51.77482985902024,0.08746920670895605,0.08796126395463943,0.0971581757068634,0.12778501212596893,1.4930127777447566,1.2534323920336876,3.0957894321575923,,,,,,,,,,,,,,,,,,1,update_snr,bayesian,0.1,20,101770,10177,0.1,0.11623977407863079,0.062201006071126885,0.05918066109809059,0.11623861581561115,0.062201006071126885,0.05918066109809059,0.11623861581561115,0.12973501312212962,0.12707588676328288,0.144932608726189,0.054697227509904356,0.052879070333963094,0.10195736587085778,0.12973501312212962,0.12707588676328288,0.144932608726189,0.054697227509904356,0.052879070333963094,0.10195736587085778,1.0814069508546569,1.7040670619386935,0.5358172964193987,0.8443339533962889,0.5358172964193987,814160,203540,81416,122124,0.75,,,,,,,,,0.007909098444509117,1
bayesfl_observability_v1,vi_sparse_bayesian_keep010_seed42,104,vi,110,8,1,,5,256,98.9363736152649,7.068861305015162e-05,278.85622888586,278.85622888586,,,2.01377919614711,0.012524135410785675,0.9992432080478231,2.01377919614711,,-0.0,2.3096097079310103,98.9363736152649,278.85622888586,278.85622888586,0.002740063170736563,7.068861305015162e-05,278.85622888586,0.0025,51.771382727280326,0.08747378354801537,0.08796479925513268,0.09716619029641152,0.12907999753952026,1.49294146212348,1.2515154213594835,3.0983273350156164,,,,,,,,,,,,,,,,,,1,update_snr,bayesian,0.1,20,101770,10177,0.1,0.11600230121400086,0.06203078860007617,0.058923339542704796,0.1160015891941576,0.06203078860007617,0.058923339542704796,0.1160015891941576,0.12973417125153242,0.12703849139381107,0.14486203424714286,0.054508190527692145,0.05255687456687586,0.10159936699381085,0.12973417125153242,0.12703849139381107,0.14486203424714286,0.054508190527692145,0.05255687456687586,0.10159936699381085,1.0821319811660952,1.698321826442928,0.5373637701871679,0.8433505667812364,0.5373637701871679,814160,203540,81416,122124,0.75,,,,,,,,,0.007911500367961398,1
bayesfl_observability_v1,vi_sparse_bayesian_keep010_seed42,104,vi,1,0,3,,5,256,107.42524137496949,0.11248263716697693,92.87044200604504,92.87044200604504,,,2.0132364463239245,0.012539714574813843,0.999243805434049,2.0132364463239245,,-0.0,2.3277319754160017,107.42524137496949,278.6113260181351,92.87044200604504,0.0027376567359549487,0.11248263716697693,92.87044200604504,0.0025,51.77795111254814,0.08747289207363786,0.08795301243662834,0.09718272760510445,0.12766018509864807,1.4932983833651705,1.2508452761091422,3.099825111103799,,,,,,,,,,,,,,,,,,1,update_snr,bayesian,0.1,20,101770,10177,0.1,0.11597738920493181,0.061950530579040215,0.05895051315241445,0.1159762156490013,0.061950530579040215,0.05895051315241445,0.1159762156490013,0.12945939943286877,0.12681688418755116,0.14454504625588632,0.05444954515083703,0.05246811168095484,0.10184572490784503,0.12945939943286877,0.12681688418755116,0.14454504625588632,0.05444954515083703,0.05246811168095484,0.10184572490784503,1.080258887956113,1.6988707201546587,0.5365782493798059,0.843850568698335,0.5365782493798059,814160,203540,81416,122124,0.75,,,,,,,,,0.007908723262965373,3
bayesfl_observability_v1,vi_sparse_bayesian_keep010_seed42,104,vi,257,20,22,,5,256,104.68876876831055,0.0753060362555764,12.697417367830042,12.697417367830042,,,2.015423314098523,0.01253996416926384,0.9992419847750553,2.015423314098523,,-0.0,2.259365973874069,104.68876876831055,279.3431820922609,12.697417367830042,0.0027448480111256844,0.0753060362555764,12.697417367830042,0.0025,51.771863878384536,0.08747476270460591,0.08798293024301529,0.09717918187379837,0.12830452620983124,1.492996121094274,1.2507780769534642,3.0938545736020084,,,,,,,,,,,,,,,,,,1,update_snr,bayesian,0.1,20,101770,10177,0.1,0.11629616506320985,0.06202142136093022,0.058923030482014874,0.11629461999806957,0.06202142136093022,0.058923030482014874,0.11629461999806957,0.12990895282852225,0.12708984743729373,0.1454528135493027,0.05447836230897554,0.05243897233196137,0.10164873294107893,0.12990895282852225,0.12708984743729373,0.1454528135493027,0.05447836230897554,0.05243897233196137,0.10164873294107893,1.0820974179339542,1.700293008017308,0.5369082566249684,0.843640636745254,0.5369082566249684,814160,203540,81416,122124,0.75,,,,,,,,,0.00790763788692902,22
bayesfl_observability_v1,vi_sparse_bayesian_keep010_seed42,104,vi,96,7,1,,5,256,110.37858486175537,3.671578815556131e-05,277.30630329144515,277.30630329144515,,,2.0089140551828506,0.01254795491695404,0.9992470129605576,2.0089140551828506,,-0.0,2.259365973874069,110.37858486175537,277.30630329144515,277.30630329144515,0.002724833480312913,3.671578815556131e-05,277.30630329144515,0.0025,51.7766930237254,0.087472222893925,0.08796878159046173,0.09717914909124374,0.12902505695819855,1.4930071909950888,1.2514321783192481,3.0990881856385815,,,,,,,,,,,,,,,,,,1,update_snr,bayesian,0.1,20,101770,10177,0.1,0.11572367344811818,0.061830740239411465,0.058738974740517716,0.11572222168165851,0.061830740239411465,0.058738974740517716,0.11572222168165851,0.12906654466082365,0.12637068074301835,0.14436803387659672,0.054360095303698994,0.05235961892228224,0.10158520133886227,0.12906654466082365,0.12637068074301835,0.14436803387659672,0.054360095303698994,0.05235961892228224,0.10158520133886227,1.0774812696137983,1.6955146105954513,0.5363501075787567,0.8439955936497872,0.5363501075787567,814160,203540,81416,122124,0.75,,,,,,,,,0.007908659892957498,1
bayesfl_observability_v1,vi_sparse_bayesian_keep010_seed42,104,vi,189,15,1,,5,256,113.87367696762085,0.0,277.5014521802546,277.5014521802546,,,2.0096879535494634,0.012531794607639313,0.9992464040049482,2.0096879535494634,,-0.0,2.259365973874069,113.87367696762085,277.5014521802546,277.5014521802546,0.00272675102859639,0.0,277.5014521802546,0.0025,51.77572340772711,0.0874715917165292,0.08795934915542603,0.0971872054040432,0.12854240834712982,1.4928861881732785,1.2499991459179127,3.0958321686468704,,,,,,,,,,,,,,,,,,1,update_snr,bayesian,0.1,20,101770,10177,0.1,0.11570348152250144,0.06189722587850669,0.05894114040924444,0.11570324401588285,0.06189722587850669,0.05894114040924444,0.11570324401588285,0.12912559892090553,0.1263596553109689,0.14445538951187917,0.05442740665157349,0.052583708459104636,0.10142596818992812,0.12912559892090553,0.1263596553109689,0.14445538951187917,0.05442740665157349,0.052583708459104636,0.10142596818992812,1.0775147085403138,1.6964102462320587,0.5361602066814566,0.8441162436366795,0.5361602066814566,814160,203540,81416,122124,0.75,,,,,,,,,0.00790869477580529,1
bayesfl_observability_v1,vi_sparse_bayesian_keep010_seed42,104,vi,164,13,1,,5,256,106.55236105918884,0.0006858142442069948,278.46337545114824,278.46337545114824,,,2.01402035623968,0.012539252638816833,0.9992431046612104,2.01402035623968,,-0.0,2.185987945410232,106.55236105918884,278.46337545114824,278.46337545114824,0.00273620296208262,0.0006858142442069948,278.46337545114824,0.0025,51.774152695438296,0.08747178340546506,0.08796923235058784,0.09717548862099648,0.12871940433979034,1.4929823480254865,1.2531953783287162,3.0976296372907273,,,,,,,,,,,,,,,,,,1,update_snr,bayesian,0.1,20,101770,10177,0.1,0.11599671502301906,0.06199836185024311,0.05910788227710791,0.11598996944333165,0.06199836185024311,0.05910788227710791,0.11598996944333165,0.12932041613166645,0.12652773607476853,0.14451006810082617,0.054518133596751624,0.052678577971634,0.10143803195994865,0.12932041613166645,0.12652773607476853,0.14451006810082617,0.054518133596751624,0.052678577971634,0.10143803195994865,1.0812046968851399,1.699198163482212,0.5368390113513184,0.8436847017051687,0.5368390113513184,814160,203540,81416,122124,0.75,,,,,,,,,0.007907722055485112,1
bayesfl_observability_v1,vi_sparse_bayesian_keep010_seed42,104,vi,169,13,456,,5,256,401.22326214313506,0.007257180386467984,1.2802191126218214,1.2802191126218214,,,2.9154610773837435,0.024000808596611023,0.9984165743706952,2.9154610773837435,,-0.0,2.3163460082440825,401.22326214313506,583.7799153555505,1.2802191126218214,0.005736267223696085,0.007257180386467984,1.2802191126218214,0.0025,51.82785405501821,0.08761788023624946,0.0881095714867115,0.0973699413239956,0.130006805062294,1.4920305499961997,1.2516053299861554,3.0949231970377733,,,,,,,,,,,,,,,,,,1,update_snr,bayesian,0.1,20,101770,10177,0.1,0.17151939307264036,0.08754063395495473,0.07953208394193952,0.17151844530113997,0.08754063395495473,0.07953208394193952,0.17151844530113997,0.2004389486788262,0.19455006706122743,0.2338763232366509,0.07499637676341346,0.07091660579939692,0.14390979769619042,0.2004389486788262,0.19455006706122743,0.2338763232366509,0.07499637676341346,0.07091660579939692,0.14390979769619042,1.7119462711392206,2.3599053494731774,0.5871957216027989,0.8094449854878163,0.5871957216027989,814160,203540,81416,122124,0.75,,,,,,,,,0.007946683885168964,456
bayesfl_observability_v1,vi_sparse_bayesian_keep010_seed42,104,vi,137,11,1415,,5,256,637.345534624656,0.024173718203820103,0.617855062180786,0.617855062180786,,,3.5483461376130254,0.044265151023864746,0.9976571867034639,3.5483461376130254,,-0.0,2.185987945410232,637.345534624656,874.2649129858122,0.617855062180786,0.008590595587951383,0.024173718203820103,0.617855062180786,0.0025,51.86747826242271,0.08788254133064087,0.08832728862762451,0.09785187095403672,0.1295904517173767,1.4892858319457494,1.2473326684083519,3.0891837198006855,,,,,,,,,,,,,,,,,,1,update_snr,bayesian,0.1,20,101770,10177,0.1,0.20930611289963333,0.10220099126789328,0.08716285539335322,0.2093023247326602,0.10220099126789328,0.08716285539335322,0.2093023247326602,0.2613122791510581,0.24913032179567957,0.3234360948002043,0.08452195928087498,0.07717473083806206,0.16809944908916538,0.2613122791510581,0.24913032179567957,0.3234360948002043,0.08452195928087498,0.07717473083806206,0.16809944908916538,2.3014178082057084,2.700784401685356,0.6485888689973954,0.7611389354202562,0.6485888689973954,814160,203540,81416,122124,0.75,,,,,,,,,0.008066396260283843,1415
bayesfl_observability_v1,vi_sparse_bayesian_keep010_seed42,105,vi,188,15,1,,5,256,103.6961259841919,3.5380609035491943,278.9373676681702,278.9373676681702,,,2.0190539988051865,0.0125480517745018,0.9992441537796755,2.0190539988051865,,-0.0,2.28098669344155,103.6961259841919,278.9373676681702,278.9373676681702,0.002740860446773806,3.5380609035491943,278.9373676681702,0.0025,51.939545645785344,0.08769193660660772,0.08819914236664772,0.09739106595516205,0.12832576036453247,1.4939593717698976,1.250468625981008,3.0984414629971835,,,,,,,,,,,,,,,,,,1,update_snr,bayesian,0.1,20,101770,10177,0.1,0.1157216258572381,0.062094877798088505,0.059117635559643,0.11572123287497062,0.062094877798088505,0.059117635559643,0.11572123287497062,0.1292927238013405,0.12652947281295074,0.1448345152163154,0.05462845046439384,0.05282010977891794,0.1016790572328846,0.1292927238013405,0.12652947281295074,0.1448345152163154,0.05462845046439384,0.05282010977891794,0.1016790572328846,1.0799986520291547,1.7059255440101795,0.5349033025705426,0.8449132836564516,0.5349033025705426,814160,203540,81416,122124,0.75,,,,,,,,,0.00790311927301282,1
bayesfl_observability_v1,vi_sparse_bayesian_keep010_seed42,105,vi,42,3,1,,5,256,106.00438737869263,1.0728830375228426e-06,276.29427867639106,276.29427867639106,,,2.011063486581211,0.012536510825157166,0.9992501699547404,2.011063486581211,,-0.0,2.3163460082440825,106.00438737869263,276.29427867639106,276.29427867639106,0.0027148892470904105,1.0728830375228426e-06,276.29427867639106,0.0025,51.94105775468422,0.08769371943592065,0.08821462467312813,0.09735756367444992,0.12782366573810577,1.4938865059385649,1.250599397937688,3.0984698738476077,,,,,,,,,,,,,,,,,,1,update_snr,bayesian,0.1,20,101770,10177,0.1,0.11563182717699073,0.06174223852031947,0.05856865142172657,0.11562784993041125,0.06174223852031947,0.05856865142172657,0.11562784993041125,0.12898461437337091,0.12645835292479443,0.14425212404844553,0.05427086342553599,0.05225895945168752,0.10121836808125428,0.12898461437337091,0.12645835292479443,0.14425212404844553,0.05427086342553599,0.05225895945168752,0.10121836808125428,1.0813966562722257,1.6955699982198993,0.5377237782336697,0.8431210697889764,0.5377237782336697,814160,203540,81416,122124,0.75,,,,,,,,,0.00790293749726722,1
bayesfl_observability_v1,vi_sparse_bayesian_keep010_seed42,105,vi,47,3,1,,5,256,108.00133786201476,1.324299693107605,277.0917961215052,277.0917961215052,,,2.014200482471215,0.012528933584690094,0.9992475570196676,2.014200482471215,,-0.0,2.3292713582565514,108.00133786201476,277.0917961215052,277.0917961215052,0.002722725716041124,1.324299693107605,277.0917961215052,0.0025,51.931074495599695,0.08769016233140615,0.0881958119571209,0.09737104624509811,0.12914830446243286,1.4935105714330994,1.2510380247733885,3.09861330459407,,,,,,,,,,,,,,,,,,1,update_snr,bayesian,0.1,20,101770,10177,0.1,0.11558279674997197,0.06188981115699655,0.05887702330479294,0.115580878698863,0.06188981115699655,0.05887702330479294,0.115580878698863,0.1288079504217858,0.12611615428269735,0.14394025531311622,0.05445446234979775,0.05252021757344943,0.10131442161453265,0.1288079504217858,0.12611615428269735,0.14394025531311622,0.05445446234979775,0.05252021757344943,0.10131442161453265,1.079600507165911,1.7004312184014931,0.5359945628854944,0.8442214333675664,0.5359945628854944,814160,203540,81416,122124,0.75,,,,,,,,,0.007902803017132655,1
bayesfl_observability_v1,vi_sparse_bayesian_keep010_seed42,105,vi,49,3,3,,5,256,122.2704231262207,3.5396436055501304,92.72274667721167,92.72274667721167,,,2.017198125727378,0.012546658515930176,0.9992453879315149,2.017198125727378,,-0.0,2.3277319754160017,122.2704231262207,278.16824003163504,92.72274667721167,0.0027333029383082934,3.5396436055501304,92.72274667721167,0.0025,51.933886114351594,0.08769022139663972,0.08818697929382324,0.09738147556781769,0.12667235732078552,1.4939067378307052,1.2526827675718333,3.0954539327807837,,,,,,,,,,,,,,,,,,1,update_snr,bayesian,0.1,20,101770,10177,0.1,0.11581247615436288,0.061980839772689575,0.05898125183320046,0.11581211600888867,0.061980839772689575,0.05898125183320046,0.11581211600888867,0.12917632800179746,0.12646349212454908,0.1446215362384819,0.05451467441389982,0.05262599261365778,0.10160690586470829,0.12917632800179746,0.12646349212454908,0.1446215362384819,0.05451467441389982,0.05262599261365778,0.10160690586470829,1.0814160748333097,1.70282927844519,0.5360980961864437,0.8441556913657997,0.5360980961864437,814160,203540,81416,122124,0.75,,,,,,,,,0.007903485418867724,3
bayesfl_observability_v1,vi_sparse_bayesian_keep010_seed42,105,vi,293,23,2,,5,256,116.25138547420502,0.8442612886428833,138.41466172054155,138.41466172054155,,,2.0130687454260783,0.012531042098999023,0.9992487884773208,2.0130687454260783,,-0.0,2.3096097079310103,116.25138547420502,276.8293234410831,138.41466172054155,0.002720146638902261,0.8442612886428833,138.41466172054155,0.0025,51.944936954304275,0.08769030461381212,0.08819606527686119,0.09736993610858917,0.12797802686691284,1.493974631780923,1.2540236676222654,3.099436903157471,,,,,,,,,,,,,,,,,,1,update_snr,bayesian,0.1,20,101770,10177,0.1,0.1156177586925046,0.06180727899816217,0.05878970861526708,0.11561740974209014,0.06180727899816217,0.05878970861526708,0.11561740974209014,0.12890124179621193,0.1261398188370858,0.14417483785257668,0.05435239424282331,0.052519281492645474,0.10136406308615929,0.12890124179621193,0.1261398188370858,0.14417483785257668,0.05435239424282331,0.052519281492645474,0.10136406308615929,1.0800528739441773,1.6988029795406672,0.5365206113294345,0.843887216172096,0.5365206113294345,814160,203540,81416,122124,0.75,,,,,,,,,0.007900583710332655,2
bayesfl_observability_v1,vi_sparse_bayesian_keep010_seed42,105,vi,259,20,353,,5,256,246.50872313976288,0.011546246897397567,1.4710692956553577,1.4710692956553577,,,2.7506040941681453,0.024364694952964783,0.9985986626565191,2.7506040941681453,,-0.0,2.185987945410232,246.50872313976288,519.2874613663413,1.4710692956553577,0.005102559313808994,0.011546246897397567,1.4710692956553577,0.0025,51.97493327905224,0.08784361305175584,0.08833438158035278,0.09759816750884057,0.12801511585712433,1.4925819789775785,1.247684593084435,3.099832225551379,,,,,,,,,,,,,,,,,,1,update_snr,bayesian,0.1,20,101770,10177,0.1,0.16325705115038555,0.0817250520322031,0.0727808990491789,0.16324804531963621,0.0817250520322031,0.0727808990491789,0.16324804531963621,0.19303154351811405,0.1872224226573295,0.2275494785312812,0.06935766408932409,0.0645919447882595,0.13455765217926596,0.19303154351811405,0.1872224226573295,0.2275494785312812,0.06935766408932409,0.0645919447882595,0.13455765217926596,1.6592398973100515,2.19379712964283,0.6032274513180528,0.7975692082674266,0.6032274513180528,814160,203540,81416,122124,0.75,,,,,,,,,0.00794117925449787,353
bayesfl_observability_v1,vi_sparse_bayesian_keep010_seed42,105,vi,204,16,297,,5,256,378.6897177696228,0.034375336033727985,1.8554359484858751,1.8554359484858751,,,2.837538599230033,0.0240151509642601,0.9985087168179719,2.837538599230033,,-0.0,2.28098669344155,378.6897177696228,551.0644767003049,1.8554359484858751,0.005414802758183206,0.034375336033727985,1.8554359484858751,0.0025,51.97667388332807,0.08783098520509554,0.08832978457212448,0.09758322685956955,0.129675954580307,1.4927577644444654,1.2517387229256811,3.0938710300084575,,,,,,,,,,,,,,,,,,1,update_snr,bayesian,0.1,20,101770,10177,0.1,0.16722305763814532,0.08479778390515347,0.07647391543926509,0.16722292973796818,0.08479778390515347,0.07647391543926509,0.16722292973796818,0.1964996462672806,0.1905879953957635,0.23001463650512885,0.07238646586491711,0.06821666066269977,0.13909449639066657,0.1964996462672806,0.1905879953957635,0.23001463650512885,0.07238646586491711,0.06821666066269977,0.13909449639066657,1.6877288886679955,2.2810516216157524,0.5947862309700249,0.8038839091861927,0.5947862309700249,814160,203540,81416,122124,0.75,,,,,,,,,0.007936969088987122,297
bayesfl_observability_v1,vi_sparse_bayesian_keep010_seed42,105,vi,210,16,633,,5,256,498.5756510655085,0.015205943094798927,1.1774933097218967,1.1774933097218967,,,3.3003908758775977,0.03336860239505768,0.9979841917955288,3.3003908758775977,,-0.0,2.311121424016332,498.5756510655085,745.3532650539606,1.1774933097218967,0.007323899627139242,0.015205943094798927,1.1774933097218967,0.0025,52.00494993140794,0.08792886913816184,0.08842432126402855,0.09772084131836892,0.1272834837436676,1.491859558953329,1.2476438599484256,3.0930279725536143,,,,,,,,,,,,,,,,,,1,update_snr,bayesian,0.1,20,101770,10177,0.1,0.19471962129664033,0.09704848740244142,0.08553895762297209,0.19470784049308193,0.09704848740244142,0.08553895762297209,0.19470784049308193,0.23440323116897932,0.2255970005100198,0.281135965071899,0.08178684920615942,0.07615172410662421,0.15948730370140707,0.23440323116897932,0.2255970005100198,0.281135965071899,0.08178684920615942,0.07615172410662421,0.15948730370140707,2.0350540167622704,2.598294648887201,0.6166099996325843,0.7872687650053861,0.6166099996325843,814160,203540,81416,122124,0.75,,,,,,,,,0.00796646439423592,633
bayesfl_observability_v1,vi_sparse_bayesian_keep010_seed42,105,vi,66,5,62,,5,256,182.1855255126953,0.20089392508229903,4.522467088905564,4.522467088905564,,,2.0262038095479675,0.012549757957458496,0.9992388896782944,2.0262038095479675,,0.5614271145662422,1.826949466466651,182.1855255126953,280.39295951214496,4.522467088905564,0.002755163206368723,0.20089392508229903,4.522467088905564,0.0025,51.94297958906914,0.0876888720574727,0.08819543942809105,0.09736304134130477,0.12821246683597565,1.4941306704396942,1.2507725141274935,3.1021516975906613,,,,,,,,,,,,,,,,,,1,update_snr,bayesian,0.1,20,101770,10177,0.1,0.1159634478754428,0.062342135311190386,0.059658224946689306,0.11596261930398147,0.062342135311190386,0.059658224946689306,0.11596261930398147,0.12913204667172498,0.12644932856039903,0.1439607801179517,0.05492103404890876,0.053136833213076974,0.1019717048256728,0.12913204667172498,0.12644932856039903,0.1439607801179517,0.05492103404890876,0.053136833213076974,0.1019717048256728,1.0812204756098092,1.7136114381471654,0.533618814906395,0.8457251092275168,0.533618814906395,814160,203540,81416,122124,0.75,,,,,,,,,0.007902562269738381,62
bayesfl_observability_v1,vi_sparse_bayesian_keep010_seed42,105,vi,72,5,1,,5,256,115.86663150787354,0.6559133529663086,276.37669213546957,276.37669213546957,,,2.0098864568977524,0.01253238320350647,0.999251172180027,2.0098864568977524,,-0.0,2.28098669344155,115.86663150787354,276.37669213546957,276.37669213546957,0.0027156990482015285,0.6559133529663086,276.37669213546957,0.0025,51.94524747687304,0.08768791572274189,0.08818477392196655,0.09735205844044685,0.12914662063121796,1.4943291373369103,1.2522284918865065,3.099124179856199,,,,,,,,,,,,,,,,,,1,update_snr,bayesian,0.1,20,101770,10177,0.1,0.11555566185352295,0.06172640414596452,0.058803214419208036,0.11555359616101825,0.06172640414596452,0.058803214419208036,0.11555359616101825,0.1291539687681443,0.1264119507394732,0.14453951918301702,0.0542344525212779,0.05228739851187724,0.10117345983398257,0.1291539687681443,0.1264119507394732,0.14453951918301702,0.0542344525212779,0.05228739851187724,0.10117345983398257,1.0809694784450468,1.6944463863726247,0.5378261417381341,0.8430557758909388,0.5378261417381341,814160,203540,81416,122124,0.75,,,,,,,,,0.007902118906261593,1
bayesfl_observability_v1,vi_sparse_bayesian_keep010_seed42,105,vi,74,5,1,,5,256,92.6242286682129,0.0,278.47446567619573,278.47446567619573,,,2.0185644496061146,0.012551340274512768,0.9992445399726035,2.0185644496061146,,-0.0,2.259365973874069,92.6242286682129,278.47446567619573,278.47446567619573,0.002736311935503545,0.0,278.47446567619573,0.0025,51.94022979330224,0.08768898905263595,0.08818049728870392,0.09736412838101387,0.12918172776699066,1.494176011420976,1.2497583477391436,3.097377233280012,,,,,,,,,,,,,,,,,,1,update_snr,bayesian,0.1,20,101770,10177,0.1,0.1158294126312347,0.062072276762214065,0.05921737476369622,0.11582839380839298,0.062072276762214065,0.05921737476369622,0.11582839380839298,0.12918691132511176,0.126467886967419,0.1440472753315607,0.05461509514411433,0.05284922081984932,0.10140256597415584,0.12918691132511176,0.126467886967419,0.1440472753315607,0.05461509514411433,0.05284922081984932,0.10140256597415584,1.0806695125591288,1.7049210661607928,0.535365374521483,0.8446205750296834,0.535365374521483,814160,203540,81416,122124,0.75,,,,,,,,,0.007903715985973272,1
bayesfl_observability_v1,vi_sparse_bayesian_keep010_seed42,105,vi,279,22,125,,5,256,136.00428428649903,0.11216138458251954,2.234536722439868,2.234536722439868,,,2.021388104478823,0.012537308037281036,0.9992423910066002,2.021388104478823,,-0.0,2.259365973874069,136.00428428649903,279.3170903049835,2.234536722439868,0.0027445916311779847,0.11216138458251954,2.234536722439868,0.0025,51.93906817127442,0.08769089143569142,0.0881880559027195,0.09736189544200897,0.1267833560705185,1.494057588132857,1.2511215821692585,3.1014442588171063,,,,,,,,,,,,,,,,,,1,update_snr,bayesian,0.1,20,101770,10177,0.1,0.11587125177819776,0.06215731498758606,0.05955591619543038,0.11587077852091084,0.06215731498758606,0.05955591619543038,0.11587077852091084,0.12943810386014043,0.12655386854176834,0.14514299899988425,0.05468167177952446,0.05297939878158553,0.1015114504608287,0.12943810386014043,0.12655386854176834,0.14514299899988425,0.05468167177952446,0.05297939878158553,0.1015114504608287,1.0816320875959633,1.7076539157602435,0.5350937235651942,0.8447927006083427,0.5350937235651942,814160,203540,81416,122124,0.75,,,,,,,,,0.007902070908702258,125
bayesfl_observability_v1,vi_sparse_bayesian_keep010_seed42,105,vi,235,18,9,,5,256,117.13006417751312,0.4180270830790202,30.711553863539084,30.711553863539084,,,2.0097652403559363,0.01254994422197342,0.9992508863234083,2.0097652403559363,,-0.0,2.311121424016332,117.13006417751312,276.40398477185175,30.711553863539084,0.0027159672277866933,0.4180270830790202,30.711553863539084,0.0025,51.93180468954683,0.08769036990581151,0.088200394064188,0.09738083481788636,0.12823741137981415,1.4938242873682364,1.2526596343693388,3.09899336967994,,,,,,,,,,,,,,,,,,1,update_snr,bayesian,0.1,20,101770,10177,0.1,0.11546740826672962,0.06175159054990309,0.05873396217351994,0.11546678376732974,0.06175159054990309,0.05873396217351994,0.11546678376732974,0.12913665460266716,0.12635340130460637,0.14454365470477426,0.05426436121070708,0.052419579696604116,0.10122013899715936,0.12913665460266716,0.12635340130460637,0.14454365470477426,0.05426436121070708,0.052419579696604116,0.10122013899715936,1.0799917710218285,1.6949259853657597,0.5373721016443485,0.8433452581086448,0.5373721016443485,814160,203540,81416,122124,0.75,,,,,,,,,0.007903040285358633,9
bayesfl_observability_v1,vi_sparse_bayesian_keep010_seed42,105,vi,29,2,1170,,5,256,555.2861553132534,0.006747306959751325,0.7167505792943778,0.7167505792943778,,,3.4868239932968494,0.04556109011173248,0.9977493265987332,3.4868239932968494,,0.011509519042002474,2.3048351889352334,555.2861553132534,838.598177774422,0.7167505792943778,0.008240131451060449,0.006747306959751325,0.7167505792943778,0.0025,51.99915237101378,0.08806518204535835,0.08855605125427246,0.0979216754436493,0.13207370042800903,1.4895922756755464,1.2485682680932333,3.0871210027271356,,,,,,,,,,,,,,,,,,1,update_snr,bayesian,0.1,20,101770,10177,0.1,0.20597040724958918,0.10052763625671275,0.08578608000859701,0.20596461363662982,0.10052763625671275,0.08578608000859701,0.20596461363662982,0.25565528397219517,0.2439623277283746,0.3164898371636443,0.08329123095499245,0.07602914230692054,0.16513738126698804,0.25565528397219517,0.2439623277283746,0.3164898371636443,0.08329123095499245,0.07602914230692054,0.16513738126698804,2.246965232446063,2.6662874571975936,0.6444160177759706,0.7646750918094306,0.6444160177759706,814160,203540,81416,122124,0.75,,,,,,,,,0.008033367527117157,1170
bayesfl_observability_v1,vi_sparse_bayesian_keep010_seed42,105,vi,157,12,1,,5,256,112.5992992758751,0.6979557275772095,275.97589445225196,275.97589445225196,,,2.009243183320191,0.012549705803394318,0.9992515963247751,2.009243183320191,,-0.0,2.28098669344155,112.5992992758751,275.97589445225196,275.97589445225196,0.002711760778738842,0.6979557275772095,275.97589445225196,0.0025,51.94341073459278,0.08769184606796054,0.08818839862942696,0.09736717194318771,0.1277281492948532,1.4938968177765588,1.2515235769095554,3.0992039884077864,,,,,,,,,,,,,,,,,,1,update_snr,bayesian,0.1,20,101770,10177,0.1,0.11536996968746221,0.06167438979262414,0.05874357512692732,0.11536837897935634,0.06167438979262414,0.05874357512692732,0.11536837897935634,0.12875649883010445,0.1260203099662204,0.14417505183655357,0.05422082212179299,0.05240629209644369,0.10121584222921551,0.12875649883010445,0.1260203099662204,0.14417505183655357,0.05422082212179299,0.05240629209644369,0.10121584222921551,1.0781362947173212,1.6954882186945044,0.5365882555518967,0.8438442060023716,0.5365882555518967,814160,203540,81416,122124,0.75,,,,,,,,,0.007900033068485428,1
bayesfl_observability_v1,vi_sparse_bayesian_keep010_seed42,106,vi,177,14,1,,5,256,117.25978487730026,0.388925164937973,274.00575563232405,274.00575563232405,,,2.0074146493600393,0.012520428746938705,0.9992568730768274,2.0074146493600393,,-0.0,2.259365973874069,117.25978487730026,274.00575563232405,274.00575563232405,0.002692402040211497,0.388925164937973,274.00575563232405,0.0025,52.07940182969535,0.0879170967049445,0.08843502029776573,0.09758368879556656,0.12850363552570343,1.4939047778447812,1.2511462326188254,3.0949481663953557,,,,,,,,,,,,,,,,,,1,update_snr,bayesian,0.1,20,101770,10177,0.1,0.11501858425190709,0.06149020525715837,0.05846129439116941,0.11501766165905458,0.06149020525715837,0.05846129439116941,0.11501766165905458,0.12834468324328463,0.12572363790240834,0.143504902216782,0.054061929925366556,0.05212959450144379,0.10079659757118939,0.12834468324328463,0.12572363790240834,0.143504902216782,0.054061929925366556,0.05212959450144379,0.10079659757118939,1.078905186709487,1.6928311116460075,0.5374600544304289,0.8432892089263568,0.5374600544304289,814160,203540,81416,122124,0.75,,,,,,,,,0.007891640067647619,1
bayesfl_observability_v1,vi_sparse_bayesian_keep010_seed42,106,vi,178,14,1,,5,256,92.33279628753662,0.45889902114868164,277.373435521692,277.373435521692,,,2.019729789124291,0.01254250667989254,0.999247524032542,2.019729789124291,,-0.0,2.28098669344155,92.33279628753662,277.373435521692,277.373435521692,0.002725493126871298,0.45889902114868164,277.373435521692,0.0025,52.07306698005226,0.08791809966191949,0.08843021839857101,0.09757215082645417,0.12855815887451172,1.4935056830900981,1.2513005598730196,3.097608418476281,,,,,,,,,,,,,,,,,,1,update_snr,bayesian,0.1,20,101770,10177,0.1,0.11560732028590184,0.061955559877468945,0.05909340151655158,0.11560309078525467,0.061955559877468945,0.05909340151655158,0.11560309078525467,0.1288549056457989,0.125937352293813,0.14419373270796418,0.054522299236543385,0.052689408859040374,0.10127286123511163,0.1288549056457989,0.125937352293813,0.14419373270796418,0.054522299236543385,0.052689408859040374,0.10127286123511163,1.0820739124470686,1.7054103521081225,0.5357518209979124,0.8443755007681248,0.5357518209979124,814160,203540,81416,122124,0.75,,,,,,,,,0.007891178524817211,1
bayesfl_observability_v1,vi_sparse_bayesian_keep010_seed42,106,vi,136,10,1,,5,256,101.66845502853394,6.198863957251888e-06,275.52153643906263,275.52153643906263,,,2.01254658247366,0.012553859502077103,0.9992528872608535,2.01254658247366,,-0.0,2.3155014849272724,101.66845502853394,275.52153643906263,275.52153643906263,0.002707296221274075,6.198863957251888e-06,275.52153643906263,0.0025,52.073666102824966,0.08791489437258354,0.08842400833964348,0.09757809415459633,0.12916842103004456,1.4938155738304069,1.2501333068011058,3.096911277286881,,,,,,,,,,,,,,,,,,1,update_snr,bayesian,0.1,20,101770,10177,0.1,0.11549906524549823,0.06163142438054402,0.058527538657389924,0.11549622614115436,0.06163142438054402,0.058527538657389924,0.11549622614115436,0.12877297220849893,0.12608914072136793,0.14367870058112636,0.05417125239966015,0.052112987655075584,0.10111209739480796,0.12877297220849893,0.12608914072136793,0.14367870058112636,0.05417125239966015,0.052112987655075584,0.10111209739480796,1.0803398883398012,1.6980016113915666,0.5368024262136256,0.8437079798195378,0.5368024262136256,814160,203540,81416,122124,0.75,,,,,,,,,0.007891663604234319,1
bayesfl_observability_v1,vi_sparse_bayesian_keep010_seed42,106,vi,58,4,1,,5,256,103.02947082519532,0.06474374234676361,276.8323186110148,276.8323186110148,,,2.0176598971089534,0.012541428208351135,0.9992488228089093,2.0176598971089534,,-0.0,2.3292713582565514,103.02947082519532,276.8323186110148,276.8323186110148,0.0027201760696768675,0.06474374234676361,276.8323186110148,0.0025,52.06451169667989,0.08791529352241266,0.08842756599187851,0.09757818132638932,0.12902645766735077,1.4936729282137227,1.251266741407747,3.096698403171815,,,,,,,,,,,,,,,,,,1,update_snr,bayesian,0.1,20,101770,10177,0.1,0.11523442039033877,0.06190131185165551,0.058975263850196774,0.1152340638690964,0.06190131185165551,0.058975263850196774,0.1152340638690964,0.12872273745347357,0.1258795530405621,0.14410455059345303,0.05447670900700906,0.05276678456212801,0.10115931904020437,0.12872273745347357,0.1258795530405621,0.14410455059345303,0.05447670900700906,0.05276678456212801,0.10115931904020437,1.0799251542462558,1.7043218949564414,0.5352364666580574,0.8447022698912314,0.5352364666580574,814160,203540,81416,122124,0.75,,,,,,,,,0.00789288844230708,1
bayesfl_observability_v1,vi_sparse_bayesian_keep010_seed42,106,vi,210,16,633,,5,256,402.74236022233964,0.009188816021968967,1.0895170714895952,1.0895170714895952,,,3.1761719742952783,0.03272987902164459,0.9981420541648679,3.1761719742952783,,-0.0,2.311121424016332,402.74236022233964,689.6643062529138,1.0895170714895952,0.00677669555127163,0.009188816021968967,1.0895170714895952,0.0025,52.12838767484057,0.08817161734046526,0.08865699172019958,0.09793717116117477,0.1283462643623352,1.491106851932493,1.2484163758993414,3.092296813067405,,,,,,,,,,,,,,,,,,1,update_snr,bayesian,0.1,20,101770,10177,0.1,0.1880012408433894,0.09242186862058348,0.08005919428908446,0.1879914771648059,0.09242186862058348,0.08005919428908446,0.1879914771648059,0.22900009167405747,0.21953538507811055,0.2787077307793939,0.0772465105035308,0.0711418969001492,0.15240810650757608,0.22900009167405747,0.21953538507811055,0.2787077307793939,0.0772465105035308,0.0711418969001492,0.15240810650757608,1.9950937099109234,2.4713699640022853,0.6281441074529946,0.7780970249731604,0.6281441074529946,814160,203540,81416,122124,0.75,,,,,,,,,0.00796115502680544,633
bayesfl_observability_v1,vi_sparse_bayesian_keep010_seed42,106,vi,115,9,1,,5,256,95.98120701313019,8.260862523457035e-05,275.94399074694104,275.94399074694104,,,2.015031854845313,0.012548565864562988,0.9992508525186051,2.015031854845313,,-0.0,2.185987945410232,95.98120701313019,275.94399074694104,275.94399074694104,0.0027114472904288204,8.260862523457035e-05,275.94399074694104,0.0025,52.06720355893692,0.08791571573756135,0.0884372629225254,0.09756453409790992,0.12797574698925018,1.4935422339206712,1.2525241499767872,3.0985594789270916,,,,,,,,,,,,,,,,,,1,update_snr,bayesian,0.1,20,101770,10177,0.1,0.11528989904044698,0.061743166370970076,0.05898879881196267,0.1152893187872298,0.061743166370970076,0.05898879881196267,0.1152893187872298,0.1285252909714467,0.12579810232146613,0.14386164214475972,0.05432293030425045,0.05246345954082722,0.10103439335481378,0.1285252909714467,0.12579810232146613,0.14386164214475972,0.05432293030425045,0.05246345954082722,0.10103439335481378,1.0809293711445507,1.7005719833745327,0.5364328948673269,0.8439429775193701,0.5364328948673269,814160,203540,81416,122124,0.75,,,,,,,,,0.007893877054725513,1
bayesfl_observability_v1,vi_sparse_bayesian_keep010_seed42,106,vi,269,21,1,,5,256,97.11765151023864,9.297892393078655e-05,275.7211202842498,275.7211202842498,,,2.013536496843099,0.012532085180282593,0.9992517764592647,2.013536496843099,,-0.0,2.185987945410232,97.11765151023864,275.7211202842498,275.7211202842498,0.002709257347786674,9.297892393078655e-05,275.7211202842498,0.0025,52.0601151533623,0.08791986598358784,0.08843432366847992,0.09754920080304146,0.12834152579307556,1.4933598494495635,1.251273713667377,3.0998576143941756,,,,,,,,,,,,,,,,,,1,update_snr,bayesian,0.1,20,101770,10177,0.1,0.11532304902862484,0.06168633100587273,0.058788762933135036,0.11532026690031881,0.06168633100587273,0.058788762933135036,0.11532026690031881,0.1287120721090309,0.1259714912455234,0.14358744967929624,0.05423902643885516,0.052383679216615554,0.10114517070953845,0.1287120721090309,0.1259714912455234,0.14358744967929624,0.05423902643885516,0.052383679216615554,0.10114517070953845,1.079802961452769,1.699516045395574,0.5362718595594003,0.8440453143313477,0.5362718595594003,814160,203540,81416,122124,0.75,,,,,,,,,0.00789124585531252,1
bayesfl_observability_v1,vi_sparse_bayesian_keep010_seed42,106,vi,79,6,1614,,5,256,840.8369209289551,0.07755066471028949,0.5700025685193664,0.5700025685193664,,,3.6614256463576313,0.04861769080162048,0.9975309034299684,3.6614256463576313,,0.227611568069938,2.10471822493949,840.8369209289551,919.9841455902573,0.5700025685193664,0.009039836352463962,0.07755066471028949,0.5700025685193664,0.0025,52.13437877189385,0.0883459997384528,0.08879728615283966,0.09824321866035461,0.12735885381698608,1.4886784685103318,1.247756173556268,3.089539866560362,,,,,,,,,,,,,,,,,,1,update_snr,bayesian,0.1,20,101770,10177,0.1,0.21486690991175975,0.10494032821497211,0.08962643836211198,0.21485853287999965,0.10494032821497211,0.08962643836211198,0.21485853287999965,0.26640851199594034,0.2535386426148294,0.329360134598269,0.08699941890597565,0.07965457012651285,0.17296715040762056,0.26640851199594034,0.2535386426148294,0.329360134598269,0.08699941890597565,0.07965457012651285,0.17296715040762056,2.3637640908225475,2.7961861681124285,0.6455857141804883,0.7636878194956822,0.6455857141804883,814160,203540,81416,122124,0.75,,,,,,,,,0.0080530282875366,1614
bayesfl_observability_v1,vi_sparse_bayesian_keep010_seed42,106,vi,97,7,1882,,5,256,702.7541615009308,0.02176714424879214,0.4673491938975378,0.4673491938975378,,,3.570380694754366,0.055840253829956055,0.9976534150384263,3.570380694754366,,-0.0,2.3096097079310103,702.7541615009308,879.5511829151661,0.4673491938975378,0.00864253889078477,0.02176714424879214,0.4673491938975378,0.0025,52.147779703714924,0.08838184244002442,0.08886593952775002,0.09832617864012719,0.12579010426998138,1.488344098487655,1.246583245721765,3.085820662130662,,,,,,,,,,,,,,,,,,1,update_snr,bayesian,0.1,20,101770,10177,0.1,0.20918540152092352,0.10148421388171364,0.08581797585526688,0.20918492131465852,0.10148421388171364,0.08581797585526688,0.20918492131465852,0.2632152451357711,0.25027940399507514,0.32895310115250864,0.08351409929792948,0.07596727688662994,0.16628185815654087,0.2632152451357711,0.25027940399507514,0.32895310115250864,0.08351409929792948,0.07596727688662994,0.16628185815654087,2.347161016927345,2.690437411665857,0.6573979688988948,0.7535435690705674,0.6573979688988948,814160,203540,81416,122124,0.75,,,,,,,,,0.008072473354569834,1882
bayesfl_observability_v1,vi_sparse_bayesian_keep010_seed42,106,vi,111,8,11,,5,256,117.98344926834106,0.26416834917935456,25.07893549659452,25.07893549659452,,,2.0136803130025016,0.012542307376861572,0.999251984116629,2.0136803130025016,,-0.0,2.3096097079310103,117.98344926834106,275.86829046253973,25.07893549659452,0.0027107034534984745,0.26416834917935456,25.07893549659452,0.0025,52.071627680903376,0.08791703318744544,0.08843427151441574,0.09759006276726723,0.12895682454109192,1.493828050994278,1.2503300136342625,3.097807097255476,,,,,,,,,,,,,,,,,,1,update_snr,bayesian,0.1,20,101770,10177,0.1,0.11534084053082251,0.06173739349965574,0.05874707223291169,0.11534068372219375,0.06173739349965574,0.05874707223291169,0.11534068372219375,0.12861228970549501,0.12579757461924568,0.14358703726494348,0.054306849476784706,0.05249168304482732,0.10104090820227875,0.12861228970549501,0.12579757461924568,0.14358703726494348,0.054306849476784706,0.05249168304482732,0.10104090820227875,1.07942238779532,1.6999281489816285,0.5360445651801826,0.8441896849291572,0.5360445651801826,814160,203540,81416,122124,0.75,,,,,,,,,0.00789301477658692,11
bayesfl_observability_v1,vi_sparse_bayesian_keep010_seed42,106,vi,252,20,1,,5,256,117.5758822441101,1.7881377516459906e-06,274.4096770965115,274.4096770965115,,,2.0092042007681967,0.012532256543636322,0.9992551428965281,2.0092042007681967,,-0.0,2.28098669344155,117.5758822441101,274.4096770965115,274.4096770965115,0.0026963710041909353,1.7881377516459906e-06,274.4096770965115,0.0025,52.06582247618712,0.08791636065954694,0.08843379840254784,0.0975807398557663,0.12793530523777008,1.4934927741568609,1.2515168297619215,3.0973374338073483,,,,,,,,,,,,,,,,,,1,update_snr,bayesian,0.1,20,101770,10177,0.1,0.11516643407756046,0.06155288690280521,0.058671855645703666,0.11516615808704495,0.06155288690280521,0.058671855645703666,0.11516615808704495,0.12843228887603017,0.12570569328378178,0.1433539535667797,0.05412184223911357,0.05219899202339801,0.10069182837362964,0.12843228887603017,0.12570569328378178,0.1433539535667797,0.05412184223911357,0.05219899202339801,0.10069182837362964,1.079288232583597,1.6947089518236298,0.5371719968388197,0.8434727297383098,0.5371719968388197,814160,203540,81416,122124,0.75,,,,,,,,,0.00789247351787814,1
bayesfl_observability_v1,vi_sparse_bayesian_keep010_seed42,106,vi,241,19,265,,5,256,294.3438745737076,0.01291760588534295,1.9657898794540287,1.9657898794540287,,,2.765270451888395,0.023966796696186066,0.9985909799374212,2.765270451888395,,-0.0,2.259365973874069,294.3438745737076,520.9343180553176,1.9657898794540287,0.005118741456768375,0.01291760588534295,1.9657898794540287,0.0025,52.109425840030745,0.08806617248792761,0.08856482058763504,0.09776680916547775,0.1292346715927124,1.4921115686613415,1.2477906932632932,3.095880812073863,,,,,,,,,,,,,,,,,,1,update_snr,bayesian,0.1,20,101770,10177,0.1,0.16303298426062546,0.0819788719006612,0.07322120460211606,0.16302968726527467,0.0819788719006612,0.07322120460211606,0.16302968726527467,0.19267448527147027,0.1863459158999144,0.22711396194639516,0.06967935930390463,0.06529463934707884,0.13496888282130967,0.19267448527147027,0.1863459158999144,0.22711396194639516,0.06967935930390463,0.06529463934707884,0.13496888282130967,1.6637032496322186,2.2088033342174818,0.60164214624869,0.798765752806962,0.60164214624869,814160,203540,81416,122124,0.75,,,,,,,,,0.007932089389800886,265
bayesfl_observability_v1,vi_sparse_bayesian_keep010_seed42,106,vi,162,13,1,,5,256,96.19948534965515,0.006970374844968319,276.3385464118469,276.3385464118469,,,2.015738625690767,0.012534216046333313,0.9992502625805563,2.015738625690767,,-0.0,2.185987945410232,96.19948534965515,276.3385464118469,276.3385464118469,0.0027153242253301255,0.006970374844968319,276.3385464118469,0.0025,52.06486350340467,0.08791614470570926,0.0884188860654831,0.09756478369235992,0.12647747993469238,1.4934301440444389,1.2492064728829424,3.0953927434042954,,,,,,,,,,,,,,,,,,1,update_snr,bayesian,0.1,20,101770,10177,0.1,0.11530558000742239,0.06181820485196156,0.05889165960989122,0.11530249323463868,0.06181820485196156,0.05889165960989122,0.11530249323463868,0.12873024669767394,0.12607466556765412,0.14378615039122436,0.05438353353577129,0.05267315876482161,0.10121502697553021,0.12873024669767394,0.12607466556765412,0.14378615039122436,0.05438353353577129,0.05267315876482161,0.10121502697553021,1.08032147710955,1.7017954381175033,0.5359432335823491,0.8442540200539743,0.5359432335823491,814160,203540,81416,122124,0.75,,,,,,,,,0.00788947018310726,1
bayesfl_observability_v1,vi_sparse_bayesian_keep010_seed42,106,vi,169,13,456,,5,256,265.15099253058435,0.0020158552940477406,1.1440946306213045,1.1440946306213045,,,2.7677642826313154,0.02420521154999733,0.9985885328633451,2.7677642826313154,,-0.0,2.3163460082440825,265.15099253058435,521.7071515633148,1.1440946306213045,0.005126335379417459,0.0020158552940477406,1.1440946306213045,0.0025,52.11115506986036,0.08806850340737508,0.08855952322483063,0.09777816608548165,0.12716083228588104,1.492629248253524,1.250070816091359,3.092076934933061,,,,,,,,,,,,,,,,,,1,update_snr,bayesian,0.1,20,101770,10177,0.1,0.16324973245222452,0.08188117998216753,0.07299017114488751,0.16324668932613698,0.08188117998216753,0.07299017114488751,0.16324668932613698,0.1936362174411352,0.18761314856909986,0.22838146203314297,0.06946395359783775,0.0648256394535167,0.1350535630013811,0.1936362174411352,0.18761314856909986,0.22838146203314297,0.06946395359783775,0.0648256394535167,0.1350535630013811,1.6750038917705075,2.203379469533861,0.6051829999692315,0.7960863876164724,0.6051829999692315,814160,203540,81416,122124,0.75,,,,,,,,,0.007932221601430806,456
bayesfl_observability_v1,vi_sparse_bayesian_keep010_seed42,106,vi,12,1,1,,5,256,109.24301514625549,0.8137876987457275,275.52854661125605,275.52854661125605,,,2.0131155325300156,0.012519240379333496,0.9992526787082732,2.0131155325300156,,-0.0,2.3277319754160017,109.24301514625549,275.52854661125605,275.52854661125605,0.00270736510377573,0.8137876987457275,275.52854661125605,0.0025,52.08047710643423,0.08791651254505362,0.08841263502836227,0.09757752195000649,0.12822479009628296,1.4938842182594956,1.2502717791895286,3.0983514786278707,,,,,,,,,,,,,,,,,,1,update_snr,bayesian,0.1,20,101770,10177,0.1,0.11529328322331574,0.061665522214759315,0.0588048051632533,0.11529286177489252,0.061665522214759315,0.0588048051632533,0.11529286177489252,0.1286179800916968,0.12592822183113112,0.14397407139393625,0.054226360228432906,0.05240893136617316,0.10098258080918729,0.1286179800916968,0.12592822183113112,0.14397407139393625,0.054226360228432906,0.05240893136617316,0.10098258080918729,1.0796790922663324,1.6990959964159051,0.536322468740494,0.8440131571984538,0.536322468740494,814160,203540,81416,122124,0.75,,,,,,,,,0.007892299356021525,1
bayesfl_observability_v1,vi_sparse_bayesian_keep010_seed42,107,vi,264,21,1,,5,256,96.76083583831787,3.099393507000059e-05,274.00678780069984,274.00678780069984,,,2.0133044506117455,0.01255062222480774,0.9992570455604559,2.0133044506117455,,-0.0,2.259365973874069,96.76083583831787,274.00678780069984,274.00678780069984,0.002692412182378892,3.099393507000059e-05,274.00678780069984,0.0025,52.23890113064645,0.08819059123543821,0.08870875090360641,0.09785150885581971,0.12863276898860931,1.4944404472814263,1.2535603023061803,3.09494476323673,,,,,,,,,,,,,,,,,,1,update_snr,bayesian,0.1,20,101770,10177,0.1,0.11493210009436705,0.06156170758870525,0.058678510312894706,0.1149309787233571,0.06156170758870525,0.058678510312894706,0.1149309787233571,0.12822846636121366,0.125482731947469,0.14339425504808576,0.05415428994731544,0.05237057096385289,0.10067090460277926,0.12822846636121366,0.125482731947469,0.14339425504808576,0.05415428994731544,0.05237057096385289,0.10067090460277926,1.0813719648377136,1.6982430581386427,0.5371129858224558,0.8435103084496879,0.5371129858224558,814160,203540,81416,122124,0.75,,,,,,,,,0.00790476018506244,1
bayesfl_observability_v1,vi_sparse_bayesian_keep010_seed42,107,vi,23,1,73,,5,256,113.17795453071594,0.04074914814674691,3.782588851605342,3.782588851605342,,,2.0217611989949953,0.012530960142612457,0.999250931781308,2.0217611989949953,,-0.0,2.185987945410232,113.17795453071594,276.12898616718996,3.782588851605342,0.0027132650699340666,0.04074914814674691,3.782588851605342,0.0025,52.24378478432695,0.08819071921510144,0.08868154138326645,0.0978661984205246,0.12761956453323364,1.4943003861261714,1.2531427972178864,3.096478513586595,,,,,,,,,,,,,,,,,,1,update_snr,bayesian,0.1,20,101770,10177,0.1,0.11529483371896784,0.06181595589147538,0.05890345718205407,0.11529142036493033,0.06181595589147538,0.05890345718205407,0.11529142036493033,0.12847788243353767,0.1257651761193914,0.14320532755278848,0.054409075164579566,0.0527127991108605,0.10113033627112991,0.12847788243353767,0.1257651761193914,0.14320532755278848,0.054409075164579566,0.0527127991108605,0.10113033627112991,1.0810672441538587,1.7084530896045298,0.5347155958335982,0.8450320890784684,0.5347155958335982,814160,203540,81416,122124,0.75,,,,,,,,,0.007904021698132015,73
bayesfl_observability_v1,vi_sparse_bayesian_keep010_seed42,107,vi,24,1,142,,5,256,212.7720446586609,0.03279570458640515,1.9661707240436972,1.9661707240436972,,,2.0329092546475658,0.012530148029327393,0.9992424080713609,2.0329092546475658,,0.40519466481919386,1.9096930536110042,212.7720446586609,279.196242814205,1.9661707240436972,0.0027434041742576886,0.03279570458640515,1.9661707240436972,0.0025,52.2355905150101,0.08819037425556252,0.08870048075914383,0.09785931631922723,0.12761996686458588,1.4939604673488298,1.2536582690027205,3.0979178462289694,,,,,,,,,,,,,,,,,,1,update_snr,bayesian,0.1,20,101770,10177,0.1,0.11578673188233449,0.06213771936523547,0.059362149641629586,0.11578618111582445,0.06213771936523547,0.059362149641629586,0.11578618111582445,0.12896971692369522,0.12625382361780157,0.14440019381986946,0.05471194185873994,0.052998271273940946,0.10182493832122745,0.12896971692369522,0.12625382361780157,0.14440019381986946,0.05471194185873994,0.052998271273940946,0.10182493832122745,1.0843691265654487,1.719553324262848,0.533407540984135,0.8458583777567373,0.533407540984135,814160,203540,81416,122124,0.75,,,,,,,,,0.007904430493540834,142
bayesfl_observability_v1,vi_sparse_bayesian_keep010_seed42,107,vi,209,16,1,,5,256,85.02715861797333,0.07864636182785034,277.29055562573865,277.29055562573865,,,2.0258867516936707,0.012554053217172623,0.9992476578582998,2.0258867516936707,,-0.0,2.259365973874069,85.02715861797333,277.29055562573865,277.29055562573865,0.0027246787425148733,0.07864636182785034,277.29055562573865,0.0025,52.23643745302722,0.08818960511701696,0.08869919553399086,0.09787296578288078,0.12647667527198792,1.4942928200042587,1.2540357041639132,3.095203076420196,,,,,,,,,,,,,,,,,,1,update_snr,bayesian,0.1,20,101770,10177,0.1,0.11542513372194892,0.061937167110629826,0.05923007893041393,0.11542158279142462,0.061937167110629826,0.05923007893041393,0.11542158279142462,0.12849599105190598,0.12588658310430761,0.14337468718690088,0.05454174222826581,0.05288621732872941,0.1014987215878766,0.12849599105190598,0.12588658310430761,0.14337468718690088,0.05454174222826581,0.05288621732872941,0.1014987215878766,1.0821658923929485,1.712639516077248,0.5341689961140434,0.8453777165211513,0.5341689961140434,814160,203540,81416,122124,0.75,,,,,,,,,0.00790508588262742,1
bayesfl_observability_v1,vi_sparse_bayesian_keep010_seed42,107,vi,211,16,21,,5,256,121.34932918548584,0.08185789130982898,13.10439217847833,13.10439217847833,,,2.0184973917514797,0.012533724308013916,0.9992530300973295,2.0184973917514797,,-0.0,2.311121424016332,121.34932918548584,275.19223574804494,13.10439217847833,0.0027040604868629747,0.08185789130982898,13.10439217847833,0.0025,52.232403859353106,0.08819034965825073,0.08871239051222801,0.09785845875740051,0.12807175517082214,1.4941537551759272,1.254162250882593,3.0951958880767076,,,,,,,,,,,,,,,,,,1,update_snr,bayesian,0.1,20,101770,10177,0.1,0.115229957638714,0.06166669444745626,0.058724654209189514,0.11522966593156814,0.06166669444745626,0.058724654209189514,0.11522966593156814,0.12845424076826667,0.12578425321744166,0.14358340225065175,0.054245855967366204,0.05231636203417279,0.10094511521421715,0.12845424076826667,0.12578425321744166,0.14358340225065175,0.054245855967366204,0.05231636203417279,0.10094511521421715,1.081587612082269,1.704259357579622,0.5358380033098579,0.8443208123746008,0.5358380033098579,814160,203540,81416,122124,0.75,,,,,,,,,0.007905887415185974,21
bayesfl_observability_v1,vi_sparse_bayesian_keep010_seed42,107,vi,65,5,50,,5,256,139.63418006896973,0.007178481221199035,5.521591999995738,5.521591999995738,,,2.019433756868773,0.012529999017715454,0.9992528978461643,2.019433756868773,,-0.0,2.3155014849272724,139.63418006896973,276.07959999978686,5.521591999995738,0.0027127797975806905,0.007178481221199035,5.521591999995738,0.0025,52.251442668814605,0.08819026254389098,0.08870741352438927,0.09786633104085922,0.1287766695022583,1.4947912834232462,1.2542710826168002,3.0976374701354703,,,,,,,,,,,,,,,,,,1,update_snr,bayesian,0.1,20,101770,10177,0.1,0.11531532247859141,0.061735764616921616,0.058838498297415484,0.11531211251217505,0.061735764616921616,0.058838498297415484,0.11531211251217505,0.12886944197398478,0.1259156952476294,0.14420082463589812,0.054276467132803465,0.052396789292211816,0.10098637413471435,0.12886944197398478,0.1259156952476294,0.14420082463589812,0.054276467132803465,0.052396789292211816,0.10098637413471435,1.0814574880260759,1.7054507908390257,0.5355251116050108,0.8445193040069844,0.5355251116050108,814160,203540,81416,122124,0.75,,,,,,,,,0.007905135525171011,50
bayesfl_observability_v1,vi_sparse_bayesian_keep010_seed42,107,vi,70,5,1,,5,256,103.78194003105163,0.5321639776229858,274.03463739929657,274.03463739929657,,,2.0134646491927777,0.012524381279945374,0.9992570382537661,2.0134646491927777,,-0.0,2.3277319754160017,103.78194003105163,274.03463739929657,274.03463739929657,0.002692685834718449,0.5321639776229858,274.03463739929657,0.0025,52.24273011965449,0.08818704593449705,0.08870210871100426,0.09784677475690842,0.12686771154403687,1.4943120093134723,1.2545144619086024,3.0958584363890274,,,,,,,,,,,,,,,,,,1,update_snr,bayesian,0.1,20,101770,10177,0.1,0.11509546637666312,0.061432178471352544,0.05850382263757403,0.11509148763783442,0.061432178471352544,0.05850382263757403,0.11509148763783442,0.12853398842411126,0.12582529533804201,0.14371349224647417,0.05397642180993493,0.05214163176742855,0.1007159803500626,0.12853398842411126,0.12582529533804201,0.14371349224647417,0.05397642180993493,0.05214163176742855,0.1007159803500626,1.0830881388576268,1.6973390872229743,0.5379225998786966,0.842994232803371,0.5379225998786966,814160,203540,81416,122124,0.75,,,,,,,,,0.007902111315446995,1
bayesfl_observability_v1,vi_sparse_bayesian_keep010_seed42,107,vi,252,20,1,,5,256,107.10179414749146,2.396077979938127e-05,273.2630000677713,273.2630000677713,,,2.011556065812863,0.012536123394966125,0.9992582029266869,2.011556065812863,,-0.0,2.28098669344155,107.10179414749146,273.2630000677713,273.2630000677713,0.002685103665793174,2.396077979938127e-05,273.2630000677713,0.0025,52.234044049218696,0.08818820962396665,0.08870500698685646,0.09785213172435761,0.12913846969604492,1.4942115586143259,1.2516218845149525,3.095623649339027,,,,,,,,,,,,,,,,,,1,update_snr,bayesian,0.1,20,101770,10177,0.1,0.1148202249683943,0.061438135006102665,0.058569094519557316,0.11481930924354498,0.061438135006102665,0.058569094519557316,0.11481930924354498,0.12803918119914814,0.12531434407368391,0.14306563658829952,0.05403801876243094,0.05210419709989665,0.10063484379892738,0.12803918119914814,0.12531434407368391,0.14306563658829952,0.05403801876243094,0.05210419709989665,0.10063484379892738,1.0795018862381252,1.6973607405371594,0.536650160830542,0.8438048381471593,0.536650160830542,814160,203540,81416,122124,0.75,,,,,,,,,0.007902806957136924,1
bayesfl_observability_v1,vi_sparse_bayesian_keep010_seed42,107,vi,259,20,353,,5,256,272.29269387722013,0.009993394947592327,1.4716274785023764,1.4716274785023764,,,2.768504885691116,0.024125248193740845,0.9985965724020368,2.768504885691116,,-0.0,2.185987945410232,272.29269387722013,519.4844999113388,1.4716274785023764,0.005104495430002347,0.009993394947592327,1.4716274785023764,0.0025,52.27423863831313,0.08833809411304193,0.0888347253203392,0.09805331602692605,0.12728027999401093,1.49301716985113,1.2523205934627495,3.093600615059389,,,,,,,,,,,,,,,,,,1,update_snr,bayesian,0.1,20,101770,10177,0.1,0.16276644795349068,0.08187926862291052,0.07328698363915453,0.1627654845486942,0.08187926862291052,0.07328698363915453,0.1627654845486942,0.1925172206004028,0.18692895979206595,0.2260322178917204,0.06958616284763355,0.0652643255242545,0.13473286685787497,0.1925172206004028,0.18692895979206595,0.2260322178917204,0.06958616284763355,0.0652643255242545,0.13473286685787497,1.665192878167693,2.2117305397799245,0.6014773124563233,0.7988898813981319,0.6014773124563233,814160,203540,81416,122124,0.75,,,,,,,,,0.007942142233205569,353
bayesfl_observability_v1,vi_sparse_bayesian_keep010_seed42,107,vi,196,15,1,,5,256,98.86082072257996,0.00041547726141288877,273.915138119811,273.915138119811,,,2.0129736647032788,0.012551620602607727,0.999257288264539,2.0129736647032788,,-0.0,2.185987945410232,98.86082072257996,273.915138119811,273.915138119811,0.0026915116254280337,0.00041547726141288877,273.915138119811,0.0025,52.23884809099143,0.08818978192397263,0.0886991135776043,0.09787040576338768,0.12833340466022491,1.4944016826892987,1.254844609442493,3.0976392645423982,,,,,,,,,,,,,,,,,,1,update_snr,bayesian,0.1,20,101770,10177,0.1,0.11495967606216595,0.06152907591165734,0.058541719995491036,0.1149545027384729,0.06152907591165734,0.058541719995491036,0.1149545027384729,0.12826863069597927,0.12552760944969263,0.1438192936667544,0.05411356982451045,0.05227727427313163,0.1006422072965811,0.12826863069597927,0.12552760944969263,0.1438192936667544,0.05411356982451045,0.05227727427313163,0.1006422072965811,1.0802354644976817,1.6985742009198266,0.5366366602003774,0.8438134242408004,0.5366366602003774,814160,203540,81416,122124,0.75,,,,,,,,,0.007905996072693395,1
bayesfl_observability_v1,vi_sparse_bayesian_keep010_seed42,107,vi,45,3,1,,5,256,102.80772740840912,0.10389446467161179,274.22708954614865,274.22708954614865,,,2.015262705780051,0.012527599930763245,0.999255558992412,2.015262705780051,,-0.0,2.28098669344155,102.80772740840912,274.22708954614865,274.22708954614865,0.0026945768846039957,0.10389446467161179,274.22708954614865,0.0025,52.2374727934135,0.08819200161940031,0.08870518207550049,0.09788747280836106,0.12712758779525757,1.4943043976014585,1.2538375192899442,3.098423413045005,,,,,,,,,,,,,,,,,,1,update_snr,bayesian,0.1,20,101770,10177,0.1,0.11482408909176911,0.06156290138871229,0.05867102371886608,0.11482269979896562,0.06156290138871229,0.05867102371886608,0.11482269979896562,0.12804875357463308,0.12522257647270105,0.14336742588101953,0.054175584479165526,0.052361446637126344,0.10070283222021345,0.12804875357463308,0.12522257647270105,0.14336742588101953,0.054175584479165526,0.052361446637126344,0.10070283222021345,1.0798804973015685,1.701511646993829,0.5358509807204402,0.8443125762778515,0.5358509807204402,814160,203540,81416,122124,0.75,,,,,,,,,0.00790511126880196,1
bayesfl_observability_v1,vi_sparse_bayesian_keep010_seed42,107,vi,248,19,1,,5,256,101.87161386013031,0.00983346626162529,274.5481179687804,274.5481179687804,,,2.0166987357848725,0.012537874281406403,0.9992544996608614,2.0166987357848725,,-0.0,2.28098669344155,101.87161386013031,274.5481179687804,274.5481179687804,0.0026977313350572897,0.00983346626162529,274.5481179687804,0.0025,52.237557107185935,0.08819003102670774,0.08870526030659676,0.09787539392709732,0.12661342322826385,1.4944392294541549,1.2542906334258648,3.0966221698170906,,,,,,,,,,,,,,,,,,1,update_snr,bayesian,0.1,20,101770,10177,0.1,0.11486032746889027,0.06162901215603744,0.05884403074308395,0.11486009248978463,0.06162901215603744,0.05884403074308395,0.11486009248978463,0.12808891569623498,0.12551096581887272,0.14304602971868757,0.054244578429348815,0.052564068611181944,0.10081758236155562,0.12808891569623498,0.12551096581887272,0.14304602971868757,0.054244578429348815,0.052564068611181944,0.10081758236155562,1.080601994861065,1.702754568227198,0.5358271791847526,0.8443276816775057,0.5358271791847526,814160,203540,81416,122124,0.75,,,,,,,,,0.007903432068968735,1
bayesfl_observability_v1,vi_sparse_bayesian_keep010_seed42,107,vi,35,2,1,,5,256,104.1987370967865,0.00010227633902104571,273.65176320029286,273.65176320029286,,,2.011085579805817,0.012524351477622986,0.9992587004552898,2.011085579805817,,-0.0,2.3163460082440825,104.1987370967865,273.65176320029286,273.65176320029286,0.0026889236828170665,0.00010227633902104571,273.65176320029286,0.0025,52.2395208785855,0.0881915829798641,0.08870579302310944,0.09784305840730667,0.12760473787784576,1.4941305824218714,1.2546273889386392,3.0960734815793916,,,,,,,,,,,,,,,,,,1,update_snr,bayesian,0.1,20,101770,10177,0.1,0.11508255413559962,0.061429164119905906,0.05842876191237768,0.11508248083171493,0.061429164119905906,0.05842876191237768,0.11508248083171493,0.12832095944246555,0.12563322827934595,0.14349207514274853,0.05399674241739928,0.052190185364589615,0.10081657959511134,0.12832095944246555,0.12563322827934595,0.14349207514274853,0.05399674241739928,0.052190185364589615,0.10081657959511134,1.079456649467483,1.696831916019774,0.5367532144364097,0.8437392884014482,0.5367532144364097,814160,203540,81416,122124,0.75,,,,,,,,,0.007903863971685464,1
bayesfl_observability_v1,vi_sparse_bayesian_keep010_seed42,107,vi,179,14,604,,5,256,401.6598965287209,0.006929693928617515,1.1480434185909025,1.1480434185909025,,,3.1973018858778945,0.03373260051012039,0.998129153411954,3.1973018858778945,,-0.0,2.311121424016332,401.6598965287209,693.4182248289051,1.1480434185909025,0.006813581849551981,0.006929693928617515,1.1480434185909025,0.0025,52.29406205072284,0.08843999985538491,0.08894339203834534,0.09816959127783775,0.12584146857261658,1.4918839460680073,1.2511000232010943,3.087613408947747,,,,,,,,,,,,,,,,,,1,update_snr,bayesian,0.1,20,101770,10177,0.1,0.18865765683733288,0.09298801875991128,0.08100425245934068,0.1886565944243814,0.09298801875991128,0.08100425245934068,0.1886565944243814,0.22847864559274722,0.21931165076813472,0.2767539059836887,0.07793350466737395,0.07193459465136347,0.1529544636244745,0.22847864559274722,0.21931165076813472,0.2767539059836887,0.07793350466737395,0.07193459465136347,0.1529544636244745,1.9997065730152563,2.4947771385993476,0.6254356468019878,0.7802757536341763,0.6254356468019878,814160,203540,81416,122124,0.75,,,,,,,,,0.007977223298108942,604
bayesfl_observability_v1,vi_sparse_bayesian_keep010_seed42,107,vi,94,7,1,,5,256,116.02271828651428,4.980162143707275,273.2279150878976,273.2279150878976,,,2.0107936437331606,0.01252705231308937,0.9992588073102504,2.0107936437331606,,-0.0,2.3292713582565514,116.02271828651428,273.2279150878976,273.2279150878976,0.0026847589180298476,4.980162143707275,273.2279150878976,0.0025,52.23561457006735,0.08818918551110888,0.08871129527688026,0.09786810651421547,0.1280529499053955,1.4943697749048919,1.2514977689460958,3.0984703407763474,,,,,,,,,,,,,,,,,,1,update_snr,bayesian,0.1,20,101770,10177,0.1,0.11486470464465633,0.06137005070180688,0.058403524113804325,0.11486433002646196,0.06137005070180688,0.058403524113804325,0.11486433002646196,0.1280968442023231,0.125368565160581,0.1432365348655352,0.05395596253508284,0.05207011316589414,0.10053291757077373,0.1280968442023231,0.125368565160581,0.1432365348655352,0.05395596253508284,0.05207011316589414,0.10053291757077373,1.0791333808552674,1.696691552404728,0.5366703760072519,0.8437919811874465,0.5366703760072519,814160,203540,81416,122124,0.75,,,,,,,,,0.007907560800329429,1
bayesfl_observability_v1,vi_sparse_bayesian_keep010_seed42,108,vi,66,5,62,,5,256,255.91019248962402,0.6251229316957535,4.490905976644939,4.490905976644939,,,2.0339690593586135,0.012526832520961761,0.9992449938171613,2.0339690593586135,,0.5614271145662422,1.826949466466651,255.91019248962402,278.4361705519862,4.490905976644939,0.0027359356446102607,0.6251229316957535,4.490905976644939,0.0025,52.352067426086805,0.08837753186511,0.08887813240289688,0.09804446622729301,0.12667430937290192,1.4942615566617314,1.2537040371190238,3.093094498866513,,,,,,,,,,,,,,,,,,1,update_snr,bayesian,0.1,20,101770,10177,0.1,0.11569624397966545,0.06204808830760501,0.0592403498039451,0.11569537046169538,0.06204808830760501,0.0592403498039451,0.11569537046169538,0.12890110960402457,0.12603397802253982,0.14400706853678885,0.054619974830225064,0.052966719370808144,0.10151155988381343,0.12890110960402457,0.12603397802253982,0.14400706853678885,0.054619974830225064,0.052966719370808144,0.10151155988381343,1.0869783998007843,1.719159123756347,0.5344124556858053,0.8452238326075925,0.5344124556858053,814160,203540,81416,122124,0.75,,,,,,,,,0.007888842891580816,62
bayesfl_observability_v1,vi_sparse_bayesian_keep010_seed42,108,vi,44,3,2,,5,256,102.09426708221436,0.00014910918253008276,136.82501289371766,136.82501289371766,,,2.015585748533226,0.012523069977760315,0.9992582178475797,2.015585748533226,,-0.0,2.185987945410232,102.09426708221436,273.6500257874353,136.82501289371766,0.002688906610862094,0.00014910918253008276,136.82501289371766,0.0025,52.33918312019854,0.08837941925421063,0.08889825269579887,0.09802653640508652,0.1281929612159729,1.493876665648913,1.2555054007130337,3.094839394622521,,,,,,,,,,,,,,,,,,1,update_snr,bayesian,0.1,20,101770,10177,0.1,0.1148465241823387,0.0614690344755602,0.058609437024360764,0.11484397027405634,0.0614690344755602,0.058609437024360764,0.11484397027405634,0.1281361498185398,0.1254941821358507,0.1432640525013428,0.05406157721522914,0.052070523783457924,0.10056233528362918,0.1281361498185398,0.1254941821358507,0.1432640525013428,0.05406157721522914,0.052070523783457924,0.10056233528362918,1.080034533212464,1.7017964968699346,0.5358415210062,0.8443185799008349,0.5358415210062,814160,203540,81416,122124,0.75,,,,,,,,,0.007893630306141328,2
bayesfl_observability_v1,vi_sparse_bayesian_keep010_seed42,108,vi,19,1,279,,5,256,268.6855906486511,0.07821722606390608,1.8466249532601515,1.8466249532601515,,,2.763163444427256,0.023842275142669678,0.9986076072076175,2.763163444427256,,0.3705115655529096,1.9463369459516098,268.6855906486511,515.2083619595822,1.8466249532601515,0.005062477763187406,0.07821722606390608,1.8466249532601515,0.0025,52.37956798229394,0.0885353994453918,0.08904769271612167,0.09824512973427772,0.1265074461698532,1.4926704516120144,1.252268729349741,3.0900600810442493,,,,,,,,,,,,,,,,,,1,update_snr,bayesian,0.1,20,101770,10177,0.1,0.16252572576022184,0.0814347069032505,0.07259116591654566,0.1625231158870762,0.0814347069032505,0.07259116591654566,0.1625231158870762,0.19220587368735328,0.1862643318214904,0.22637103749124982,0.06912679948279461,0.06478336091226154,0.13382884297272038,0.19220587368735328,0.1862643318214904,0.22637103749124982,0.06912679948279461,0.06478336091226154,0.13382884297272038,1.6690765526251998,2.202102559395429,0.6040455391777099,0.7969498018065585,0.6040455391777099,814160,203540,81416,122124,0.75,,,,,,,,,0.007929805034294354,279
bayesfl_observability_v1,vi_sparse_bayesian_keep010_seed42,108,vi,104,8,810,,5,256,491.0587656535208,0.006846707544209045,0.9815431432405968,0.9815431432405968,,,3.428775612507086,0.041946716606616974,0.9978593509529745,3.428775612507086,,0.008677115299901474,2.3068194974795277,491.0587656535208,795.0499460248834,0.9815431432405968,0.007812223111180932,0.006846707544209045,0.9815431432405968,0.0025,52.43016755033779,0.08870043179322826,0.08920153230428696,0.09849791377782822,0.12684349715709686,1.4915319967139005,1.251855638439622,3.088459126613959,,,,,,,,,,,,,,,,,,1,update_snr,bayesian,0.1,20,101770,10177,0.1,0.20117037473369773,0.09854441338163816,0.08490540469738475,0.20116837953683075,0.09854441338163816,0.08490540469738475,0.20116837953683075,0.24774589407266193,0.2371158255348648,0.303810611122497,0.08196647108263555,0.07517550796205738,0.16210176964137393,0.24774589407266193,0.2371158255348648,0.303810611122497,0.08196647108263555,0.07517550796205738,0.16210176964137393,2.188178448129003,2.6397684140975533,0.6381807080484422,0.7698866045560157,0.6381807080484422,814160,203540,81416,122124,0.75,,,,,,,,,0.007988146149408968,810
bayesfl_observability_v1,vi_sparse_bayesian_keep010_seed42,108,vi,203,16,1,,5,256,99.82682194709778,4.5536911784438416e-05,273.3150647500258,273.3150647500258,,,2.0162982804377068,0.012546151876449585,0.9992579220674898,2.0162982804377068,,-0.0,2.311121424016332,99.82682194709778,273.3150647500258,273.3150647500258,0.0026856152574435076,4.5536911784438416e-05,273.3150647500258,0.0025,52.34741697268256,0.08838105959675191,0.08889567106962204,0.09801428318023682,0.12790140509605408,1.4940845613161793,1.2545866032968398,3.093135783422481,,,,,,,,,,,,,,,,,,1,update_snr,bayesian,0.1,20,101770,10177,0.1,0.11476556797588731,0.0615116470860941,0.05880031583228156,0.11476546019764883,0.0615116470860941,0.05880031583228156,0.11476546019764883,0.12777571852569292,0.12525159925189377,0.14239567366267214,0.054148972481694216,0.052496373488864226,0.10049396391211818,0.12777571852569292,0.12525159925189377,0.14239567366267214,0.054148972481694216,0.052496373488864226,0.10049396391211818,1.081593457815095,1.701650477538687,0.5364253237275479,0.8439477898921212,0.5364253237275479,814160,203540,81416,122124,0.75,,,,,,,,,0.007892066182327599,1
bayesfl_observability_v1,vi_sparse_bayesian_keep010_seed42,108,vi,265,21,1,,5,256,93.9944872379303,0.006755489390343428,272.96156151038053,272.96156151038053,,,2.0150843867277533,0.012528598308563232,0.9992585530404174,2.0150843867277533,,-0.0,2.259365973874069,93.9944872379303,272.96156151038053,272.96156151038053,0.00268214170689182,0.006755489390343428,272.96156151038053,0.0025,52.33788217576084,0.08838139811472691,0.08889226615428925,0.09803537726402282,0.1279953420162201,1.4942194445392927,1.2545052969399375,3.0936465020242654,,,,,,,,,,,,,,,,,,1,update_snr,bayesian,0.1,20,101770,10177,0.1,0.11498874093232768,0.06140451365631159,0.05847416075939421,0.1149876222563639,0.06140451365631159,0.05847416075939421,0.1149876222563639,0.12794642751884652,0.12525435128635737,0.14261553295790308,0.05401096767158547,0.052012346578492547,0.10050631431572332,0.12794642751884652,0.12525435128635737,0.14261553295790308,0.05401096767158547,0.052012346578492547,0.10050631431572332,1.0817825790694635,1.700091626135423,0.5368423209442579,0.843682595792507,0.5368423209442579,814160,203540,81416,122124,0.75,,,,,,,,,0.007891404356601591,1
bayesfl_observability_v1,vi_sparse_bayesian_keep010_seed42,108,vi,241,19,265,,5,256,425.10211942195895,0.0060029335715368675,2.0877036992221343,2.0877036992221343,,,2.869479215441314,0.02409321814775467,0.9984985280865211,2.869479215441314,,-0.0,2.259365973874069,425.10211942195895,553.2414802938656,2.0877036992221343,0.0054361941661969695,0.0060029335715368675,2.0877036992221343,0.0025,52.383258358689204,0.08852486621555158,0.08902900293469429,0.09821627736091613,0.12644389271736145,1.4929710804254466,1.2524623308795508,3.0924534356176014,,,,,,,,,,,,,,,,,,1,update_snr,bayesian,0.1,20,101770,10177,0.1,0.1664414493098589,0.08544592571080985,0.07813374770221546,0.16643092970515308,0.08544592571080985,0.07813374770221546,0.16643092970515308,0.1939634506981033,0.18815586251259858,0.2254783614011317,0.07338842293444388,0.06959489795699016,0.13985083886766325,0.1939634506981033,0.18815586251259858,0.2254783614011317,0.07338842293444388,0.06959489795699016,0.13985083886766325,1.6795686207228613,2.326576931058336,0.5853217586259989,0.8108011093227306,0.5853217586259989,814160,203540,81416,122124,0.75,,,,,,,,,0.007929872242444777,265
bayesfl_observability_v1,vi_sparse_bayesian_keep010_seed42,108,vi,226,18,1,,5,256,94.06537930965423,0.00540023623034358,274.02765076537446,274.02765076537446,,,2.018539416299635,0.012544304132461548,0.9992561712880071,2.018539416299635,,-0.0,2.259365973874069,94.06537930965423,274.02765076537446,274.02765076537446,0.0026926171835056937,0.00540023623034358,274.02765076537446,0.0025,52.343949745189455,0.08838120467285106,0.08889028802514076,0.09801780059933662,0.12880390882492065,1.4941533089153975,1.2546184972815553,3.0926543449348185,,,,,,,,,,,,,,,,,,1,update_snr,bayesian,0.1,20,101770,10177,0.1,0.1148569501905614,0.06153434299618119,0.0587389154302627,0.11485428479943871,0.06153434299618119,0.0587389154302627,0.11485428479943871,0.1280486133685846,0.12543511587470907,0.1431267937715839,0.054143868510358586,0.05236035135219206,0.10062617732203669,0.1280486133685846,0.12543511587470907,0.1431267937715839,0.054143868510358586,0.05236035135219206,0.10062617732203669,1.0814788519647056,1.7043781469815833,0.5357729669442182,0.8443620834048569,0.5357729669442182,814160,203540,81416,122124,0.75,,,,,,,,,0.00789072554586778,1
bayesfl_observability_v1,vi_sparse_bayesian_keep010_seed42,108,vi,93,7,45,,5,256,125.15041627883912,0.15257076687282986,6.068001737896928,6.068001737896928,,,2.0136262815292514,0.012546934187412262,0.9992597598282105,2.0136262815292514,,-0.0,2.3096097079310103,125.15041627883912,273.0600782053618,6.068001737896928,0.0026831097396616075,0.15257076687282986,6.068001737896928,0.0025,52.34289622418359,0.08837889283383023,0.08889975026249886,0.09802117124199868,0.1263061910867691,1.4939616135913183,1.2558079552526769,3.096024292978387,,,,,,,,,,,,,,,,,,1,update_snr,bayesian,0.1,20,101770,10177,0.1,0.11451938852284643,0.061436103942026726,0.0587737048835352,0.11451912129318792,0.061436103942026726,0.0587737048835352,0.11451912129318792,0.12779900986334405,0.12499569022279003,0.14282495232068546,0.054062447728547014,0.05236335074908429,0.10046797687058001,0.12779900986334405,0.12499569022279003,0.14282495232068546,0.054062447728547014,0.05236335074908429,0.10046797687058001,1.0777957373336111,1.7008959845477967,0.535251127391463,0.8446929800976022,0.535251127391463,814160,203540,81416,122124,0.75,,,,,,,,,0.007888979817088984,45
bayesfl_observability_v1,vi_sparse_bayesian_keep010_seed42,108,vi,34,2,1824,,5,256,675.466660413146,0.007607979139696621,0.47572241088396117,0.47572241088396117,,,3.565691177745425,0.050364941358566284,0.9976856758315024,3.565691177745425,,-0.0,2.3163460082440825,675.466660413146,867.7176774523451,0.47572241088396117,0.00852626193821701,0.007607979139696621,0.47572241088396117,0.0025,52.44030342996327,0.08884391035996995,0.08929743245244026,0.09875980764627457,0.12908093631267548,1.4896663038765596,1.2498159699987499,3.0807665956607115,,,,,,,,,,,,,,,,,,1,update_snr,bayesian,0.1,20,101770,10177,0.1,0.2082373034139508,0.10093318390216545,0.08545497329723081,0.20823564624046076,0.10093318390216545,0.08545497329723081,0.20823564624046076,0.260492229177645,0.24814615132824305,0.32452641510595137,0.08320440109377883,0.07571270952403432,0.1657376188139537,0.260492229177645,0.24814615132824305,0.32452641510595137,0.08320440109377883,0.07571270952403432,0.1657376188139537,2.335471583995997,2.6943878813932494,0.6549842562284679,0.7556425240104225,0.6549842562284679,814160,203540,81416,122124,0.75,,,,,,,,,0.008068373915424712,1824
bayesfl_observability_v1,vi_sparse_bayesian_keep010_seed42,108,vi,198,15,1,,5,256,95.94498454332351,0.0005653690313920379,273.5942572507259,273.5942572507259,,,2.0162849203056408,0.012530554085969925,0.9992580637694799,2.0162849203056408,,-0.0,2.3096097079310103,95.94498454332351,273.5942572507259,273.5942572507259,0.002688358624847459,0.0005653690313920379,273.5942572507259,0.0025,52.351798152704546,0.08837957606448006,0.08890071138739586,0.09803339466452599,0.1286749243736267,1.4945317333239565,1.256080374006252,3.097917555119667,,,,,,,,,,,,,,,,,,1,update_snr,bayesian,0.1,20,101770,10177,0.1,0.11478812360042884,0.06149602458227913,0.0587704363484466,0.1147852899190208,0.06149602458227913,0.0587704363484466,0.1147852899190208,0.12795806344294938,0.12510198642796522,0.142998898016494,0.05411135359776022,0.0524626262787476,0.10063748955403613,0.12795806344294938,0.12510198642796522,0.142998898016494,0.05411135359776022,0.0524626262787476,0.10063748955403613,1.0812020487264227,1.7018833713511958,0.5362347542442203,0.8440688883856821,0.5362347542442203,814160,203540,81416,122124,0.75,,,,,,,,,0.007891274959774678,1
bayesfl_observability_v1,vi_sparse_bayesian_keep010_seed42,108,vi,163,13,1,,5,256,93.23668690919877,0.0011525661684572697,274.62991208134247,274.62991208134247,,,2.0204413845597653,0.012553326785564423,0.999254749783788,2.0204413845597653,,-0.0,2.185987945410232,93.23668690919877,274.62991208134247,274.62991208134247,0.0026985350504209736,0.0011525661684572697,274.62991208134247,0.0025,52.343284758372825,0.08838116374425754,0.08889643102884293,0.09803057536482812,0.12792955338954926,1.494097023477565,1.2549452096593758,3.090545692181446,,,,,,,,,,,,,,,,,,1,update_snr,bayesian,0.1,20,101770,10177,0.1,0.114984941738907,0.06158405411828613,0.058888471777938836,0.11498466219502307,0.06158405411828613,0.058888471777938836,0.11498466219502307,0.12805073823549484,0.12529110775368166,0.14322489819885198,0.05419886699415183,0.052418067165303686,0.10107297348463164,0.12805073823549484,0.12529110775368166,0.14322489819885198,0.05419886699415183,0.052418067165303686,0.10107297348463164,1.080853448584437,1.707026423675074,0.5349590722325976,0.844877974050714,0.5349590722325976,814160,203540,81416,122124,0.75,,,,,,,,,0.007887179761785571,1
bayesfl_observability_v1,vi_sparse_bayesian_keep010_seed42,108,vi,166,13,9,,5,256,129.5308198928833,0.7388397852579752,30.483897953278017,30.483897953278017,,,2.0190545904180466,0.012543302029371262,0.9992560131878598,2.0190545904180466,,-0.0,2.3277319754160017,129.5308198928833,274.35508157950215,30.483897953278017,0.002695834544359852,0.7388397852579752,30.483897953278017,0.0025,52.351480517838056,0.08837930815376929,0.08889278769493103,0.09802768155932427,0.12884601950645447,1.4944773005778964,1.2548649595916035,3.0943058012644644,,,,,,,,,,,,,,,,,,1,update_snr,bayesian,0.1,20,101770,10177,0.1,0.11496253659042127,0.06158634125627193,0.05868620859135873,0.11495857263631501,0.06158634125627193,0.05868620859135873,0.11495857263631501,0.1280897757844139,0.12529874671040092,0.1428388119324174,0.054197070753145046,0.05245876808372121,0.10076293356293688,0.1280897757844139,0.12529874671040092,0.1428388119324174,0.054197070753145046,0.05245876808372121,0.10076293356293688,1.0813461748613908,1.7050723999879973,0.5355705487078967,0.8444904897964948,0.5355705487078967,814160,203540,81416,122124,0.75,,,,,,,,,0.007891135178540582,9
bayesfl_observability_v1,vi_sparse_bayesian_keep010_seed42,108,vi,276,22,1,,5,256,106.52903948426247,0.023525051772594452,273.3376584359885,273.3376584359885,,,2.0157277302191594,0.012543708086013794,0.9992583612437371,2.0157277302191594,,-0.0,2.311121424016332,106.52903948426247,273.3376584359885,273.3376584359885,0.002685837264773396,0.023525051772594452,273.3376584359885,0.0025,52.34806599551584,0.08837472737985609,0.08888326957821846,0.09801380261778832,0.12905561923980713,1.494185354619028,1.2522321463764958,3.095964439672892,,,,,,,,,,,,,,,,,,1,update_snr,bayesian,0.1,20,101770,10177,0.1,0.11465670748603561,0.06145680163339096,0.05873273650587374,0.11465669467911689,0.06145680163339096,0.05873273650587374,0.11465669467911689,0.12789062013156685,0.12514507780843398,0.14297291077889707,0.054075266244704746,0.05225624331134342,0.10050562664653415,0.12789062013156685,0.12514507780843398,0.14297291077889707,0.054075266244704746,0.05225624331134342,0.10050562664653415,1.0792303081245442,1.7024747353191143,0.5354048029131421,0.844595581931104,0.5354048029131421,814160,203540,81416,122124,0.75,,,,,,,,,0.007887844730168762,1
bayesfl_observability_v1,vi_sparse_bayesian_keep010_seed42,108,vi,125,10,1,,5,256,111.75923539400101,0.00024732868769206107,271.2966283400458,271.2966283400458,,,2.0085306456584977,0.012543290853500366,0.999263773695536,2.0085306456584977,,-0.0,2.311121424016332,111.75923539400101,271.2966283400458,271.2966283400458,0.0026657819430091954,0.00024732868769206107,271.2966283400458,0.0025,52.35216276793694,0.08838355661487637,0.08889977633953094,0.09802877679467202,0.1282302886247635,1.4942754120930717,1.2553925272226003,3.090745076886545,,,,,,,,,,,,,,,,,,1,update_snr,bayesian,0.1,20,101770,10177,0.1,0.114525219735998,0.0612064148207777,0.05822879798629296,0.11451520049619333,0.0612064148207777,0.05822879798629296,0.11451520049619333,0.12750880000160875,0.12483587224977144,0.1422198274963462,0.053839483134018686,0.05195782987282837,0.1003131028118847,0.12750880000160875,0.12483587224977144,0.1422198274963462,0.053839483134018686,0.05195782987282837,0.1003131028118847,1.078280304645404,1.6945521352744386,0.5368503124292083,0.8436775106903479,0.5368503124292083,814160,203540,81416,122124,0.75,,,,,,,,,0.007890098604212982,1
bayesfl_observability_v1,vi_sparse_bayesian_keep010_seed42,109,vi,271,21,90,,5,256,139.86815385818483,0.020658571190304228,3.051678680738146,3.051678680738146,,,2.025575132229866,0.01253955066204071,0.9992560000543399,2.025575132229866,,-0.0,2.311121424016332,139.86815385818483,274.65108126643315,3.051678680738146,0.002698743060493595,0.020658571190304228,3.051678680738146,0.0025,52.520034535089536,0.08862123810764415,0.08914222568273544,0.09824815168976785,0.1276746243238449,1.4949158821998425,1.2534742200340139,3.09402024586155,,,,,,,,,,,,,,,,,,1,update_snr,bayesian,0.1,20,101770,10177,0.1,0.11497266292098897,0.06166269801412846,0.05881241041793003,0.11497257751729667,0.06166269801412846,0.05881241041793003,0.11497257751729667,0.12826684199075766,0.12557026911158306,0.14341118729851124,0.054262237572280776,0.05240552105543483,0.10071283903702935,0.12826684199075766,0.12557026911158306,0.14341118729851124,0.054262237572280776,0.05240552105543483,0.10071283903702935,1.0837805048570943,1.711249377969133,0.5350482870827943,0.8448214784732739,0.5350482870827943,814160,203540,81416,122124,0.75,,,,,,,,,0.007893649906054926,90
bayesfl_observability_v1,vi_sparse_bayesian_keep010_seed42,109,vi,19,1,279,,5,256,289.3439194440842,0.06191951442363015,1.8333394205264457,1.8333394205264457,,,2.7614977553900415,0.0246240496635437,0.9986185751412991,2.7614977553900415,,0.3705115655529096,1.9463369459516098,289.3439194440842,511.50169832687834,1.8333394205264457,0.005026055795685156,0.06191951442363015,1.8333394205264457,0.0025,52.554996030991255,0.0887775063951041,0.0892697311937809,0.09846358671784401,0.12766791880130768,1.4935301880774452,1.2529844131208,3.0890098990430808,,,,,,,,,,,,,,,,,,1,update_snr,bayesian,0.1,20,101770,10177,0.1,0.16157277678588264,0.08108711703173706,0.07238248564982713,0.16157012351624545,0.08108711703173706,0.07238248564982713,0.16157012351624545,0.1912761279856695,0.18548735327417235,0.22495379207201371,0.0688438935924112,0.06444407971203514,0.13365841317728658,0.1912761279856695,0.18548735327417235,0.22495379207201371,0.0688438935924112,0.06444407971203514,0.13365841317728658,1.6671117782006661,2.201501344993656,0.6036984006040587,0.7972127953740487,0.6036984006040587,814160,203540,81416,122124,0.75,,,,,,,,,0.007939077896062288,279
bayesfl_observability_v1,vi_sparse_bayesian_keep010_seed42,109,vi,77,6,30,,5,256,168.97832736968994,0.41956005096435545,9.01702887237111,9.01702887237111,,,2.0112341578483415,0.012528561055660248,0.9992664770249072,2.0112341578483415,,0.8599672810355049,1.5113567186299608,168.97832736968994,270.51086617113333,9.01702887237111,0.002658060982324195,0.41956005096435545,9.01702887237111,0.0025,52.519178726295735,0.08862477520273385,0.08913711085915565,0.09826448112726212,0.12647123634815216,1.4948800699230838,1.2539482109429776,3.091881630655231,,,,,,,,,,,,,,,,,,1,update_snr,bayesian,0.1,20,101770,10177,0.1,0.1141894358009363,0.06113626287202474,0.0581315796384619,0.11418845961318425,0.06113626287202474,0.0581315796384619,0.11418845961318425,0.12745471865038652,0.12480433343411695,0.1421078988127664,0.05376754556331788,0.051953381238541624,0.09997496214662671,0.12745471865038652,0.12480433343411695,0.1421078988127664,0.05376754556331788,0.051953381238541624,0.09997496214662671,1.0803188033128492,1.6964592894922716,0.5371422313494297,0.8434916853774886,0.5371422313494297,814160,203540,81416,122124,0.75,,,,,,,,,0.007891723885214065,30
bayesfl_observability_v1,vi_sparse_bayesian_keep010_seed42,109,vi,278,22,193,,5,256,149.51827869415283,0.03616835045690981,1.4184326400695655,1.4184326400695655,,,2.02311503572918,0.012548400089144707,0.9992576544906979,2.02311503572918,,-0.0,2.185987945410232,149.51827869415283,273.75749953342614,1.4184326400695655,0.002689962656317443,0.03616835045690981,1.4184326400695655,0.0025,52.514944190994456,0.08862514282420528,0.0891294777393341,0.09826533645391464,0.12907133996486664,1.4948847800996616,1.254798037759048,3.093592688256307,,,,,,,,,,,,,,,,,,1,update_snr,bayesian,0.1,20,101770,10177,0.1,0.11453737105444022,0.06159301806639484,0.058819873934626295,0.11453559146081843,0.06159301806639484,0.058819873934626295,0.11453559146081843,0.12772391334302302,0.12499436654923872,0.14290397995131093,0.05424514081343615,0.052518500956632776,0.10056544242191626,0.12772391334302302,0.12499436654923872,0.14290397995131093,0.05424514081343615,0.052518500956632776,0.10056544242191626,1.0811061273394296,1.7100304059351181,0.534376992037812,0.8452462542836975,0.534376992037812,814160,203540,81416,122124,0.75,,,,,,,,,0.00789234429061147,193
bayesfl_observability_v1,vi_sparse_bayesian_keep010_seed42,109,vi,279,22,125,,5,256,157.66855659484864,0.08745072174072266,2.178534591963561,2.178534591963561,,,2.0171574223782094,0.012543417513370514,0.9992619319680153,2.0171574223782094,,-0.0,2.259365973874069,157.66855659484864,272.3168239954451,2.178534591963561,0.0026758064655148382,0.08745072174072266,2.178534591963561,0.0025,52.51177669073465,0.08862617644445213,0.08912204205989838,0.09826385527849198,0.12703992426395416,1.4947432511155878,1.2558278917925478,3.094400185827251,,,,,,,,,,,,,,,,,,1,update_snr,bayesian,0.1,20,101770,10177,0.1,0.11455824237128619,0.061333409293807026,0.0584805422740325,0.11455071392020287,0.061333409293807026,0.0584805422740325,0.11455071392020287,0.12769022363759608,0.1250180129160898,0.1424420244111994,0.05396042992227491,0.05200555492631163,0.10048323845339875,0.12769022363759608,0.1250180129160898,0.1424420244111994,0.05396042992227491,0.05200555492631163,0.10048323845339875,1.0805039092943935,1.7033600232056165,0.5356567104318957,0.8444358404102003,0.5356567104318957,814160,203540,81416,122124,0.75,,,,,,,,,0.00789571187979736,125
bayesfl_observability_v1,vi_sparse_bayesian_keep010_seed42,109,vi,284,22,369,,5,256,383.84485230445864,0.014727179839359067,1.4431611899010655,1.4431611899010655,,,2.8197480692611316,0.024655252695083618,0.9985593187954874,2.8197480692611316,,-0.0,2.3096097079310103,383.84485230445864,532.5264790734932,1.4431611899010655,0.0052326469398987245,0.014727179839359067,1.4431611899010655,0.0025,52.54940958999605,0.08876935398658004,0.0892590694129467,0.09848519936203956,0.1264127641916275,1.4939572920770525,1.2554821457459835,3.0899745300365544,,,,,,,,,,,,,,,,,,1,update_snr,bayesian,0.1,20,101770,10177,0.1,0.16384278121522924,0.08337899926943153,0.07554159596167384,0.16384013710623418,0.08337899926943153,0.07554159596167384,0.16384013710623418,0.19289737079307917,0.18688164678393962,0.22629213076018145,0.07121029132235956,0.06725178330506368,0.13656449234709242,0.19289737079307917,0.18688164678393962,0.22629213076018145,0.07121029132235956,0.06725178330506368,0.13656449234709242,1.6759906263675757,2.267605475921666,0.594376017005924,0.8041872607845617,0.594376017005924,814160,203540,81416,122124,0.75,,,,,,,,,0.007931783530652207,369
bayesfl_observability_v1,vi_sparse_bayesian_keep010_seed42,109,vi,30,2,189,,5,256,322.2854979515076,0.0727467663073666,1.5267803400284194,1.5267803400284194,,,2.0781115524973117,0.012522578239440918,0.9992167666650764,2.0781115524973117,,-0.0,2.4040642619438994,322.2854979515076,288.5614842653713,1.5267803400284194,0.0028354277711051517,0.0727467663073666,1.5267803400284194,0.0025,52.51619530843722,0.08862209230316573,0.08914215117692947,0.09826133400201797,0.12833237648010254,1.4949866367179832,1.255522339815486,3.0929288435336404,,,,,,,,,,,,,,,,,,1,update_snr,bayesian,0.1,20,101770,10177,0.1,0.11677537367738845,0.06348686599419918,0.061527998008529254,0.11677476810682248,0.06348686599419918,0.061527998008529254,0.11677476810682248,0.12960815505430776,0.12681813843697182,0.14422043923835792,0.05614005609863156,0.05476118189323475,0.1034057055891822,0.12960815505430776,0.12681813843697182,0.14422043923835792,0.05614005609863156,0.05476118189323475,0.1034057055891822,1.0924433173104093,1.767799542676324,0.525690411565056,0.8506759613322591,0.525690411565056,814160,203540,81416,122124,0.75,,,,,,,,,0.00789070125516996,189
bayesfl_observability_v1,vi_sparse_bayesian_keep010_seed42,109,vi,42,3,1,,5,256,99.19758539199829,0.0,271.8245236370285,271.8245236370285,,,2.014965992861332,0.01254245638847351,0.999263457449815,2.014965992861332,,-0.0,2.3163460082440825,99.19758539199829,271.8245236370285,271.8245236370285,0.002670969083590729,0.0,271.8245236370285,0.0025,52.50892212332918,0.0886245792403113,0.08913147449493408,0.0982491359114647,0.12818752229213715,1.4944985539099938,1.2538274391328317,3.093046940320019,,,,,,,,,,,,,,,,,,1,update_snr,bayesian,0.1,20,101770,10177,0.1,0.11445958687641496,0.061234986816172045,0.05845900003303437,0.11445922444503416,0.061234986816172045,0.05845900003303437,0.11445922444503416,0.1276571567187625,0.12501606544590166,0.14258788716833712,0.053854745715884215,0.05199904723469139,0.10021659685320988,0.1276571567187625,0.12501606544590166,0.14258788716833712,0.053854745715884215,0.05199904723469139,0.10021659685320988,1.0804979585721097,1.7007680952761197,0.5362363247817198,0.8440678906252712,0.5362363247817198,814160,203540,81416,122124,0.75,,,,,,,,,0.007892444286200529,1
bayesfl_observability_v1,vi_sparse_bayesian_keep010_seed42,109,vi,253,20,1,,5,256,109.57379431724549,0.0003582789213396609,272.0534141271569,272.0534141271569,,,2.0174985656851567,0.012530434876680374,0.9992615297069561,2.0174985656851567,,-0.0,2.259365973874069,109.57379431724549,272.0534141271569,272.0534141271569,0.002673218179494516,0.0003582789213396609,272.0534141271569,0.0025,52.50608731477493,0.08862588135046974,0.08912236616015434,0.09827282056212426,0.12749649584293365,1.4947853084066751,1.2557119181611354,3.0916906550517775,,,,,,,,,,,,,,,,,,1,update_snr,bayesian,0.1,20,101770,10177,0.1,0.11445973230659372,0.06131130287027641,0.058305628061702086,0.11445951739670945,0.06131130287027641,0.058305628061702086,0.11445951739670945,0.1274690104794951,0.12472862116172609,0.14223639827509718,0.05396044646925212,0.05204146664116819,0.10049894053542505,0.1274690104794951,0.12472862116172609,0.14223639827509718,0.05396044646925212,0.05204146664116819,0.10049894053542505,1.0820797222242964,1.7027636175619494,0.5363472076902391,0.8439974364907065,0.5363472076902391,814160,203540,81416,122124,0.75,,,,,,,,,0.0078914908830374,1
bayesfl_observability_v1,vi_sparse_bayesian_keep010_seed42,109,vi,259,20,353,,5,256,270.24553138017654,0.026791929860966065,1.4494834488411037,1.4494834488411037,,,2.7619110446613857,0.024216122925281525,0.9986179338940833,2.7619110446613857,,-0.0,2.185987945410232,270.24553138017654,511.6676574409096,1.4494834488411037,0.00502768652295283,0.026791929860966065,1.4494834488411037,0.0025,52.55086081956565,0.08877814709155554,0.08925991132855415,0.09847166687250138,0.12835828959941864,1.4930266698388688,1.2547354517232865,3.0917743694630277,,,,,,,,,,,,,,,,,,1,update_snr,bayesian,0.1,20,101770,10177,0.1,0.16222764156035352,0.0810846911904273,0.07194883924327478,0.16222752112584374,0.0810846911904273,0.07194883924327478,0.16222752112584374,0.19141546807588186,0.1855468988043436,0.22458702386780985,0.06882571598093234,0.06399517129951593,0.13381287596489128,0.19141546807588186,0.1855468988043436,0.22458702386780985,0.06882571598093234,0.06399517129951593,0.13381287596489128,1.6665053226905437,2.202478746337103,0.6033884856327296,0.7974473872336935,0.6033884856327296,814160,203540,81416,122124,0.75,,,,,,,,,0.007935774758009728,353
bayesfl_observability_v1,vi_sparse_bayesian_keep010_seed42,109,vi,261,20,20,,5,256,116.54816093444825,0.2075636386871338,13.582116265824709,13.582116265824709,,,2.0155416678329123,0.012531355023384094,0.9992631310372205,2.0155416678329123,,-0.0,2.311121424016332,116.54816093444825,271.6423253164942,13.582116265824709,0.002669178788606605,0.2075636386871338,13.582116265824709,0.0025,52.51237601519874,0.08862426299534074,0.08913261070847511,0.09827671423554421,0.12911777198314667,1.494738202560221,1.255997463924109,3.094580703154784,,,,,,,,,,,,,,,,,,1,update_snr,bayesian,0.1,20,101770,10177,0.1,0.11450710811636895,0.06128544506365808,0.05822898597747726,0.11450641802543188,0.06128544506365808,0.05822898597747726,0.11450641802543188,0.12744251603749177,0.12489077609360956,0.14234932542319917,0.05393465939989877,0.05200855252271133,0.10031995582664681,0.12744251603749177,0.12489077609360956,0.14234932542319917,0.05393465939989877,0.05200855252271133,0.10031995582664681,1.0809228316843775,1.7011801923118273,0.536293964513556,0.8440312693415647,0.536293964513556,814160,203540,81416,122124,0.75,,,,,,,,,0.007892315654841867,20
bayesfl_observability_v1,vi_sparse_bayesian_keep010_seed42,109,vi,220,17,1,,5,256,108.9060343503952,0.029054032638669014,271.6068198953928,271.6068198953928,,,2.0142267624412993,0.012525856494903564,0.9992640877923388,2.0142267624412993,,-0.0,2.3096097079310103,108.9060343503952,271.6068198953928,271.6068198953928,0.002668829909554808,0.029054032638669014,271.6068198953928,0.0025,52.51220712010523,0.0886239247694004,0.08913925662636757,0.09824937656521797,0.12764354050159454,1.4948600763579238,1.2555953729624934,3.090158076750848,,,,,,,,,,,,,,,,,,1,update_snr,bayesian,0.1,20,101770,10177,0.1,0.11455816080938153,0.061258137031450235,0.0583086177551027,0.11455706060035023,0.061258137031450235,0.0583086177551027,0.11455706060035023,0.12772851029858995,0.12506054026532704,0.14249218108915485,0.05387254000176804,0.052094262959640245,0.1002812469202622,0.12772851029858995,0.12506054026532704,0.14249218108915485,0.05387254000176804,0.052094262959640245,0.1002812469202622,1.081367641718808,1.6993391285962502,0.5368648961888284,0.8436682305504687,0.5368648961888284,814160,203540,81416,122124,0.75,,,,,,,,,0.007890880589841285,1
bayesfl_observability_v1,vi_sparse_bayesian_keep010_seed42,109,vi,123,9,387,,5,256,388.15563836097715,0.006883007611415183,1.4331509224885173,1.4331509224885173,,,2.877684274400502,0.023806288838386536,0.9984994625118009,2.877684274400502,,-0.0,2.3277319754160017,388.15563836097715,554.6294070030561,1.4331509224885173,0.005449832042871732,0.006883007611415183,1.4331509224885173,0.0025,52.54935775173716,0.08877202311860703,0.08926142007112503,0.09847936481237411,0.12933753430843353,1.4936323562640534,1.2531102524293585,3.093675580860808,,,,,,,,,,,,,,,,,,1,update_snr,bayesian,0.1,20,101770,10177,0.1,0.16800032350025373,0.08499209198076088,0.07646034009918701,0.16799972841529953,0.08499209198076088,0.07646034009918701,0.16799972841529953,0.19682255439727478,0.19122515626519587,0.22961595113978123,0.07256648504559267,0.06811133326745665,0.13993057949932936,0.19682255439727478,0.19122515626519587,0.22961595113978123,0.07256648504559267,0.06811133326745665,0.13993057949932936,1.7089341973292316,2.315299266257098,0.5938574333993774,0.8045702882882927,0.5938574333993774,814160,203540,81416,122124,0.75,,,,,,,,,0.007932379998822533,387
bayesfl_observability_v1,vi_sparse_bayesian_keep010_seed42,109,vi,289,23,4615,,5,256,821.788414645195,0.10812428967789106,0.17704194674431845,0.17704194674431845,,,3.414259915812069,0.06409177929162979,0.9978891876441405,3.414259915812069,,0.8496433488150035,1.4144019597737127,821.788414645195,817.0485842250296,0.17704194674431845,0.008028383455095113,0.10812428967789106,0.17704194674431845,0.0025,52.575632053303096,0.08916629080116965,0.089605662971735,0.09922723844647408,0.12628106772899628,1.4883533742823998,1.251735958283592,3.0787115147102324,,,,,,,,,,,,,,,,,,1,update_snr,bayesian,0.1,20,101770,10177,0.1,0.19776713294345427,0.09579971412363542,0.08037324025637167,0.19776656191148545,0.09579971412363542,0.08037324025637167,0.19776656191148545,0.25035759312467587,0.23612951742820842,0.314584593105361,0.07862661645685315,0.07129517292340583,0.15705472164328485,0.25035759312467587,0.23612951742820842,0.314584593105361,0.07862661645685315,0.07129517292340583,0.15705472164328485,2.2605074236434604,2.5587647332988346,0.6620783066850396,0.7494346641416262,0.6620783066850396,814160,203540,81416,122124,0.75,,,,,,,,,0.008172599713429027,4615
bayesfl_observability_v1,vi_sparse_bayesian_keep010_seed42,109,vi,292,23,1,,5,256,95.68829591274262,0.001369491801597178,272.73803319712556,272.73803319712556,,,2.0190356517863157,0.01252785325050354,0.999260284800833,2.0190356517863157,,-0.0,2.3096097079310103,95.68829591274262,272.73803319712556,272.73803319712556,0.002679945300158451,0.001369491801597178,272.73803319712556,0.0025,52.501317009534525,0.08862601519158093,0.089129738509655,0.09825112745165825,0.12809666991233826,1.494416490053344,1.2555128229179795,3.091339405109157,,,,,,,,,,,,,,,,,,1,update_snr,bayesian,0.1,20,101770,10177,0.1,0.1145812061668231,0.06145453107808522,0.058751692581586676,0.11458116326634475,0.06145453107808522,0.058751692581586676,0.11458116326634475,0.12757319519991406,0.12489367946192392,0.14215297592968426,0.05410801284232645,0.052381770759903246,0.10043841218361103,0.12757319519991406,0.12489367946192392,0.14215297592968426,0.05410801284232645,0.052381770759903246,0.10043841218361103,1.0800880928518974,1.7058472014995214,0.5349524620312194,0.8448821594558249,0.5349524620312194,814160,203540,81416,122124,0.75,,,,,,,,,0.007894922971880809,1
bayesfl_observability_v1,vi_sparse_bayesian_keep010_seed42,110,vi,59,4,1,,5,256,100.60240650177002,2.3841855067985307e-07,270.0116562385641,270.0116562385641,,,2.0143198191829526,0.012549743056297302,0.9992678207386709,2.0143198191829526,,-0.0,2.3155014849272724,100.60240650177002,270.0116562385641,270.0116562385641,0.002653155706382668,2.3841855067985307e-07,270.0116562385641,0.0025,52.6475185499281,0.08886768477958348,0.08937525004148483,0.09850055053830147,0.1290961354970932,1.4949257385476433,1.255512617938817,3.091292565410271,,,,,,,,,,,,,,,,,,1,update_snr,bayesian,0.1,20,101770,10177,0.1,0.11426320333512546,0.06105194567435131,0.05816942798531164,0.11426199850483884,0.06105194567435131,0.05816942798531164,0.11426199850483884,0.12722535210201322,0.12453324015299648,0.1421185429442294,0.05369934496016665,0.051756206711028326,0.10007309231648896,0.12722535210201322,0.12453324015299648,0.1421185429442294,0.05369934496016665,0.051756206711028326,0.10007309231648896,1.0807403086615537,1.6998484400638119,0.5365286576487754,0.8438821004865571,0.5365286576487754,814160,203540,81416,122124,0.75,,,,,,,,,0.00790006054453386,1
bayesfl_observability_v1,vi_sparse_bayesian_keep010_seed42,110,vi,89,7,4,,5,256,105.85155959129334,0.2675058841705322,67.4730702072789,67.4730702072789,,,2.013450753371556,0.012552767992019653,0.9992686392753494,2.013450753371556,,-0.0,2.185987945410232,105.85155959129334,269.8922808291156,67.4730702072789,0.0026519827142489493,0.2675058841705322,67.4730702072789,0.0025,52.65492395716868,0.08886830495293223,0.0893593579530716,0.09850822687149048,0.12698271870613098,1.4952927865377243,1.2570655680878038,3.093227563673079,,,,,,,,,,,,,,,,,,1,update_snr,bayesian,0.1,20,101770,10177,0.1,0.11403575868270703,0.06103954781634671,0.058185417975366124,0.11403416599069933,0.06103954781634671,0.058185417975366124,0.11403416599069933,0.12719585139378628,0.1244527004831829,0.14205674065078944,0.05368884741885342,0.05188654599580615,0.1000527079452301,0.12719585139378628,0.1244527004831829,0.14205674065078944,0.05368884741885342,0.05188654599580615,0.1000527079452301,1.079582311956965,1.6995546381220414,0.5361851091461695,0.8441004257373117,0.5361851091461695,814160,203540,81416,122124,0.75,,,,,,,,,0.007900750117730847,4
bayesfl_observability_v1,vi_sparse_bayesian_keep010_seed42,110,vi,90,7,1,,5,256,102.72617456912994,6.794906312279636e-06,270.0446341907905,270.0446341907905,,,2.0142266619244915,0.012517638504505157,0.9992680134005291,2.0142266619244915,,-0.0,2.3096097079310103,102.72617456912994,270.0446341907905,270.0446341907905,0.002653479750327115,6.794906312279636e-06,270.0446341907905,0.0025,52.65255505170761,0.08886815501894764,0.08936288580298424,0.09850843325257301,0.1284758597612381,1.4952669026776833,1.2586566669484573,3.095154027061176,,,,,,,,,,,,,,,,,,1,update_snr,bayesian,0.1,20,101770,10177,0.1,0.11407084062674971,0.06105856565664178,0.05806542229352217,0.11406895804876602,0.06105856565664178,0.05806542229352217,0.11406895804876602,0.12706611430844228,0.12450205219690941,0.14172095319236974,0.05372439358421949,0.05189213649460761,0.10015060254872715,0.12706611430844228,0.12450205219690941,0.14172095319236974,0.05372439358421949,0.05189213649460761,0.10015060254872715,1.079340083402213,1.7006275400477275,0.5358583042342208,0.8443079282958473,0.5358583042342208,814160,203540,81416,122124,0.75,,,,,,,,,0.007900477496722909,1
bayesfl_observability_v1,vi_sparse_bayesian_keep010_seed42,110,vi,160,12,3221,,5,256,813.9057012759722,0.052833076442705476,0.2617343205146002,0.2617343205146002,,,3.505930548403781,0.05884746462106705,0.9977864447421216,3.505930548403781,,0.6845683881983222,1.6114184451985936,813.9057012759722,843.0462463775273,0.2617343205146002,0.008283838521936988,0.052833076442705476,0.2617343205146002,0.0025,52.72043862558279,0.0893975017446806,0.0898606926202774,0.09939511120319366,0.13253380358219147,1.4887965482643508,1.2511301559327854,3.085277267557171,,,,,,,,,,,,,,,,,,1,update_snr,bayesian,0.1,20,101770,10177,0.1,0.20261141349544964,0.09806231199247442,0.08254296260390145,0.20260980267445952,0.09806231199247442,0.08254296260390145,0.20260980267445952,0.2558338490248088,0.2417310734028823,0.31974209652533303,0.08053214121110391,0.07284244126042912,0.16089529927103746,0.2558338490248088,0.2417310734028823,0.31974209652533303,0.08053214121110391,0.07284244126042912,0.16089529927103746,2.319685718310542,2.6288033738750713,0.6616462266677456,0.7498161579589596,0.6616462266677456,814160,203540,81416,122124,0.75,,,,,,,,,0.008143988457204456,3221
bayesfl_observability_v1,vi_sparse_bayesian_keep010_seed42,110,vi,125,10,1,,5,256,108.57049162387848,0.6901077032089233,269.5810751618658,269.5810751618658,,,2.012997057118778,0.012536248192191124,0.9992691268415992,2.012997057118778,,-0.0,2.311121424016332,108.57049162387848,269.5810751618658,269.5810751618658,0.0026489247829602613,0.6901077032089233,269.5810751618658,0.0025,52.6606499012548,0.08887063065118969,0.08936962112784386,0.09850951433181764,0.12788613140583038,1.4955848617703429,1.2584511355976877,3.094957682452187,,,,,,,,,,,,,,,,,,1,update_snr,bayesian,0.1,20,101770,10177,0.1,0.11388517413371667,0.06105274027051844,0.058326606857053515,0.11388455942370856,0.06105274027051844,0.058326606857053515,0.11388455942370856,0.1269518949012775,0.1242232191221024,0.14223824522246703,0.05373061197821189,0.05192641171927948,0.0997857249997972,0.1269518949012775,0.1242232191221024,0.14223824522246703,0.05373061197821189,0.05192641171927948,0.0997857249997972,1.0791709600865906,1.6992784324161385,0.5361016084301774,0.8441534608343303,0.5361016084301774,814160,203540,81416,122124,0.75,,,,,,,,,0.007903755930525287,1
bayesfl_observability_v1,vi_sparse_bayesian_keep010_seed42,110,vi,135,10,1,,5,256,106.4954039633274,0.4780491888523102,269.253795085437,269.253795085437,,,2.0121749105715128,0.01255053374916315,0.9992698160384079,2.0121749105715128,,-0.0,2.311121424016332,106.4954039633274,269.253795085437,269.253795085437,0.002645708903266552,0.4780491888523102,269.253795085437,0.0025,52.66380684037258,0.08887060484327752,0.08937185630202293,0.098534344881773,0.12810534238815308,1.4954592494012824,1.257042394107628,3.0931689581782638,,,,,,,,,,,,,,,,,,1,update_snr,bayesian,0.1,20,101770,10177,0.1,0.11397881266364492,0.060951856234682876,0.0580954819360866,0.11397867221001036,0.060951856234682876,0.0580954819360866,0.11397867221001036,0.12719006233688152,0.12449308414660311,0.14215502036148583,0.05359205555666081,0.05189036891346501,0.09990504274877889,0.12719006233688152,0.12449308414660311,0.14215502036148583,0.05359205555666081,0.05189036891346501,0.09990504274877889,1.0813210902349786,1.696936230548018,0.537389212316465,0.8433343550964174,0.537389212316465,814160,203540,81416,122124,0.75,,,,,,,,,0.007904731164483246,1
bayesfl_observability_v1,vi_sparse_bayesian_keep010_seed42,110,vi,28,2,568,,5,256,622.2780343373616,0.00993748759509812,1.3239609996283297,1.3239609996283297,,,3.359262174380648,0.0328904390335083,0.9979680290289547,3.359262174380648,,0.08787175099597194,2.241159561925204,622.2780343373616,752.0098477888913,1.3239609996283297,0.0073893077310493395,0.00993748759509812,1.3239609996283297,0.0025,52.72181739433062,0.08910672163787174,0.08958699554204941,0.0988559290766716,0.12889359891414642,1.4931537453019663,1.2556491328318111,3.0928384407363865,,,,,,,,,,,,,,,,,,1,update_snr,bayesian,0.1,20,101770,10177,0.1,0.19562673265369152,0.09777599479949092,0.0868166023465137,0.1956194182046584,0.09777599479949092,0.0868166023465137,0.1956194182046584,0.2344348583367821,0.22604289356387014,0.28010171124414057,0.08259167662868079,0.07713997397254804,0.160723511966282,0.2344348583367821,0.22604289356387014,0.28010171124414057,0.08259167662868079,0.07713997397254804,0.160723511966282,2.0584262486851306,2.65471726082999,0.612761416594299,0.7902679585642772,0.612761416594299,814160,203540,81416,122124,0.75,,,,,,,,,0.007973143638072618,568
bayesfl_observability_v1,vi_sparse_bayesian_keep010_seed42,110,vi,262,21,46,,5,256,200.72692012786865,0.42245624376379926,5.990693220868846,5.990693220868846,,,2.0342781767875247,0.0125323086977005,0.9992536239069832,2.0342781767875247,,-0.0,2.28098669344155,200.72692012786865,275.57188815996693,5.990693220868846,0.002707790981231865,0.42245624376379926,5.990693220868846,0.0025,52.661971586898844,0.08886719513137266,0.08936289325356483,0.09851405769586563,0.1275591254234314,1.4954084617760202,1.2583959894691614,3.0928368477058306,,,,,,,,,,,,,,,,,,1,update_snr,bayesian,0.1,20,101770,10177,0.1,0.11492563203502996,0.06181454514686092,0.05922895537157606,0.11492415042821952,0.06181454514686092,0.05922895537157606,0.11492415042821952,0.12806492383593468,0.12525412185943963,0.14310808499218558,0.05445339195918605,0.05279005419126053,0.10105644701221558,0.12806492383593468,0.12525412185943963,0.14310808499218558,0.05445339195918605,0.05279005419126053,0.10105644701221558,1.0840238677163028,1.7213889609194561,0.5328788757042869,0.8461915290453667,0.5328788757042869,814160,203540,81416,122124,0.75,,,,,,,,,0.00790173643596633,46
bayesfl_observability_v1,vi_sparse_bayesian_keep010_seed42,110,vi,256,20,1979,,5,256,718.7272569775581,0.048228683828283526,0.43953776122978394,0.43953776122978394,,,3.587822430803924,0.04725024849176407,0.997684988670675,3.587822430803924,,1.070915936878561,1.1916887974754844,718.7272569775581,869.8452294737424,0.43953776122978394,0.008547167431205094,0.048228683828283526,0.43953776122978394,0.0025,52.75779707009289,0.08934147033430076,0.08980069682002068,0.09927019849419594,0.12733805179595947,1.4911211346437847,1.2528459541833992,3.0819208395583972,,,,,,,,,,,,,,,,,,1,update_snr,bayesian,0.1,20,101770,10177,0.1,0.20830987185453625,0.10103422611217693,0.08523560452981851,0.20830285653312222,0.10103422611217693,0.08523560452981851,0.20830285653312222,0.2612433111622088,0.24780084886585454,0.3270473591353488,0.08323321666217337,0.07587100424769068,0.16587462356221103,0.2612433111622088,0.24780084886585454,0.3270473591353488,0.08323321666217337,0.07587100424769068,0.16587462356221103,2.351312929071336,2.7099441515576976,0.6553593368734463,0.7553172443237332,0.6553593368734463,814160,203540,81416,122124,0.75,,,,,,,,,0.008089485900316865,1979
bayesfl_observability_v1,vi_sparse_bayesian_keep010_seed42,110,vi,296,23,2,,5,256,108.05512350946665,0.0003917471331078559,134.29474115600317,134.29474115600317,,,2.0088748324507675,0.012529969215393066,0.9992723209858563,2.0088748324507675,,-0.0,2.3096097079310103,108.05512350946665,268.58948231200634,134.29474115600317,0.002639181313864659,0.0003917471331078559,134.29474115600317,0.0025,52.66745469599762,0.08886921018639511,0.08937977999448776,0.09849306046962739,0.12764370441436768,1.4956600168428937,1.2576049711740316,3.0944907196204445,,,,,,,,,,,,,,,,,,1,update_snr,bayesian,0.1,20,101770,10177,0.1,0.11392303801672328,0.060899769382119946,0.0580022727051948,0.11392096605790637,0.060899769382119946,0.0580022727051948,0.11392096605790637,0.12699331836622585,0.124170691083932,0.14203079908484306,0.05355604171721927,0.05168694297859732,0.09965450133522678,0.12699331836622585,0.124170691083932,0.14203079908484306,0.05355604171721927,0.05168694297859732,0.09965450133522678,1.0781995022525523,1.6950114824969325,0.5367181094788176,0.8437616197466464,0.5367181094788176,814160,203540,81416,122124,0.75,,,,,,,,,0.007901228471614303,2
bayesfl_observability_v1,vi_sparse_bayesian_keep010_seed42,110,vi,10,0,11,,5,256,129.10052947998048,0.7277770475907759,24.50321495282617,24.50321495282617,,,2.0133365695612944,0.012546151876449585,0.99926886415745,2.0133365695612944,,-0.0,2.3163460082440825,129.10052947998048,269.53536448108787,24.50321495282617,0.002648475626226667,0.7277770475907759,24.50321495282617,0.0025,52.66008788408884,0.08887059348408882,0.08936497941613197,0.09852042272686959,0.12771955132484436,1.4952798919473114,1.256535649717069,3.096994875140204,,,,,,,,,,,,,,,,,,1,update_snr,bayesian,0.1,20,101770,10177,0.1,0.11396514085220914,0.06098422495180947,0.05805003584822753,0.11396496570446138,0.06098422495180947,0.05805003584822753,0.11396496570446138,0.1271000524526094,0.12440132704886021,0.14215273300664705,0.05363802189616504,0.05181930580303527,0.09996673827740156,0.1271000524526094,0.12440132704886021,0.14215273300664705,0.05363802189616504,0.05181930580303527,0.09996673827740156,1.0812658419454235,1.6983487042933485,0.5370517072468569,0.8435493250209121,0.5370517072468569,814160,203540,81416,122124,0.75,,,,,,,,,0.007901343826353767,11
bayesfl_observability_v1,vi_sparse_bayesian_keep010_seed42,110,vi,166,13,9,,5,256,107.8486661195755,0.0840495228767395,30.054002305056372,30.054002305056372,,,2.01660776453475,0.012548349797725677,0.9992663147266609,2.01660776453475,,-0.0,2.3277319754160017,107.8486661195755,270.48602074550735,30.054002305056372,0.002657816849223812,0.0840495228767395,30.054002305056372,0.0025,52.653842064578036,0.08887033328835653,0.08937044069170952,0.09852804094552994,0.12852539122104645,1.4952258539989018,1.2574506537655115,3.0917572505485458,,,,,,,,,,,,,,,,,,1,update_snr,bayesian,0.1,20,101770,10177,0.1,0.11415482454210824,0.0611216805951088,0.05829199063403577,0.11415189854804715,0.0611216805951088,0.05829199063403577,0.11415189854804715,0.12716063912998452,0.12459175528490983,0.1421487921016877,0.05378401853567817,0.05202350772767759,0.10005509613046325,0.12716063912998452,0.12459175528490983,0.1421487921016877,0.05378401853567817,0.05202350772767759,0.10005509613046325,1.0810099156499247,1.7023878636340162,0.5360536315793287,0.8441839278679821,0.5360536315793287,814160,203540,81416,122124,0.75,,,,,,,,,0.007902294467312821,9
bayesfl_observability_v1,vi_sparse_bayesian_keep010_seed42,110,vi,170,13,1,,5,256,112.65446338504553,0.004631031304597855,268.88736313488613,268.88736313488613,,,2.008992787364817,0.012551933526992798,0.9992720253544458,2.008992787364817,,-0.0,2.3096097079310103,112.65446338504553,268.88736313488613,268.88736313488613,0.0026421083141877385,0.004631031304597855,268.88736313488613,0.0025,52.66038653890108,0.08886832082020905,0.0893627405166626,0.09850824326276779,0.12844406068325043,1.4954215484704627,1.256947783821008,3.093907649338279,,,,,,,,,,,,,,,,,,1,update_snr,bayesian,0.1,20,101770,10177,0.1,0.11404792357222304,0.06089154474494083,0.05778108368280441,0.11404715653096814,0.06089154474494083,0.05778108368280441,0.11404715653096814,0.1272291812625307,0.12430669558781744,0.1424683595791578,0.053520696242986394,0.051534404414648634,0.09991383427391069,0.1272291812625307,0.12430669558781744,0.1424683595791578,0.053520696242986394,0.051534404414648634,0.09991383427391069,1.0800882187542393,1.693948481917958,0.5376267279540531,0.8431829584315728,0.5376267279540531,814160,203540,81416,122124,0.75,,,,,,,,,0.007904237973201379,1
bayesfl_observability_v1,vi_sparse_bayesian_keep010_seed42,110,vi,48,3,1,,5,256,114.50825271606445,1.0809569358825684,269.41200698958215,269.41200698958215,,,2.0119271560336847,0.012541234493255615,0.999270146275952,2.0119271560336847,,-0.0,2.3292713582565514,114.50825271606445,269.41200698958215,269.41200698958215,0.002647263505842411,1.0809569358825684,269.41200698958215,0.0025,52.668718415154885,0.08886558083075928,0.08937616646289825,0.09850635826587677,0.12908387184143066,1.4954789629844458,1.2556701078076995,3.0944123538865473,,,,,,,,,,,,,,,,,,1,update_snr,bayesian,0.1,20,101770,10177,0.1,0.11403302625809669,0.06097929455267583,0.05813938980221135,0.1140315932530692,0.06097929455267583,0.05813938980221135,0.1140315932530692,0.1270904523863992,0.12429695658078471,0.14201124069888607,0.05363361034892877,0.051874630572365014,0.0997958081334011,0.1270904523863992,0.12429695658078471,0.14201124069888607,0.05363361034892877,0.051874630572365014,0.0997958081334011,1.0799348781339693,1.6975251221044014,0.5367663908185195,0.8437309059692322,0.5367663908185195,814160,203540,81416,122124,0.75,,,,,,,,,0.007900198068362806,1
bayesfl_observability_v1,vi_sparse_bayesian_keep010_seed42,110,vi,13,1,2367,,5,256,740.0358261495084,0.02029188977649658,0.35748285610317543,0.35748285610317543,,,3.52362251350014,0.04716300591826439,0.9977656870774396,3.52362251350014,,0.003375492055621423,2.400659735165369,740.0358261495084,846.1619203962163,0.35748285610317543,0.008314453379151187,0.02029188977649658,0.35748285610317543,0.0025,52.74058645352302,0.08937540175136073,0.08985824137926102,0.09932561367750169,0.13059815764427185,1.4899374929895335,1.2511122445146414,3.0857300141438073,,,,,,,,,,,,,,,,,,1,update_snr,bayesian,0.1,20,101770,10177,0.1,0.20398959954044718,0.09882569493129663,0.08318375407388515,0.20398735477636962,0.09882569493129663,0.08318375407388515,0.20398735477636962,0.25785151573620513,0.244316009947506,0.32407916486614224,0.08115615928630679,0.07379741901167769,0.16209698060922512,0.25785151573620513,0.244316009947506,0.32407916486614224,0.08115615928630679,0.07379741901167769,0.16209698060922512,2.3268001302079044,2.6461135220752605,0.660343189797766,0.7509639616437748,0.660343189797766,814160,203540,81416,122124,0.75,,,,,,,,,0.008123703284309306,2367
bayesfl_observability_v1,vi_sparse_bayesian_keep010_seed42,111,vi,210,16,633,,5,256,413.33456996281944,0.01165716154692109,1.0857669418869285,1.0857669418869285,,,3.219422363582844,0.033500537276268005,0.9981474940637595,3.219422363582844,,-0.0,2.311121424016332,413.33456996281944,687.2904742144258,1.0857669418869285,0.0067533700915242785,0.01165716154692109,1.0857669418869285,0.0025,52.915610812229204,0.08944048192013461,0.08992898091673851,0.09920086190104485,0.12791986763477325,1.49323173164378,1.2582961892246027,3.0916630734909707,,,,,,,,,,,,,,,,,,1,update_snr,bayesian,0.1,20,101770,10177,0.1,0.18744247573719672,0.09259391729556647,0.08073232720386964,0.1874413515744681,0.09259391729556647,0.08073232720386964,0.1874413515744681,0.22757821878994305,0.218377052951359,0.2754321480876747,0.07759566157396908,0.07169361339102095,0.1522079764027641,0.22757821878994305,0.218377052951359,0.2754321480876747,0.07759566157396908,0.07169361339102095,0.1522079764027641,2.014340969041685,2.51139618849308,0.6256839710835446,0.7800766425993846,0.6256839710835446,814160,203540,81416,122124,0.75,,,,,,,,,0.008009623858735392,633
bayesfl_observability_v1,vi_sparse_bayesian_keep010_seed42,111,vi,164,13,1,,5,256,115.02805674672126,5.018585216021165e-05,266.3687549757506,266.3687549757506,,,2.007471914628721,0.012532934546470642,0.9992781265035016,2.007471914628721,,-0.0,2.185987945410232,115.02805674672126,266.3687549757506,266.3687549757506,0.0026173602729267034,5.018585216021165e-05,266.3687549757506,0.0025,52.841884738602275,0.08918870970243682,0.08969643339514732,0.09888450056314468,0.12853746116161346,1.4954027375063959,1.257774090128593,3.09337310411167,,,,,,,,,,,,,,,,,,1,update_snr,bayesian,0.1,20,101770,10177,0.1,0.11341673060995187,0.060600494238612475,0.057504398770631175,0.11341249837812689,0.060600494238612475,0.057504398770631175,0.11341249837812689,0.12650101725962665,0.12369538369128932,0.14150113464763828,0.05327821390294423,0.05130967081066944,0.09946409065068441,0.12650101725962665,0.12369538369128932,0.14150113464763828,0.05327821390294423,0.05130967081066944,0.09946409065068441,1.0791289678137752,1.6927563790599878,0.5375561969011948,0.8432279259922103,0.5375561969011948,814160,203540,81416,122124,0.75,,,,,,,,,0.00793569664789355,1
bayesfl_observability_v1,vi_sparse_bayesian_keep010_seed42,111,vi,167,13,726,,5,256,421.1997523148855,0.0024323456871936473,0.9556547618857087,0.9556547618857087,,,3.2324159958786223,0.032234709709882736,0.9981321653117277,3.2324159958786223,,-0.0,2.3292713582565514,421.1997523148855,693.8053571290245,0.9556547618857087,0.0068173858418888135,0.0024323456871936473,0.9556547618857087,0.0025,52.910994257627635,0.08942945314501895,0.08993684500455856,0.09919956624507904,0.12659317255020142,1.493521201500146,1.2582493233652943,3.087977687366883,,,,,,,,,,,,,,,,,,1,update_snr,bayesian,0.1,20,101770,10177,0.1,0.18821664593597795,0.09300468047221946,0.08100457413562989,0.18821541080816168,0.09300468047221946,0.08100457413562989,0.18821541080816168,0.2291667551400679,0.22045761599933864,0.27667309815437463,0.07787556106468073,0.07208323958889237,0.15297913781694641,0.2291667551400679,0.22045761599933864,0.27667309815437463,0.07787556106468073,0.07208323958889237,0.15297913781694641,2.023079834310762,2.52104366372682,0.6258723620011218,0.7799255005980628,0.6258723620011218,814160,203540,81416,122124,0.75,,,,,,,,,0.008005289974161639,726
bayesfl_observability_v1,vi_sparse_bayesian_keep010_seed42,111,vi,252,20,1,,5,256,103.67450904846191,1.7881377516459906e-06,267.78689669986886,267.78689669986886,,,2.013187325566261,0.012545362114906311,0.9992741834621902,2.013187325566261,,-0.0,2.28098669344155,103.67450904846191,267.78689669986886,267.78689669986886,0.002631295044707368,1.7881377516459906e-06,267.78689669986886,0.0025,52.84870592649849,0.0891886868037066,0.08969729393720627,0.09887451976537705,0.12883636355400085,1.4954338533957725,1.2579591178242273,3.0931333406288775,,,,,,,,,,,,,,,,,,1,update_snr,bayesian,0.1,20,101770,10177,0.1,0.11348406848924539,0.060818406936795,0.058044056586477405,0.1134836705609601,0.060818406936795,0.058044056586477405,0.1134836705609601,0.12665847975885566,0.1240163066137108,0.14174945652099222,0.05350284328989936,0.051979011498474836,0.09937426335470602,0.12665847975885566,0.1240163066137108,0.14174945652099222,0.05350284328989936,0.051979011498474836,0.09937426335470602,1.0802895167270523,1.698793032676514,0.5366065556881017,0.8438325689332882,0.5366065556881017,814160,203540,81416,122124,0.75,,,,,,,,,0.007934708566088236,1
bayesfl_observability_v1,vi_sparse_bayesian_keep010_seed42,111,vi,3,0,1,,5,256,107.74332871437073,1.7881377516459906e-06,268.3762078821166,268.3762078821166,,,2.015454604804432,0.01254951860755682,0.9992728854629522,2.015454604804432,,-0.0,2.185987945410232,107.74332871437073,268.3762078821166,268.3762078821166,0.0026370856625932654,1.7881377516459906e-06,268.3762078821166,0.0025,52.86042305917777,0.08918735463696748,0.08969626948237419,0.09888969883322717,0.12898553907871246,1.4959540223451797,1.2583841224206234,3.0958699346889507,,,,,,,,,,,,,,,,,,1,update_snr,bayesian,0.1,20,101770,10177,0.1,0.11362352723942504,0.060875641018518924,0.05812769871056509,0.11362213332457669,0.060875641018518924,0.05812769871056509,0.11362213332457669,0.12677685861112642,0.12421582347984007,0.14150150679437093,0.0535532835082292,0.0517608713125212,0.0997605273341762,0.12677685861112642,0.12421582347984007,0.14150150679437093,0.0535532835082292,0.0517608713125212,0.0997605273341762,1.0800943190944932,1.701603222225203,0.5359060514286796,0.8442776226112604,0.5359060514286796,814160,203540,81416,122124,0.75,,,,,,,,,0.007931272116729678,1
bayesfl_observability_v1,vi_sparse_bayesian_keep010_seed42,111,vi,29,2,1170,,5,256,557.1905955302715,0.007600097657523603,0.7096336558509816,0.7096336558509816,,,3.5301770769977447,0.04731908440589905,0.9977742222982557,3.5301770769977447,,0.011509519042002474,2.3048351889352334,557.1905955302715,830.2713773456485,0.7096336558509816,0.008158311657125366,0.007600097657523603,0.7096336558509816,0.0025,52.93962380690726,0.08956275681388616,0.09005050361156464,0.09942911714315415,0.13042107224464417,1.4921279204110107,1.2557532827185098,3.088773485975215,,,,,,,,,,,,,,,,,,1,update_snr,bayesian,0.1,20,101770,10177,0.1,0.20515358856296442,0.1000432182053948,0.08552023778658761,0.20514690627992982,0.1000432182053948,0.08552023778658761,0.20514690627992982,0.2543135342180752,0.24287082173505425,0.31471299766512106,0.08290207198176362,0.07567941887746196,0.16467866943087195,0.2543135342180752,0.24287082173505425,0.31471299766512106,0.08290207198176362,0.07567941887746196,0.16467866943087195,2.2755998664059756,2.6988507633756753,0.6446135184644249,0.7645086080698607,0.6446135184644249,814160,203540,81416,122124,0.75,,,,,,,,,0.008053687847479724,1170
bayesfl_observability_v1,vi_sparse_bayesian_keep010_seed42,111,vi,46,3,2,,5,256,111.7587474361062,0.008384824730455875,133.17446201980783,133.17446201980783,,,2.007580592053161,0.012541063129901886,0.9992782715868074,2.007580592053161,,-0.0,2.4040642619438994,111.7587474361062,266.34892403961567,133.17446201980783,0.002617165412593256,0.008384824730455875,133.17446201980783,0.0025,52.85054424849105,0.08918792701425968,0.08968889713287354,0.09885578006505967,0.1286737322807312,1.4955486815913184,1.257569214832989,3.092752822523659,,,,,,,,,,,,,,,,,,1,update_snr,bayesian,0.1,20,101770,10177,0.1,0.11337924898319385,0.06053154475827144,0.057510775420806404,0.11337852434286899,0.06053154475827144,0.057510775420806404,0.11337852434286899,0.12655280146181538,0.12376625643422558,0.14196726810576896,0.053195849568988776,0.05109606384771004,0.09956843895677446,0.12655280146181538,0.12376625643422558,0.14196726810576896,0.053195849568988776,0.05109606384771004,0.09956843895677446,1.079364605602822,1.6927350299915187,0.5376444710988919,0.8431716448605191,0.5376444710988919,814160,203540,81416,122124,0.75,,,,,,,,,0.007935074193024519,2
bayesfl_observability_v1,vi_sparse_bayesian_keep010_seed42,111,vi,298,23,35,,5,256,145.1002878189087,0.12299810137067523,7.705642450366246,7.705642450366246,,,2.0193585442791098,0.012524478137493134,0.9992698880165568,2.0193585442791098,,-0.0,2.3096097079310103,145.1002878189087,269.6974857628186,7.705642450366246,0.002650068642653224,0.12299810137067523,7.705642450366246,0.0025,52.85454108272944,0.08918748416355776,0.0896972306072712,0.09886754974722863,0.1291591078042984,1.495827424352403,1.2584078477571579,3.09519434252246,,,,,,,,,,,,,,,,,,1,update_snr,bayesian,0.1,20,101770,10177,0.1,0.11399904855107953,0.0610096423657355,0.0581663066958235,0.11399590103442162,0.0610096423657355,0.0581663066958235,0.11399590103442162,0.1271721338127541,0.12444641317592477,0.14191573232518612,0.05365825442717787,0.051924184794492685,0.09991807365341598,0.1271721338127541,0.12444641317592477,0.14191573232518612,0.05365825442717787,0.051924184794492685,0.09991807365341598,1.0818293978454,1.7051258265331934,0.5357292299132554,0.8443898342688351,0.5357292299132554,814160,203540,81416,122124,0.75,,,,,,,,,0.007930659756207301,35
bayesfl_observability_v1,vi_sparse_bayesian_keep010_seed42,111,vi,146,11,1,,5,256,102.0898719727993,0.0643741637468338,268.10250059166657,268.10250059166657,,,2.013274613919385,0.012536890804767609,0.9992742593058209,2.013274613919385,,-0.0,2.3292713582565514,102.0898719727993,268.10250059166657,268.10250059166657,0.0026343961932953383,0.0643741637468338,268.10250059166657,0.0025,52.8537265931199,0.08918766759513895,0.08969415724277496,0.09888303950428963,0.12805064022541046,1.4956796058367072,1.2580033366730063,3.0945614428598973,,,,,,,,,,,,,,,,,,1,update_snr,bayesian,0.1,20,101770,10177,0.1,0.11383180973506886,0.060810147226627836,0.05795595635017096,0.11383082898456695,0.060810147226627836,0.05795595635017096,0.11383082898456695,0.12691948117523044,0.12420447617564691,0.1418532001688787,0.053464665676783096,0.05166045178747084,0.09959901074407683,0.12691948117523044,0.12420447617564691,0.1418532001688787,0.053464665676783096,0.05166045178747084,0.09959901074407683,1.0809392010222194,1.6984831805895808,0.5369059906427162,0.8436420788533278,0.5369059906427162,814160,203540,81416,122124,0.75,,,,,,,,,0.007935429451121962,1
bayesfl_observability_v1,vi_sparse_bayesian_keep010_seed42,111,vi,216,17,1,,5,256,105.09794118404389,1.7334672212600708,267.0897567109997,267.0897567109997,,,2.0100572890902093,0.012528635561466217,0.9992766949691342,2.0100572890902093,,-0.0,2.3096097079310103,105.09794118404389,267.0897567109997,267.0897567109997,0.0026244448925125253,1.7334672212600708,267.0897567109997,0.0025,52.857731089680705,0.08918991484702618,0.08967887610197067,0.0988808274269104,0.12655074894428253,1.4958549335176121,1.25993876184424,3.0956132151366407,,,,,,,,,,,,,,,,,,1,update_snr,bayesian,0.1,20,101770,10177,0.1,0.11348092835509876,0.06068716658506955,0.05779497574829798,0.1134791468167565,0.06068716658506955,0.05779497574829798,0.1134791468167565,0.12656582028451896,0.12406589540456267,0.14110031260919503,0.0533673161740196,0.05147866911371269,0.09960731645426742,0.12656582028451896,0.12406589540456267,0.14110031260919503,0.0533673161740196,0.05147866911371269,0.09960731645426742,1.080162223588336,1.6951636723801584,0.5373788246986921,0.8433409742005026,0.5373788246986921,814160,203540,81416,122124,0.75,,,,,,,,,0.007933792672523024,1
bayesfl_observability_v1,vi_sparse_bayesian_keep010_seed42,111,vi,96,7,1,,5,256,104.00607385635377,0.016228247433900833,266.8071535119861,266.8071535119861,,,2.0079810178904896,0.012531101703643799,0.9992783028716681,2.0079810178904896,,-0.0,2.259365973874069,104.00607385635377,266.8071535119861,266.8071535119861,0.0026216680113195054,0.016228247433900833,266.8071535119861,0.0025,52.86144935313585,0.08918852711690688,0.08969438076019287,0.09885415360331536,0.12900398671627045,1.4959621205585036,1.2598815066896254,3.092679044004472,,,,,,,,,,,,,,,,,,1,update_snr,bayesian,0.1,20,101770,10177,0.1,0.11342146819978584,0.060626456825158756,0.05773352802301908,0.11342124728108434,0.060626456825158756,0.05773352802301908,0.11342124728108434,0.12672150004074947,0.12391103677339059,0.14188186561759067,0.05328256313453758,0.051506039871781144,0.0994125846052446,0.12672150004074947,0.12391103677339059,0.14188186561759067,0.05328256313453758,0.051506039871781144,0.0994125846052446,1.0783092802476877,1.6938821872669432,0.5370116901705174,0.8435748008447177,0.5370116901705174,814160,203540,81416,122124,0.75,,,,,,,,,0.007933198991989495,1
bayesfl_observability_v1,vi_sparse_bayesian_keep010_seed42,111,vi,240,19,1,,5,256,101.80858273506165,0.015579069033265114,268.7220466298538,268.7220466298538,,,2.0156918457856867,0.012522652745246887,0.9992722631884496,2.0156918457856867,,-0.0,2.3096097079310103,101.80858273506165,268.7220466298538,268.7220466298538,0.0026404839012464758,0.015579069033265114,268.7220466298538,0.0025,52.84437490507363,0.08918907219122912,0.08968131989240646,0.09888508170843124,0.12795592844486237,1.495352690875571,1.255806752266949,3.087323392906968,,,,,,,,,,,,,,,,,,1,update_snr,bayesian,0.1,20,101770,10177,0.1,0.11375342406840161,0.06091101081129107,0.05797888700051468,0.1137507015696498,0.06091101081129107,0.05797888700051468,0.1137507015696498,0.12699894156540356,0.12428384878451153,0.1415548255965137,0.053567907394167454,0.05172591233942618,0.09977759308906137,0.12699894156540356,0.12428384878451153,0.1415548255965137,0.053567907394167454,0.05172591233942618,0.09977759308906137,1.0819766141729685,1.700688161759736,0.5367767977208987,0.8437242851954054,0.5367767977208987,814160,203540,81416,122124,0.75,,,,,,,,,0.007930670435299929,1
bayesfl_observability_v1,vi_sparse_bayesian_keep010_seed42,111,vi,245,19,178,,5,256,109.41573181152344,0.010431275608834256,1.5133740362881336,1.5133740362881336,,,2.0199544918801826,0.012535907328128815,0.9992695460188015,2.0199544918801826,,-0.0,2.185987945410232,109.41573181152344,269.3805784592878,1.5133740362881336,0.0026469546866393612,0.010431275608834256,1.5133740362881336,0.0025,52.857567967207295,0.0891854143501722,0.08968017995357513,0.09886890947818756,0.1282842606306076,1.4958047691244938,1.2596932910722778,3.091871466098386,,,,,,,,,,,,,,,,,,1,update_snr,bayesian,0.1,20,101770,10177,0.1,0.1137760987227081,0.06102315704978989,0.05816153906361006,0.11377380699874133,0.06102315704978989,0.05816153906361006,0.11377380699874133,0.12683488494541542,0.12401175087894195,0.1420284573080088,0.053710742839164834,0.05190993221706874,0.0997693039673001,0.12683488494541542,0.12401175087894195,0.1420284573080088,0.053710742839164834,0.05190993221706874,0.0997693039673001,1.0816283706293794,1.7059590314883182,0.5354716529393665,0.8445532007507773,0.5354716529393665,814160,203540,81416,122124,0.75,,,,,,,,,0.007932198751921752,178
bayesfl_observability_v1,vi_sparse_bayesian_keep010_seed42,111,vi,248,19,1,,5,256,110.74233725070954,2.0861407392658293e-05,266.98022637997076,266.98022637997076,,,2.0102727775132525,0.012553006410598755,0.9992762288852954,2.0102727775132525,,-0.0,2.28098669344155,110.74233725070954,266.98022637997076,266.98022637997076,0.002623368638891331,2.0861407392658293e-05,266.98022637997076,0.0025,52.84660560564618,0.0891876436906499,0.08969301730394363,0.09883368983864785,0.1272602081298828,1.495307218696664,1.256921586092223,3.094886847211464,,,,,,,,,,,,,,,,,,1,update_snr,bayesian,0.1,20,101770,10177,0.1,0.11342341024744873,0.06071284716117625,0.05790178747906388,0.1134233345825316,0.06071284716117625,0.05790178747906388,0.1134233345825316,0.1263615431429369,0.12379971615500672,0.14082010375063853,0.05341854760764728,0.05157382550742111,0.09946050137464783,0.1263615431429369,0.12379971615500672,0.14082010375063853,0.05341854760764728,0.05157382550742111,0.09946050137464783,1.0788724419329385,1.6962402229780154,0.53667962577075,0.8437860980619248,0.53667962577075,814160,203540,81416,122124,0.75,,,,,,,,,0.007929519978778396,1
bayesfl_observability_v1,vi_sparse_bayesian_keep010_seed42,111,vi,120,9,935,,5,256,491.3741493582726,0.020287601705540947,0.8440767555640459,0.8440767555640459,,,3.4447049406784385,0.03886359930038452,0.997880961643281,3.4447049406784385,,0.007653727565891914,2.2517606506762466,491.3741493582726,789.2117664523829,0.8440767555640459,0.007754856700917588,0.020287601705540947,0.8440767555640459,0.0025,52.94108299163717,0.0895184497482298,0.09000607579946518,0.09935683235526085,0.12698738276958466,1.4924580491224038,1.2561668606752106,3.0866640856577163,,,,,,,,,,,,,,,,,,1,update_snr,bayesian,0.1,20,101770,10177,0.1,0.20031355347869717,0.09822205761904089,0.08450140575698664,0.2003126456659319,0.09822205761904089,0.08450140575698664,0.2003126456659319,0.24657370227378256,0.23614925887458105,0.30083751598409203,0.08173854154629182,0.07490717736486412,0.1615404527771164,0.24657370227378256,0.23614925887458105,0.30083751598409203,0.08173854154629182,0.07490717736486412,0.1615404527771164,2.193877085903836,2.655728800212958,0.6368838909818934,0.7709597326759456,0.6368838909818934,814160,203540,81416,122124,0.75,,,,,,,,,0.008035772078125645,935
bayesfl_observability_v1,vi_sparse_bayesian_keep010_seed42,112,vi,249,19,1,,5,256,98.75853071212768,4.0649541915627196e-05,266.5849108859319,266.5849108859319,,,2.013984307997691,0.012537002563476562,0.9992785168463094,2.013984307997691,,-0.0,2.3163460082440825,98.75853071212768,266.5849108859319,266.5849108859319,0.0026194842378493848,4.0649541915627196e-05,266.5849108859319,0.0025,53.02782306079778,0.08943769541082482,0.08995110169053078,0.09910186305642128,0.1281585693359375,1.4962375253754132,1.2563483881612263,3.093615619567303,,,,,,,,,,,,,,,,,,1,update_snr,bayesian,0.1,20,101770,10177,0.1,0.11350265170492181,0.060672608014755706,0.05779748084416188,0.11349995162617907,0.060672608014755706,0.05779748084416188,0.11349995162617907,0.12638918613112862,0.12379546505273366,0.14077423498186264,0.05337076600182539,0.051350940114053015,0.09936167044514772,0.12638918613112862,0.12379546505273366,0.14077423498186264,0.05337076600182539,0.051350940114053015,0.09936167044514772,1.0795588302411778,1.700201613018068,0.5360314010164648,0.8441980437813903,0.5360314010164648,814160,203540,81416,122124,0.75,,,,,,,,,0.007928136859597548,1
bayesfl_observability_v1,vi_sparse_bayesian_keep010_seed42,112,vi,139,11,6,,5,256,100.81971635818482,0.048546994725863137,44.43799035296819,44.43799035296819,,,2.013847288029452,0.012540608644485474,0.9992784528003718,2.013847288029452,,-0.0,2.28098669344155,100.81971635818482,266.62794211780914,44.43799035296819,0.00261990706610798,0.048546994725863137,44.43799035296819,0.0025,53.022162797429054,0.08943646276622082,0.08994973823428154,0.09911734238266945,0.1274559050798416,1.4962645300787898,1.2579163834566949,3.0933779338993905,,,,,,,,,,,,,,,,,,1,update_snr,bayesian,0.1,20,101770,10177,0.1,0.11336898499003346,0.060701870527776765,0.05781588527534841,0.11336666889865264,0.060701870527776765,0.05781588527534841,0.11336666889865264,0.1262610186016427,0.12353221698529096,0.14101373305763637,0.053417520741791645,0.05151344605793082,0.09937611610551615,0.1262610186016427,0.12353221698529096,0.14101373305763637,0.053417520741791645,0.05151344605793082,0.09937611610551615,1.0797863402287684,1.6998948082040084,0.5361808448173538,0.8441031344871012,0.5361808448173538,814160,203540,81416,122124,0.75,,,,,,,,,0.007932157744913775,6
bayesfl_observability_v1,vi_sparse_bayesian_keep010_seed42,112,vi,226,18,1,,5,256,92.42501640319824,1.311301275563892e-06,268.24566398416425,268.24566398416425,,,2.019609084361707,0.012531593441963196,0.9992744698343455,2.019609084361707,,-0.0,2.259365973874069,92.42501640319824,268.24566398416425,268.24566398416425,0.0026358029280157637,1.311301275563892e-06,268.24566398416425,0.0025,53.027508081468675,0.08943732038745744,0.08994978293776512,0.09911274686455726,0.12868933379650116,1.496312861565565,1.2599092275407417,3.0953830782487226,,,,,,,,,,,,,,,,,,1,update_snr,bayesian,0.1,20,101770,10177,0.1,0.1136190807371922,0.06085880218867532,0.05810191482223824,0.11361689997848927,0.06085880218867532,0.05810191482223824,0.11361689997848927,0.12671289423922463,0.12415019499686733,0.14147518932049888,0.053541680849725395,0.051790693403517,0.09973553439596315,0.12671289423922463,0.12415019499686733,0.14147518932049888,0.053541680849725395,0.051790693403517,0.09973553439596315,1.0822984064851577,1.705124925908956,0.5358949981289155,0.8442846386026517,0.5358949981289155,814160,203540,81416,122124,0.75,,,,,,,,,0.007931944827619004,1
bayesfl_observability_v1,vi_sparse_bayesian_keep010_seed42,112,vi,31,2,1,,5,256,98.68892831802368,1.1920922133867862e-06,266.4993102095942,266.4993102095942,,,2.013121967518683,0.012510210275650024,0.9992788428434998,2.013121967518683,,-0.0,2.3163460082440825,98.68892831802368,266.4993102095942,266.4993102095942,0.0026186431188915615,1.1920922133867862e-06,266.4993102095942,0.0025,53.017317589716725,0.08944087259920194,0.08996326103806496,0.09911630675196648,0.12761756777763367,1.4959323025109827,1.2574336230837106,3.0940182518234653,,,,,,,,,,,,,,,,,,1,update_snr,bayesian,0.1,20,101770,10177,0.1,0.1133757052810566,0.06062116767226496,0.05771392807108673,0.11337493992303936,0.06062116767226496,0.05771392807108673,0.11337493992303936,0.1264528310833269,0.12387558586137243,0.1413915020583648,0.053306538404369185,0.05148857897444898,0.09951991301010579,0.1264528310833269,0.12387558586137243,0.1413915020583648,0.053306538404369185,0.05148857897444898,0.09951991301010579,1.0802947597564374,1.6987122440687459,0.5366265815915655,0.8438198338089423,0.5366265815915655,814160,203540,81416,122124,0.75,,,,,,,,,0.007932238182163725,1
bayesfl_observability_v1,vi_sparse_bayesian_keep010_seed42,112,vi,250,20,1,,5,256,93.40313831567764,1.7880401611328125,268.1762554669559,268.1762554669559,,,2.020204736423932,0.012538567185401917,0.9992738436155142,2.020204736423932,,-0.0,2.311121424016332,93.40313831567764,268.1762554669559,268.1762554669559,0.0026351209144832065,1.7880401611328125,268.1762554669559,0.0025,53.020539301953285,0.08943634138277762,0.08995572105050087,0.09910362139344216,0.12734530866146088,1.496201355161655,1.2567439846464077,3.0914318615059333,,,,,,,,,,,,,,,,,,1,update_snr,bayesian,0.1,20,101770,10177,0.1,0.11346704809840241,0.06093299247674098,0.05822764084931843,0.11346526711369292,0.06093299247674098,0.05822764084931843,0.11346526711369292,0.12645777983709341,0.12375607398319721,0.14129736325801953,0.05365246054781294,0.051891749356312564,0.09960803837256468,0.12645777983709341,0.12375607398319721,0.14129736325801953,0.05365246054781294,0.051891749356312564,0.09960803837256468,1.0807958738644767,1.7067827794148884,0.5349932382485395,0.8448563398758049,0.5349932382485395,814160,203540,81416,122124,0.75,,,,,,,,,0.00792724052197992,1
bayesfl_observability_v1,vi_sparse_bayesian_keep010_seed42,112,vi,258,20,11,,5,256,114.82540364265442,0.6354814009232954,24.210508256379946,24.210508256379946,,,2.013177146689839,0.012547634541988373,0.9992789468283246,2.013177146689839,,-0.0,2.259365973874069,114.82540364265442,266.3155908201794,24.210508256379946,0.0026168378777653473,0.6354814009232954,24.210508256379946,0.0025,53.02265698775586,0.08943721083397978,0.08994490280747414,0.09912739619612694,0.1291215866804123,1.4962584636583909,1.256593438505878,3.094681918004911,,,,,,,,,,,,,,,,,,1,update_snr,bayesian,0.1,20,101770,10177,0.1,0.11331589481981444,0.06061645316823318,0.05759357852419864,0.11331560423890935,0.06061645316823318,0.05759357852419864,0.11331560423890935,0.12638958626541177,0.12377952654801841,0.14155587052846055,0.05330832726854667,0.05130599515889063,0.09937463162169634,0.12638958626541177,0.12377952654801841,0.14155587052846055,0.05330832726854667,0.05130599515889063,0.09937463162169634,1.0801966251623643,1.6988400380677648,0.5365631270643393,0.8438601843166548,0.5365631270643393,814160,203540,81416,122124,0.75,,,,,,,,,0.007929958471105532,11
bayesfl_observability_v1,vi_sparse_bayesian_keep010_seed42,112,vi,193,15,1,,5,256,95.49219121932984,2.7418097943154862e-06,266.24373911944275,266.24373911944275,,,2.013162834172448,0.01254185102880001,0.9992788493074096,2.013162834172448,,-0.0,2.3163460082440825,95.49219121932984,266.24373911944275,266.24373911944275,0.002616131857319866,2.7418097943154862e-06,266.24373911944275,0.0025,53.018683423544644,0.08944086722954207,0.08994730561971664,0.09910544157028198,0.1268349140882492,1.496023464991993,1.2575170676304488,3.0935510702023357,,,,,,,,,,,,,,,,,,1,update_snr,bayesian,0.1,20,101770,10177,0.1,0.1134564575593218,0.060579633618359933,0.057597115673545474,0.11345474425734173,0.060579633618359933,0.057597115673545474,0.11345474425734173,0.12646146222457802,0.12389050584016965,0.14092098123756439,0.05325943043989125,0.05142864794728194,0.09939389135519056,0.12646146222457802,0.12389050584016965,0.14092098123756439,0.05325943043989125,0.05142864794728194,0.09939389135519056,1.0816730057996946,1.6978834192657335,0.5373003054888695,0.843391001684016,0.5373003054888695,814160,203540,81416,122124,0.75,,,,,,,,,0.00793024255979089,1
bayesfl_observability_v1,vi_sparse_bayesian_keep010_seed42,112,vi,96,7,1,,5,256,99.52528898715973,0.004004793241620064,267.02246098650915,267.02246098650915,,,2.017341862375261,0.012512892484664917,0.9992758854915637,2.017341862375261,,-0.0,2.259365973874069,99.52528898715973,267.02246098650915,267.02246098650915,0.0026237836394468815,0.004004793241620064,267.02246098650915,0.0025,53.0199662510671,0.08943855819625747,0.08994977921247482,0.0991111159324646,0.12732504308223724,1.496418543198586,1.2584010527905014,3.0932010430214976,,,,,,,,,,,,,,,,,,1,update_snr,bayesian,0.1,20,101770,10177,0.1,0.11343321944805301,0.0607687861705329,0.05788987974846782,0.11343291867442346,0.0607687861705329,0.05788987974846782,0.11343291867442346,0.1262905546931737,0.12370968424978938,0.14110365082342144,0.05348858966801725,0.05161054599595135,0.09946376079348197,0.1262905546931737,0.12370968424978938,0.14110365082342144,0.05348858966801725,0.05161054599595135,0.09946376079348197,1.081958348457871,1.7026550801304434,0.5363287049344975,0.8440091944186898,0.5363287049344975,814160,203540,81416,122124,0.75,,,,,,,,,0.007930619902175062,1
bayesfl_observability_v1,vi_sparse_bayesian_keep010_seed42,112,vi,277,22,783,,5,256,589.5099292874336,0.17459376683484853,0.992689061808594,0.992689061808594,,,3.4297098530327066,0.03913070261478424,0.997910788955655,3.4297098530327066,,1.0837153259927952,1.2034482275163363,589.5099292874336,777.275535396129,0.992689061808594,0.007637570358613826,0.17459376683484853,0.992689061808594,0.0025,53.08563427642606,0.08975491896615792,0.09023044258356094,0.09958383440971375,0.12835772335529327,1.493071535564323,1.2534952418138863,3.0867258497786474,,,,,,,,,,,,,,,,,,1,update_snr,bayesian,0.1,20,101770,10177,0.1,0.1993308760655119,0.09740520835114094,0.08376430464481588,0.1993202924486261,0.09740520835114094,0.08376430464481588,0.1993202924486261,0.2452535896328944,0.23487841666811446,0.3006806908154205,0.08097761043094613,0.07427128077346003,0.16026277955388563,0.2452535896328944,0.23487841666811446,0.3006806908154205,0.08097761043094613,0.07427128077346003,0.16026277955388563,2.1913124204920655,2.638381995046747,0.6389206418013486,0.769272652237264,0.6389206418013486,814160,203540,81416,122124,0.75,,,,,,,,,0.008039218357208212,783
bayesfl_observability_v1,vi_sparse_bayesian_keep010_seed42,112,vi,281,22,9,,5,256,119.95731663703918,0.295455535252889,29.477566252056405,29.477566252056405,,,2.0091304920490165,0.012546122074127197,0.9992815097452546,2.0091304920490165,,-0.0,2.3096097079310103,119.95731663703918,265.29809626850766,29.477566252056405,0.0026068398965167303,0.295455535252889,29.477566252056405,0.0025,53.00952743853388,0.08943933169863084,0.08993449807167053,0.09911342188715935,0.12901386618614197,1.4958588159459683,1.2576846185476134,3.094706349567736,,,,,,,,,,,,,,,,,,1,update_snr,bayesian,0.1,20,101770,10177,0.1,0.11302894621975468,0.06049881423409706,0.057713381314958914,0.11302394540152917,0.06049881423409706,0.057713381314958914,0.11302394540152917,0.12620571274516218,0.12351842009124102,0.14101037152353396,0.0531980477328676,0.05137207002702089,0.09912156307803363,0.12620571274516218,0.12351842009124102,0.14101037152353396,0.0531980477328676,0.05137207002702089,0.09912156307803363,1.0791930827584462,1.6946821602316606,0.5371443452922904,0.8434903391980951,0.5371443452922904,814160,203540,81416,122124,0.75,,,,,,,,,0.007930901055552374,9
bayesfl_observability_v1,vi_sparse_bayesian_keep010_seed42,112,vi,263,21,2,,5,256,102.42603745460511,0.004088824149221182,133.1454696531487,133.1454696531487,,,2.0138420732225946,0.012523239478468895,0.9992783949989856,2.0138420732225946,,-0.0,2.185987945410232,102.42603745460511,266.2909393062974,133.1454696531487,0.0026165956500569655,0.004088824149221182,133.1454696531487,0.0025,53.019905454338826,0.0894389857986364,0.0899508073925972,0.09913037344813347,0.12887127697467804,1.4958750003258323,1.2557595572568498,3.094227185452372,,,,,,,,,,,,,,,,,,1,update_snr,bayesian,0.1,20,101770,10177,0.1,0.11326855752265684,0.06059844817336162,0.05778506521847293,0.11326634985597481,0.06059844817336162,0.05778506521847293,0.11326634985597481,0.1262767600263823,0.12355731400357418,0.1410176078449479,0.053300857967470444,0.05158374287862241,0.09932846521751015,0.1262767600263823,0.12355731400357418,0.1410176078449479,0.053300857967470444,0.05158374287862241,0.09932846521751015,1.080283618475311,1.6995726520320829,0.5364291633586825,0.8439453493552199,0.5364291633586825,814160,203540,81416,122124,0.75,,,,,,,,,0.007929909689444115,2
bayesfl_observability_v1,vi_sparse_bayesian_keep010_seed42,112,vi,200,16,2,,5,256,108.67937478423119,0.4292103946208954,133.3165773197458,133.3165773197458,,,2.013479810602869,0.012527436017990112,0.9992787000402671,2.013479810602869,,0.6931471805599453,1.5546516461106756,108.67937478423119,266.6331546394916,133.3165773197458,0.0026199582847547566,0.4292103946208954,133.3165773197458,0.0025,53.02157606936191,0.08943870268210108,0.08995795622467995,0.09911810606718063,0.12683701515197754,1.496075987808468,1.2597033375303224,3.094058995255099,,,,,,,,,,,,,,,,,,1,update_snr,bayesian,0.1,20,101770,10177,0.1,0.11331821334909353,0.060711302265626516,0.05778328729407893,0.11331800113963823,0.060711302265626516,0.05778328729407893,0.11331800113963823,0.12630113623935804,0.12347373054400981,0.141331771380501,0.05342354293521191,0.05155436816562608,0.09942523306532527,0.12630113623935804,0.12347373054400981,0.141331771380501,0.05342354293521191,0.05155436816562608,0.09942523306532527,1.0792493119292155,1.6998005384178707,0.5360119859389454,0.8442103712522065,0.5360119859389454,814160,203540,81416,122124,0.75,,,,,,,,,0.007932987653919287,2
bayesfl_observability_v1,vi_sparse_bayesian_keep010_seed42,112,vi,177,14,1,,5,256,105.98405264616012,0.08078446239233017,266.4763684704151,266.4763684704151,,,2.0144178028794975,0.012515842914581299,0.9992780012106091,2.0144178028794975,,-0.0,2.259365973874069,105.98405264616012,266.4763684704151,266.4763684704151,0.002618417691563477,0.08078446239233017,266.4763684704151,0.0025,53.020609514560874,0.08943902722824248,0.08995263651013374,0.09910272359848023,0.1277698427438736,1.4963034806703586,1.2566633117591406,3.089458339383795,,,,,,,,,,,,,,,,,,1,update_snr,bayesian,0.1,20,101770,10177,0.1,0.1132333546691321,0.06068635731430355,0.0578702012786181,0.1132330947692661,0.06068635731430355,0.0578702012786181,0.1132330947692661,0.12636100980497586,0.12368391948916885,0.14138755165256778,0.05338917370422883,0.051631118059612444,0.09940172207904446,0.12636100980497586,0.12368391948916885,0.14138755165256778,0.05338917370422883,0.051631118059612444,0.09940172207904446,1.0821150554503094,1.6990897831855847,0.5371850139050035,0.8434644395799278,0.5371850139050035,814160,203540,81416,122124,0.75,,,,,,,,,0.007929860054203035,1
bayesfl_observability_v1,vi_sparse_bayesian_keep010_seed42,112,vi,171,13,11,,5,256,98.30805172920228,0.25825288079001685,24.542880010877184,24.542880010877184,,,2.0269993666424364,0.012539654970169067,0.9992689031242864,2.0269993666424364,,0.6791932659915256,1.6161745905690754,98.30805172920228,269.971680119649,24.542880010877184,0.0026527628979035964,0.25825288079001685,24.542880010877184,0.0025,53.01883544752462,0.08944157297303228,0.08995740488171577,0.0991172045469284,0.12732329964637756,1.496393708545561,1.2570627077792689,3.092352158946413,,,,,,,,,,,,,,,,,,1,update_snr,bayesian,0.1,20,101770,10177,0.1,0.11400656611570976,0.06108922754320614,0.05827213640812788,0.11400517554732587,0.06108922754320614,0.05827213640812788,0.11400517554732587,0.12702035860787025,0.12417958785576946,0.14170952524123803,0.05376354631379902,0.05197478900118761,0.0999755672795169,0.12702035860787025,0.12417958785576946,0.14170952524123803,0.05376354631379902,0.05197478900118761,0.0999755672795169,1.0850920513144282,1.712104457252269,0.5353193835041977,0.844649724823661,0.5353193835041977,814160,203540,81416,122124,0.75,,,,,,,,,0.007932115950209578,11
bayesfl_observability_v1,vi_sparse_bayesian_keep010_seed42,112,vi,10,0,11,,5,256,110.06841380596161,0.17083468220450662,24.184402234622418,24.184402234622418,,,2.012426238434618,0.012521922588348389,0.9992793153098687,2.012426238434618,,-0.0,2.3163460082440825,110.06841380596161,266.0284245808466,24.184402234622418,0.0026140161597803537,0.17083468220450662,24.184402234622418,0.0025,53.016305516375326,0.08943946445751538,0.08994462341070175,0.09912318736314774,0.12740394473075867,1.4959119923565907,1.2582398558997827,3.0909489816664837,,,,,,,,,,,,,,,,,,1,update_snr,bayesian,0.1,20,101770,10177,0.1,0.11315087766871963,0.06059336365082854,0.05771965952067845,0.11314975891533616,0.06059336365082854,0.05771965952067845,0.11314975891533616,0.12631364278297427,0.12352111516414821,0.14127958784446007,0.05329111041392346,0.051602345347898086,0.0991318438371812,0.12631364278297427,0.12352111516414821,0.14127958784446007,0.05329111041392346,0.051602345347898086,0.0991318438371812,1.081419658727216,1.6971714370853692,0.5373710787871694,0.8433459098632742,0.5373710787871694,814160,203540,81416,122124,0.75,,,,,,,,,0.007932048986852269,11
bayesfl_observability_v1,vi_sparse_bayesian_keep010_seed42,113,vi,240,19,1,,5,256,95.7549126982689,0.04986945912241936,267.0432764004861,267.0432764004861,,,2.0205380627749436,0.012513071298599243,0.9992760225703085,2.0205380627749436,,-0.0,2.3096097079310103,95.7549126982689,267.0432764004861,267.0432764004861,0.0026239881733367996,0.04986945912241936,267.0432764004861,0.0025,53.1088588219394,0.08963108880170274,0.09015341103076935,0.0992741622030735,0.1286485642194748,1.4954961269465696,1.2585270084479663,3.0903447172944505,,,,,,,,,,,,,,,,,,1,update_snr,bayesian,0.1,20,101770,10177,0.1,0.11334951196049921,0.06072215158976576,0.057992895498522254,0.11334641267507516,0.06072215158976576,0.057992895498522254,0.11334641267507516,0.12626018265280634,0.12361241757765964,0.14094023899771985,0.053440148138316795,0.05169745551622051,0.0994566403450003,0.12626018265280634,0.12361241757765964,0.14094023899771985,0.053440148138316795,0.05169745551622051,0.0994566403450003,1.0815404390351155,1.7067056986645515,0.5352734793571579,0.8446788160578452,0.5352734793571579,814160,203540,81416,122124,0.75,,,,,,,,,0.00791857801944401,1
bayesfl_observability_v1,vi_sparse_bayesian_keep010_seed42,113,vi,93,7,45,,5,256,177.8514841079712,0.3439847310384115,5.941265523122991,5.941265523122991,,,2.0208874191176807,0.012514196336269379,0.9992760474493155,2.0208874191176807,,-0.0,2.3096097079310103,177.8514841079712,267.3569485405346,5.941265523122991,0.002627070340380609,0.3439847310384115,5.941265523122991,0.0025,53.11891145262906,0.08963007039925029,0.09014621376991272,0.09929823651909829,0.12748074531555176,1.4953912539556635,1.2561738134612868,3.0960730570555377,,,,,,,,,,,,,,,,,,1,update_snr,bayesian,0.1,20,101770,10177,0.1,0.11331156554634292,0.06082924607316764,0.05795859360328449,0.1133097479052067,0.06082924607316764,0.05795859360328449,0.1133097479052067,0.12648939346918595,0.1237825872248362,0.1413584256047025,0.05353367414027673,0.05183445858194399,0.09930362920445093,0.12648939346918595,0.1237825872248362,0.1413584256047025,0.05353367414027673,0.05183445858194399,0.09930362920445093,1.0816820580760844,1.7070295504133517,0.5352510228146933,0.8446930463640774,0.5352510228146933,814160,203540,81416,122124,0.75,,,,,,,,,0.007922732495081242,45
bayesfl_observability_v1,vi_sparse_bayesian_keep010_seed42,113,vi,204,16,297,,5,256,275.17511533498765,0.012894881995840105,1.696924668106854,1.696924668106854,,,2.771106169075035,0.024032384157180786,0.9986401020718555,2.771106169075035,,-0.0,2.28098669344155,275.17511533498765,503.98662642773564,1.696924668106854,0.004952212109931567,0.012894881995840105,1.696924668106854,0.0025,53.15347515094582,0.08978677141312955,0.09029236808419228,0.0994971327483654,0.1271163523197174,1.4941611243344128,1.2560583480831582,3.0882474777103193,,,,,,,,,,,,,,,,,,1,update_snr,bayesian,0.1,20,101770,10177,0.1,0.16025377187061773,0.08058526265749157,0.0718382987849703,0.16025247317835398,0.08058526265749157,0.0718382987849703,0.16025247317835398,0.1894963208645447,0.18345983275215053,0.22303033197382166,0.06848403396781899,0.06413589170894664,0.1326482038484635,0.1894963208645447,0.18345983275215053,0.22303033197382166,0.06848403396781899,0.06413589170894664,0.1326482038484635,1.6692683364643996,2.2119160520153374,0.6023833929905267,0.7982068953906775,0.6023833929905267,814160,203540,81416,122124,0.75,,,,,,,,,0.007958572176458855,297
bayesfl_observability_v1,vi_sparse_bayesian_keep010_seed42,113,vi,75,6,1,,5,256,96.9424334526062,0.6375366449356079,265.453547332338,265.453547332338,,,2.01450032834913,0.012539539486169815,0.9992806939943718,2.01450032834913,,-0.0,2.3096097079310103,96.9424334526062,265.453547332338,265.453547332338,0.0026083673708591727,0.6375366449356079,265.453547332338,0.0025,53.121467016562704,0.08962752707811379,0.09015258029103279,0.09927534312009811,0.12818801403045654,1.495935174283501,1.2582029728893231,3.0926357739882113,,,,,,,,,,,,,,,,,,1,update_snr,bayesian,0.1,20,101770,10177,0.1,0.113156144321885,0.06050380026148928,0.057524097190803605,0.11315541409768913,0.06050380026148928,0.057524097190803605,0.11315541409768913,0.12607521841290525,0.12345548806906816,0.14067953370867167,0.05321808713355416,0.05122860084629122,0.09932707848772736,0.12607521841290525,0.12345548806906816,0.14067953370867167,0.05321808713355416,0.05122860084629122,0.09932707848772736,1.0807892997918804,1.7000311945297157,0.5365049012811928,0.8438972039894778,0.5365049012811928,814160,203540,81416,122124,0.75,,,,,,,,,0.007918527054942216,1
bayesfl_observability_v1,vi_sparse_bayesian_keep010_seed42,113,vi,276,22,1,,5,256,100.69896650314331,0.6238387227058411,264.7052596006335,264.7052596006335,,,2.012735468458575,0.012533918023109436,0.9992817026073484,2.012735468458575,,-0.0,2.311121424016332,100.69896650314331,264.7052596006335,264.7052596006335,0.0026010146369326273,0.6238387227058411,264.7052596006335,0.0025,53.112596807821916,0.08962945086531758,0.0901542603969574,0.09929765090346336,0.12748613953590393,1.4954282862108896,1.258255437314128,3.0949931123678596,,,,,,,,,,,,,,,,,,1,update_snr,bayesian,0.1,20,101770,10177,0.1,0.1130041903433238,0.06045322981850503,0.057445730712857274,0.11300276374484447,0.06045322981850503,0.057445730712857274,0.11300276374484447,0.12595441582533773,0.12335746293896842,0.140737834982164,0.05317532026219029,0.05125934103840399,0.09895222450778386,0.12595441582533773,0.12335746293896842,0.140737834982164,0.05317532026219029,0.05125934103840399,0.09895222450778386,1.0813749898183618,1.6975665516811116,0.5372663257365448,0.8434126482508746,0.5372663257365448,814160,203540,81416,122124,0.75,,,,,,,,,0.0079200008478812,1
bayesfl_observability_v1,vi_sparse_bayesian_keep010_seed42,113,vi,178,14,1,,5,256,112.8398941397667,0.13509316742420197,264.5462055738213,264.5462055738213,,,2.0113698526431505,0.012541651725769043,0.9992827021900128,2.0113698526431505,,-0.0,2.28098669344155,112.8398941397667,264.5462055738213,264.5462055738213,0.0025994517595934095,0.13509316742420197,264.5462055738213,0.0025,53.113518784509665,0.08963083490137064,0.09013457223773003,0.09926091730594636,0.128458634018898,1.4955061102903129,1.257441147666314,3.0953278306404455,,,,,,,,,,,,,,,,,,1,update_snr,bayesian,0.1,20,101770,10177,0.1,0.11270906406886005,0.06042505282489104,0.0574624396564765,0.11270878059298266,0.06042505282489104,0.0574624396564765,0.11270878059298266,0.12601027975519763,0.12318956399878611,0.14127171071742098,0.053137805388190316,0.05130789920303839,0.09889746657182333,0.12601027975519763,0.12318956399878611,0.14127171071742098,0.053137805388190316,0.05130789920303839,0.09889746657182333,1.0813500729948815,1.6959630608464602,0.5376187137208377,0.8431880683792626,0.5376187137208377,814160,203540,81416,122124,0.75,,,,,,,,,0.007916390540072048,1
bayesfl_observability_v1,vi_sparse_bayesian_keep010_seed42,113,vi,179,14,604,,5,256,400.3266621907552,0.012573812280269648,1.132527278331587,1.132527278331587,,,3.2270188841512533,0.03259611874818802,0.9981553793417377,3.2270188841512533,,-0.0,2.311121424016332,400.3266621907552,684.0464761122786,1.132527278331587,0.006721494311803858,0.012573812280269648,1.132527278331587,0.0025,53.15260297856126,0.08988188708982019,0.09038615226745605,0.09965225085616111,0.1308821141719818,1.4926694098577689,1.2562643470311872,3.0860434314690903,,,,,,,,,,,,,,,,,,1,update_snr,bayesian,0.1,20,101770,10177,0.1,0.18716126815570677,0.09241777516327579,0.08041044170318508,0.18715965655844438,0.09241777516327579,0.08041044170318508,0.18715965655844438,0.22680308956116665,0.21832319940292594,0.2750084327242778,0.07748607356351013,0.07160910649581037,0.1520498827574807,0.22680308956116665,0.21832319940292594,0.2750084327242778,0.07748607356351013,0.07160910649581037,0.1520498827574807,2.0153953582626163,2.5202841959910645,0.6245378259671048,0.7809945607597307,0.6245378259671048,814160,203540,81416,122124,0.75,,,,,,,,,0.007989911508060898,604
bayesfl_observability_v1,vi_sparse_bayesian_keep010_seed42,113,vi,164,13,1,,5,256,98.24392017126084,0.0004538459761533886,266.2067469556112,266.2067469556112,,,2.0167071406788657,0.012537697330117226,0.9992792374078149,2.0167071406788657,,-0.0,2.185987945410232,98.24392017126084,266.2067469556112,266.2067469556112,0.002615768369417424,0.0004538459761533886,266.2067469556112,0.0025,53.125409027277385,0.08962669590834177,0.09013144671916962,0.09928223863244058,0.1270734667778015,1.4958642465197483,1.2574559729653836,3.0946408903472906,,,,,,,,,,,,,,,,,,1,update_snr,bayesian,0.1,20,101770,10177,0.1,0.1131724501031426,0.06061480830021915,0.057830778954042164,0.1131705216035624,0.06061480830021915,0.057830778954042164,0.1131705216035624,0.12611129142799185,0.12337138087811604,0.14107915546909672,0.053337421286022174,0.05154316344887695,0.09932747852012126,0.12611129142799185,0.12337138087811604,0.14107915546909672,0.053337421286022174,0.05154316344887695,0.09932747852012126,1.0812606592954832,1.7023463448796268,0.5361515499625337,0.8441217420922016,0.5361515499625337,814160,203540,81416,122124,0.75,,,,,,,,,0.007918086118195949,1
bayesfl_observability_v1,vi_sparse_bayesian_keep010_seed42,113,vi,168,13,2012,,5,256,853.8977803349495,0.07636831626740412,0.44071258051509665,0.44071258051509665,,,3.6583910712526047,0.056170374155044556,0.9976334142828843,3.6583910712526047,,0.33910841614601644,1.9866937607637536,853.8977803349495,886.7137119963745,0.44071258051509665,0.008712918463165712,0.07636831626740412,0.44071258051509665,0.0025,53.20721061010646,0.09008951078105813,0.09056947752833366,0.10000939890742302,0.12644816935062408,1.4910175703795365,1.254771811866493,3.0845979370579535,,,,,,,,,,,,,,,,,,1,update_snr,bayesian,0.1,20,101770,10177,0.1,0.21024077963022653,0.10238502420159536,0.08707307423963678,0.2102354529746331,0.10238502420159536,0.08707307423963678,0.2102354529746331,0.2626178971001581,0.25034194207593785,0.32585120859699984,0.08458137165731063,0.07717238766654848,0.16809553865920446,0.2626178971001581,0.25034194207593785,0.32585120859699984,0.08458137165731063,0.07717238766654848,0.16809553865920446,2.3842211731791094,2.7747638868172606,0.6517130418106916,0.7584656295006764,0.6517130418106916,814160,203540,81416,122124,0.75,,,,,,,,,0.008093535574059015,2012
bayesfl_observability_v1,vi_sparse_bayesian_keep010_seed42,113,vi,171,13,11,,5,256,112.36247777938843,0.02302850918336348,24.1815196221702,24.1815196221702,,,2.0154960542376354,0.01254710927605629,0.9992799214259727,2.0154960542376354,,0.6791932659915256,1.6161745905690754,112.36247777938843,265.9967158438722,24.1815196221702,0.0026137045872444945,0.02302850918336348,24.1815196221702,0.0025,53.11941056931052,0.08963011142056425,0.09014786034822464,0.0992782585322857,0.128270223736763,1.49577492181588,1.2589245493673054,3.092370954482769,,,,,,,,,,,,,,,,,,1,update_snr,bayesian,0.1,20,101770,10177,0.1,0.11319172179685684,0.060600984543037015,0.057702983996240784,0.1131907527338904,0.060600984543037015,0.057702983996240784,0.1131907527338904,0.12613091212594404,0.12361655478091475,0.1408177815158162,0.05331988147826957,0.051502985588124967,0.09926560305628888,0.12613091212594404,0.12361655478091475,0.1408177815158162,0.05331988147826957,0.051502985588124967,0.09926560305628888,1.0799053802936467,1.7017722274911862,0.5358012872429674,0.8443441126630655,0.5358012872429674,814160,203540,81416,122124,0.75,,,,,,,,,0.007919172872984334,11
bayesfl_observability_v1,vi_sparse_bayesian_keep010_seed42,113,vi,144,11,1,,5,256,102.20425809025764,0.051468510180711746,265.14771293939896,265.14771293939896,,,2.01204513063446,0.012542292475700378,0.9992819054844456,2.01204513063446,,-0.0,2.185987945410232,102.20425809025764,265.14771293939896,265.14771293939896,0.002605362218133035,0.051468510180711746,265.14771293939896,0.0025,53.10087759446448,0.08962728083404574,0.09013336896896362,0.09930012449622154,0.1278432458639145,1.4952683797885575,1.2571557408251628,3.0902130755845953,,,,,,,,,,,,,,,,,,1,update_snr,bayesian,0.1,20,101770,10177,0.1,0.11316740524910855,0.06044822852461993,0.05749886965704824,0.11316722199580455,0.06044822852461993,0.05749886965704824,0.11316722199580455,0.1262057644153889,0.12358696027937874,0.1408846654476942,0.05314183564786783,0.051230854907050524,0.0991528250314731,0.1262057644153889,0.12358696027937874,0.1408846654476942,0.05314183564786783,0.051230854907050524,0.0991528250314731,1.0800857761111273,1.6975689452721117,0.5368099152778659,0.843703214915868,0.5368099152778659,814160,203540,81416,122124,0.75,,,,,,,,,0.007917001406065272,1
bayesfl_observability_v1,vi_sparse_bayesian_keep010_seed42,113,vi,299,23,1,,5,256,100.81854366064071,0.7597987651824951,265.2963493911717,265.2963493911717,,,2.0134454101940173,0.012539952993392944,0.9992814130981231,2.0134454101940173,,-0.0,2.3096097079310103,100.81854366064071,265.2963493911717,265.2963493911717,0.002606822731563051,0.7597987651824951,265.2963493911717,0.0025,53.12030977335307,0.08963179136634201,0.09014631807804108,0.09928111955523491,0.1279570460319519,1.4957469460507011,1.257460342872755,3.093176808146967,,,,,,,,,,,,,,,,,,1,update_snr,bayesian,0.1,20,101770,10177,0.1,0.11316276758448945,0.06049850599225303,0.05751431932086497,0.11316125810413342,0.06049850599225303,0.05751431932086497,0.11316125810413342,0.1261785516723004,0.12367189967472834,0.14099935211232287,0.053200723138914434,0.05124703993075316,0.09909286244370828,0.1261785516723004,0.12367189967472834,0.14099935211232287,0.053200723138914434,0.05124703993075316,0.09909286244370828,1.0808584200512066,1.698737029571018,0.5368203252886077,0.8436965914101074,0.5368203252886077,814160,203540,81416,122124,0.75,,,,,,,,,0.007914621005374756,1
bayesfl_observability_v1,vi_sparse_bayesian_keep010_seed42,113,vi,66,5,62,,5,256,201.80089530944824,0.20130866573702905,4.3647454550289115,4.3647454550289115,,,2.0337447348788555,0.01252928376197815,0.999266647878609,2.0337447348788555,,0.5614271145662422,1.826949466466651,201.80089530944824,270.6142182117925,4.3647454550289115,0.002659076527579763,0.20130866573702905,4.3647454550289115,0.0025,53.11348367462631,0.08963030285300892,0.0901598110795021,0.09928327649831772,0.12784628570079803,1.495290387301951,1.258003367448165,3.093201234398162,,,,,,,,,,,,,,,,,,1,update_snr,bayesian,0.1,20,101770,10177,0.1,0.1138350111377128,0.06119798638312081,0.05837751524594656,0.11383387233257743,0.06119798638312081,0.05837751524594656,0.11383387233257743,0.12673273429940515,0.12400827060371368,0.14133362541348785,0.05391634772575587,0.05205807740017049,0.10021611968945845,0.12673273429940515,0.12400827060371368,0.14133362541348785,0.05391634772575587,0.05205807740017049,0.10021611968945845,1.085660019269991,1.7197267135234464,0.5338231493121287,0.845596147849836,0.5338231493121287,814160,203540,81416,122124,0.75,,,,,,,,,0.007919122109001588,62
bayesfl_observability_v1,vi_sparse_bayesian_keep010_seed42,113,vi,70,5,1,,5,256,102.82790446281433,3.069955587387085,266.2663873860183,266.2663873860183,,,2.0176436044791397,0.012535808607935905,0.999278030637885,2.0176436044791397,,-0.0,2.3277319754160017,102.82790446281433,266.2663873860183,266.2663873860183,0.0026163544009631355,3.069955587387085,266.2663873860183,0.0025,53.10626003803018,0.08962893421934924,0.0901394784450531,0.09927831217646599,0.12686258554458618,1.4952913644007424,1.2585930141030643,3.097625551475153,,,,,,,,,,,,,,,,,,1,update_snr,bayesian,0.1,20,101770,10177,0.1,0.11308381048010413,0.06067796526061293,0.05789478324799411,0.1130830958017248,0.06067796526061293,0.05789478324799411,0.1130830958017248,0.1261354305034438,0.12335075735285393,0.14101167456900665,0.05340491356696506,0.05169071414199102,0.09912308531656908,0.1261354305034438,0.12335075735285393,0.14101167456900665,0.05340491356696506,0.05169071414199102,0.09912308531656908,1.0810652330607264,1.7035796654582767,0.5358058433415976,0.8443412214507827,0.5358058433415976,814160,203540,81416,122124,0.75,,,,,,,,,0.007917721045842211,1
bayesfl_observability_v1,vi_sparse_bayesian_keep010_seed42,113,vi,271,21,90,,5,256,130.28938369750978,0.08765843179490831,2.959347477431278,2.959347477431278,,,2.0181062339593034,0.012532353401184082,0.9992778305770164,2.0181062339593034,,-0.0,2.311121424016332,130.28938369750978,266.341272968815,2.959347477431278,0.0026170902325716324,0.08765843179490831,2.959347477431278,0.0025,53.11139049101217,0.08963111490520025,0.09015555307269096,0.09927403703331947,0.12721845507621765,1.495601202618305,1.2575817864414334,3.091803817801148,,,,,,,,,,,,,,,,,,1,update_snr,bayesian,0.1,20,101770,10177,0.1,0.1133864598722211,0.06060271442790001,0.05782727932224686,0.11338585244564486,0.06060271442790001,0.05782727932224686,0.11338585244564486,0.1263670766043822,0.1237820647884878,0.14104110031886913,0.05329556307495755,0.05161058961661201,0.09916617513652287,0.1263670766043822,0.1237820647884878,0.14104110031886913,0.05329556307495755,0.05161058961661201,0.09916617513652287,1.0823067526760888,1.7033393275143813,0.5362982059436591,0.8440285743395263,0.5362982059436591,814160,203540,81416,122124,0.75,,,,,,,,,0.007915342932528666,90
bayesfl_observability_v1,vi_sparse_bayesian_keep010_seed42,114,vi,223,17,1,,5,256,102.8041506320238,0.23543767631053925,263.65845777660525,263.65845777660525,,,2.0137400613463585,0.012504390440881252,0.9992851709510653,2.0137400613463585,,-0.0,2.311121424016332,102.8041506320238,263.65845777660525,263.65845777660525,0.0025907286801277905,0.23543767631053925,263.65845777660525,0.0025,53.26773668168647,0.0898661591532839,0.09037520363926888,0.09951471835374834,0.12678025662899017,1.4960232629488062,1.258835743714833,3.0941407817953106,,,,,,,,,,,,,,,,,,1,update_snr,bayesian,0.1,20,101770,10177,0.1,0.11268503480796178,0.06029730340332831,0.05737897368953016,0.1126816978541641,0.06029730340332831,0.05737897368953016,0.1126816978541641,0.12554985162177465,0.12308209764925686,0.13996212628167085,0.053047020267945395,0.05114780002104418,0.09897093633698568,0.12554985162177465,0.12308209764925686,0.13996212628167085,0.053047020267945395,0.05114780002104418,0.09897093633698568,1.08149014127334,1.6986842287487722,0.5370554829952933,0.8435469211518073,0.5370554829952933,814160,203540,81416,122124,0.75,,,,,,,,,0.007920650029547498,1
bayesfl_observability_v1,vi_sparse_bayesian_keep010_seed42,114,vi,77,6,30,,5,256,168.459641456604,0.5316200574239095,8.831518475877612,8.831518475877612,,,2.0173295263525173,0.012517690658569336,0.9992822373865472,2.0173295263525173,,0.8599672810355049,1.5113567186299608,168.459641456604,264.9455542763284,8.831518475877612,0.002603375791258017,0.5316200574239095,8.831518475877612,0.0025,53.25278579691671,0.089864938647555,0.09040190652012825,0.09951433911919594,0.12877854704856873,1.4956305277760784,1.26051717820504,3.0952170628337243,,,,,,,,,,,,,,,,,,1,update_snr,bayesian,0.1,20,101770,10177,0.1,0.11310842894238393,0.06040041110088407,0.05738432905848296,0.11310457879416258,0.06040041110088407,0.05738432905848296,0.11310457879416258,0.1262227983159045,0.12349914922785409,0.14113903287252738,0.053086812521437356,0.051199344779774225,0.09912338420758703,0.1262227983159045,0.12349914922785409,0.14113903287252738,0.053086812521437356,0.051199344779774225,0.09912338420758703,1.0839691932232034,1.7013609863978636,0.5373287700711449,0.8433728670367758,0.5373287700711449,814160,203540,81416,122124,0.75,,,,,,,,,0.00791960929712691,30
bayesfl_observability_v1,vi_sparse_bayesian_keep010_seed42,114,vi,33,2,1,,5,256,102.43734196424484,0.00872738379985094,262.86700868791434,262.86700868791434,,,2.0094932151304215,0.012537732720375061,0.9992882452339545,2.0094932151304215,,-0.0,2.3096097079310103,102.43734196424484,262.86700868791434,262.86700868791434,0.002582951839323124,0.00872738379985094,262.86700868791434,0.0025,53.2698853587722,0.08986838590805798,0.09038491174578667,0.09954518973827363,0.12892909348011017,1.49628166754666,1.2590780171497762,3.0950101431689485,,,,,,,,,,,,,,,,,,1,update_snr,bayesian,0.1,20,101770,10177,0.1,0.11283665286970675,0.060194148724740194,0.05710950013146898,0.11283533104942706,0.060194148724740194,0.05710950013146898,0.11283533104942706,0.1257750273705626,0.1231879502312545,0.1401756087035483,0.05290738443075993,0.050902269154762404,0.098754154622313,0.1257750273705626,0.1231879502312545,0.1401756087035483,0.05290738443075993,0.050902269154762404,0.098754154622313,1.0813473099347692,1.6937387569964972,0.5381194132892789,0.8428686119682017,0.5381194132892789,814160,203540,81416,122124,0.75,,,,,,,,,0.007925343148411321,1
bayesfl_observability_v1,vi_sparse_bayesian_keep010_seed42,114,vi,34,2,1824,,5,256,660.4623477101326,0.007805300332811863,0.464583821061233,0.464583821061233,,,3.580911000853559,0.047463223338127136,0.9977454818000281,3.580911000853559,,-0.0,2.3163460082440825,660.4623477101326,847.400889615689,0.464583821061233,0.008326627587851911,0.007805300332811863,0.464583821061233,0.0025,53.35738213530022,0.09034486987802923,0.09082654118537903,0.10024071037769318,0.12867262959480286,1.4906472144690635,1.2518951608617503,3.081643999213509,,,,,,,,,,,,,,,,,,1,update_snr,bayesian,0.1,20,101770,10177,0.1,0.2059306158232668,0.099667083207676,0.08410056355802238,0.20592729168017604,0.099667083207676,0.08410056355802238,0.20592729168017604,0.25730743251103594,0.24472783831951073,0.320113103902032,0.08215148884063603,0.07432057063837202,0.1636738253922918,0.25730743251103594,0.24472783831951073,0.320113103902032,0.08215148884063603,0.07432057063837202,0.1636738253922918,2.345083976130463,2.706197468946084,0.6548847417798097,0.7557287707795656,0.6548847417798097,814160,203540,81416,122124,0.75,,,,,,,,,0.008095235404032682,1824
bayesfl_observability_v1,vi_sparse_bayesian_keep010_seed42,114,vi,111,8,11,,5,256,96.24776287078858,0.006735410879958759,24.039180715918576,24.039180715918576,,,2.0152471125907994,0.01255054771900177,0.9992839884540277,2.0152471125907994,,-0.0,2.3096097079310103,96.24776287078858,264.43098787510434,24.039180715918576,0.0025983196214513543,0.006735410879958759,24.039180715918576,0.0025,53.26366374751934,0.08986673132723537,0.0904017761349678,0.09949432089924812,0.12792091071605682,1.4958669284524844,1.2587055947201349,3.0932001345072115,,,,,,,,,,,,,,,,,,1,update_snr,bayesian,0.1,20,101770,10177,0.1,0.11277276096757313,0.06037279965048999,0.057580662460168804,0.11277248235590603,0.06037279965048999,0.057580662460168804,0.11277248235590603,0.12578844996073557,0.12316834254995501,0.14071025259564882,0.053104394060462703,0.051371223916948656,0.09892219229364138,0.12578844996073557,0.12316834254995501,0.14071025259564882,0.053104394060462703,0.051371223916948656,0.09892219229364138,1.0808374394073148,1.7008854618642009,0.536329977924043,0.8440083854915165,0.536329977924043,814160,203540,81416,122124,0.75,,,,,,,,,0.007920099458480162,11
bayesfl_observability_v1,vi_sparse_bayesian_keep010_seed42,114,vi,162,13,1,,5,256,106.99002225399018,0.05707436054944992,263.65996623582186,263.65996623582186,,,2.0126070562685356,0.012522276490926743,0.9992859905142519,2.0126070562685356,,-0.0,2.185987945410232,106.99002225399018,263.65996623582186,263.65996623582186,0.0025907435023663342,0.05707436054944992,263.65996623582186,0.0025,53.26827091576209,0.08986735392771489,0.0903894416987896,0.09952308982610703,0.12697844207286835,1.4960594506358185,1.2596457628440796,3.0971452172857705,,,,,,,,,,,,,,,,,,1,update_snr,bayesian,0.1,20,101770,10177,0.1,0.11296883968426967,0.0602820753257368,0.057441430767117274,0.11296883171258915,0.0602820753257368,0.057441430767117274,0.11296883171258915,0.12573528724054278,0.1231477147893577,0.14014569111185993,0.05300949622409171,0.05122961687295426,0.09898505796759353,0.12573528724054278,0.1231477147893577,0.14014569111185993,0.05300949622409171,0.05122961687295426,0.09898505796759353,1.0802571499597071,1.698125923747362,0.5367451865952177,0.8437443953395275,0.5367451865952177,814160,203540,81416,122124,0.75,,,,,,,,,0.00791937451267027,1
bayesfl_observability_v1,vi_sparse_bayesian_keep010_seed42,114,vi,56,4,308,,5,256,340.90612835884093,0.005565658792272791,1.6950231404962317,1.6950231404962317,,,2.8293492585576416,0.024234989657998085,0.9985901708600408,2.8293492585576416,,-0.0,2.3292713582565514,340.90612835884093,522.0671272728393,1.6950231404962317,0.005129872528965701,0.005565658792272791,1.6950231404962317,0.0025,53.30174625658827,0.09001365932885334,0.09053849428892136,0.09969199299812317,0.12786081433296204,1.4947412562955658,1.2561433051445459,3.0947398912491986,,,,,,,,,,,,,,,,,,1,update_snr,bayesian,0.1,20,101770,10177,0.1,0.1628948335098132,0.08223069289960847,0.07384488086462822,0.16288969333616135,0.08223069289960847,0.07384488086462822,0.16288969333616135,0.1921224644137979,0.1864737531805435,0.22539291876635084,0.07002049606469855,0.06569759385146617,0.13503426979752237,0.1921224644137979,0.1864737531805435,0.22539291876635084,0.07002049606469855,0.06569759385146617,0.13503426979752237,1.6922717654934853,2.2674729322781912,0.598113421443127,0.8014114642863546,0.598113421443127,814160,203540,81416,122124,0.75,,,,,,,,,0.007959617702744918,308
bayesfl_observability_v1,vi_sparse_bayesian_keep010_seed42,114,vi,92,7,1,,5,256,90.97120426893234,0.017506714910268784,265.0011718447104,265.0011718447104,,,2.017880117550308,0.012527566403150558,0.9992821464064635,2.017880117550308,,-0.0,2.3163460082440825,90.97120426893234,265.0011718447104,265.0011718447104,0.0026039222938460294,0.017506714910268784,265.0011718447104,0.0025,53.26480771164087,0.08986678431560058,0.09038877859711647,0.09953312277793884,0.12876982986927032,1.4958239234929276,1.258734143724578,3.0942832585801434,,,,,,,,,,,,,,,,,,1,update_snr,bayesian,0.1,20,101770,10177,0.1,0.11293771527531932,0.060480337766726844,0.05762844468590377,0.11293581094811314,0.060480337766726844,0.05762844468590377,0.11293581094811314,0.12571791566165116,0.12296990644290302,0.1405374060271522,0.053231718000624144,0.05121108459822289,0.09910992360995727,0.12571791566165116,0.12296990644290302,0.1405374060271522,0.053231718000624144,0.05121108459822289,0.09910992360995727,1.0805606198249356,1.7041798366629024,0.5354929712755823,0.844539683919263,0.5354929712755823,814160,203540,81416,122124,0.75,,,,,,,,,0.0079237919164493,1
bayesfl_observability_v1,vi_sparse_bayesian_keep010_seed42,114,vi,97,7,1882,,5,256,657.2763202551753,0.011449167685034931,0.45007410438888673,0.45007410438888673,,,3.575959177275441,0.056793417781591415,0.9977505858517923,3.575959177275441,,-0.0,2.3096097079310103,657.2763202551753,847.0394644598848,0.45007410438888673,0.008323076195930871,0.011449167685034931,0.45007410438888673,0.0025,53.34419301242013,0.09035239468766176,0.09082992747426033,0.1002656951546669,0.1290796548128128,1.4910374930251817,1.2562693339710234,3.07939054957642,,,,,,,,,,,,,,,,,,1,update_snr,bayesian,0.1,20,101770,10177,0.1,0.204658802941056,0.09949866599178109,0.08429956326605773,0.20464923608803046,0.09949866599178109,0.08429956326605773,0.20464923608803046,0.25758485366979245,0.24407746747907844,0.3214979822642621,0.0819335340275576,0.07462024543053333,0.16293738501106517,0.25758485366979245,0.24407746747907844,0.3214979822642621,0.0819335340275576,0.07462024543053333,0.16293738501106517,2.348513201054833,2.6966590036583504,0.6567505624726366,0.7541078826612785,0.6567505624726366,814160,203540,81416,122124,0.75,,,,,,,,,0.008105441187629705,1882
bayesfl_observability_v1,vi_sparse_bayesian_keep010_seed42,114,vi,119,9,1,,5,256,99.87816667556763,0.00012778419477399439,264.4120222495177,264.4120222495177,,,2.0156627061477814,0.012529954314231873,0.9992834127897043,2.0156627061477814,,-0.0,2.3163460082440825,99.87816667556763,264.4120222495177,264.4120222495177,0.0025981332637272053,0.00012778419477399439,264.4120222495177,0.0025,53.252328980221684,0.08986656698629361,0.09039647877216339,0.0995112732052803,0.12757956981658936,1.4957043728433155,1.258967710559211,3.0932738357233585,,,,,,,,,,,,,,,,,,1,update_snr,bayesian,0.1,20,101770,10177,0.1,0.11280522706091008,0.060413602776798386,0.05749386705497372,0.11280495253020999,0.060413602776798386,0.05749386705497372,0.11280495253020999,0.12593047717373035,0.12326042793419058,0.14086186562150954,0.05313395006602817,0.051256259056634064,0.0988312348374476,0.12593047717373035,0.12326042793419058,0.14086186562150954,0.05313395006602817,0.051256259056634064,0.0988312348374476,1.0822610208865981,1.700472648302376,0.5369256560562918,0.843629563178366,0.5369256560562918,814160,203540,81416,122124,0.75,,,,,,,,,0.00792073927969771,1
bayesfl_observability_v1,vi_sparse_bayesian_keep010_seed42,114,vi,121,9,1,,5,256,92.28246648311615,0.000408327643526718,264.94050851448446,264.94050851448446,,,2.019023898112613,0.012522425502538681,0.9992812547573953,2.019023898112613,,-0.0,2.28098669344155,92.28246648311615,264.94050851448446,264.94050851448446,0.00260332621120649,0.000408327643526718,264.94050851448446,0.0025,53.26190641204632,0.08986597822991356,0.09040325880050659,0.0995013326406479,0.12763135135173798,1.4960021294889292,1.2584272324089416,3.097587309568546,,,,,,,,,,,,,,,,,,1,update_snr,bayesian,0.1,20,101770,10177,0.1,0.113031161286464,0.06049158861607701,0.05770248746274966,0.11303088235557107,0.06049158861607701,0.05770248746274966,0.11303088235557107,0.1258156741350766,0.12321784443528579,0.14043141047685712,0.05323335689174374,0.051295172783610066,0.09909489487277555,0.1258156741350766,0.12321784443528579,0.14043141047685712,0.05323335689174374,0.051295172783610066,0.09909489487277555,1.0830994778217466,1.7039228334323455,0.5364470815992965,0.8439339598828798,0.5364470815992965,814160,203540,81416,122124,0.75,,,,,,,,,0.007919878485479943,1
bayesfl_observability_v1,vi_sparse_bayesian_keep010_seed42,114,vi,184,14,1,,5,256,107.71196336746216,8.34430247778073e-05,262.7715649916242,262.7715649916242,,,2.0087687386140147,0.012548618018627167,0.9992889443166523,2.0087687386140147,,-0.0,2.3163460082440825,107.71196336746216,262.7715649916242,262.7715649916242,0.0025820140020794357,8.34430247778073e-05,262.7715649916242,0.0025,53.27609598794094,0.0898673451931043,0.09038365259766579,0.09951217621564866,0.12885110080242157,1.4961706389954372,1.2580081305972644,3.096573753641818,,,,,,,,,,,,,,,,,,1,update_snr,bayesian,0.1,20,101770,10177,0.1,0.11264632874315693,0.06014039155436259,0.05729652394686095,0.11264362625831521,0.06014039155436259,0.05729652394686095,0.11264362625831521,0.12569379111792486,0.12305743066610267,0.14051968849681137,0.05285668049174455,0.0509268177225867,0.09866644287906164,0.12569379111792486,0.12305743066610267,0.14051968849681137,0.05285668049174455,0.0509268177225867,0.09866644287906164,1.0816506497291076,1.692685356814296,0.5384644976481521,0.8426481975133654,0.5384644976481521,814160,203540,81416,122124,0.75,,,,,,,,,0.007922748082406,1
bayesfl_observability_v1,vi_sparse_bayesian_keep010_seed42,114,vi,266,21,1,,5,256,91.60187752246857,2.9146718978881836,266.3313894801922,266.3313894801922,,,2.0226234332155526,0.012535076588392258,0.9992785315598293,2.0226234332155526,,-0.0,2.185987945410232,91.60187752246857,266.3313894801922,266.3313894801922,0.002616993116637439,2.9146718978881836,266.3313894801922,0.0025,53.25563497759519,0.08986392713855512,0.09038010239601135,0.0994860276579857,0.12738007307052612,1.4957589778163332,1.2592329687436719,3.093899953727035,,,,,,,,,,,,,,,,,,1,update_snr,bayesian,0.1,20,101770,10177,0.1,0.11295894581423226,0.060706908382046725,0.058120514405168085,0.11295605881797814,0.060706908382046725,0.058120514405168085,0.11295605881797814,0.1260044926785089,0.12352925009981747,0.14062748729473676,0.053451621237995385,0.05179973797676298,0.09921562300405912,0.1260044926785089,0.12352925009981747,0.14062748729473676,0.053451621237995385,0.05179973797676298,0.09921562300405912,1.081202542866608,1.7093877892074258,0.5345545419434402,0.8451339785428339,0.5345545419434402,814160,203540,81416,122124,0.75,,,,,,,,,0.007922573466921273,1
bayesfl_observability_v1,vi_sparse_bayesian_keep010_seed42,114,vi,2,0,48,,5,256,125.04192917346954,0.1308233936627706,5.507824188609317,5.507824188609317,,,2.015809004798822,0.012550845742225647,0.9992836008833509,2.015809004798822,,-0.0,2.185987945410232,125.04192917346954,264.3755610532472,5.507824188609317,0.002597774993153653,0.1308233936627706,5.507824188609317,0.0025,53.264107909450395,0.08986763333382156,0.09039652347564697,0.09950773864984512,0.12778611481189728,1.4959502010631742,1.258328461146652,3.093053619803154,,,,,,,,,,,,,,,,,,1,update_snr,bayesian,0.1,20,101770,10177,0.1,0.11315949679190375,0.06035145087955247,0.05734281896753746,0.11315918549960631,0.06035145087955247,0.05734281896753746,0.11315918549960631,0.12592558361356862,0.12327696134299142,0.14037053292282697,0.05306543613132845,0.05104994984073486,0.09906428147429766,0.12592558361356862,0.12327696134299142,0.14037053292282697,0.05306543613132845,0.05104994984073486,0.09906428147429766,1.081943925111132,1.7008478141042305,0.536729383853065,0.8437544479934374,0.536729383853065,814160,203540,81416,122124,0.75,,,,,,,,,0.007919894849001026,48
bayesfl_observability_v1,vi_sparse_bayesian_keep010_seed42,114,vi,255,20,1,,5,256,102.24171342849732,9.298280929215252e-06,263.89138280807055,263.89138280807055,,,2.0130293312660275,0.012537017464637756,0.9992858296869898,2.0130293312660275,,-0.0,2.28098669344155,102.24171342849732,263.89138280807055,263.89138280807055,0.0025930174197511106,9.298280929215252e-06,263.89138280807055,0.0025,53.27303966352723,0.08986804673404829,0.09038138389587402,0.09951808601617813,0.1283455789089203,1.4962047655974628,1.2578895602196432,3.094485043680969,,,,,,,,,,,,,,,,,,1,update_snr,bayesian,0.1,20,101770,10177,0.1,0.11260516119046243,0.06040326158420593,0.05771569485150048,0.11260295462489582,0.06040326158420593,0.05771569485150048,0.11260295462489582,0.12562790285947614,0.12289739978640865,0.14063903978501158,0.053156079220287034,0.05140700266854802,0.09881468176093941,0.12562790285947614,0.12289739978640865,0.14063903978501158,0.053156079220287034,0.05140700266854802,0.09881468176093941,1.0788799159741305,1.6995014608540366,0.5359484331485648,0.8442507192804747,0.5359484331485648,814160,203540,81416,122124,0.75,,,,,,,,,0.007921476116434532,1
bayesfl_observability_v1,vi_sparse_bayesian_keep010_seed42,115,vi,51,4,126,,5,256,209.86739177703856,0.08018494409228129,2.138840074272905,2.138840074272905,,,2.041916454491317,0.01253516972064972,0.9992692483845589,2.041916454491317,,-0.0,2.185987945410232,209.86739177703856,269.493849358386,2.138840074272905,0.0026480676953757097,0.08018494409228129,2.138840074272905,0.0025,53.42163808645391,0.0901266149472977,0.09063953906297684,0.0997659794986248,0.12801077961921692,1.4956256254550346,1.259582395232671,3.096935558645577,,,,,,,,,,,,,,,,,,1,update_snr,bayesian,0.1,20,101770,10177,0.1,0.11317838111735196,0.061281099134816136,0.059104470128300876,0.11317777967427659,0.061281099134816136,0.059104470128300876,0.11317777967427659,0.1258160310101865,0.12303252527539436,0.14041975720285363,0.054110551148663866,0.05284523516542918,0.09974595042601207,0.1258160310101865,0.12303252527539436,0.14041975720285363,0.054110551148663866,0.05284523516542918,0.09974595042601207,1.0818639475792635,1.7317601468016888,0.5298277239500369,0.8481052900046812,0.5298277239500369,814160,203540,81416,122124,0.75,,,,,,,,,0.007926948946623755,126
bayesfl_observability_v1,vi_sparse_bayesian_keep010_seed42,115,vi,185,14,41,,5,256,132.17021398544313,0.1199523530355314,6.386965688879664,6.386965688879664,,,2.0119348173687395,0.012550756335258484,0.9992908303053282,2.0119348173687395,,-0.0,2.185987945410232,132.17021398544313,261.86559324406625,6.386965688879664,0.002573111852648779,0.1199523530355314,6.386965688879664,0.0025,53.430892818063626,0.09012758009208201,0.09064297005534172,0.09975414052605629,0.1291852444410324,1.4961867422146902,1.2605903400913827,3.1025243669890976,,,,,,,,,,,,,,,,,,1,update_snr,bayesian,0.1,20,101770,10177,0.1,0.11245138122616086,0.06007233725592144,0.05703568028789446,0.11244929960381594,0.06007233725592144,0.05703568028789446,0.11244929960381594,0.12543157756413917,0.1227955953618067,0.14029288148955651,0.05281019944389726,0.050900676537047926,0.09855751419185325,0.12543157756413917,0.1227955953618067,0.14029288148955651,0.05281019944389726,0.050900676537047926,0.09855751419185325,1.0817360484621743,1.6963869932294418,0.5376595897261208,0.8431620043476461,0.5376595897261208,814160,203540,81416,122124,0.75,,,,,,,,,0.007928709486097325,41
bayesfl_observability_v1,vi_sparse_bayesian_keep010_seed42,115,vi,27,2,1,,5,256,103.75833339691162,0.12292999029159546,261.3730151353221,261.3730151353221,,,2.010399015484659,0.01254872977733612,0.9992916810331862,2.010399015484659,,-0.0,2.3163460082440825,103.75833339691162,261.3730151353221,261.3730151353221,0.002568271741528172,0.12292999029159546,261.3730151353221,0.0025,53.42303492492675,0.09012663590625607,0.09064926207065582,0.09977546259760857,0.1289321631193161,1.4961378443578328,1.25927492352145,3.0978314682353725,,,,,,,,,,,,,,,,,,1,update_snr,bayesian,0.1,20,101770,10177,0.1,0.11233081253600002,0.06001953861697713,0.05703421132761781,0.11232739827503928,0.06001953861697713,0.05703421132761781,0.11232739827503928,0.12523936439267044,0.12261418178857138,0.1398603121319008,0.052772891308566765,0.05094430239515386,0.0984368747765411,0.12523936439267044,0.12261418178857138,0.1398603121319008,0.052772891308566765,0.05094430239515386,0.0984368747765411,1.0814821138725814,1.6947273051542484,0.5379440128764,0.8429805685841377,0.5379440128764,814160,203540,81416,122124,0.75,,,,,,,,,0.007927399520556544,1
bayesfl_observability_v1,vi_sparse_bayesian_keep010_seed42,115,vi,232,18,259,,5,256,297.71215753257275,0.013524997629426171,1.96097769239724,1.96097769239724,,,2.7992059684886015,0.024569198489189148,0.9986277840678912,2.7992059684886015,,-0.0,2.311121424016332,297.71215753257275,507.8932223308851,1.96097769239724,0.004990598627600326,0.013524997629426171,1.96097769239724,0.0025,53.45120186609433,0.0902785790150926,0.0908002145588398,0.09997173026204109,0.1275395154953003,1.494321587604258,1.2590980554293028,3.0919003269962624,,,,,,,,,,,,,,,,,,1,update_snr,bayesian,0.1,20,101770,10177,0.1,0.1605429802563206,0.08120038211091883,0.07323961546274041,0.16054082882949872,0.08120038211091883,0.07323961546274041,0.16054082882949872,0.1890528392030042,0.18296683483524961,0.2221368736106404,0.06921677576735379,0.06517833952525405,0.13315113230697578,0.1890528392030042,0.18296683483524961,0.2221368736106404,0.06921677576735379,0.06517833952525405,0.13315113230697578,1.6737390790717774,2.243691500454149,0.5979335204031068,0.8015456974984959,0.5979335204031068,814160,203540,81416,122124,0.75,,,,,,,,,0.007967118977952721,259
bayesfl_observability_v1,vi_sparse_bayesian_keep010_seed42,115,vi,251,20,1,,5,256,98.2718222975731,0.129996657371521,263.097649102707,263.097649102707,,,2.016846111192387,0.01253502070903778,0.9992866188744775,2.016846111192387,,-0.0,2.3163460082440825,98.2718222975731,263.097649102707,263.097649102707,0.0025852181301238776,0.129996657371521,263.097649102707,0.0025,53.40234869740869,0.09013028160097047,0.0906519778072834,0.09976387098431587,0.12917158007621765,1.4954445393196594,1.260550751534854,3.097163562528695,,,,,,,,,,,,,,,,,,1,update_snr,bayesian,0.1,20,101770,10177,0.1,0.11236578392408496,0.0603362544993869,0.05775103662419148,0.11236569514029458,0.0603362544993869,0.05775103662419148,0.11236569514029458,0.12534086833611405,0.12256893554872723,0.14033779212809647,0.05311351962863945,0.051501021998945844,0.09843607721666753,0.12534086833611405,0.12256893554872723,0.14033779212809647,0.05311351962863945,0.051501021998945844,0.09843607721666753,1.0811268394006937,1.702595957166387,0.536048255442512,0.8441873416706983,0.536048255442512,814160,203540,81416,122124,0.75,,,,,,,,,0.00792609285337493,1
bayesfl_observability_v1,vi_sparse_bayesian_keep010_seed42,115,vi,254,20,1,,5,256,100.12445442676544,0.00033241944038309157,262.7240289060611,262.7240289060611,,,2.015903820836871,0.012546062469482422,0.9992875122903533,2.015903820836871,,-0.0,2.28098669344155,100.12445442676544,262.7240289060611,262.7240289060611,0.0025815469087752886,0.00033241944038309157,262.7240289060611,0.0025,53.41231768869385,0.09013038053036093,0.0906599909067154,0.0997503086924553,0.12874676287174225,1.4957952940571961,1.259754429244178,3.0983584090202894,,,,,,,,,,,,,,,,,,1,update_snr,bayesian,0.1,20,101770,10177,0.1,0.11252249915096785,0.06017276037572517,0.057383360338374954,0.11252130182328614,0.06017276037572517,0.057383360338374954,0.11252130182328614,0.1253489788475983,0.12274902641863175,0.13968262665646763,0.05293095832329482,0.05119453687778706,0.09865609341323686,0.1253489788475983,0.12274902641863175,0.13968262665646763,0.05293095832329482,0.05119453687778706,0.09865609341323686,1.0821627546086878,1.7008209745303693,0.5368126908750264,0.8437014489234411,0.5368126908750264,814160,203540,81416,122124,0.75,,,,,,,,,0.007925049180316668,1
bayesfl_observability_v1,vi_sparse_bayesian_keep010_seed42,115,vi,44,3,2,,5,256,89.80397326350212,0.017688579857349396,131.62233973973724,131.62233973973724,,,2.0169226744987685,0.012518167495727539,0.9992867671019295,2.0169226744987685,,-0.0,2.185987945410232,89.80397326350212,263.2446794794745,131.62233973973724,0.0025866628621349563,0.017688579857349396,131.62233973973724,0.0025,53.41130568010783,0.09012616304337533,0.09066937863826752,0.09978839084506035,0.12834510207176208,1.495562676603004,1.260350478261516,3.100473656274385,,,,,,,,,,,,,,,,,,1,update_snr,bayesian,0.1,20,101770,10177,0.1,0.11279096649132522,0.06029724322601415,0.05736405387267007,0.11278255176018517,0.06029724322601415,0.05736405387267007,0.11278255176018517,0.12576728682410857,0.12319010335566766,0.1404736218738635,0.053022793937336984,0.051239286856323486,0.09859184817097802,0.12576728682410857,0.12319010335566766,0.1404736218738635,0.053022793937336984,0.051239286856323486,0.09859184817097802,1.083715135158993,1.7010404406523063,0.5373111963393988,0.8433840633355153,0.5373111963393988,814160,203540,81416,122124,0.75,,,,,,,,,0.007926125035506252,2
bayesfl_observability_v1,vi_sparse_bayesian_keep010_seed42,115,vi,173,13,1,,5,256,102.17319316864014,0.051946111023426056,262.0183662276013,262.0183662276013,,,2.0125842427007923,0.012546822428703308,0.9992899295525348,2.0125842427007923,,-0.0,2.3292713582565514,102.17319316864014,262.0183662276013,262.0183662276013,0.002574613011964246,0.051946111023426056,262.0183662276013,0.0025,53.41520608494935,0.0901275469952735,0.09063113108277321,0.0997757188975811,0.12824280560016632,1.4958228015207693,1.2598648871793756,3.0981147793860875,,,,,,,,,,,,,,,,,,1,update_snr,bayesian,0.1,20,101770,10177,0.1,0.11228547780183226,0.060178753570441605,0.05739706249064725,0.11228352669437246,0.060178753570441605,0.05739706249064725,0.11228352669437246,0.12515881702963233,0.12249339622352046,0.13974578138418697,0.052958746519420424,0.05118531862931324,0.09847314180252004,0.12515881702963233,0.12249339622352046,0.13974578138418697,0.052958746519420424,0.05118531862931324,0.09847314180252004,1.0804506543733114,1.697975770566767,0.5368474180854155,0.8436793524171512,0.5368474180854155,814160,203540,81416,122124,0.75,,,,,,,,,0.007923305617737719,1
bayesfl_observability_v1,vi_sparse_bayesian_keep010_seed42,115,vi,280,22,9,,5,256,104.92825473546982,0.03774312469694349,29.133777768010265,29.133777768010265,,,2.01363360322397,0.012546390295028687,0.9992891718008262,2.01363360322397,,-0.0,2.259365973874069,104.92825473546982,262.2039999120924,29.133777768010265,0.0025764370631039834,0.03774312469694349,29.133777768010265,0.0025,53.414540786179415,0.09012762598918125,0.09066464751958847,0.09977145493030548,0.12883977591991425,1.4958416008698048,1.2598465780414996,3.0970233011573245,,,,,,,,,,,,,,,,,,1,update_snr,bayesian,0.1,20,101770,10177,0.1,0.11246895865427375,0.06011587418099278,0.057398385700762805,0.11246824965745136,0.06011587418099278,0.057398385700762805,0.11246824965745136,0.12534323728890825,0.1226282927401735,0.14023042831650473,0.05286838939122439,0.05106777872127573,0.09845859066747652,0.12534323728890825,0.1226282927401735,0.14023042831650473,0.05286838939122439,0.05106777872127573,0.09845859066747652,1.082590843056527,1.6978566943540638,0.537630501061972,0.8431805526266919,0.537630501061972,814160,203540,81416,122124,0.75,,,,,,,,,0.007925500968129148,9
bayesfl_observability_v1,vi_sparse_bayesian_keep010_seed42,115,vi,196,15,1,,5,256,93.63917981982232,0.003400141606107354,263.23751415964705,263.23751415964705,,,2.017399125294973,0.012542754411697388,0.9992868376893027,2.017399125294973,,-0.0,2.185987945410232,93.63917981982232,263.23751415964705,263.23751415964705,0.002586592455140484,0.003400141606107354,263.23751415964705,0.0025,53.42650198627817,0.09012664097476664,0.09064606949687004,0.09978238046169281,0.12913818657398224,1.496010700277855,1.259048909341599,3.0967820183266874,,,,,,,,,,,,,,,,,,1,update_snr,bayesian,0.1,20,101770,10177,0.1,0.112643560365769,0.06026818999799133,0.05755158325558915,0.11263984738779378,0.06026818999799133,0.05755158325558915,0.11263984738779378,0.12548616188162023,0.12295437393235376,0.14033956720463972,0.053021748677588125,0.05125248396649553,0.09876010791505335,0.12548616188162023,0.12295437393235376,0.14033956720463972,0.053021748677588125,0.05125248396649553,0.09876010791505335,1.0818081865139362,1.7028183339194913,0.5362390480643042,0.8440661605176987,0.5362390480643042,814160,203540,81416,122124,0.75,,,,,,,,,0.007928191708843745,1
bayesfl_observability_v1,vi_sparse_bayesian_keep010_seed42,115,vi,201,16,28,,5,256,131.86504955291747,0.18387809821537562,9.353971613752174,9.353971613752174,,,2.0114700001872468,0.012536928057670593,0.9992907891472705,2.0114700001872468,,-0.0,2.28098669344155,131.86504955291747,261.91120518506085,9.353971613752174,0.0025735600391575205,0.18387809821537562,9.353971613752174,0.0025,53.41803208692246,0.09012615823556552,0.09065790846943855,0.09976527616381645,0.1285811960697174,1.4959986892536192,1.260823656707632,3.097970402302389,,,,,,,,,,,,,,,,,,1,update_snr,bayesian,0.1,20,101770,10177,0.1,0.11236194281255725,0.06011686912479417,0.05711985255862216,0.11236176991075673,0.06011686912479417,0.05711985255862216,0.11236176991075673,0.12548395104444537,0.12281971004033758,0.14011947271913544,0.052853860022610714,0.05110051130564351,0.0984610377537147,0.12548395104444537,0.12281971004033758,0.14011947271913544,0.052853860022610714,0.05110051130564351,0.0984610377537147,1.0803751403312418,1.6967030140267725,0.5371072599793535,0.8435139544058958,0.5371072599793535,814160,203540,81416,122124,0.75,,,,,,,,,0.007925889931630169,28
bayesfl_observability_v1,vi_sparse_bayesian_keep010_seed42,115,vi,219,17,1,,5,256,106.46777824759484,0.11334284394979477,261.98182196720853,261.98182196720853,,,2.011759700826729,0.01253555715084076,0.9992906814697845,2.011759700826729,,-0.0,2.259365973874069,106.46777824759484,261.98182196720853,261.98182196720853,0.002574253925196114,0.11334284394979477,261.98182196720853,0.0025,53.421603817319244,0.09013039463254491,0.09063760191202164,0.09976745918393136,0.12902122735977173,1.4959219255205896,1.2585747943146945,3.0953386341164224,,,,,,,,,,,,,,,,,,1,update_snr,bayesian,0.1,20,101770,10177,0.1,0.11253850157501501,0.06006916682847696,0.05712927270199662,0.11253845005147524,0.06006916682847696,0.05712927270199662,0.11253845005147524,0.1253725507386424,0.12272959403277761,0.13998233666795426,0.05281323528290301,0.05093987345292424,0.09858310473005506,0.1253725507386424,0.12272959403277761,0.13998233666795426,0.05281323528290301,0.05093987345292424,0.09858310473005506,1.0816590622504907,1.6962283946809296,0.5376681229900294,0.843156562875709,0.5376681229900294,814160,203540,81416,122124,0.75,,,,,,,,,0.007930290535081822,1
bayesfl_observability_v1,vi_sparse_bayesian_keep010_seed42,115,vi,150,12,1,,5,256,108.6351469039917,0.03523482009768486,260.9463032367023,260.9463032367023,,,2.008603865699002,0.012546777725219727,0.9992927742847204,2.008603865699002,,-0.0,2.3155014849272724,108.6351469039917,260.9463032367023,260.9463032367023,0.0025640788369529557,0.03523482009768486,260.9463032367023,0.0025,53.41668596720367,0.09012552284672849,0.09064476937055588,0.0997735045850277,0.12834681570529938,1.4958660425020802,1.257906863560025,3.0960247351869716,,,,,,,,,,,,,,,,,,1,update_snr,bayesian,0.1,20,101770,10177,0.1,0.11233104118272244,0.05999445527867219,0.057270380862675906,0.1123294608536332,0.05999445527867219,0.057270380862675906,0.1123294608536332,0.1251856772910637,0.12266251519739765,0.13973505139480805,0.05275098616618425,0.051017552355986755,0.09831684887636723,0.1251856772910637,0.12266251519739765,0.13973505139480805,0.05275098616618425,0.051017552355986755,0.09831684887636723,1.0802597323022007,1.6933778078347888,0.5378162169006212,0.8430621073436432,0.5378162169006212,814160,203540,81416,122124,0.75,,,,,,,,,0.007925113162537033,1
bayesfl_observability_v1,vi_sparse_bayesian_keep010_seed42,115,vi,151,12,1,,5,256,93.87008390426635,1.3008545637130737,263.66600431281296,263.66600431281296,,,2.01915725450525,0.012525513768196106,0.9992852952871374,2.01915725450525,,-0.0,2.3277319754160017,93.87008390426635,263.66600431281296,263.66600431281296,0.0025908028329843075,1.3008545637130737,263.66600431281296,0.0025,53.41570558011228,0.09012453076769635,0.09064634144306183,0.09975131824612618,0.12835529446601868,1.4959152375051203,1.2593018939419904,3.093175010058211,,,,,,,,,,,,,,,,,,1,update_snr,bayesian,0.1,20,101770,10177,0.1,0.11267169423748137,0.060350131201510435,0.05739941369221466,0.11267159936720077,0.060350131201510435,0.05739941369221466,0.11267159936720077,0.12554703742932938,0.12284650377133892,0.14033245298779423,0.053106030509530555,0.051256029933597146,0.09885205028826283,0.12554703742932938,0.12284650377133892,0.14033245298779423,0.053106030509530555,0.051256029933597146,0.09885205028826283,1.0844291174310043,1.703235012465689,0.5370701638078802,0.8435375742356576,0.5370701638078802,814160,203540,81416,122124,0.75,,,,,,,,,0.007921148764579966,1
bayesfl_observability_v1,vi_sparse_bayesian_keep010_seed42,115,vi,158,12,58,,5,256,156.61187858581542,0.04433294000296757,4.56104753768848,4.56104753768848,,,2.020821701402553,0.01251812931150198,0.9992841658047196,2.020821701402553,,-0.0,2.3292713582565514,156.61187858581542,264.54075718593185,4.56104753768848,0.0025993982233067886,0.04433294000296757,4.56104753768848,0.0025,53.41760932789188,0.09013230279772534,0.09065096452832222,0.09977915212512016,0.12908773124217987,1.4957944910858663,1.2599788232358726,3.0978035200702956,,,,,,,,,,,,,,,,,,1,update_snr,bayesian,0.1,20,101770,10177,0.1,0.1128353101974573,0.06043073216271495,0.05757080865230392,0.11282831470146476,0.06043073216271495,0.05757080865230392,0.11282831470146476,0.12578356307822133,0.12311318695150252,0.14035230518813138,0.05316930650543646,0.051446114880176905,0.09901497693068091,0.12578356307822133,0.12311318695150252,0.14035230518813138,0.05316930650543646,0.051446114880176905,0.09901497693068091,1.0829081493115724,1.706174167256702,0.5358751583872932,0.8442972312067563,0.5358751583872932,814160,203540,81416,122124,0.75,,,,,,,,,0.007928990601294015,58
bayesfl_observability_v1,vi_sparse_bayesian_keep010_seed42,116,vi,266,21,1,,5,256,111.33877115249634,0.6876112818717957,261.22442113546157,261.22442113546157,,,2.012599098279942,0.012544685043394566,0.9992917897370316,2.012599098279942,,-0.0,2.185987945410232,111.33877115249634,261.22442113546157,261.22442113546157,0.0025668116452339743,0.6876112818717957,261.22442113546157,0.0025,53.485702805865834,0.0903015222027422,0.09083990380167961,0.09990941435098648,0.12911900877952576,1.4949448459154073,1.2595746225757287,3.0900517369266622,,,,,,,,,,,,,,,,,,1,update_snr,bayesian,0.1,20,101770,10177,0.1,0.11228758834710062,0.059997992758758605,0.05705783919790819,0.11228491268258099,0.059997992758758605,0.05705783919790819,0.11228491268258099,0.12506017253476254,0.12240854906405767,0.13955422680567636,0.052768861672535944,0.050945162686486176,0.09838458125575458,0.12506017253476254,0.12240854906405767,0.13955422680567636,0.052768861672535944,0.050945162686486176,0.09838458125575458,1.0808700522963928,1.6977264386366941,0.5370518416808161,0.8435492394325564,0.5370518416808161,814160,203540,81416,122124,0.75,,,,,,,,,0.007907625350352575,1
bayesfl_observability_v1,vi_sparse_bayesian_keep010_seed42,116,vi,102,8,341,,5,256,441.44470874071123,0.03391271602373319,1.589291860211973,1.589291860211973,,,2.898975267290842,0.024036012589931488,0.9985330661232301,2.898975267290842,,-0.0,2.4040642619438994,441.44470874071123,541.9485243322828,1.589291860211973,0.005325228695414,0.03391271602373319,1.589291860211973,0.0025,53.54023814120504,0.09045125681171544,0.09097882360219955,0.10011387020349503,0.12901906669139862,1.4942366314689397,1.2614349338363766,3.0903418699283276,,,,,,,,,,,,,,,,,,1,update_snr,bayesian,0.1,20,101770,10177,0.1,0.16507769386060248,0.08425711193599832,0.07683087127878933,0.16507509329247044,0.08425711193599832,0.07683087127878933,0.16507509329247044,0.19308690245366228,0.18790488092303473,0.22450322904933717,0.07216491298959118,0.06810980660358512,0.13836815094014313,0.19308690245366228,0.18790488092303473,0.22450322904933717,0.07216491298959118,0.06810980660358512,0.13836815094014313,1.7064841426650765,2.3434951399985167,0.5886508111743308,0.8083874210450115,0.5886508111743308,814160,203540,81416,122124,0.75,,,,,,,,,0.007946490776294538,341
bayesfl_observability_v1,vi_sparse_bayesian_keep010_seed42,116,vi,123,9,387,,5,256,416.11710366010664,0.01875671305397684,1.3564981500853648,1.3564981500853648,,,2.8539024465245233,0.024267185479402542,0.9985787807197304,2.8539024465245233,,-0.0,2.3277319754160017,416.11710366010664,524.9647840830362,1.3564981500853648,0.005158345131994067,0.01875671305397684,1.3564981500853648,0.0025,53.54717841418251,0.09044366345516741,0.09098495543003082,0.10011459961533546,0.12896186113357544,1.494185375059288,1.259937807866012,3.0911881092209113,,,,,,,,,,,,,,,,,,1,update_snr,bayesian,0.1,20,101770,10177,0.1,0.16263061987371744,0.08294991535857138,0.0753837843959771,0.16262958465115127,0.08294991535857138,0.0753837843959771,0.16262958465115127,0.1905186700182197,0.18503126899777608,0.22225877930971236,0.07099783150749935,0.0672364466784737,0.13570976987892622,0.1905186700182197,0.18503126899777608,0.22225877930971236,0.07099783150749935,0.0672364466784737,0.13570976987892622,1.6889183537539065,2.3005029816611566,0.5917926016744783,0.8060902657912167,0.5917926016744783,814160,203540,81416,122124,0.75,,,,,,,,,0.007951686178657269,387
bayesfl_observability_v1,vi_sparse_bayesian_keep010_seed42,116,vi,280,22,9,,5,256,99.68167708516121,0.038078520033094615,29.111800052697024,29.111800052697024,,,2.01623541474277,0.012544572353363037,0.9992894131096594,2.01623541474277,,-0.0,2.259365973874069,99.68167708516121,262.0062004742732,29.111800052697024,0.002574493470318102,0.038078520033094615,29.111800052697024,0.0025,53.49262155848344,0.09030372089005101,0.09084068983793259,0.09989803284406662,0.12749724090099335,1.4948754807618638,1.2586337373551744,3.094874791166004,,,,,,,,,,,,,,,,,,1,update_snr,bayesian,0.1,20,101770,10177,0.1,0.11227890755268,0.0601249713974893,0.05721981659897886,0.11227872470039324,0.0601249713974893,0.05721981659897886,0.11227872470039324,0.1251785406547644,0.12273861582739073,0.13946835647233471,0.05289679703556985,0.051056368452052636,0.09851718439553593,0.1251785406547644,0.12273861582739073,0.13946835647233471,0.05289679703556985,0.051056368452052636,0.09851718439553593,1.0820058246260342,1.701313799138268,0.5366465724758018,0.843807120288739,0.5366465724758018,814160,203540,81416,122124,0.75,,,,,,,,,0.00790510621280645,9
bayesfl_observability_v1,vi_sparse_bayesian_keep010_seed42,116,vi,239,19,577,,5,256,371.46513692537945,0.002075406743707442,1.142586036801193,1.142586036801193,,,3.190092179982246,0.0329037606716156,0.9982240490934666,3.190092179982246,,-0.0,2.311121424016332,371.46513692537945,659.2721432342884,1.142586036801193,0.0064780597743371165,0.002075406743707442,1.142586036801193,0.0025,53.55069334967563,0.0905588122782977,0.09109003469347954,0.1002890333533287,0.1288817673921585,1.4923503754245389,1.2567094556197187,3.085929255018115,,,,,,,,,,,,,,,,,,1,update_snr,bayesian,0.1,20,101770,10177,0.1,0.18328758577718854,0.09053927729902767,0.07881299409500744,0.1832863250893537,0.09053927729902767,0.07881299409500744,0.1832863250893537,0.22296220017346005,0.21395281858386964,0.26988628615111,0.0758256192018685,0.06985496292342255,0.14926591718880303,0.22296220017346005,0.21395281858386964,0.26988628615111,0.0758256192018685,0.06985496292342255,0.14926591718880303,1.998162915808979,2.4867716177143526,0.6263652593951375,0.7795297055422995,0.6263652593951375,814160,203540,81416,122124,0.75,,,,,,,,,0.007983137902892554,577
bayesfl_observability_v1,vi_sparse_bayesian_keep010_seed42,116,vi,151,12,1,,5,256,100.91703906059266,0.842351496219635,261.76678171997037,261.76678171997037,,,2.0151363699280727,0.012533307075500488,0.9992900110973815,2.0151363699280727,,-0.0,2.3277319754160017,100.91703906059266,261.76678171997037,261.76678171997037,0.0025721409228649933,0.842351496219635,261.76678171997037,0.0025,53.486042048043956,0.09030410563629064,0.09083936363458633,0.09989964738488197,0.12898822128772736,1.4949208133604626,1.2612384090168314,3.0910984217545816,,,,,,,,,,,,,,,,,,1,update_snr,bayesian,0.1,20,101770,10177,0.1,0.11218644030602924,0.060054156343678854,0.057202070512608595,0.11218609388713116,0.060054156343678854,0.057202070512608595,0.11218609388713116,0.12513268275066827,0.1224061174414892,0.13970656581546856,0.052823208965124484,0.05104897831672119,0.09854785689764936,0.12513268275066827,0.1224061174414892,0.13970656581546856,0.052823208965124484,0.05104897831672119,0.09854785689764936,1.0816468473512049,1.700239596945705,0.5367611162661973,0.8437342615211657,0.5367611162661973,814160,203540,81416,122124,0.75,,,,,,,,,0.007907240669350645,1
bayesfl_observability_v1,vi_sparse_bayesian_keep010_seed42,116,vi,12,1,1,,5,256,95.2623775780201,0.03685064986348152,261.6016251515754,261.6016251515754,,,2.0149393187842106,0.012519747018814087,0.9992900784936763,2.0149393187842106,,-0.0,2.3277319754160017,95.2623775780201,261.6016251515754,261.6016251515754,0.0025705180814736698,0.03685064986348152,261.6016251515754,0.0025,53.48320835882485,0.09030409704842947,0.09082895144820213,0.09990750253200531,0.12783022224903107,1.4945055369471636,1.2609811814115919,3.0948392701382232,,,,,,,,,,,,,,,,,,1,update_snr,bayesian,0.1,20,101770,10177,0.1,0.11233385458993493,0.06009865310587355,0.05713136403950502,0.11233356765291144,0.06009865310587355,0.05713136403950502,0.11233356765291144,0.12505680315874895,0.12250310335252969,0.1396055470149476,0.05288108087777627,0.05106455883380223,0.09836770658395828,0.12505680315874895,0.12250310335252969,0.1396055470149476,0.05288108087777627,0.05106455883380223,0.09836770658395828,1.0812084660757773,1.7002848912075428,0.536596043362817,0.8438392537962253,0.536596043362817,814160,203540,81416,122124,0.75,,,,,,,,,0.007906000057816392,1
bayesfl_observability_v1,vi_sparse_bayesian_keep010_seed42,116,vi,26,2,1,,5,256,96.97773065567017,0.46234238147735596,261.99191342944414,261.99191342944414,,,2.0167777778652276,0.012545611709356308,0.9992890323915309,2.0167777778652276,,-0.0,2.3277319754160017,96.97773065567017,261.99191342944414,261.99191342944414,0.002574353084695334,0.46234238147735596,261.99191342944414,0.0025,53.49268548638038,0.09029977536012888,0.0908285565674305,0.09990399852395057,0.12849846482276917,1.4950820296447516,1.2591680660977334,3.0908200647157,,,,,,,,,,,,,,,,,,1,update_snr,bayesian,0.1,20,101770,10177,0.1,0.11252952449023335,0.060124573723061986,0.05719321876727018,0.11252933531836837,0.060124573723061986,0.05719321876727018,0.11252933531836837,0.1252221592104751,0.12260062464086732,0.13964076662085337,0.05289150866890497,0.05106850714494082,0.09870087067287824,0.1252221592104751,0.12260062464086732,0.13964076662085337,0.05289150866890497,0.05106850714494082,0.09870087067287824,1.0834422368457877,1.7010424817474739,0.5372144857687883,0.8434456688371678,0.5372144857687883,814160,203540,81416,122124,0.75,,,,,,,,,0.00790706582317272,1
bayesfl_observability_v1,vi_sparse_bayesian_keep010_seed42,116,vi,9,0,1,,5,256,102.56721214652062,0.0032204927410930395,261.82840334040935,261.82840334040935,,,2.015251161100822,0.012552440166473389,0.9992901964323799,2.015251161100822,,-0.0,2.3292713582565514,102.56721214652062,261.82840334040935,261.82840334040935,0.002572746421739308,0.0032204927410930395,261.82840334040935,0.0025,53.495751654520696,0.09030498490857623,0.09082026779651642,0.09992693811655044,0.12903696298599243,1.4946257954097728,1.2593450606320338,3.0952649113707924,,,,,,,,,,,,,,,,,,1,update_snr,bayesian,0.1,20,101770,10177,0.1,0.11220310336699091,0.06014249100318952,0.05754904790637254,0.11220112020620546,0.06014249100318952,0.05754904790637254,0.11220112020620546,0.12507828550298525,0.12237160433629339,0.13947904979246886,0.05292740272543442,0.05134959061595379,0.09827221788858094,0.12507828550298525,0.12237160433629339,0.13947904979246886,0.05292740272543442,0.05134959061595379,0.09827221788858094,1.0800130637996532,1.7014138310065252,0.5359198320519517,0.8442688751893016,0.5359198320519517,814160,203540,81416,122124,0.75,,,,,,,,,0.007908729323477007,1
bayesfl_observability_v1,vi_sparse_bayesian_keep010_seed42,116,vi,165,13,1662,,5,256,653.9990965438741,0.007244797741767875,0.5167424668236316,0.5167424668236316,,,3.6261782877970417,0.05113503336906433,0.9977062282845224,3.6261782877970417,,-0.0,2.3292713582565514,653.9990965438741,858.8259798608756,0.5167424668236316,0.008438891420466499,0.007244797741767875,0.5167424668236316,0.0025,53.568295611834664,0.09076158861755311,0.0912729948759079,0.10063243210315705,0.12807828187942505,1.4899422696669773,1.2566064661350813,3.083883789182312,,,,,,,,,,,,,,,,,,1,update_snr,bayesian,0.1,20,101770,10177,0.1,0.20703014079086457,0.10051490906540679,0.08489132761492307,0.2070285764581901,0.10051490906540679,0.08489132761492307,0.2070285764581901,0.2603043562831267,0.24748620916980324,0.3253231997301287,0.08276052604121568,0.07528038788534583,0.1648409441414,0.2603043562831267,0.24748620916980324,0.3253231997301287,0.08276052604121568,0.07528038788534583,0.1648409441414,2.3799504854702467,2.7358736560010652,0.656324729944843,0.7544785277679079,0.656324729944843,814160,203540,81416,122124,0.75,,,,,,,,,0.008079283649400037,1662
bayesfl_observability_v1,vi_sparse_bayesian_keep010_seed42,116,vi,169,13,456,,5,256,262.5051672935486,0.0014694470324014362,1.086832693207772,1.086832693207772,,,2.7688654589687283,0.024228394031524658,0.9986622428862872,2.7688654589687283,,-0.0,2.3163460082440825,262.5051672935486,495.5957081027441,1.086832693207772,0.0048697622885206255,0.0014694470324014362,1.086832693207772,0.0025,53.54602817714714,0.09045320164616882,0.09098707512021065,0.10013207718729973,0.12900185585021973,1.4940018697899669,1.2584947745022577,3.091870147294043,,,,,,,,,,,,,,,,,,1,update_snr,bayesian,0.1,20,101770,10177,0.1,0.1590500081690588,0.07988912800845559,0.07157993656381323,0.15904335427044874,0.07988912800845559,0.07157993656381323,0.15904335427044874,0.1879691578696683,0.18239007825208894,0.22045953253082823,0.06788023580165417,0.06357552436212212,0.13146192633525358,0.1879691578696683,0.18239007825208894,0.22045953253082823,0.06788023580165417,0.06357552436212212,0.13146192633525358,1.6689777399212016,2.209327778650702,0.6027659215131446,0.7979180683894885,0.6027659215131446,814160,203540,81416,122124,0.75,,,,,,,,,0.007952066514834844,456
bayesfl_observability_v1,vi_sparse_bayesian_keep010_seed42,116,vi,69,5,63,,5,256,195.7441089630127,0.5287371438647074,4.197222776064908,4.197222776064908,,,2.0252139555092454,0.01255229115486145,0.9992830711486473,2.0252139555092454,,0.6915136378174996,1.579280430685095,195.7441089630127,264.42503489208923,4.197222776064908,0.002598261126973462,0.5287371438647074,4.197222776064908,0.0025,53.492748128184026,0.0903010171477088,0.09084288403391838,0.0999112717807293,0.1290309876203537,1.495017092534651,1.260754632437149,3.092031957086851,,,,,,,,,,,,,,,,,,1,update_snr,bayesian,0.1,20,101770,10177,0.1,0.11272198950976775,0.06045653670321111,0.0577587412850558,0.11271914807133848,0.06045653670321111,0.0577587412850558,0.11271914807133848,0.12540407293472236,0.12282686319052039,0.1398310625110113,0.05324014378859874,0.05149765902221745,0.09910230117829377,0.12540407293472236,0.12282686319052039,0.1398310625110113,0.05324014378859874,0.05149765902221745,0.09910230117829377,1.083032390892964,1.7112955343441052,0.534774307646242,0.8449949348259331,0.534774307646242,814160,203540,81416,122124,0.75,,,,,,,,,0.007906538470180743,63
bayesfl_observability_v1,vi_sparse_bayesian_keep010_seed42,116,vi,71,5,1,,5,256,111.3202921718359,0.11456865817308426,260.3016670234666,260.3016670234666,,,2.010390912264692,0.01251550205051899,0.9992935140941518,2.010390912264692,,-0.0,2.3155014849272724,111.3202921718359,260.3016670234666,260.3016670234666,0.002557744590974419,0.11456865817308426,260.3016670234666,0.0025,53.49210373313881,0.09030095071162031,0.0908447653055191,0.09989414215087891,0.12903909385204315,1.494884244023536,1.2593163289380005,3.096537890650945,,,,,,,,,,,,,,,,,,1,update_snr,bayesian,0.1,20,101770,10177,0.1,0.11215332324377156,0.05988313913318535,0.05714458783982072,0.11215292369523422,0.05988313913318535,0.05714458783982072,0.11215292369523422,0.12478514203654108,0.12234824619448637,0.1391495585390546,0.052671805477256924,0.05081610342954055,0.0980997733963023,0.12478514203654108,0.12234824619448637,0.1391495585390546,0.052671805477256924,0.05081610342954055,0.0980997733963023,1.0807515347430254,1.6951836892405072,0.5375827796224795,0.8432109789687092,0.5375827796224795,814160,203540,81416,122124,0.75,,,,,,,,,0.007907874587031901,1
bayesfl_observability_v1,vi_sparse_bayesian_keep010_seed42,116,vi,189,15,1,,5,256,95.4979465007782,0.004433801863342524,262.1796136758536,262.1796136758536,,,2.017293240412414,0.012524500489234924,0.9992881137332053,2.017293240412414,,-0.0,2.259365973874069,95.4979465007782,262.1796136758536,262.1796136758536,0.002576197442034525,0.004433801863342524,262.1796136758536,0.0025,53.46960384435137,0.09030157977423575,0.09084028750658035,0.0999138005077839,0.12812644243240356,1.494520869373698,1.2608864520461738,3.0924999454287865,,,,,,,,,,,,,,,,,,1,update_snr,bayesian,0.1,20,101770,10177,0.1,0.1123614447734872,0.06013711569332921,0.05742099240295735,0.11236130578904518,0.06013711569332921,0.05742099240295735,0.11236130578904518,0.12509751513195327,0.12244356815417384,0.13983913277494753,0.052919293533482105,0.051176005464194686,0.09859658698376278,0.12509751513195327,0.12244356815417384,0.13983913277494753,0.052919293533482105,0.051176005464194686,0.09859658698376278,1.0821487834501449,1.7024764398637038,0.5364360330820873,0.8439409827773233,0.5364360330820873,814160,203540,81416,122124,0.75,,,,,,,,,0.007904132097651048,1
bayesfl_observability_v1,vi_sparse_bayesian_keep010_seed42,116,vi,184,14,1,,5,256,98.16223454475403,0.0002461368858348578,261.4743154079022,261.4743154079022,,,2.014623845047353,0.01253914088010788,0.9992903113361072,2.014623845047353,,-0.0,2.3163460082440825,98.16223454475403,261.4743154079022,261.4743154079022,0.0025692671259497125,0.0002461368858348578,261.4743154079022,0.0025,53.48363165383945,0.09030041546742293,0.09084182977676392,0.09989071115851403,0.12918007373809814,1.4949307781637273,1.2583963198443413,3.095741857217996,,,,,,,,,,,,,,,,,,1,update_snr,bayesian,0.1,20,101770,10177,0.1,0.1120919499460842,0.06010246668711165,0.05749766487252318,0.11208626132116639,0.06010246668711165,0.05749766487252318,0.11208626132116639,0.12504994768072217,0.12250959806571024,0.13973057044088277,0.05288607991004383,0.05116641032453847,0.09835827613239213,0.12504994768072217,0.12250959806571024,0.13973057044088277,0.05288607991004383,0.05116641032453847,0.09835827613239213,1.0812092605327148,1.6999105188131767,0.5366804642914874,0.843785564730681,0.5366804642914874,814160,203540,81416,122124,0.75,,,,,,,,,0.007906679105370695,1
bayesfl_observability_v1,vi_sparse_bayesian_keep010_seed42,117,vi,11,0,99,,5,256,157.18207769393922,0.05748730476456459,2.643571656915262,2.643571656915262,,,2.0210733095033593,0.012539267539978027,0.9992906558431229,2.0210733095033593,,0.6778769705348007,1.6507588626958358,157.18207769393922,261.71359403461094,2.643571656915262,0.002571618296498093,0.05748730476456459,2.643571656915262,0.0025,53.66802223981799,0.0905512115233678,0.09110307693481445,0.10016148388385773,0.12905871868133545,1.496154309184922,1.2587810853652297,3.089382597613819,,,,,,,,,,,,,,,,,,1,update_snr,bayesian,0.1,20,101770,10177,0.1,0.1123627565682172,0.06003587035346215,0.057201971142904144,0.11236230134376286,0.06003587035346215,0.057201971142904144,0.11236230134376286,0.12525048914435938,0.1226602391209165,0.13973621154546714,0.052789801598918,0.05096198991993406,0.0985157105868194,0.12525048914435938,0.1226602391209165,0.13973621154546714,0.052789801598918,0.05096198991993406,0.0985157105868194,1.084869887447122,1.705225688786482,0.536779087797517,0.8437228282459033,0.536779087797517,814160,203540,81416,122124,0.75,,,,,,,,,0.007909501710321775,99
bayesfl_observability_v1,vi_sparse_bayesian_keep010_seed42,117,vi,37,3,1,,5,256,92.07948894500733,7.712543447269127e-05,261.7397639016729,261.7397639016729,,,2.0203849978095056,0.012532629072666168,0.9992910875210876,2.0203849978095056,,-0.0,2.4040642619438994,92.07948894500733,261.7397639016729,261.7397639016729,0.0025718754436638786,7.712543447269127e-05,261.7397639016729,0.0025,53.66605702208349,0.09055096562620528,0.09109348431229591,0.10015958994626999,0.1290910542011261,1.4961329635489036,1.2601619052777184,3.0933014822515226,,,,,,,,,,,,,,,,,,1,update_snr,bayesian,0.1,20,101770,10177,0.1,0.1123230568070734,0.06008495558998894,0.05731718832326141,0.11232295318472554,0.06008495558998894,0.05731718832326141,0.11232295318472554,0.12521253810434724,0.1226842630547211,0.1396826538589355,0.05284855753283802,0.05106949809780926,0.09850639579146075,0.12521253810434724,0.1226842630547211,0.1396826538589355,0.05284855753283802,0.05106949809780926,0.09850639579146075,1.0838203674521585,1.7050774030728304,0.5364424941915688,0.8439368758535969,0.5364424941915688,814160,203540,81416,122124,0.75,,,,,,,,,0.0079097396375861,1
bayesfl_observability_v1,vi_sparse_bayesian_keep010_seed42,117,vi,111,8,11,,5,256,109.52046619057656,0.0886721827767112,23.625680434918806,23.625680434918806,,,2.0138322092370156,0.01253674179315567,0.9992959900560404,2.0138322092370156,,-0.0,2.3096097079310103,109.52046619057656,259.88248478410685,23.625680434918806,0.0025536256734215077,0.0886721827767112,23.625680434918806,0.0025,53.67722754256952,0.09055206884451666,0.09108490869402885,0.10014286488294602,0.1282108575105667,1.4964076857579278,1.2609849925271384,3.089086650765221,,,,,,,,,,,,,,,,,,1,update_snr,bayesian,0.1,20,101770,10177,0.1,0.11193127375182917,0.05993664476244763,0.05710049094726731,0.11193101567652688,0.05993664476244763,0.05710049094726731,0.11193101567652688,0.12458057343645154,0.12190815737823896,0.13940302082028053,0.052753986020891645,0.05105362949638291,0.09802532722534109,0.12458057343645154,0.12190815737823896,0.13940302082028053,0.052753986020891645,0.05105362949638291,0.09802532722534109,1.0806797940385928,1.6993090801020119,0.5366285180472071,0.8438186023183294,0.5366285180472071,814160,203540,81416,122124,0.75,,,,,,,,,0.00790780343283714,11
bayesfl_observability_v1,vi_sparse_bayesian_keep010_seed42,117,vi,81,6,9,,5,256,106.39329771995544,0.059614360332489014,28.85993029421455,28.85993029421455,,,2.0134530815058436,0.012529581785202026,0.9992960396586664,2.0134530815058436,,-0.0,2.3155014849272724,106.39329771995544,259.73937264793096,28.85993029421455,0.0025522194423497195,0.059614360332489014,28.85993029421455,0.0025,53.669626870455815,0.09055015311948973,0.09109649807214737,0.10016663148999215,0.12907272577285767,1.4962011720785215,1.2616013642807156,3.0939604308966215,,,,,,,,,,,,,,,,,,1,update_snr,bayesian,0.1,20,101770,10177,0.1,0.11194100549853604,0.05986719889292566,0.056921350144569755,0.11194029278338376,0.05986719889292566,0.056921350144569755,0.11194029278338376,0.12461702178722826,0.12206810675542264,0.13905540295092078,0.05267277412689204,0.050705811196218364,0.0981251195874908,0.12461702178722826,0.12206810675542264,0.13905540295092078,0.05267277412689204,0.050705811196218364,0.0981251195874908,1.0814209996763517,1.6983880395493778,0.5370976903358318,0.843520047797274,0.5370976903358318,814160,203540,81416,122124,0.75,,,,,,,,,0.007905956067518984,9
bayesfl_observability_v1,vi_sparse_bayesian_keep010_seed42,117,vi,200,16,2,,5,256,112.07038268446922,0.1974043995141983,129.00544449569162,129.00544449569162,,,2.0068133056719506,0.012551665306091309,0.9993004936192544,2.0068133056719506,,0.6931471805599453,1.5546516461106756,112.07038268446922,258.01088899138324,129.00544449569162,0.0025352352264064386,0.1974043995141983,129.00544449569162,0.0025,53.66250939518493,0.09055015959282679,0.0910901315510273,0.10017151683568955,0.12861065566539764,1.496067971094157,1.257656956319591,3.089916061080339,,,,,,,,,,,,,,,,,,1,update_snr,bayesian,0.1,20,101770,10177,0.1,0.11170926465304887,0.05958734314957922,0.05666027970150253,0.11170731867408851,0.05958734314957922,0.05666027970150253,0.11170731867408851,0.1244878421389469,0.12181324164921961,0.13899885924708422,0.05237617659520504,0.05050136822704389,0.0978819883421582,0.1244878421389469,0.12181324164921961,0.13899885924708422,0.05237617659520504,0.05050136822704389,0.0978819883421582,1.079912977693675,1.6914749789549848,0.5381232896161622,0.8428661371609854,0.5381232896161622,814160,203540,81416,122124,0.75,,,,,,,,,0.007906572666842146,2
bayesfl_observability_v1,vi_sparse_bayesian_keep010_seed42,117,vi,94,7,1,,5,256,103.32900881767273,0.06183897703886032,259.57963389560416,259.57963389560416,,,2.012613716030517,0.012541377916932106,0.999296390302441,2.012613716030517,,-0.0,2.3292713582565514,103.32900881767273,259.57963389560416,259.57963389560416,0.0025506498368439044,0.06183897703886032,259.57963389560416,0.0025,53.66032997841847,0.0905522050963596,0.09107479453086853,0.10016630664467811,0.129073828458786,1.4958412632688298,1.25957369148103,3.0901580510875006,,,,,,,,,,,,,,,,,,1,update_snr,bayesian,0.1,20,101770,10177,0.1,0.11179732840094253,0.059880289124862804,0.057142023451437915,0.11179443392174845,0.059880289124862804,0.057142023451437915,0.11179443392174845,0.12448603713707466,0.12187296866719259,0.13898815591953365,0.0527018726790615,0.05096829165442628,0.09803033340038603,0.12448603713707466,0.12187296866719259,0.13898815591953365,0.0527018726790615,0.05096829165442628,0.09803033340038603,1.0793566890463502,1.6987063041518002,0.5362960017857614,0.8440299748638118,0.5362960017857614,814160,203540,81416,122124,0.75,,,,,,,,,0.007909697424092643,1
bayesfl_observability_v1,vi_sparse_bayesian_keep010_seed42,117,vi,164,13,1,,5,256,104.60278284549713,0.0027749149594455957,259.4587652906672,259.4587652906672,,,2.013182084932946,0.012546978890895844,0.9992962432895373,2.013182084932946,,-0.0,2.185987945410232,104.60278284549713,259.4587652906672,259.4587652906672,0.002549462172454232,0.0027749149594455957,259.4587652906672,0.0025,53.67014546135071,0.09055441638951342,0.09108857810497284,0.10014622434973718,0.1285463124513626,1.4960624988144244,1.2594177443798364,3.0937512830824367,,,,,,,,,,,,,,,,,,1,update_snr,bayesian,0.1,20,101770,10177,0.1,0.11176603527230843,0.05983440336579556,0.05725716601095632,0.11176374262567251,0.05983440336579556,0.05725716601095632,0.11176374262567251,0.1245701741418549,0.12198988790535521,0.13909119388572927,0.052641539946233405,0.050979061030479944,0.09800146023389586,0.1245701741418549,0.12198988790535521,0.13909119388572927,0.052641539946233405,0.050979061030479944,0.09800146023389586,1.0822044566005948,1.6975675601309,0.5375591530940135,0.8432260414176305,0.5375591530940135,814160,203540,81416,122124,0.75,,,,,,,,,0.007907083668082808,1
bayesfl_observability_v1,vi_sparse_bayesian_keep010_seed42,117,vi,244,19,1,,5,256,89.44234948158264,0.1774996966123581,261.8621922414268,261.8621922414268,,,2.020805825245368,0.012539342045783997,0.9992906248656005,2.020805825245368,,-0.0,2.28098669344155,89.44234948158264,261.8621922414268,261.8621922414268,0.002573078434130164,0.1774996966123581,261.8621922414268,0.0025,53.65929766770293,0.09055222602328858,0.09109873324632645,0.10014759302139283,0.12888318300247192,1.4958829433746588,1.2584279014826012,3.0921384428455694,,,,,,,,,,,,,,,,,,1,update_snr,bayesian,0.1,20,101770,10177,0.1,0.11215811655256218,0.060155230398523864,0.05732628436611845,0.11215751412743256,0.060155230398523864,0.05732628436611845,0.11215751412743256,0.1250280227940286,0.12241206239672546,0.1397231312386324,0.0529471423545789,0.051150996847449656,0.09844570598082411,0.1250280227940286,0.12241206239672546,0.1397231312386324,0.0529471423545789,0.051150996847449656,0.09844570598082411,1.0824768096535127,1.7064290609070065,0.5356659190756625,0.8444299989583663,0.5356659190756625,814160,203540,81416,122124,0.75,,,,,,,,,0.007906919985262974,1
bayesfl_observability_v1,vi_sparse_bayesian_keep010_seed42,117,vi,28,2,568,,5,256,365.72611979643506,0.00277940511152568,1.1376871412151037,1.1376871412151037,,,3.1677361620777806,0.032761067152023315,0.9982596724310653,3.1677361620777806,,0.08787175099597194,2.241159561925204,365.72611979643506,646.206296210179,1.1376871412151037,0.006349673736957639,0.00277940511152568,1.1376871412151037,0.0025,53.71636104892386,0.09080683421791977,0.09132718667387962,0.10052562728524209,0.1268548220396042,1.493564329697737,1.2575809770092001,3.086889869413976,,,,,,,,,,,,,,,,,,1,update_snr,bayesian,0.1,20,101770,10177,0.1,0.18210262488841084,0.0895200720424482,0.07780837530799378,0.1821021786829402,0.0895200720424482,0.07780837530799378,0.1821021786829402,0.22108694277208646,0.21249067168651797,0.26740124843899343,0.07490153085026617,0.0687790822189265,0.14779204330120294,0.22108694277208646,0.21249067168651797,0.26740124843899343,0.07490153085026617,0.0687790822189265,0.14779204330120294,1.987976947747566,2.466272500710244,0.6275702413434624,0.7785599477112283,0.6275702413434624,814160,203540,81416,122124,0.75,,,,,,,,,0.007980868564828002,568
bayesfl_observability_v1,vi_sparse_bayesian_keep010_seed42,117,vi,30,2,189,,5,256,269.12000007629393,0.06906879768169746,1.41099005521684,1.41099005521684,,,2.0397773185703523,0.012551004067063332,0.9992774555998037,2.0397773185703523,,-0.0,2.4040642619438994,269.12000007629393,266.6771204359828,1.41099005521684,0.0026203902961185297,0.06906879768169746,1.41099005521684,0.0025,53.667818446401114,0.09055321469084504,0.09110640734434128,0.10015244781970978,0.12889033555984497,1.4961671253499496,1.2585784880196729,3.0937957287365805,,,,,,,,,,,,,,,,,,1,update_snr,bayesian,0.1,20,101770,10177,0.1,0.11343945234273836,0.0606092178732203,0.057727967592913584,0.11343773105588707,0.0606092178732203,0.057727967592913584,0.11343773105588707,0.12606692963849733,0.1233278535942663,0.14078157603810948,0.05333613878818952,0.05117540168124525,0.09967574795908535,0.12606692963849733,0.1233278535942663,0.14078157603810948,0.05333613878818952,0.05117540168124525,0.09967574795908535,1.0898005008760296,1.7242466116087962,0.5342742518775793,0.845311199370181,0.5342742518775793,814160,203540,81416,122124,0.75,,,,,,,,,0.007907105686974258,189
bayesfl_observability_v1,vi_sparse_bayesian_keep010_seed42,117,vi,181,14,2031,,5,256,733.0684850811958,0.13287562938936234,0.4134385564540973,0.4134385564540973,,,3.5910605360074985,0.05024828016757965,0.9977649036397329,3.5910605360074985,,1.0649000763602765,1.25432875177699,733.0684850811958,839.6937081582715,0.4134385564540973,0.008250896218515,0.13287562938936234,0.4134385564540973,0.0025,53.740410139306455,0.09103655935975902,0.09153745695948601,0.10091877430677415,0.12915045022964478,1.4905236835447013,1.2523866429386943,3.080140701272387,,,,,,,,,,,,,,,,,,1,update_snr,bayesian,0.1,20,101770,10177,0.1,0.20427930778530626,0.09904693375130696,0.08370185354144656,0.20427514904885458,0.09904693375130696,0.08370185354144656,0.20427514904885458,0.2566261100641929,0.24357617945172622,0.3195925269218347,0.08153813638320852,0.07430362722805789,0.16258226887994562,0.2566261100641929,0.24357617945172622,0.3195925269218347,0.08153813638320852,0.07430362722805789,0.16258226887994562,2.3583041679131957,2.7081575332453847,0.6567152361444545,0.7541386468121989,0.6567152361444545,814160,203540,81416,122124,0.75,,,,,,,,,0.008103298412791404,2031
bayesfl_observability_v1,vi_sparse_bayesian_keep010_seed42,117,vi,70,5,1,,5,256,105.99701278209686,0.8697487711906433,260.73918690636157,260.73918690636157,,,2.0169959375332174,0.01254880428314209,0.9992932855078245,2.0169959375332174,,-0.0,2.3277319754160017,105.99701278209686,260.73918690636157,260.73918690636157,0.0025620436956506,0.8697487711906433,260.73918690636157,0.0025,53.65877558016422,0.09055259147518198,0.0910981073975563,0.10015360191464424,0.12796160578727722,1.495965781025056,1.258555628629956,3.095944239578744,,,,,,,,,,,,,,,,,,1,update_snr,bayesian,0.1,20,101770,10177,0.1,0.11202022368238437,0.06000965108805266,0.05708657278635132,0.11201972675345094,0.06000965108805266,0.05708657278635132,0.11201972675345094,0.12494433027654023,0.12229809703387683,0.13949874707281976,0.05279468673377626,0.05097384578124101,0.0980840394112718,0.12494433027654023,0.12229809703387683,0.13949874707281976,0.05279468673377626,0.05097384578124101,0.0980840394112718,1.0827530040033562,1.70173985801215,0.5368146677219198,0.8437001911334413,0.5368146677219198,814160,203540,81416,122124,0.75,,,,,,,,,0.007907042943510495,1
bayesfl_observability_v1,vi_sparse_bayesian_keep010_seed42,117,vi,137,11,1415,,5,256,573.0220526660482,0.015087079612189384,0.5972257670633564,0.5972257670633564,,,3.610309521066291,0.04932224750518799,0.9977419638312011,3.610309521066291,,-0.0,2.185987945410232,573.0220526660482,845.0744603946493,0.5972257670633564,0.008303767911905761,0.015087079612189384,0.5972257670633564,0.0025,53.75379785463455,0.09097920172641263,0.09149686247110367,0.10085640773177147,0.1312907189130783,1.4914303641015667,1.2517140794796555,3.0799101243061755,,,,,,,,,,,,,,,,,,1,update_snr,bayesian,0.1,20,101770,10177,0.1,0.20700869359242968,0.10025903117574697,0.08486924109808203,0.207007107091466,0.10025903117574697,0.08486924109808203,0.207007107091466,0.25770168799575344,0.24552972328808575,0.31885931464967715,0.08276540264019071,0.07536260082722525,0.16431403255912871,0.25770168799575344,0.24552972328808575,0.31885931464967715,0.08276540264019071,0.07536260082722525,0.16431403255912871,2.3513224530087924,2.7396382169692846,0.6512800188706087,0.758837490520797,0.6512800188706087,814160,203540,81416,122124,0.75,,,,,,,,,0.0080603726025318,1415
bayesfl_observability_v1,vi_sparse_bayesian_keep010_seed42,117,vi,144,11,1,,5,256,93.94766108989715,0.15527112782001495,260.94200078220797,260.94200078220797,,,2.0173185811367107,0.012545005418360233,0.999293273245323,2.0173185811367107,,-0.0,2.185987945410232,93.94766108989715,260.94200078220797,260.94200078220797,0.00256403656069773,0.15527112782001495,260.94200078220797,0.0025,53.66738937737394,0.09054989471117933,0.09109143912792206,0.10015829354524612,0.12875109910964966,1.4962778766220362,1.2579112679343605,3.093215853543683,,,,,,,,,,,,,,,,,,1,update_snr,bayesian,0.1,20,101770,10177,0.1,0.11205239077517155,0.060029731707874956,0.057222480644099794,0.11205107559523388,0.060029731707874956,0.057222480644099794,0.11205107559523388,0.12488300626639419,0.12217619870402176,0.13966485984288915,0.052823812312483925,0.05100707598864641,0.09827037101333265,0.12488300626639419,0.12217619870402176,0.13966485984288915,0.052823812312483925,0.05100707598864641,0.09827037101333265,1.0819321880544222,1.7026441196712847,0.5363219266263731,0.8440135016809718,0.5363219266263731,814160,203540,81416,122124,0.75,,,,,,,,,0.007908386810545676,1
bayesfl_observability_v1,vi_sparse_bayesian_keep010_seed42,117,vi,220,17,1,,5,256,100.98968818634748,0.00027021096320822835,260.0952995312084,260.0952995312084,,,2.0143692320086006,0.012536220252513885,0.9992954380102137,2.0143692320086006,,-0.0,2.3096097079310103,100.98968818634748,260.0952995312084,260.0952995312084,0.0025557168078137803,0.00027021096320822835,260.0952995312084,0.0025,53.67106863843575,0.09055549083399295,0.09109972044825554,0.10013448148965835,0.12917563319206238,1.4959924778378102,1.258970724729421,3.0921203115315987,,,,,,,,,,,,,,,,,,1,update_snr,bayesian,0.1,20,101770,10177,0.1,0.11174267328691904,0.059922168385098104,0.05702876979828977,0.11174062979181586,0.059922168385098104,0.05702876979828977,0.11174062979181586,0.12467138107519331,0.12204173768130683,0.13935645488309736,0.05272781141953196,0.05094482349432152,0.0980628458869183,0.12467138107519331,0.12204173768130683,0.13935645488309736,0.05272781141953196,0.05094482349432152,0.0980628458869183,1.0813426748504735,1.699523881094392,0.5368145311533713,0.8437002780268517,0.5368145311533713,814160,203540,81416,122124,0.75,,,,,,,,,0.007908097682316671,1
bayesfl_observability_v1,vi_sparse_bayesian_keep010_seed42,118,vi,103,8,1,,5,256,103.09507448673249,0.8369171619415283,257.74310391854397,257.74310391854397,,,2.011103466911699,0.012546095997095108,0.999301792064042,2.011103466911699,,-0.0,2.311121424016332,103.09507448673249,257.74310391854397,257.74310391854397,0.0025326039492831283,0.8369171619415283,257.74310391854397,0.0025,53.827326972643235,0.09081661944446243,0.09138508886098862,0.10041883066296578,0.12869682908058167,1.4960047715003308,1.2576713453571764,3.095287358079642,,,,,,,,,,,,,,,,,,1,update_snr,bayesian,0.1,20,101770,10177,0.1,0.11146262738148906,0.05958848865919506,0.05672979329069397,0.11146024294421773,0.05958848865919506,0.05672979329069397,0.11146024294421773,0.12431844278661267,0.12161853419937482,0.13904566803512736,0.05239627153392646,0.050546838447682416,0.09774484827685861,0.12431844278661267,0.12161853419937482,0.13904566803512736,0.05239627153392646,0.050546838447682416,0.09774484827685861,1.0819620358210715,1.6952567084858208,0.5379942174146612,0.8429485286945975,0.5379942174146612,814160,203540,81416,122124,0.75,,,,,,,,,0.007915819516083502,1
bayesfl_observability_v1,vi_sparse_bayesian_keep010_seed42,118,vi,251,20,1,,5,256,101.41240645647049,0.05583379790186882,258.0399573451448,258.0399573451448,,,2.0122999017548655,0.012523405253887177,0.9993008423852782,2.0122999017548655,,-0.0,2.3163460082440825,101.41240645647049,258.0399573451448,258.0399573451448,0.0025355208543298103,0.05583379790186882,258.0399573451448,0.0025,53.822673038409626,0.09081204522946874,0.09136314690113068,0.10043693706393242,0.12790840864181519,1.4959912345254014,1.2591327577962599,3.0928814140559626,,,,,,,,,,,,,,,,,,1,update_snr,bayesian,0.1,20,101770,10177,0.1,0.11142068716582981,0.05967506068182976,0.056817531799965876,0.1114200033893584,0.05967506068182976,0.056817531799965876,0.1114200033893584,0.12438376071999016,0.12176928207502495,0.1390094230027158,0.052485205122034154,0.05074224783039504,0.09771705064137769,0.12438376071999016,0.12176928207502495,0.1390094230027158,0.052485205122034154,0.05074224783039504,0.09771705064137769,1.0815689285547951,1.696926500290297,0.5374789948613483,0.8432771371754573,0.5374789948613483,814160,203540,81416,122124,0.75,,,,,,,,,0.007916515550845273,1
bayesfl_observability_v1,vi_sparse_bayesian_keep010_seed42,118,vi,217,17,1,,5,256,101.3918915271759,0.14245997369289398,258.46555094528674,258.46555094528674,,,2.0143268276120923,0.012525618076324463,0.9992996959813478,2.0143268276120923,,-0.0,2.311121424016332,101.3918915271759,258.46555094528674,258.46555094528674,0.0025397027704164954,0.14245997369289398,258.46555094528674,0.0025,53.832649713882205,0.09081394352037868,0.09137210249900818,0.10042798072099686,0.12780606746673584,1.4961609824538342,1.2575566452371594,3.094421505728609,,,,,,,,,,,,,,,,,,1,update_snr,bayesian,0.1,20,101770,10177,0.1,0.11156759406124635,0.0597252365775887,0.05670438771599273,0.11156487593155419,0.0597252365775887,0.05670438771599273,0.11156487593155419,0.12428449321675464,0.12174413375509316,0.1385449519852369,0.052551985839903594,0.05057939703041971,0.09793831353191461,0.12428449321675464,0.12174413375509316,0.1385449519852369,0.052551985839903594,0.05057939703041971,0.09793831353191461,1.0817527036804873,1.699212657826487,0.5370293881072239,0.8435635342457505,0.5370293881072239,814160,203540,81416,122124,0.75,,,,,,,,,0.007913527504107714,1
bayesfl_observability_v1,vi_sparse_bayesian_keep010_seed42,118,vi,218,17,1,,5,256,99.54561944007874,4.8636207793606445e-05,257.7806334664016,257.7806334664016,,,2.0099457722715983,0.012541159987449646,0.9993026283930369,2.0099457722715983,,-0.0,2.185987945410232,99.54561944007874,257.7806334664016,257.7806334664016,0.0025329727175631483,4.8636207793606445e-05,257.7806334664016,0.0025,53.828554072465636,0.09081477745639015,0.09136589989066124,0.10041653513908386,0.12788265943527222,1.4960990874151112,1.2576730059754437,3.092327472830628,,,,,,,,,,,,,,,,,,1,update_snr,bayesian,0.1,20,101770,10177,0.1,0.11140406811273479,0.059619745124578495,0.05681604504443493,0.11140343554186974,0.059619745124578495,0.05681604504443493,0.11140343554186974,0.12441267035855696,0.12176383179056621,0.13918601513290682,0.052420531209691985,0.05076025008685384,0.09754027213210627,0.12441267035855696,0.12176383179056621,0.13918601513290682,0.052420531209691985,0.05076025008685384,0.09754027213210627,1.0802114343353633,1.6950000780541608,0.5374331234392116,0.8433063724592467,0.5374331234392116,814160,203540,81416,122124,0.75,,,,,,,,,0.0079136651485634,1
bayesfl_observability_v1,vi_sparse_bayesian_keep010_seed42,118,vi,78,6,1,,5,256,107.0702075958252,1.6689286894688848e-06,258.19464801850114,258.19464801850114,,,2.0129043894677845,0.01253560185432434,0.9993003576304277,2.0129043894677845,,-0.0,2.3155014849272724,107.0702075958252,258.19464801850114,258.19464801850114,0.002537040857015831,1.6689286894688848e-06,258.19464801850114,0.0025,53.820004881695105,0.09081508686299863,0.09136799722909927,0.10042045488953591,0.12797820568084717,1.4959279552651457,1.257315212814817,3.0899164586063623,,,,,,,,,,,,,,,,,,1,update_snr,bayesian,0.1,20,101770,10177,0.1,0.11150531859035251,0.05973063070217294,0.057006742913065775,0.11150489231748117,0.05973063070217294,0.057006742913065775,0.11150489231748117,0.12417594339587383,0.12164303723051179,0.13860990663587863,0.05257004040287284,0.050933390490966714,0.09755178542449348,0.12417594339587383,0.12164303723051179,0.13860990663587863,0.05257004040287284,0.050933390490966714,0.09755178542449348,1.0797812881848758,1.6987808719268316,0.5364294965198878,0.8439451375909575,0.5364294965198878,814160,203540,81416,122124,0.75,,,,,,,,,0.007913057875067863,1
bayesfl_observability_v1,vi_sparse_bayesian_keep010_seed42,118,vi,82,6,1,,5,256,99.09899311065674,0.00039188333903439343,258.955185749634,258.955185749634,,,2.0154743980885024,0.012524264864623547,0.9992987399570001,2.0154743980885024,,-0.0,2.3155014849272724,99.09899311065674,258.955185749634,258.955185749634,0.0025445139603973077,0.00039188333903439343,258.955185749634,0.0025,53.82684088968756,0.09081507667052093,0.0913650281727314,0.10042276829481125,0.127977654337883,1.4962730268843003,1.258897403258207,3.0940717565187064,,,,,,,,,,,,,,,,,,1,update_snr,bayesian,0.1,20,101770,10177,0.1,0.1117451756509328,0.05981364338483551,0.05695274666317432,0.11174436370806644,0.05981364338483551,0.05695274666317432,0.11174436370806644,0.12434840057616822,0.12162650606653538,0.13865093729168115,0.05264311480802077,0.05086676835037485,0.09783128528415629,0.12434840057616822,0.12162650606653538,0.13865093729168115,0.05264311480802077,0.05086676835037485,0.09783128528415629,1.0811260056206011,1.7009713722814552,0.5364126712033418,0.8439558318848778,0.5364126712033418,814160,203540,81416,122124,0.75,,,,,,,,,0.007914729072357537,1
bayesfl_observability_v1,vi_sparse_bayesian_keep010_seed42,118,vi,153,12,19,,5,256,155.40884990692138,0.8558070534153989,13.660379720457206,13.660379720457206,,,2.018673780167821,0.012524299323558807,0.9992964295026265,2.018673780167821,,-0.0,2.259365973874069,155.40884990692138,259.5472146886869,13.660379720457206,0.002550331283174677,0.8558070534153989,13.660379720457206,0.0025,53.823656845656366,0.09081733288290816,0.09136973693966866,0.10041604340076446,0.12880615890026093,1.4958452863882177,1.2594529648821313,3.095589044431976,,,,,,,,,,,,,,,,,,1,update_snr,bayesian,0.1,20,101770,10177,0.1,0.11185273939834615,0.05981601432547821,0.05700387201627895,0.11184892334225027,0.05981601432547821,0.05700387201627895,0.11184892334225027,0.12440343086811897,0.12195194954997125,0.13865268114158766,0.05263963470962924,0.050851541044023583,0.09817510092562888,0.12440343086811897,0.12195194954997125,0.13865268114158766,0.05263963470962924,0.050851541044023583,0.09817510092562888,1.0828784707539163,1.7036484520917758,0.5364306414401895,0.843944409854149,0.5364306414401895,814160,203540,81416,122124,0.75,,,,,,,,,0.007916794527017018,19
bayesfl_observability_v1,vi_sparse_bayesian_keep010_seed42,118,vi,197,15,49,,5,256,176.0774408340454,0.32032861514967315,5.354488479306768,5.354488479306768,,,2.0287624624582254,0.012533927336335182,0.9992896495720447,2.0287624624582254,,-0.0,2.259365973874069,176.0774408340454,262.36993548603164,5.354488479306768,0.002578067559064868,0.32032861514967315,5.354488479306768,0.0025,53.83376394296516,0.09081388464113507,0.09136682003736496,0.10042471140623092,0.12811988592147827,1.4960558127953196,1.2566929395457875,3.097746153081326,,,,,,,,,,,,,,,,,,1,update_snr,bayesian,0.1,20,101770,10177,0.1,0.11199549559021041,0.06030273842865681,0.05769639591918768,0.11199308021419618,0.06030273842865681,0.05769639591918768,0.11199308021419618,0.12480063932403979,0.12218434935666384,0.139653132447725,0.05313630499583647,0.051403151439430105,0.09842781783183976,0.12480063932403979,0.12218434935666384,0.139653132447725,0.05313630499583647,0.051403151439430105,0.09842781783183976,1.0838281471977098,1.714990867737069,0.5342311715904133,0.8453384264903229,0.5342311715904133,814160,203540,81416,122124,0.75,,,,,,,,,0.007913791021829005,49
bayesfl_observability_v1,vi_sparse_bayesian_keep010_seed42,118,vi,298,23,35,,5,256,134.34134016036987,0.08406007630484445,7.450041615622226,7.450041615622226,,,2.0221168275256107,0.012527644634246826,0.9992941251409542,2.0221168275256107,,-0.0,2.3096097079310103,134.34134016036987,260.7514565467779,7.450041615622226,0.002562164258099419,0.08406007630484445,7.450041615622226,0.0025,53.82747735095116,0.09081800546000376,0.0913732498884201,0.10041934326291084,0.12755605578422546,1.4959597843801642,1.2573601404110657,3.093241989998254,,,,,,,,,,,,,,,,,,1,update_snr,bayesian,0.1,20,101770,10177,0.1,0.11183418841628388,0.06007805496694808,0.05754835798382565,0.11183395488405101,0.06007805496694808,0.05754835798382565,0.11183395488405101,0.12460825128077789,0.12206445292404015,0.13912289067207964,0.05290803315430034,0.051376571132082105,0.09804695460401922,0.12460825128077789,0.12206445292404015,0.13912289067207964,0.05290803315430034,0.051376571132082105,0.09804695460401922,1.0826399058898761,1.7078780103792548,0.5353992861108141,0.844599079109154,0.5353992861108141,814160,203540,81416,122124,0.75,,,,,,,,,0.007912872010894993,35
bayesfl_observability_v1,vi_sparse_bayesian_keep010_seed42,118,vi,142,11,17,,5,256,108.74674968719482,0.2642648360308479,15.310203965708471,15.310203965708471,,,2.0213705067919676,0.012553472071886063,0.9992945655092923,2.0213705067919676,,-0.0,2.3096097079310103,108.74674968719482,260.273467417044,15.310203965708471,0.00255746749943052,0.2642648360308479,15.310203965708471,0.0025,53.82435509980481,0.09081577211435399,0.09136922284960747,0.10040602907538414,0.12879812717437744,1.4958405452862455,1.2570629552513366,3.090835489032404,,,,,,,,,,,,,,,,,,1,update_snr,bayesian,0.1,20,101770,10177,0.1,0.11192830528306683,0.05998303960464459,0.057194011381368405,0.11192693460012353,0.05998303960464459,0.057194011381368405,0.11192693460012353,0.12450024658444249,0.12195129833146585,0.13891659119252942,0.05281446105133372,0.0509879181753916,0.09806686538345262,0.12450024658444249,0.12195129833146585,0.13891659119252942,0.05281446105133372,0.0509879181753916,0.09806686538345262,1.0827450930365223,1.706927587577678,0.535649001209037,0.8444407306044408,0.535649001209037,814160,203540,81416,122124,0.75,,,,,,,,,0.007912271727565085,17
bayesfl_observability_v1,vi_sparse_bayesian_keep010_seed42,118,vi,89,7,4,,5,256,98.58874508142472,0.17235834896564484,64.89170817338956,64.89170817338956,,,2.019136022911858,0.012545645236968994,0.9992963491512334,2.019136022911858,,-0.0,2.185987945410232,98.58874508142472,259.56683269355824,64.89170817338956,0.002550524051228832,0.17235834896564484,64.89170817338956,0.0025,53.83274490764119,0.09081391057577375,0.0913628526031971,0.10043791681528091,0.12743277847766876,1.4959984959115296,1.2568714433636972,3.0935863069125333,,,,,,,,,,,,,,,,,,1,update_snr,bayesian,0.1,20,101770,10177,0.1,0.11184550860265803,0.059853345376118125,0.05723592839024578,0.11184534560199749,0.059853345376118125,0.05723592839024578,0.11184534560199749,0.12438739590890052,0.12187944189284763,0.1387397939634251,0.052682895316920095,0.05088778053822183,0.09804376567523425,0.12438739590890052,0.12187944189284763,0.1387397939634251,0.052682895316920095,0.05088778053822183,0.09804376567523425,1.0825405757844537,1.704410801655687,0.5361404895462609,0.8441287671138193,0.5361404895462609,814160,203540,81416,122124,0.75,,,,,,,,,0.007916840921564599,4
bayesfl_observability_v1,vi_sparse_bayesian_keep010_seed42,118,vi,97,7,1882,,5,256,688.9046986527741,0.019135710125141772,0.4552459784084719,0.4552459784084719,,,3.634425606649729,0.05200619995594025,0.9977256860554085,3.634425606649729,,-0.0,2.3096097079310103,688.9046986527741,856.7729313647442,0.4552459784084719,0.008418718004959656,0.019135710125141772,0.4552459784084719,0.0025,53.91899007941736,0.09130232888603797,0.09179794043302536,0.10123123824596406,0.12732967734336853,1.4908514875229724,1.253187285781594,3.085976742553398,,,,,,,,,,,,,,,,,,1,update_snr,bayesian,0.1,20,101770,10177,0.1,0.20632891124688169,0.10007314963068907,0.08440148490712948,0.2063288407242753,0.10007314963068907,0.08440148490712948,0.2063288407242753,0.25907984214928326,0.24537109974857776,0.32407998281747147,0.08240573935084529,0.07453449594090444,0.16419767900462817,0.25907984214928326,0.24537109974857776,0.32407998281747147,0.08240573935084529,0.07453449594090444,0.16419767900462817,2.381790521442102,2.7452000659769453,0.6553416630909318,0.7553325788136063,0.6553416630909318,814160,203540,81416,122124,0.75,,,,,,,,,0.008108587758392278,1882
bayesfl_observability_v1,vi_sparse_bayesian_keep010_seed42,118,vi,118,9,3,,5,256,97.96967658400536,0.7394062678019205,86.29042990043547,86.29042990043547,,,2.016436883730352,0.012534189969301224,0.9992979856271907,2.016436883730352,,-0.0,2.259365973874069,97.96967658400536,258.8712897013064,86.29042990043547,0.002543689591247975,0.7394062678019205,86.29042990043547,0.0025,53.823547775656586,0.09081704792082222,0.09137633070349693,0.10042238309979439,0.12788252532482147,1.495869143385888,1.2570426128316883,3.091530944385512,,,,,,,,,,,,,,,,,,1,update_snr,bayesian,0.1,20,101770,10177,0.1,0.11174463862962374,0.05974479271837749,0.05686100761781859,0.11174420305378824,0.05974479271837749,0.05686100761781859,0.11174420305378824,0.12436228252919422,0.12182235985321868,0.13861849980499952,0.05256507162828675,0.05055150746008338,0.09815008400168136,0.12436228252919422,0.12182235985321868,0.13861849980499952,0.05256507162828675,0.05055150746008338,0.09815008400168136,1.0821252768901841,1.701476591429785,0.5366521935902514,0.8438035453319523,0.5366521935902514,814160,203540,81416,122124,0.75,,,,,,,,,0.007915711424759105,3
bayesfl_observability_v1,vi_sparse_bayesian_keep010_seed42,118,vi,277,22,783,,5,256,630.6577079504729,0.17958877095774214,1.0026286618166844,1.0026286618166844,,,3.500843830056773,0.04172839596867561,0.9978895306767046,3.500843830056773,,1.0837153259927952,1.2034482275163363,630.6577079504729,785.0582422024639,1.0026286618166844,0.0077140438459513015,0.17958877095774214,1.0026286618166844,0.0025,53.91325130330291,0.09113574705983563,0.0916680097579956,0.100917486846447,0.12784162163734436,1.4935223229345533,1.254862968251452,3.09216810562587,,,,,,,,,,,,,,,,,,1,update_snr,bayesian,0.1,20,101770,10177,0.1,0.19981089961226114,0.09808505070491683,0.08433577077038483,0.19980679913695085,0.09808505070491683,0.08433577077038483,0.19980679913695085,0.24525336267090297,0.2348082653728737,0.300659484745144,0.0817330160420295,0.07489276448265571,0.1617715838915065,0.24525336267090297,0.2348082653728737,0.300659484745144,0.0817330160420295,0.07489276448265571,0.1617715838915065,2.2245048367934253,2.703236163106962,0.6354196144640222,0.7721670243894095,0.6354196144640222,814160,203540,81416,122124,0.75,,,,,,,,,0.008018696493639493,783
bayesfl_observability_v1,vi_sparse_bayesian_keep010_seed42,118,vi,282,22,9,,5,256,101.44188489019871,0.007238426970110999,28.74389588239835,28.74389588239835,,,2.0152389397269315,0.01253930851817131,0.9992989172613796,2.0152389397269315,,-0.0,2.185987945410232,101.44188489019871,258.69506294158515,28.74389588239835,0.0025419579732886425,0.007238426970110999,28.74389588239835,0.0025,53.82735263821626,0.0908156042032539,0.09137555211782455,0.10041036680340767,0.12836624681949615,1.4958162300642757,1.2569172384460163,3.0920945939604723,,,,,,,,,,,,,,,,,,1,update_snr,bayesian,0.1,20,101770,10177,0.1,0.11159633960986583,0.059736716908298564,0.056906620544386485,0.11159438725803386,0.059736716908298564,0.056906620544386485,0.11159438725803386,0.12420497831555287,0.1216969012180977,0.13832527433923122,0.05257357675193699,0.05069883407572819,0.09799501720900096,0.12420497831555287,0.1216969012180977,0.13832527433923122,0.05257357675193699,0.05069883407572819,0.09799501720900096,1.080968651618542,1.7007923913310878,0.5363972630287777,0.8439656250199037,0.5363972630287777,814160,203540,81416,122124,0.75,,,,,,,,,0.007917742946068224,9
bayesfl_observability_v1,vi_sparse_bayesian_keep010_seed42,119,vi,75,6,1,,5,256,106.09369978904724,0.0003682888636831194,257.0566241107074,257.0566241107074,,,2.0138441758521393,0.01254241168498993,0.9993036121731704,2.0138441758521393,,-0.0,2.3096097079310103,106.09369978904724,257.0566241107074,257.0566241107074,0.0025258585448629987,0.0003682888636831194,257.0566241107074,0.0025,53.97093985668593,0.09105960886105141,0.09160757064819336,0.10068491250276565,0.12786193192005157,1.4959165215816075,1.256644414376268,3.094310495009626,,,,,,,,,,,,,,,,,,1,update_snr,bayesian,0.1,20,101770,10177,0.1,0.11129989821752008,0.05956185582192784,0.056849955989983415,0.11129754867576223,0.05956185582192784,0.056849955989983415,0.11129754867576223,0.12399816016117556,0.1213521266055389,0.1386913485006687,0.05240226645090032,0.05062233111208179,0.09746979264339953,0.12399816016117556,0.1213521266055389,0.1386913485006687,0.05240226645090032,0.05062233111208179,0.09746979264339953,1.0817835761540393,1.698620810827703,0.5371734263880137,0.8434718193173747,0.5371734263880137,814160,203540,81416,122124,0.75,,,,,,,,,0.007919556263910162,1
bayesfl_observability_v1,vi_sparse_bayesian_keep010_seed42,119,vi,278,22,193,,5,256,138.0699140548706,0.03969291578302729,1.3474530200732997,1.3474530200732997,,,2.0261714165369704,0.012548021972179413,0.9992948042343028,2.0261714165369704,,-0.0,2.185987945410232,138.0699140548706,260.05843287414683,1.3474530200732997,0.0025553545531507007,0.03969291578302729,1.3474530200732997,0.0025,53.96111578613158,0.09106004643082397,0.09160695225000381,0.10067207366228104,0.1290300488471985,1.4958797981107115,1.256866224277295,3.0916221938620967,,,,,,,,,,,,,,,,,,1,update_snr,bayesian,0.1,20,101770,10177,0.1,0.11164295097917983,0.05996810378127374,0.05715233995404739,0.111642901343566,0.05996810378127374,0.05715233995404739,0.111642901343566,0.1241978841946598,0.12159902682318734,0.13835278217979383,0.05283146151311976,0.051079483041722155,0.09815279340655292,0.1241978841946598,0.12159902682318734,0.13835278217979383,0.05283146151311976,0.051079483041722155,0.09815279340655292,1.0832131520248174,1.7123141874293677,0.5346108148520773,0.8450983828189464,0.5346108148520773,814160,203540,81416,122124,0.75,,,,,,,,,0.007916995792199913,193
bayesfl_observability_v1,vi_sparse_bayesian_keep010_seed42,119,vi,131,10,1,,5,256,111.82957963943481,0.9007651805877686,257.0555159559594,257.0555159559594,,,2.0140324297076697,0.012526258826255798,0.9993033441743232,2.0140324297076697,,-0.0,2.259365973874069,111.82957963943481,257.0555159559594,257.0555159559594,0.002525847656047552,0.9007651805877686,257.0555159559594,0.0025,53.96571219301376,0.09105654369845328,0.09160862863063812,0.10069979727268219,0.1272488683462143,1.4960399854254403,1.2565403751558089,3.0935283033669094,,,,,,,,,,,,,,,,,,1,update_snr,bayesian,0.1,20,101770,10177,0.1,0.11099740657549818,0.05955005635498406,0.0568302266738383,0.11099730232651081,0.05955005635498406,0.0568302266738383,0.11099730232651081,0.12396331207366759,0.12135285025620032,0.13887218299395587,0.052393027941796996,0.05071615825730695,0.09750613498794479,0.12396331207366759,0.12135285025620032,0.13887218299395587,0.052393027941796996,0.05071615825730695,0.09750613498794479,1.0818055191250637,1.698830022899505,0.537134111232799,0.8434968562775748,0.537134111232799,814160,203540,81416,122124,0.75,,,,,,,,,0.007917351623393562,1
bayesfl_observability_v1,vi_sparse_bayesian_keep010_seed42,119,vi,143,11,27,,5,256,123.0452151298523,0.1817408314457646,9.552843175067016,9.552843175067016,,,2.0169394717227584,0.012543514370918274,0.9993013222726176,2.0169394717227584,,0.149994923610415,2.1788016114278856,123.0452151298523,257.92676572680944,9.552843175067016,0.002534408624612454,0.1817408314457646,9.552843175067016,0.0025,53.96537043403792,0.09105850000450931,0.09160764142870903,0.10068342089653015,0.12866678833961487,1.4958509187430742,1.2580668010556126,3.094465901648104,,,,,,,,,,,,,,,,,,1,update_snr,bayesian,0.1,20,101770,10177,0.1,0.11135413601614186,0.05970084460036338,0.0571128474060137,0.11135101919894468,0.05970084460036338,0.0571128474060137,0.11135101919894468,0.12406395801080856,0.12142504963558522,0.13833525785328482,0.052549387554758374,0.05089494791250662,0.09756918634727424,0.12406395801080856,0.12142504963558522,0.13833525785328482,0.052549387554758374,0.05089494791250662,0.09756918634727424,1.0825451067771759,1.7018051957806672,0.5367266206816437,0.8437562056966832,0.5367266206816437,814160,203540,81416,122124,0.75,,,,,,,,,0.007916615017440148,27
bayesfl_observability_v1,vi_sparse_bayesian_keep010_seed42,119,vi,4,0,3,,5,256,102.09202162325383,0.00993899255990982,85.74504468666741,85.74504468666741,,,2.0137142162157047,0.012543126940727234,0.999303360424501,2.0137142162157047,,0.6365141682948128,1.6763487837974358,102.09202162325383,257.2351340600022,85.74504468666741,0.002527612597622111,0.00993899255990982,85.74504468666741,0.0025,53.95721165009903,0.09106162274756922,0.0916099101305008,0.10068164989352227,0.12872911989688873,1.4955246983942838,1.257217266380409,3.090200324865809,,,,,,,,,,,,,,,,,,1,update_snr,bayesian,0.1,20,101770,10177,0.1,0.11161555664218874,0.05953494316919207,0.05653655308679729,0.11161202336892793,0.05953494316919207,0.05653655308679729,0.11161202336892793,0.12429706969084833,0.12160271714872867,0.13920388502248884,0.05233915133345249,0.0505238665095463,0.097703736786007,0.12429706969084833,0.12160271714872867,0.13920388502248884,0.05233915133345249,0.0505238665095463,0.097703736786007,1.0829360807710768,1.6977321312720133,0.5377804218943226,0.8430849410511169,0.5377804218943226,814160,203540,81416,122124,0.75,,,,,,,,,0.007916082499146252,3
bayesfl_observability_v1,vi_sparse_bayesian_keep010_seed42,119,vi,5,0,1,,5,256,94.67433457374572,0.0036524508614093065,257.53149247567785,257.53149247567785,,,2.016960568530968,0.012530483305454254,0.999301427478115,2.016960568530968,,-0.0,2.311121424016332,94.67433457374572,257.53149247567785,257.53149247567785,0.002530524638652627,0.0036524508614093065,257.53149247567785,0.0025,53.96995129760726,0.09105631564684791,0.09159660339355469,0.10068694278597833,0.12822601199150085,1.4959100243354,1.258089326159265,3.0955972211551748,,,,,,,,,,,,,,,,,,1,update_snr,bayesian,0.1,20,101770,10177,0.1,0.11125424093161483,0.05962604036320498,0.056996537753084296,0.11125175559719024,0.05962604036320498,0.056996537753084296,0.11125175559719024,0.12400250446010334,0.12149198003357103,0.1381008737549494,0.05247309990799405,0.05080004970826346,0.09770022682342511,0.12400250446010334,0.12149198003357103,0.1381008737549494,0.05247309990799405,0.05080004970826346,0.09770022682342511,1.0825620575748878,1.7018194165386629,0.5367294108101283,0.8437544308454998,0.5367294108101283,814160,203540,81416,122124,0.75,,,,,,,,,0.007916699926253368,1
bayesfl_observability_v1,vi_sparse_bayesian_keep010_seed42,119,vi,228,18,5,,5,256,110.5036011338234,0.02038403004407883,51.49155763120835,51.49155763120835,,,2.0148633735096326,0.01255120150744915,0.9993029687193318,2.0148633735096326,,0.6730116670092565,1.5651195035345156,110.5036011338234,257.4577881560418,51.49155763120835,0.002529800414228572,0.02038403004407883,51.49155763120835,0.0025,53.973179699752606,0.09105739083506773,0.09160231426358223,0.10066354349255563,0.127536341547966,1.4957995807116702,1.2561323727227816,3.0933390192596426,,,,,,,,,,,,,,,,,,1,update_snr,bayesian,0.1,20,101770,10177,0.1,0.11137544411171343,0.059590502871216124,0.05654887638913503,0.11137327114068836,0.059590502871216124,0.05654887638913503,0.11137327114068836,0.1241898269717992,0.12160377091902208,0.13872210491294495,0.05241280019337356,0.05045986468268967,0.09755466066694064,0.1241898269717992,0.12160377091902208,0.13872210491294495,0.05241280019337356,0.05045986468268967,0.09755466066694064,1.0819409320414828,1.6997288705801956,0.5369798003508699,0.8435951007534008,0.5369798003508699,814160,203540,81416,122124,0.75,,,,,,,,,0.007916366785942961,5
bayesfl_observability_v1,vi_sparse_bayesian_keep010_seed42,119,vi,239,19,577,,5,256,389.4050312181314,0.0026330350021762285,1.1512447213671084,1.1512447213671084,,,3.228702182100353,0.033944204449653625,0.9982120973502505,3.228702182100353,,-0.0,2.311121424016332,389.4050312181314,664.2682042288216,1.1512447213671084,0.006527151461421063,0.0026330350021762285,1.1512447213671084,0.0025,54.01741564878262,0.09131128663577669,0.09185575693845749,0.10104716271162033,0.12943428754806519,1.4932405143683252,1.2533712886844923,3.087082589412656,,,,,,,,,,,,,,,,,,1,update_snr,bayesian,0.1,20,101770,10177,0.1,0.1840494786788414,0.09093268232181441,0.07906806213888977,0.18403863429831238,0.09093268232181441,0.07906806213888977,0.18403863429831238,0.22370190551608937,0.21511022336479133,0.26986209516599413,0.07618054641133942,0.07030114643279232,0.15012066015080888,0.22370190551608937,0.21511022336479133,0.26986209516599413,0.07618054641133942,0.07030114643279232,0.15012066015080888,2.0203628471929007,2.5184621788667383,0.6257507609074687,0.780023067110022,0.6257507609074687,814160,203540,81416,122124,0.75,,,,,,,,,0.007993482347304582,577
bayesfl_observability_v1,vi_sparse_bayesian_keep010_seed42,119,vi,52,4,14,,5,256,125.51142902374268,0.7333572932652065,18.460417068322247,18.460417068322247,,,2.0177099961898532,0.012545004487037659,0.9993007195467055,2.0177099961898532,,-0.0,2.4040642619438994,125.51142902374268,258.44583895651147,18.460417068322247,0.002539509078869131,0.7333572932652065,18.460417068322247,0.0025,53.96261559634766,0.09105847504312425,0.09158221259713173,0.10067014768719673,0.1290486752986908,1.4959275498191902,1.2591234261100155,3.0931139637216623,,,,,,,,,,,,,,,,,,1,update_snr,bayesian,0.1,20,101770,10177,0.1,0.11160696778790609,0.059714495288807276,0.056845452194952406,0.11160674102373057,0.059714495288807276,0.056845452194952406,0.11160674102373057,0.12442676493750764,0.12175451070456798,0.13924716500744502,0.05252424310561833,0.05081476330516917,0.09772459594141301,0.12442676493750764,0.12175451070456798,0.13924716500744502,0.05252424310561833,0.05081476330516917,0.09772459594141301,1.0826873670206407,1.7026278789031888,0.5365921609473787,0.843841722605503,0.5365921609473787,814160,203540,81416,122124,0.75,,,,,,,,,0.007918092456676757,14
bayesfl_observability_v1,vi_sparse_bayesian_keep010_seed42,119,vi,256,20,1979,,5,256,691.8663747370243,0.04057988751832134,0.42802750152633934,0.42802750152633934,,,3.6216587390145047,0.049736008048057556,0.9977528429118013,3.6216587390145047,,1.070915936878561,1.1916887974754844,691.8663747370243,847.0664255206256,0.42802750152633934,0.008323341117427784,0.04057988751832134,0.42802750152633934,0.0025,54.05300464049754,0.09154448489266587,0.0920596718788147,0.10144684836268425,0.1282305121421814,1.4905686825535511,1.2522292581997885,3.082609998887113,,,,,,,,,,,,,,,,,,1,update_snr,bayesian,0.1,20,101770,10177,0.1,0.20514118178050464,0.09947986205598487,0.08400284569127218,0.20513740058158644,0.09947986205598487,0.08400284569127218,0.20513740058158644,0.2582048927637808,0.24485789557697274,0.32347855584290974,0.08184374753289644,0.07434810571285762,0.16295126602295482,0.2582048927637808,0.24485789557697274,0.32347855584290974,0.08184374753289644,0.07434810571285762,0.16295126602295482,2.3827387168364704,2.727447200069809,0.6579136491156097,0.7530933742288427,0.6579136491156097,814160,203540,81416,122124,0.75,,,,,,,,,0.008108316888982966,1979
bayesfl_observability_v1,vi_sparse_bayesian_keep010_seed42,119,vi,203,16,1,,5,256,98.65470091104507,0.016703864559531212,257.053175793002,257.053175793002,,,2.01286808325623,0.01253185048699379,0.9993043378652766,2.01286808325623,,-0.0,2.311121424016332,98.65470091104507,257.053175793002,257.053175793002,0.002525824661422836,0.016703864559531212,257.053175793002,0.0025,53.97277334116355,0.09105844808091018,0.09161161258816719,0.10067599564790726,0.12850892543792725,1.4957519275376996,1.2585992833953528,3.0939198220894566,,,,,,,,,,,,,,,,,,1,update_snr,bayesian,0.1,20,101770,10177,0.1,0.11113266001302897,0.059531968132067584,0.05672623955162289,0.11113003308745872,0.059531968132067584,0.05672623955162289,0.11113003308745872,0.12411771262714065,0.12157687551044531,0.13860057919323931,0.05235577429928166,0.05050087410232551,0.09749549776539139,0.12411771262714065,0.12157687551044531,0.13860057919323931,0.05235577429928166,0.05050087410232551,0.09749549776539139,1.0833197736844398,1.6964834772363409,0.5381971042692207,0.8428190060482892,0.5381971042692207,814160,203540,81416,122124,0.75,,,,,,,,,0.007916062773174425,1
bayesfl_observability_v1,vi_sparse_bayesian_keep010_seed42,119,vi,288,23,3,,5,256,113.22532848119735,0.038738541305065155,85.58240630915098,85.58240630915098,,,2.0132161256881838,0.012546058744192123,0.9993038363396368,2.0132161256881838,,-0.0,2.185987945410232,113.22532848119735,256.74721892745293,85.58240630915098,0.0025228183052712285,0.038738541305065155,85.58240630915098,0.0025,53.962800541389775,0.09105624661605098,0.09161766245961189,0.10068392902612686,0.12914910912513733,1.4957441429489085,1.2582533137583902,3.0957308203529488,,,,,,,,,,,,,,,,,,1,update_snr,bayesian,0.1,20,101770,10177,0.1,0.11134854190502717,0.05954467231429102,0.05662375798890793,0.11134763874781266,0.05954467231429102,0.05662375798890793,0.11134763874781266,0.1240375195381205,0.12149782035500681,0.13805740120350057,0.05237880040053219,0.0505026284479159,0.09744030020217359,0.1240375195381205,0.12149782035500681,0.13805740120350057,0.05237880040053219,0.0505026284479159,0.09744030020217359,1.082556764126504,1.6973832864662293,0.5377250610668789,0.8431202516252484,0.5377250610668789,814160,203540,81416,122124,0.75,,,,,,,,,0.0079161542745539,3
bayesfl_observability_v1,vi_sparse_bayesian_keep010_seed42,119,vi,14,1,7,,5,256,110.50651416778564,1.5521772929600306,36.83400534842611,36.83400534842611,,,2.017473622805938,0.012549311853945255,0.9993010851094043,2.017473622805938,,0.410116318288409,1.9178355689619568,110.50651416778564,257.8380374389828,36.83400534842611,0.002533536773498897,1.5521772929600306,36.83400534842611,0.0025,53.97044008225485,0.09105681151607756,0.09161097183823586,0.10066466853022575,0.12904368340969086,1.496009668644371,1.2568162216282057,3.0957135035946695,,,,,,,,,,,,,,,,,,1,update_snr,bayesian,0.1,20,101770,10177,0.1,0.11142784148050987,0.05964819854288544,0.05704015070634013,0.11142773855740545,0.05964819854288544,0.05704015070634013,0.11142773855740545,0.12408803192940573,0.12158504305779058,0.13823378129670372,0.0524882170554943,0.0508944349989814,0.09771287106199089,0.12408803192940573,0.12158504305779058,0.13823378129670372,0.0524882170554943,0.0508944349989814,0.09771287106199089,1.0823682543927986,1.7025506690258605,0.5364968553528952,0.8439023191083524,0.5364968553528952,814160,203540,81416,122124,0.75,,,,,,,,,0.007915580036284255,7
bayesfl_observability_v1,vi_sparse_bayesian_keep010_seed42,119,vi,16,1,1,,5,256,109.05625982284546,0.007399178110063076,256.7422725275876,256.7422725275876,,,2.0126020995242184,0.012537091970443726,0.999304387540208,2.0126020995242184,,-0.0,2.311121424016332,109.05625982284546,256.7422725275876,256.7422725275876,0.0025227697015582943,0.007399178110063076,256.7422725275876,0.0025,53.967801447801556,0.09105942500086235,0.09160976111888885,0.1007112130522728,0.12865205109119415,1.4959250862586262,1.2567916735117772,3.095169338216785,,,,,,,,,,,,,,,,,,1,update_snr,bayesian,0.1,20,101770,10177,0.1,0.11119965046420786,0.059536842876578816,0.05674965047325249,0.11119704886192912,0.059536842876578816,0.05674965047325249,0.11119704886192912,0.12384791038689202,0.12135389176881778,0.13820778406765472,0.05239116870876624,0.05060267653152655,0.09759122554526693,0.12384791038689202,0.12135389176881778,0.13820778406765472,0.05239116870876624,0.05060267653152655,0.09759122554526693,1.0811292098971736,1.6975649744608916,0.5371798082456308,0.8434677549338729,0.5371798082456308,814160,203540,81416,122124,0.75,,,,,,,,,0.007920861992799405,1
bayesfl_observability_v1,vi_sparse_bayesian_keep010_seed42,119,vi,22,1,18,,5,256,170.33442134857177,0.7743714650472006,14.428020040771335,14.428020040771335,,,2.023527241492074,0.012538105249404907,0.9992965537752533,2.023527241492074,,-0.0,2.3277319754160017,170.33442134857177,259.704360733884,14.428020040771335,0.0025518754125369364,0.7743714650472006,14.428020040771335,0.0025,53.95724673832405,0.09105522929483685,0.09161606431007385,0.10067487508058548,0.12905041873455048,1.4955065392032703,1.2581431698352623,3.0951990360374597,,,,,,,,,,,,,,,,,,1,update_snr,bayesian,0.1,20,101770,10177,0.1,0.11181179485995539,0.059887680571777784,0.057391045828695635,0.11181037014707815,0.059887680571777784,0.057391045828695635,0.11181037014707815,0.12454785135815218,0.12195065618827126,0.1390706192154508,0.05270321715106951,0.05105964594685162,0.09788729880412782,0.12454785135815218,0.12195065618827126,0.1390706192154508,0.05270321715106951,0.05105964594685162,0.09788729880412782,1.0835593495739548,1.708965076592086,0.535480485439365,0.8445476006203695,0.535480485439365,814160,203540,81416,122124,0.75,,,,,,,,,0.00791881937393068,18
bayesfl_observability_v1,vi_sparse_bayesian_keep010_seed42,120,vi,0,0,1,,5,256,27.805398559570314,3.075552376685664e-05,66.03723903809495,66.03723903809495,,,1.0236622077456774,0.006275951862335205,0.9998206925562303,1.0236622077456774,,-0.0,2.28098669344155,27.805398559570314,66.03723903809495,66.03723903809495,0.0006488870889072905,3.075552376685664e-05,66.03723903809495,0.00125,54.05745485538393,0.09114358778803197,0.09170694649219513,0.10073907524347306,0.1277972310781479,1.4966472721787283,1.2566231988313978,3.0942996538017398,,,,,,,,,,,,,,,,,,1,update_snr,bayesian,0.1,20,101770,10177,0.1,0.05617783199956809,0.030313595438344228,0.029025137516625128,0.056177382694675405,0.030313595438344228,0.029025137516625128,0.056177382694675405,0.06245495937395608,0.0611558319675717,0.06956216248827603,0.026742332778831795,0.02592768311177365,0.04955730530067726,0.06245495937395608,0.0611558319675717,0.06956216248827603,0.026742332778831795,0.02592768311177365,0.04955730530067726,0.5442136075878791,0.8670154928736515,0.5316339740492653,0.846974213088324,0.5316339740492653,814160,203540,81416,122124,0.75,,,,,,,,,0.00789226362923904,1
bayesfl_observability_v1,vi_sparse_bayesian_keep010_seed42,120,vi,61,4,19,,5,256,65.93826694488526,0.8451919555664062,3.5094789549885435,3.5094789549885435,,,1.0283453350307854,0.006266298703849316,0.9998190248324267,1.0283453350307854,,0.19144408195771734,2.068951449990993,65.93826694488526,66.68010014478233,3.5094789549885435,0.0006552038925496937,0.8451919555664062,3.5094789549885435,0.00125,54.0546095435385,0.09114219564594928,0.09170162677764893,0.10071118474006653,0.1283876895904541,1.4965721229322086,1.2556151943237142,3.096320750379927,,,,,,,,,,,,,,,,,,1,update_snr,bayesian,0.1,20,101770,10177,0.1,0.05648714524618008,0.03046869457737775,0.029273878723084325,0.05648686739233138,0.03046869457737775,0.029273878723084325,0.05648686739233138,0.06271746725334518,0.06140501059091651,0.06996369797447641,0.026885497613381378,0.02609030268783388,0.049735934133732736,0.06271746725334518,0.06140501059091651,0.06996369797447641,0.026885497613381378,0.02609030268783388,0.049735934133732736,0.545786230215016,0.8715569510865372,0.5307421657129188,0.8475333347629234,0.5307421657129188,814160,203540,81416,122124,0.75,,,,,,,,,0.007890709672334734,19
bayesfl_observability_v1,vi_sparse_bayesian_keep010_seed42,120,vi,172,13,1,,5,256,18.53639736175537,1.549708758830093e-05,66.54250333353498,66.54250333353498,,,1.0277034790947257,0.00626412034034729,0.9998192128613973,1.0277034790947257,,-0.0,2.185987945410232,18.53639736175537,66.54250333353498,66.54250333353498,0.0006538518554931215,1.549708758830093e-05,66.54250333353498,0.00125,54.048882417204055,0.09114238170119345,0.09169765189290047,0.10071886852383614,0.12787052989006042,1.4963384766690886,1.2556151811711362,3.0949445087020364,,,,,,,,,,,,,,,,,,1,update_snr,bayesian,0.1,20,101770,10177,0.1,0.056429365099442706,0.030441317600243885,0.02927445924852523,0.056429296947587686,0.030441317600243885,0.02927445924852523,0.056429296947587686,0.06257579046296677,0.061295137577612,0.06963879673496487,0.026870820615496893,0.02611378113002433,0.049732539900787215,0.06257579046296677,0.061295137577612,0.06963879673496487,0.026870820615496893,0.02611378113002433,0.049732539900787215,0.5455894356086738,0.8709228488767606,0.5308821529817801,0.8474456558655726,0.5308821529817801,814160,203540,81416,122124,0.75,,,,,,,,,0.00789145303531126,1
bayesfl_observability_v1,vi_sparse_bayesian_keep010_seed42,120,vi,173,13,1,,5,256,25.783534622192384,4.2184977531433105,66.34117685994052,66.34117685994052,,,1.025936504000282,0.006267931312322617,0.9998198387230117,1.025936504000282,,-0.0,2.3292713582565514,25.783534622192384,66.34117685994052,66.34117685994052,0.0006518736057771497,4.2184977531433105,66.34117685994052,0.00125,54.04969868644614,0.09114236609641105,0.0917024202644825,0.10072401389479638,0.12787853181362152,1.4964116075842204,1.2563952310041502,3.0960135744407826,,,,,,,,,,,,,,,,,,1,update_snr,bayesian,0.1,20,101770,10177,0.1,0.05631088755394065,0.030412184373093735,0.029245950569249023,0.05631073767012971,0.030412184373093735,0.029245950569249023,0.05631073767012971,0.06249614442746583,0.06129899909087301,0.06953934560775098,0.026847299922607946,0.026129156359399042,0.04962115455547659,0.06249614442746583,0.06129899909087301,0.06953934560775098,0.026847299922607946,0.026129156359399042,0.04962115455547659,0.5447323519565888,0.8693747034346953,0.5309610778372684,0.8473962082885944,0.5309610778372684,814160,203540,81416,122124,0.75,,,,,,,,,0.007891780279568389,1
bayesfl_observability_v1,vi_sparse_bayesian_keep010_seed42,120,vi,39,3,5,,5,256,49.31781759262085,3.021858024597168,13.273991062223269,13.273991062223269,,,1.0258681342842102,0.006267379969358444,0.9998198664045672,1.0258681342842102,,-0.0,2.4040642619438994,49.31781759262085,66.36995531111634,13.273991062223269,0.0006521563850949823,3.021858024597168,13.273991062223269,0.00125,54.05031002745926,0.09114256901575925,0.0916999988257885,0.10072290897369385,0.12804442644119263,1.4963935509844053,1.2548583821258568,3.093419606125578,,,,,,,,,,,,,,,,,,1,update_snr,bayesian,0.1,20,101770,10177,0.1,0.056404950956571054,0.030401291872836644,0.029141517817423485,0.05640449020502303,0.030401291872836644,0.029141517817423485,0.05640449020502303,0.06265445916198019,0.06134741716199714,0.06972362318306784,0.026817606618487352,0.02605118616753366,0.049602233279199354,0.06265445916198019,0.06134741716199714,0.06972362318306784,0.026817606618487352,0.02605118616753366,0.049602233279199354,0.5448659733288569,0.8692102737819913,0.531126716114476,0.8472924001957373,0.531126716114476,814160,203540,81416,122124,0.75,,,,,,,,,0.007892628446222733,5
bayesfl_observability_v1,vi_sparse_bayesian_keep010_seed42,120,vi,40,3,110,,5,256,97.66040935516358,0.24911398454145953,0.6070135003663213,0.6070135003663213,,,1.0289263919985496,0.006276637315750122,0.9998187846116552,1.0289263919985496,,-0.0,2.3096097079310103,97.66040935516358,66.77148504029535,0.6070135003663213,0.0006561018476986867,0.24911398454145953,0.6070135003663213,0.00125,54.04928180280139,0.09114019679775158,0.09169365838170052,0.10071957185864448,0.12745952606201172,1.4963662946987666,1.2572297920939677,3.0954685845940078,,,,,,,,,,,,,,,,,,1,update_snr,bayesian,0.1,20,101770,10177,0.1,0.05644206883890738,0.03051004579717569,0.029286165091091547,0.05644152786680774,0.03051004579717569,0.029286165091091547,0.05644152786680774,0.06271699101529772,0.06140899424286523,0.06978630397606028,0.026931496328495463,0.02615045822371856,0.04979564754455227,0.06271699101529772,0.06140899424286523,0.06978630397606028,0.026931496328495463,0.02615045822371856,0.04979564754455227,0.5456672634300169,0.8723168906836267,0.5303268218926064,0.8477932896533733,0.5303268218926064,814160,203540,81416,122124,0.75,,,,,,,,,0.007890266406319173,110
bayesfl_observability_v1,vi_sparse_bayesian_keep010_seed42,120,vi,15,1,1,,5,256,28.914728736877443,2.8215932846069336,66.3165857886626,66.3165857886626,,,1.0257835692580335,0.006271108984947205,0.9998198803494275,1.0257835692580335,,-0.0,2.3277319754160017,28.914728736877443,66.3165857886626,66.3165857886626,0.0006516319719825351,2.8215932846069336,66.3165857886626,0.00125,54.0475099552183,0.09114177560795586,0.09169325977563858,0.10071406438946724,0.12842583656311035,1.4963773058814793,1.2565405398479548,3.0969846022739325,,,,,,,,,,,,,,,,,,1,update_snr,bayesian,0.1,20,101770,10177,0.1,0.05622607082049648,0.03040634823515731,0.029275897647020065,0.05622437576615748,0.03040634823515731,0.029275897647020065,0.05622437576615748,0.0625214580735981,0.06121859897036528,0.06973638050823239,0.026838002697552772,0.026156152645302893,0.049548190828637984,0.0625214580735981,0.06121859897036528,0.06973638050823239,0.026838002697552772,0.026156152645302893,0.049548190828637984,0.5447218235617939,0.869200820233889,0.53102997541265,0.8473530345807708,0.53102997541265,814160,203540,81416,122124,0.75,,,,,,,,,0.007891947714414677,1
bayesfl_observability_v1,vi_sparse_bayesian_keep010_seed42,120,vi,23,1,73,,5,256,36.52320930957794,0.017754749076007163,0.908079272865272,0.908079272865272,,,1.025137436120685,0.006268821656703949,0.9998201314512491,1.025137436120685,,-0.0,2.185987945410232,36.52320930957794,66.28978691916485,0.908079272865272,0.0006513686441894944,0.017754749076007163,0.908079272865272,0.00125,54.05165477006668,0.09114376760223437,0.09170029684901237,0.10072870403528214,0.12756463885307312,1.4964917392779864,1.2565187126490933,3.0958476400331243,,,,,,,,,,,,,,,,,,1,update_snr,bayesian,0.1,20,101770,10177,0.1,0.05629394348662042,0.030389055805708828,0.029299362435176862,0.05629375783990892,0.030389055805708828,0.029299362435176862,0.05629375783990892,0.06255069543795287,0.061237232973529655,0.06964651950154901,0.02681554029101504,0.026133890041324128,0.04951414787187285,0.06255069543795287,0.061237232973529655,0.06964651950154901,0.02681554029101504,0.026133890041324128,0.04951414787187285,0.5450136955784004,0.8682550515649573,0.5316493929251436,0.8469645346780033,0.5316493929251436,814160,203540,81416,122124,0.75,,,,,,,,,0.007891866169326007,73
bayesfl_observability_v1,vi_sparse_bayesian_keep010_seed42,120,vi,25,2,1,,5,256,30.31629753112793,0.09654845297336578,66.23787737701481,66.23787737701481,,,1.0242226430524999,0.0062647126615047455,0.9998204223351549,1.0242226430524999,,-0.0,2.4040642619438994,30.31629753112793,66.23787737701481,66.23787737701481,0.0006508585769579916,0.09654845297336578,66.23787737701481,0.00125,54.04633807270366,0.09114171101145137,0.09170961752533913,0.10072023421525955,0.12840114533901215,1.4962270041381363,1.2553837762155813,3.0940306689935513,,,,,,,,,,,,,,,,,,1,update_snr,bayesian,0.1,20,101770,10177,0.1,0.05634571183194024,0.030370761938011963,0.0290926683175835,0.05634432078451044,0.030370761938011963,0.0290926683175835,0.05634432078451044,0.06254190521949418,0.0612464842614549,0.06968501358628547,0.026796190462291716,0.02603481872256743,0.04961587206397518,0.06254190521949418,0.0612464842614549,0.06968501358628547,0.026796190462291716,0.02603481872256743,0.04961587206397518,0.5449054185745393,0.8672428191398044,0.5320185237758002,0.8467327148276598,0.5320185237758002,814160,203540,81416,122124,0.75,,,,,,,,,0.007890627710882083,1
bayesfl_observability_v1,vi_sparse_bayesian_keep010_seed42,120,vi,97,7,1882,,5,256,257.4691057831049,0.015993844500003535,0.18032215951351432,0.18032215951351432,,,2.312192561139347,0.03321684151887894,0.9990861075022892,2.312192561139347,,-0.0,2.3096097079310103,257.4691057831049,339.36630420443396,0.18032215951351432,0.003334639915539294,0.015993844500003535,0.18032215951351432,0.00125,54.09537415209983,0.0914064042266523,0.09194653853774071,0.10110383778810501,0.12824378907680511,1.4934231796432993,1.2535423155248828,3.093857755999143,,,,,,,,,,,,,,,,,,1,update_snr,bayesian,0.1,20,101770,10177,0.1,0.13087788987935547,0.06394434038620932,0.054260843184341406,0.13086901327888956,0.06394434038620932,0.054260843184341406,0.13086901327888956,0.16453185453432065,0.15594143547642034,0.20505836596100044,0.05276794992530805,0.04823780387399629,0.10455967019937464,0.16453185453432065,0.15594143547642034,0.20505836596100044,0.05276794992530805,0.04823780387399629,0.10455967019937464,1.507867416234658,1.752874865712315,0.6521374740050401,0.7581007287942209,0.6521374740050401,814160,203540,81416,122124,0.75,,,,,,,,,0.007956808108284474,1882
bayesfl_observability_v1,vi_sparse_bayesian_keep010_seed42,120,vi,142,11,17,,5,256,38.163134407997134,0.10596037612241857,3.902056782250646,3.902056782250646,,,1.0254931229046027,0.006270885467529297,0.9998200146252396,1.0254931229046027,,-0.0,2.3096097079310103,38.163134407997134,66.33496529826098,3.902056782250646,0.0006518125704850249,0.10596037612241857,3.902056782250646,0.00125,54.05284044620724,0.09114241829769568,0.09170056506991386,0.10072737336158752,0.12710261344909668,1.4964430449117418,1.2552239509742245,3.0967515006875765,,,,,,,,,,,,,,,,,,1,update_snr,bayesian,0.1,20,101770,10177,0.1,0.056366077730353216,0.030419238293915695,0.029225668056011622,0.05636495015944264,0.030419238293915695,0.029225668056011622,0.05636495015944264,0.06255189403822195,0.061307541653726774,0.0694773235809304,0.026848943211215,0.026105744778416408,0.04957233722671585,0.06255189403822195,0.061307541653726774,0.0694773235809304,0.026848943211215,0.026105744778416408,0.04957233722671585,0.5448766802726225,0.8687609270793211,0.5313313839973065,0.8471640693392911,0.5313313839973065,814160,203540,81416,122124,0.75,,,,,,,,,0.00789093369409537,17
bayesfl_observability_v1,vi_sparse_bayesian_keep010_seed42,120,vi,144,11,1,,5,256,20.287749302387237,0.002148345345631242,66.5066052623155,66.5066052623155,,,1.0274208227924457,0.006266938056796789,0.9998193759360176,1.0274208227924457,,-0.0,2.185987945410232,20.287749302387237,66.5066052623155,66.5066052623155,0.0006534991182304756,0.002148345345631242,66.5066052623155,0.00125,54.05778310579629,0.09114211781205381,0.09170681610703468,0.10071910545229912,0.1282612532377243,1.4965508041525677,1.2555526839605542,3.097435014902101,,,,,,,,,,,,,,,,,,1,update_snr,bayesian,0.1,20,101770,10177,0.1,0.0564070661887668,0.030454715872495146,0.029305042215588252,0.056406454645729014,0.030454715872495146,0.029305042215588252,0.056406454645729014,0.06261447856347746,0.06125063207262071,0.0696899103931686,0.026881408906830447,0.026098264622355673,0.04969062254540659,0.06261447856347746,0.06125063207262071,0.0696899103931686,0.026881408906830447,0.026098264622355673,0.04969062254540659,0.5455985637984329,0.8705835711111221,0.5310370898611346,0.8473485759661238,0.5310370898611346,814160,203540,81416,122124,0.75,,,,,,,,,0.00789167979525577,1
bayesfl_observability_v1,vi_sparse_bayesian_keep010_seed42,120,vi,148,11,2,,5,256,29.580975151062013,1.3146412372589111,33.206452670296514,33.206452670296514,,,1.0263152037577712,0.006270617246627808,0.9998197364920577,1.0263152037577712,,-0.0,2.3277319754160017,29.580975151062013,66.41290534059303,33.206452670296514,0.0006525784154524224,1.3146412372589111,33.206452670296514,0.00125,54.05430514247431,0.09114163073808924,0.09169434756040573,0.10072901621460915,0.12831716239452362,1.4965952205324242,1.2570407910131274,3.0941730158897505,,,,,,,,,,,,,,,,,,1,update_snr,bayesian,0.1,20,101770,10177,0.1,0.05634619347671817,0.030418583632692505,0.029148199447454344,0.056344940267999646,0.030418583632692505,0.029148199447454344,0.056344940267999646,0.06265750547924966,0.06129541398058775,0.06989980245974417,0.026836481205297264,0.02605513495062801,0.04970546071555551,0.06265750547924966,0.06129541398058775,0.06989980245974417,0.026836481205297264,0.02605513495062801,0.04970546071555551,0.5451498364717017,0.8695599768039194,0.5311719386750572,0.8472640506738037,0.5311719386750572,814160,203540,81416,122124,0.75,,,,,,,,,0.007894576934942747,2
bayesfl_observability_v1,vi_sparse_bayesian_keep010_seed42,120,vi,151,12,1,,5,256,28.359969043731688,3.381688117980957,66.3846058864615,66.3846058864615,,,1.0258711219930303,0.006264388561248779,0.9998198573370631,1.0258711219930303,,-0.0,2.3277319754160017,28.359969043731688,66.3846058864615,66.3846058864615,0.0006523003427971062,3.381688117980957,66.3846058864615,0.00125,54.048944557295606,0.0911436833283856,0.09170199930667877,0.10071541592478753,0.12798570096492767,1.4964514383717904,1.2559234806513848,3.0951415414577834,,,,,,,,,,,,,,,,,,1,update_snr,bayesian,0.1,20,101770,10177,0.1,0.05632042034535675,0.030420856686741264,0.029301557606074592,0.05631933595330781,0.030420856686741264,0.029301557606074592,0.05631933595330781,0.06249092927406919,0.06120064563107109,0.06955493792011894,0.026857515288149277,0.026139031710209613,0.04963367944680873,0.06249092927406919,0.06120064563107109,0.06955493792011894,0.026857515288149277,0.026139031710209613,0.04963367944680873,0.5444264978933796,0.869489130082021,0.5306967768384833,0.8475617564834116,0.5306967768384833,814160,203540,81416,122124,0.75,,,,,,,,,0.00789254446645347,1
bayesfl_observability_v1,vi_sparse_bayesian_keep010_seed42,120,vi,104,8,810,,5,256,196.15666758418084,0.016634909654565065,0.30185540052103327,0.30185540052103327,,,1.9665440843168198,0.019633620977401733,0.9993386216505524,1.9665440843168198,,0.008677115299901474,2.3068194974795277,196.15666758418084,244.50287442203697,0.30185540052103327,0.0024025044160561754,0.016634909654565065,0.30185540052103327,0.00125,54.07983138098555,0.09131001413766786,0.09187614917755127,0.10094980001449586,0.12826229631900787,1.4944576394474396,1.2548762306388928,3.0909254005520097,,,,,,,,,,,,,,,,,,1,update_snr,bayesian,0.1,20,101770,10177,0.1,0.11186827969321375,0.05537655947609466,0.048245954288998,0.11186778413824804,0.05537655947609466,0.048245954288998,0.11186778413824804,0.1362474981684441,0.13078057261683276,0.16516469982937865,0.04639089962138919,0.04289812134571473,0.09099013382159132,0.1362474981684441,0.13078057261683276,0.16516469982937865,0.04639089962138919,0.04289812134571473,0.09099013382159132,1.2316115629106206,1.533110757142594,0.6262822037566903,0.7795964348672095,0.6262822037566903,814160,203540,81416,122124,0.75,,,,,,,,,0.007925829455900877,810
bayesfl_observability_v1,vi_sparse_bayesian_keep010_seed42,121,vi,33,2,1,,5,256,28.34391474723816,0.0004782725009135902,65.53243021849136,65.53243021849136,,,1.0211732646998875,0.006272464990615845,0.9998217805468944,1.0211732646998875,,-0.0,2.3096097079310103,28.34391474723816,65.53243021849136,65.53243021849136,0.0006439267978627431,0.0004782725009135902,65.53243021849136,0.00125,54.091152483901126,0.09127237340234973,0.0918295569717884,0.10084053575992584,0.12835916876792908,1.4952149201137388,1.2545012089708463,3.093478083673949,,,,,,,,,,,,,,,,,,1,update_snr,bayesian,0.1,20,101770,10177,0.1,0.05612926683469915,0.030166406087122975,0.028902475462511307,0.05612921510964014,0.030166406087122975,0.028902475462511307,0.05612921510964014,0.06233034478861975,0.061129262598028575,0.06928270665770794,0.026592635120290004,0.025737169595880117,0.04939323164255896,0.06233034478861975,0.061129262598028575,0.06928270665770794,0.026592635120290004,0.025737169595880117,0.04939323164255896,0.5448018104666047,0.8637047087113379,0.5335057519614131,0.8457964368712414,0.5335057519614131,814160,203540,81416,122124,0.75,,,,,,,,,0.007882488545598905,1
bayesfl_observability_v1,vi_sparse_bayesian_keep010_seed42,121,vi,172,13,1,,5,256,25.20975595116615,0.0013167529832571745,66.14726355520811,66.14726355520811,,,1.0257426723531287,0.0062715718522667885,0.9998201683257155,1.0257426723531287,,-0.0,2.185987945410232,25.20975595116615,66.14726355520811,66.14726355520811,0.0006499681984396985,0.0013167529832571745,66.14726355520811,0.00125,54.08897283753388,0.09127097893621594,0.0918467529118061,0.10081986784934997,0.1283465176820755,1.495107972019622,1.2558469395967946,3.0926161644953982,,,,,,,,,,,,,,,,,,1,update_snr,bayesian,0.1,20,101770,10177,0.1,0.05623816387080674,0.03035506072978779,0.02918313646450598,0.05623747662395501,0.03035506072978779,0.02918313646450598,0.05623747662395501,0.062457968239223595,0.06106811779639989,0.06972332682572621,0.02678807100651714,0.025943830970412866,0.04948803967873358,0.062457968239223595,0.06106811779639989,0.06972332682572621,0.02678807100651714,0.025943830970412866,0.04948803967873358,0.5455386179760412,0.8686401131555744,0.5318474434962677,0.8468401837693371,0.5318474434962677,814160,203540,81416,122124,0.75,,,,,,,,,0.00788197246778886,1
bayesfl_observability_v1,vi_sparse_bayesian_keep010_seed42,121,vi,90,7,1,,5,256,26.16637921333313,0.0,65.92024507024605,65.92024507024605,,,1.0239077753129178,0.006274998188018799,0.9998208164794089,1.0239077753129178,,-0.0,2.3096097079310103,26.16637921333313,65.92024507024605,65.92024507024605,0.0006477374970054638,0.0,65.92024507024605,0.00125,54.089859506082426,0.09127036569446217,0.09183278679847717,0.10082242414355279,0.12850941717624664,1.4951829963058092,1.2548058871375076,3.09195889618173,,,,,,,,,,,,,,,,,,1,update_snr,bayesian,0.1,20,101770,10177,0.1,0.05610594636432507,0.03027306735400716,0.029076148910155666,0.05610410275992552,0.03027306735400716,0.029076148910155666,0.05610410275992552,0.0624463664326204,0.06109538304895919,0.06957290550146568,0.026698256345272356,0.0258996956846186,0.049425131118836306,0.0624463664326204,0.06109538304895919,0.06957290550146568,0.026698256345272356,0.0258996956846186,0.049425131118836306,0.5446359014918662,0.867040291539206,0.5319189038538352,0.8467952997761237,0.5319189038538352,814160,203540,81416,122124,0.75,,,,,,,,,0.007882286549495552,1
bayesfl_observability_v1,vi_sparse_bayesian_keep010_seed42,121,vi,131,10,1,,5,256,31.618451023101805,3.9544899463653564,65.94980082278136,65.94980082278136,,,1.0243107890401841,0.006274551153182983,0.999820678028346,1.0243107890401841,,-0.0,2.259365973874069,31.618451023101805,65.94980082278136,65.94980082278136,0.0006480279141474045,3.9544899463653564,65.94980082278136,0.00125,54.09028411439015,0.09127184167933321,0.09183338284492493,0.10082374587655067,0.12785756587982178,1.495085173298027,1.2547212914096109,3.094785664746518,,,,,,,,,,,,,,,,,,1,update_snr,bayesian,0.1,20,101770,10177,0.1,0.056238665703881176,0.03027534917752599,0.02896088433666676,0.05623852956166322,0.03027534917752599,0.02896088433666676,0.05623852956166322,0.06242586082105634,0.061099903560226196,0.0695651712867258,0.026703070106022617,0.025886565619071517,0.049605396746377414,0.06242586082105634,0.061099903560226196,0.0695651712867258,0.026703070106022617,0.025886565619071517,0.049605396746377414,0.5447713796722827,0.8674311133652531,0.5318418838317158,0.8468436754220534,0.5318418838317158,814160,203540,81416,122124,0.75,,,,,,,,,0.007882634346612152,1
bayesfl_observability_v1,vi_sparse_bayesian_keep010_seed42,121,vi,225,18,45,,5,256,28.415120100975038,0.014009512795342339,1.4698517569769574,1.4698517569769574,,,1.0250866516866906,0.0062599629163742065,0.9998204333887488,1.0250866516866906,,-0.0,2.311121424016332,28.415120100975038,66.14332906396308,1.4698517569769574,0.000649929537820213,0.014009512795342339,1.4698517569769574,0.00125,54.09418206833585,0.09127004382374321,0.0918349176645279,0.10082063972949981,0.1289759874343872,1.4953096986391532,1.2559317521506126,3.092907108446143,,,,,,,,,,,,,,,,,,1,update_snr,bayesian,0.1,20,101770,10177,0.1,0.05628056129796161,0.030348501162847683,0.02919834318891429,0.056280256878358116,0.030348501162847683,0.02919834318891429,0.056280256878358116,0.06247203948519345,0.061239681819063876,0.06953907242050528,0.026779219127031496,0.02601664563233501,0.04955971146586808,0.06247203948519345,0.061239681819063876,0.06953907242050528,0.026779219127031496,0.02601664563233501,0.04955971146586808,0.5446220469077089,0.8684408267051292,0.5312936677222173,0.847187723375566,0.5312936677222173,814160,203540,81416,122124,0.75,,,,,,,,,0.007882886254489683,45
bayesfl_observability_v1,vi_sparse_bayesian_keep010_seed42,121,vi,269,21,1,,5,256,26.62856228351593,0.001830451306886971,66.2595039336563,66.2595039336563,,,1.0264015462962992,0.006274625658988953,0.9998199972488119,1.0264015462962992,,-0.0,2.185987945410232,26.62856228351593,66.2595039336563,66.2595039336563,0.0006510710811993348,0.001830451306886971,66.2595039336563,0.00125,54.09723348523505,0.09127058079507404,0.09183208271861076,0.10081890299916269,0.12774309515953064,1.4953741646417766,1.2555695687369082,3.0931914975828363,,,,,,,,,,,,,,,,,,1,update_snr,bayesian,0.1,20,101770,10177,0.1,0.05630253406495946,0.030374873704308646,0.029228396861157555,0.056301273826679266,0.030374873704308646,0.029228396861157555,0.056301273826679266,0.06251954943019515,0.06123241854861045,0.06957769193447762,0.026803243068099038,0.026037710891841044,0.04961219629885055,0.06251954943019515,0.06123241854861045,0.06957769193447762,0.026803243068099038,0.026037710891841044,0.04961219629885055,0.5452347146626926,0.8696086707054657,0.5312099505599298,0.8472402188435803,0.5312099505599298,814160,203540,81416,122124,0.75,,,,,,,,,0.007882869785081922,1
bayesfl_observability_v1,vi_sparse_bayesian_keep010_seed42,121,vi,274,21,69,,5,256,146.57356510162353,0.5127637006234431,0.9744747313764018,0.9744747313764018,,,1.034769947994449,0.006268441677093506,0.999817003822005,1.034769947994449,,-0.0,2.259365973874069,146.57356510162353,67.23875646497173,0.9744747313764018,0.0006606932933572932,0.5127637006234431,0.9744747313764018,0.00125,54.091330620695615,0.0912689478425321,0.09184300526976585,0.1008290708065033,0.12828713655471802,1.4952579772853045,1.2547166196344075,3.094913911079359,,,,,,,,,,,,,,,,,,1,update_snr,bayesian,0.1,20,101770,10177,0.1,0.056528763133135575,0.030650688503996812,0.029602136965980196,0.056528366102608384,0.030650688503996812,0.029602136965980196,0.056528366102608384,0.06268882098761604,0.06139705848003275,0.06971862721087656,0.027090896005816902,0.02637786270481478,0.0498866276794687,0.06268882098761604,0.06139705848003275,0.06971862721087656,0.027090896005816902,0.02637786270481478,0.0498866276794687,0.5468735125632889,0.8784521651912106,0.5284976758585016,0.8489347481474434,0.5284976758585016,814160,203540,81416,122124,0.75,,,,,,,,,0.007882110349691654,69
bayesfl_observability_v1,vi_sparse_bayesian_keep010_seed42,121,vi,253,20,1,,5,256,21.845171761512756,0.015238530933856964,66.1453011180561,66.1453011180561,,,1.0256882871058575,0.0062726885080337524,0.9998202214992639,1.0256882871058575,,-0.0,2.259365973874069,21.845171761512756,66.1453011180561,66.1453011180561,0.000649948915378364,0.015238530933856964,66.1453011180561,0.00125,54.09404850834245,0.0912712374459954,0.09182918071746826,0.10082496032118797,0.12775340676307678,1.4951727920723756,1.2556344746060515,3.096481421611219,,,,,,,,,,,,,,,,,,1,update_snr,bayesian,0.1,20,101770,10177,0.1,0.05621390683839424,0.030381230861929363,0.029165164048675613,0.05621368292293478,0.030381230861929363,0.029165164048675613,0.05621368292293478,0.06242844197954804,0.06109939990817408,0.069517001079044,0.0268204296266384,0.026100591398529514,0.04948507078439886,0.06242844197954804,0.06109939990817408,0.069517001079044,0.0268204296266384,0.026100591398529514,0.04948507078439886,0.5449933292838341,0.8689181396094057,0.5313440117578211,0.8471561492246307,0.5313440117578211,814160,203540,81416,122124,0.75,,,,,,,,,0.00788030327857065,1
bayesfl_observability_v1,vi_sparse_bayesian_keep010_seed42,121,vi,12,1,1,,5,256,24.89693727493286,0.2434263378381729,66.20266674429934,66.20266674429934,,,1.0262557694508563,0.00627078115940094,0.9998199836174081,1.0262557694508563,,-0.0,2.3277319754160017,24.89693727493286,66.20266674429934,66.20266674429934,0.0006505125945199896,0.2434263378381729,66.20266674429934,0.00125,54.08814274598542,0.09127060123490036,0.09183047339320183,0.100831638276577,0.12800544500350952,1.495203349631223,1.2556433047897202,3.0929693129661913,,,,,,,,,,,,,,,,,,1,update_snr,bayesian,0.1,20,101770,10177,0.1,0.05627289608360066,0.03037429328823099,0.029189862480135387,0.05627277702710115,0.03037429328823099,0.029189862480135387,0.05627277702710115,0.06245997740053305,0.061171167650594147,0.06945707176651907,0.02680921727575299,0.026082192762462323,0.04953838198192323,0.06245997740053305,0.061171167650594147,0.06945707176651907,0.02680921727575299,0.026082192762462323,0.04953838198192323,0.5450887410851564,0.8695281298919368,0.531143168507428,0.8472820867620715,0.531143168507428,814160,203540,81416,122124,0.75,,,,,,,,,0.007881993209238455,1
bayesfl_observability_v1,vi_sparse_bayesian_keep010_seed42,121,vi,48,3,1,,5,256,29.10737066268921,0.721619725227356,66.05624824696841,66.05624824696841,,,1.0253375588959606,0.0062639713287353516,0.9998202875596003,1.0253375588959606,,-0.0,2.3292713582565514,29.10737066268921,66.05624824696841,66.05624824696841,0.0006490738748842331,0.721619725227356,66.05624824696841,0.00125,54.08448942929337,0.09127114643536342,0.09183574840426445,0.10083662867546081,0.1287490874528885,1.4949104285405428,1.2551921960444257,3.0951025812006283,,,,,,,,,,,,,,,,,,1,update_snr,bayesian,0.1,20,101770,10177,0.1,0.05620953217693228,0.03033522181493221,0.029048567787073026,0.05620865191039969,0.03033522181493221,0.029048567787073026,0.05620865191039969,0.0624281100936205,0.06117850782778307,0.06940485335043577,0.02676934533952241,0.02596538062688227,0.04945196839509921,0.0624281100936205,0.06117850782778307,0.06940485335043577,0.02676934533952241,0.02596538062688227,0.04945196839509921,0.5448168603104736,0.8686148159018273,0.5313536557629948,0.8471501003407252,0.5313536557629948,814160,203540,81416,122124,0.75,,,,,,,,,0.007882343284804774,1
bayesfl_observability_v1,vi_sparse_bayesian_keep010_seed42,121,vi,85,6,1,,5,256,23.048444032669067,0.03989283740520477,65.76431912066985,65.76431912066985,,,1.0229089115447252,0.00627521425485611,0.9998211539958706,1.0229089115447252,,-0.0,2.3277319754160017,23.048444032669067,65.76431912066985,65.76431912066985,0.0006462053563984461,0.03989283740520477,65.76431912066985,0.00125,54.087795796195564,0.09127049710086536,0.09184016659855843,0.10082734078168869,0.12802016735076904,1.4952432860895652,1.2551166923455335,3.0948400421619247,,,,,,,,,,,,,,,,,,1,update_snr,bayesian,0.1,20,101770,10177,0.1,0.056127781313178825,0.030247184977036767,0.028965964016759216,0.05612690528651528,0.030247184977036767,0.028965964016759216,0.05612690528651528,0.062443983049311515,0.06118079872011711,0.06940310001191545,0.026669762969006243,0.02587900938737658,0.049367541777380675,0.062443983049311515,0.06118079872011711,0.06940310001191545,0.026669762969006243,0.02587900938737658,0.049367541777380675,0.5451849472877218,0.86551488408259,0.5329750685859426,0.8461309451059041,0.5329750685859426,814160,203540,81416,122124,0.75,,,,,,,,,0.007883710415880376,1
bayesfl_observability_v1,vi_sparse_bayesian_keep010_seed42,121,vi,286,22,1,,5,256,25.590263199806213,0.0063437046483159065,66.03096576437878,66.03096576437878,,,1.0249130355186964,0.0062721967697143555,0.99982048580112,1.0249130355186964,,-0.0,2.185987945410232,25.590263199806213,66.03096576437878,66.03096576437878,0.0006488254472278547,0.0063437046483159065,66.03096576437878,0.00125,54.09304968924816,0.09126977982145754,0.09184097498655319,0.1008303701877594,0.12806501984596252,1.4952572888661264,1.2554402844154182,3.0933162375644367,,,,,,,,,,,,,,,,,,1,update_snr,bayesian,0.1,20,101770,10177,0.1,0.056297859150082265,0.03030767328014603,0.02909381569155612,0.05629784834665956,0.03030767328014603,0.02909381569155612,0.05629784834665956,0.06244665885723632,0.06119359875610182,0.06939035161407985,0.02673667488269155,0.02597215389910646,0.049504892145097665,0.06244665885723632,0.06119359875610182,0.06939035161407985,0.02673667488269155,0.02597215389910646,0.049504892145097665,0.5448534447400557,0.8680906946460398,0.5316094398821962,0.8469896123496071,0.5316094398821962,814160,203540,81416,122124,0.75,,,,,,,,,0.007881799134136506,1
bayesfl_observability_v1,vi_sparse_bayesian_keep010_seed42,121,vi,182,14,1,,5,256,29.22522563934326,1.1611864566802979,66.22292253426957,66.22292253426957,,,1.0260102925205001,0.006271105259656906,0.9998200950151434,1.0260102925205001,,-0.0,2.3277319754160017,29.22522563934326,66.22292253426957,66.22292253426957,0.0006507116295005362,1.1611864566802979,66.22292253426957,0.00125,54.09218170594844,0.09127034527949064,0.091832485049963,0.10082521289587021,0.12798674404621124,1.495295224920016,1.2542070996884136,3.0923771775241735,,,,,,,,,,,,,,,,,,1,update_snr,bayesian,0.1,20,101770,10177,0.1,0.05631096966076979,0.030381709709851698,0.029227231953337526,0.056310474275448524,0.030381709709851698,0.029227231953337526,0.056310474275448524,0.06254882062727685,0.0612743635786797,0.06960899334458083,0.02680758627458224,0.026070403124349006,0.04948669770729541,0.06254882062727685,0.0612743635786797,0.06960899334458083,0.02680758627458224,0.026070403124349006,0.04948669770729541,0.5451121460731622,0.8692237160602064,0.5312930582148819,0.8471881056133157,0.5312930582148819,814160,203540,81416,122124,0.75,,,,,,,,,0.007882066418734415,1
bayesfl_observability_v1,vi_sparse_bayesian_keep010_seed42,121,vi,8,0,25,,5,256,57.82197532653809,0.2893426513671875,2.6609181703860925,2.6609181703860925,,,1.028468154819335,0.006274417042732239,0.9998192626065348,1.028468154819335,,0.34883209584303193,1.9674200764769605,57.82197532653809,66.52295425965231,2.6609181703860925,0.0006536597647602664,0.2893426513671875,2.6609181703860925,0.00125,54.096189177863245,0.0912695337622081,0.0918290950357914,0.10083104223012924,0.12827078998088837,1.4952929969735005,1.2554823608740335,3.095156786441537,,,,,,,,,,,,,,,,,,1,update_snr,bayesian,0.1,20,101770,10177,0.1,0.05630021281232201,0.030443675810712487,0.029340182181605286,0.056299432249467804,0.030443675810712487,0.029340182181605286,0.056299432249467804,0.06250786939185887,0.06118127374405488,0.06966598389296495,0.02688098763502956,0.02612189528675961,0.049697321925151985,0.06250786939185887,0.06118127374405488,0.06966598389296495,0.02688098763502956,0.02612189528675961,0.049697321925151985,0.5446842483457915,0.8723908614156093,0.5296073055771697,0.848242949796396,0.5296073055771697,814160,203540,81416,122124,0.75,,,,,,,,,0.007882903173780813,25
bayesfl_observability_v1,vi_sparse_bayesian_keep010_seed42,121,vi,224,17,73,,5,256,145.3442865371704,0.4961388992936644,0.9183385413280369,0.9183385413280369,,,1.0332164558561823,0.006263434886932373,0.9998175372520928,1.0332164558561823,,0.6276116833595444,1.622881584788002,145.3442865371704,67.0387135169467,0.9183385413280369,0.0006587276556642104,0.4961388992936644,0.9183385413280369,0.00125,54.088835925416134,0.09127009310105748,0.09183169901371002,0.10082974806427956,0.1275792121887207,1.495122914606733,1.2554596680148613,3.0946198801369733,,,,,,,,,,,,,,,,,,1,update_snr,bayesian,0.1,20,101770,10177,0.1,0.056487661377896216,0.03060350694504915,0.02950649940907693,0.05648737062269798,0.03060350694504915,0.02950649940907693,0.05648737062269798,0.06265905114157472,0.06131589363773529,0.06980624049690257,0.027041779812101856,0.026317652974108624,0.04980978583962451,0.06265905114157472,0.06131589363773529,0.06980624049690257,0.027041779812101856,0.026317652974108624,0.04980978583962451,0.5462130218077564,0.8770333970035864,0.5286530413950222,0.848838006820968,0.5286530413950222,814160,203540,81416,122124,0.75,,,,,,,,,0.007882821112627624,73
bayesfl_observability_v1,vi_sparse_bayesian_keep010_seed42,122,vi,292,23,1,,5,256,25.475222015380858,1.1920922133867862e-06,66.04688716364798,66.04688716364798,,,1.0259102980501011,0.006272494792938232,0.9998202380290059,1.0259102980501011,,-0.0,2.3096097079310103,25.475222015380858,66.04688716364798,66.04688716364798,0.0006489818921455044,1.1920922133867862e-06,66.04688716364798,0.00125,54.108189521034014,0.09135876427239585,0.09193677082657814,0.10089711993932725,0.1287613809108734,1.4941782820246325,1.2558236653521293,3.0914080175978964,,,,,,,,,,,,,,,,,,1,update_snr,bayesian,0.1,20,101770,10177,0.1,0.0561417010463924,0.03032291897272102,0.02913488330667069,0.056141237609186725,0.03032291897272102,0.02913488330667069,0.056141237609186725,0.06237996240926937,0.061051793047068044,0.06952538652429406,0.02676102525754898,0.02596641437719111,0.04953264818609519,0.06237996240926937,0.061051793047068044,0.06952538652429406,0.02676102525754898,0.02596641437719111,0.04953264818609519,0.5449881731305901,0.8691834275876582,0.5312240009349971,0.8472314092564173,0.5312240009349971,814160,203540,81416,122124,0.75,,,,,,,,,0.007868466256985408,1
bayesfl_observability_v1,vi_sparse_bayesian_keep010_seed42,122,vi,250,20,1,,5,256,24.971363031864165,0.020860441029071808,65.81949325995498,65.81949325995498,,,1.0243636035224626,0.006268799304962158,0.9998207661834883,1.0243636035224626,,-0.0,2.311121424016332,24.971363031864165,65.81949325995498,65.81949325995498,0.0006467475018173822,0.020860441029071808,65.81949325995498,0.00125,54.106354519264556,0.09135884768104897,0.09192856028676033,0.10090656057000161,0.12894360721111298,1.494259088678373,1.2544873969998211,3.092034621750422,,,,,,,,,,,,,,,,,,1,update_snr,bayesian,0.1,20,101770,10177,0.1,0.0561326439933578,0.03024634798871397,0.028994787558954377,0.056132389212936215,0.03024634798871397,0.028994787558954377,0.056132389212936215,0.06235203727004028,0.0610319157251037,0.06946726933881275,0.026679049179677713,0.02587293546051756,0.0494644550614007,0.06235203727004028,0.0610319157251037,0.06946726933881275,0.026679049179677713,0.02587293546051756,0.0494644550614007,0.5449563010414563,0.8673773239927012,0.5319949861236029,0.8467475035329884,0.5319949861236029,814160,203540,81416,122124,0.75,,,,,,,,,0.00786910091994557,1
bayesfl_observability_v1,vi_sparse_bayesian_keep010_seed42,122,vi,220,17,1,,5,256,22.20311235189438,0.00014327930693980306,65.91145961097577,65.91145961097577,,,1.0248746952398693,0.006270639598369598,0.9998205898464506,1.0248746952398693,,-0.0,2.3096097079310103,22.20311235189438,65.91145961097577,65.91145961097577,0.0006476511703937877,0.00014327930693980306,65.91145961097577,0.00125,54.10671611129661,0.09136013272592235,0.09194132685661316,0.10089241042733192,0.12883508205413818,1.4941498308282144,1.2565184491892705,3.0896422960549184,,,,,,,,,,,,,,,,,,1,update_snr,bayesian,0.1,20,101770,10177,0.1,0.056124872886508824,0.030290216597812163,0.029030545959267684,0.05612463071761785,0.030290216597812163,0.029030545959267684,0.05612463071761785,0.062351767014866506,0.06106970707729427,0.06954044617315984,0.02672782210702834,0.0259059345331172,0.04949115833640517,0.062351767014866506,0.06106970707729427,0.06954044617315984,0.02672782210702834,0.0259059345331172,0.04949115833640517,0.5448821444295536,0.8680274129455052,0.5316573303646894,0.8469595522039362,0.5316573303646894,814160,203540,81416,122124,0.75,,,,,,,,,0.007866849749998638,1
bayesfl_observability_v1,vi_sparse_bayesian_keep010_seed42,122,vi,199,15,1,,5,256,27.1217960357666,0.4142058491706848,66.01454369985466,66.01454369985466,,,1.025712967903766,0.006267130374908447,0.9998202871948788,1.025712967903766,,-0.0,2.3277319754160017,27.1217960357666,66.01454369985466,66.01454369985466,0.0006486640827341521,0.4142058491706848,66.01454369985466,0.00125,54.105426449551864,0.09135931169511152,0.09193910285830498,0.10088722854852676,0.12857873737812042,1.4941353228904195,1.2545765075884245,3.091318562780736,,,,,,,,,,,,,,,,,,1,update_snr,bayesian,0.1,20,101770,10177,0.1,0.05623029219476546,0.03030957641854551,0.029150901983403733,0.05622994593626999,0.03030957641854551,0.029150901983403733,0.05622994593626999,0.06251391142096747,0.061230898168482054,0.06965187054173173,0.02673131697383196,0.02598496214222776,0.04942376758192171,0.06251391142096747,0.061230898168482054,0.06965187054173173,0.02673131697383196,0.02598496214222776,0.04942376758192171,0.5458311717656684,0.8684212252443338,0.532148065633971,0.8466513073526926,0.532148065633971,814160,203540,81416,122124,0.75,,,,,,,,,0.007867860356868846,1
bayesfl_observability_v1,vi_sparse_bayesian_keep010_seed42,122,vi,129,10,54,,5,256,141.5143093109131,0.9671394913284866,1.233857663104621,1.233857663104621,,,1.030088156243985,0.006270989775657654,0.9998187617018406,1.030088156243985,,-0.0,2.28098669344155,141.5143093109131,66.62831380764953,1.233857663104621,0.0006546950359403511,0.9671394913284866,1.233857663104621,0.00125,54.106992921852616,0.09135932459189303,0.09193642064929008,0.10088736712932588,0.12800227105617523,1.4942133420620076,1.2542754489663015,3.0918861399117143,,,,,,,,,,,,,,,,,,1,update_snr,bayesian,0.1,20,101770,10177,0.1,0.05638470939493694,0.030474044642077987,0.029337824541782194,0.05638409428557695,0.030474044642077987,0.029337824541782194,0.05638409428557695,0.06267439299977923,0.06136315221434202,0.06973637770547662,0.026896228157888943,0.02618298604525184,0.049661713418233194,0.06267439299977923,0.06136315221434202,0.06973637770547662,0.026896228157888943,0.02618298604525184,0.049661713418233194,0.5460459671199782,0.8734502913309609,0.5300963454536047,0.8479374178185162,0.5300963454536047,814160,203540,81416,122124,0.75,,,,,,,,,0.007868792667986431,54
bayesfl_observability_v1,vi_sparse_bayesian_keep010_seed42,122,vi,130,10,1,,5,256,32.30307940244675,4.8040190449682996e-05,65.5232141108591,65.5232141108591,,,1.0215145088612638,0.006275296211242676,0.9998217559764805,1.0215145088612638,,-0.0,2.311121424016332,32.30307940244675,65.5232141108591,65.5232141108591,0.0006438362396664941,4.8040190449682996e-05,65.5232141108591,0.00125,54.105492585144866,0.09135952654651659,0.09193435311317444,0.10089441612362862,0.12818647921085358,1.494080326122566,1.2558120296396775,3.091128101224543,,,,,,,,,,,,,,,,,,1,update_snr,bayesian,0.1,20,101770,10177,0.1,0.056084137774663645,0.030193161411413764,0.02889279422421175,0.05608395797571233,0.030193161411413764,0.02889279422421175,0.05608395797571233,0.062253420548145956,0.060961624452845205,0.06939243139788105,0.026630910396221296,0.025834126577821137,0.04932031637615517,0.062253420548145956,0.060961624452845205,0.06939243139788105,0.026630910396221296,0.025834126577821137,0.04932031637615517,0.543860840953871,0.8647006866488647,0.5324063791909734,0.8464888938413535,0.5324063791909734,814160,203540,81416,122124,0.75,,,,,,,,,0.007868414435607436,1
bayesfl_observability_v1,vi_sparse_bayesian_keep010_seed42,122,vi,131,10,1,,5,256,33.086794805526736,2.9599461555480957,65.9562784254677,65.9562784254677,,,1.0249502580986056,0.006268128752708435,0.9998205689626178,1.0249502580986056,,-0.0,2.259365973874069,33.086794805526736,65.9562784254677,65.9562784254677,0.000648091563579323,2.9599461555480957,65.9562784254677,0.00125,54.10747692164374,0.0913604062094507,0.09193567559123039,0.10087995827198029,0.12892690300941467,1.4941662410899537,1.2557904773671762,3.089073749243904,,,,,,,,,,,,,,,,,,1,update_snr,bayesian,0.1,20,101770,10177,0.1,0.05617971468740314,0.030293355832808525,0.029088351668689772,0.056179466748698746,0.030293355832808525,0.029088351668689772,0.056179466748698746,0.06244264623963033,0.06114610629965751,0.06958353182877666,0.026721212454272766,0.025997831461159828,0.04949808082734058,0.06244264623963033,0.06114610629965751,0.06958353182877666,0.026721212454272766,0.025997831461159828,0.04949808082734058,0.5450982930575498,0.8679809228791521,0.5318290217017618,0.8468517530688282,0.5318290217017618,814160,203540,81416,122124,0.75,,,,,,,,,0.007868758717573756,1
bayesfl_observability_v1,vi_sparse_bayesian_keep010_seed42,122,vi,68,5,1,,5,256,22.292877674102783,0.1261201798915863,66.07650904831185,66.07650904831185,,,1.0263084485686302,0.0062753260135650635,0.9998200887650022,1.0263084485686302,,-0.0,2.4040642619438994,22.292877674102783,66.07650904831185,66.07650904831185,0.0006492729591069259,0.1261201798915863,66.07650904831185,0.00125,54.10689637094389,0.09135927047016397,0.09193645790219307,0.10089476704597473,0.12897692620754242,1.4941885979414604,1.254618845442459,3.0895927974521555,,,,,,,,,,,,,,,,,,1,update_snr,bayesian,0.1,20,101770,10177,0.1,0.056249358480400274,0.030334048831446286,0.02912886522744064,0.05624696451720235,0.030334048831446286,0.02912886522744064,0.05624696451720235,0.06243054716037724,0.061175353411260264,0.06941631579228622,0.026767771239342847,0.025980264655922694,0.04946660000826425,0.06243054716037724,0.061175353411260264,0.06941631579228622,0.026767771239342847,0.025980264655922694,0.04946660000826425,0.5453243392103398,0.8694425781316184,0.5313454643883052,0.8471552381198955,0.5313454643883052,814160,203540,81416,122124,0.75,,,,,,,,,0.007868892352792714,1
bayesfl_observability_v1,vi_sparse_bayesian_keep010_seed42,122,vi,56,4,308,,5,256,349.58249168396,0.1082915702423492,0.470513579907656,0.470513579907656,,,1.5198214202212665,0.01227608323097229,0.9996055837733475,1.5198214202212665,,-0.0,2.3292713582565514,349.58249168396,144.91818261155805,0.470513579907656,0.0014239774256810263,0.1082915702423492,0.470513579907656,0.00125,54.11813352149284,0.09143354325488735,0.09199965745210648,0.1009830079972744,0.12815600633621216,1.493383710196987,1.2542578436081269,3.0905972858887196,,,,,,,,,,,,,,,,,,1,update_snr,bayesian,0.1,20,101770,10177,0.1,0.08525795185322681,0.04388374607667641,0.040327500948109135,0.08525522418270347,0.04388374607667641,0.040327500948109135,0.08525522418270347,0.09914945723129102,0.09639008664001811,0.1151547686640783,0.03774311150394145,0.03596995643880185,0.07188909084950992,0.09914945723129102,0.09639008664001811,0.1151547686640783,0.03774311150394145,0.03596995643880185,0.07188909084950992,0.8845635427960818,1.2358820688558574,0.5820180785893257,0.8131758458016264,0.5820180785893257,814160,203540,81416,122124,0.75,,,,,,,,,0.007882191210309088,308
bayesfl_observability_v1,vi_sparse_bayesian_keep010_seed42,122,vi,104,8,810,,5,256,156.01879091858865,0.008273649031733289,0.2873703430938535,0.2873703430938535,,,1.9210312649415882,0.020580455660820007,0.999370105464654,1.9210312649415882,,0.008677115299901474,2.3068194974795277,156.01879091858865,232.76997790602135,0.2873703430938535,0.0022872160548886838,0.008273649031733289,0.2873703430938535,0.00125,54.13193506011742,0.09152879612918416,0.09209313616156578,0.10112356096506118,0.12742802500724792,1.492104189880039,1.2532864723561867,3.0873860623601175,,,,,,,,,,,,,,,,,,1,update_snr,bayesian,0.1,20,101770,10177,0.1,0.10921948541538727,0.05371615998458352,0.04639906794496634,0.10921914355857198,0.05371615998458352,0.04639906794496634,0.10921914355857198,0.13428617944991617,0.1287312559800672,0.16391832492978,0.04476393559954656,0.041251030586654594,0.08816614803433889,0.13428617944991617,0.1287312559800672,0.16391832492978,0.04476393559954656,0.041251030586654594,0.08816614803433889,1.2198488269591226,1.4840249190123236,0.6349968629980699,0.7725147144117135,0.6349968629980699,814160,203540,81416,122124,0.75,,,,,,,,,0.007904424344485083,810
bayesfl_observability_v1,vi_sparse_bayesian_keep010_seed42,122,vi,84,6,12,,5,256,78.95797758102417,2.733814557393392,5.50484930985471,5.50484930985471,,,1.025872456732964,0.006271880120038986,0.999820224253687,1.025872456732964,,-0.0,2.3277319754160017,78.95797758102417,66.05819171825652,5.50484930985471,0.0006490929715855018,2.733814557393392,5.50484930985471,0.00125,54.10435622291051,0.09136091765425196,0.09194044023752213,0.10090131163597107,0.12785229086875916,1.4940568685599882,1.254092871994989,3.090855513612925,,,,,,,,,,,,,,,,,,1,update_snr,bayesian,0.1,20,101770,10177,0.1,0.05620107847075597,0.030332932446125158,0.02907318421472481,0.0562007317234377,0.030332932446125158,0.02907318421472481,0.0562007317234377,0.06250995920805424,0.061179805894547745,0.06974324705249688,0.02675770725035526,0.025901820858120702,0.049444192979508035,0.06250995920805424,0.061179805894547745,0.06974324705249688,0.02675770725035526,0.025901820858120702,0.049444192979508035,0.5454696586303078,0.8688366641648261,0.5317129386312146,0.8469246429831632,0.5317129386312146,814160,203540,81416,122124,0.75,,,,,,,,,0.007866348377167761,12
bayesfl_observability_v1,vi_sparse_bayesian_keep010_seed42,122,vi,236,18,2,,5,256,20.294353318214416,1.6316161155700684,33.03772467409831,33.03772467409831,,,1.0261098326499223,0.006273612380027771,0.9998201454322099,1.0261098326499223,,-0.0,2.259365973874069,20.294353318214416,66.07544934819661,33.03772467409831,0.0006492625464105002,1.6316161155700684,33.03772467409831,0.00125,54.10503011725889,0.09136020035321057,0.09193400666117668,0.10088303238153458,0.12875235080718994,1.4941160260236133,1.2552839923285128,3.0917157194132017,,,,,,,,,,,,,,,,,,1,update_snr,bayesian,0.1,20,101770,10177,0.1,0.056093767365426414,0.030339468056598467,0.029102913320930887,0.05609348288049538,0.030339468056598467,0.029102913320930887,0.05609348288049538,0.06241235448247192,0.061127514491343564,0.06966768059107568,0.026775814009279194,0.02602548056338478,0.04954442259205894,0.06241235448247192,0.061127514491343564,0.06966768059107568,0.026775814009279194,0.02602548056338478,0.04954442259205894,0.5453973264222858,0.8691623237303115,0.5315194427226183,0.8470460920208758,0.5315194427226183,814160,203540,81416,122124,0.75,,,,,,,,,0.007868289699508826,2
bayesfl_observability_v1,vi_sparse_bayesian_keep010_seed42,122,vi,6,0,1,,5,256,20.25311951637268,0.017387576401233673,66.02156502353914,66.02156502353914,,,1.0262624551777115,0.00627540796995163,0.9998200625479324,1.0262624551777115,,-0.0,2.28098669344155,20.25311951637268,66.02156502353914,66.02156502353914,0.0006487330748112326,0.017387576401233673,66.02156502353914,0.00125,54.099931929562075,0.0913593570882332,0.0919327400624752,0.1008990928530693,0.1289362609386444,1.4940097182422267,1.2545903409152064,3.089776763918184,,,,,,,,,,,,,,,,,,1,update_snr,bayesian,0.1,20,101770,10177,0.1,0.056146857004653744,0.030323392358021013,0.02914144873086548,0.05614642758425015,0.030323392358021013,0.02914144873086548,0.05614642758425015,0.062339758530814526,0.06105175409951835,0.06948201268614618,0.026766018338821744,0.025983245720956876,0.049571532157729845,0.062339758530814526,0.06105175409951835,0.06948201268614618,0.026766018338821744,0.025983245720956876,0.049571532157729845,0.5450241244336196,0.8695765237704796,0.5310767452164477,0.8473237224876363,0.5310767452164477,814160,203540,81416,122124,0.75,,,,,,,,,0.007868514290312453,1
bayesfl_observability_v1,vi_sparse_bayesian_keep010_seed42,122,vi,138,11,1,,5,256,33.59312076568604,0.6309981346130371,65.88846140039665,65.88846140039665,,,1.0241375789075013,0.006267666816711426,0.9998208371771455,1.0241375789075013,,-0.0,2.3277319754160017,33.59312076568604,65.88846140039665,65.88846140039665,0.0006474251881732991,0.6309981346130371,65.88846140039665,0.00125,54.10517496586894,0.09135974382380788,0.09193044900894165,0.1008879154920578,0.1286512315273285,1.4941199684309479,1.2551663399907071,3.091232585751001,,,,,,,,,,,,,,,,,,1,update_snr,bayesian,0.1,20,101770,10177,0.1,0.056136603853667325,0.03026970090128205,0.029069641949153895,0.05613650527949891,0.03026970090128205,0.029069641949153895,0.05613650527949891,0.06238577489979025,0.061081775055863576,0.06953787018276246,0.02670124823478114,0.025932958788142845,0.0495366184265095,0.06238577489979025,0.061081775055863576,0.06953787018276246,0.02670124823478114,0.025932958788142845,0.0495366184265095,0.5441838270636714,0.8675953797092602,0.5313581283133654,0.8471472950292162,0.5313581283133654,814160,203540,81416,122124,0.75,,,,,,,,,0.007868597314602464,1
bayesfl_observability_v1,vi_sparse_bayesian_keep010_seed42,122,vi,141,11,1,,5,256,20.397568273544312,0.0016056514577940106,66.17045541344542,66.17045541344542,,,1.0268429832883055,0.006271004676818848,0.9998199157940699,1.0268429832883055,,-0.0,2.3096097079310103,20.397568273544312,66.17045541344542,66.17045541344542,0.0006501960834572608,0.0016056514577940106,66.17045541344542,0.00125,54.10880576967764,0.09135994013467337,0.09193257242441177,0.10088737308979034,0.12854842841625214,1.494126595350101,1.2554521298433552,3.090070937363188,,,,,,,,,,,,,,,,,,1,update_snr,bayesian,0.1,20,101770,10177,0.1,0.056202890780993525,0.030372768775308104,0.02930978121669578,0.05620251709144571,0.030372768775308104,0.02930978121669578,0.05620251709144571,0.062386809062701935,0.06117121880436544,0.06930203738018786,0.026815653187819893,0.026110164416437112,0.049554006690350726,0.062386809062701935,0.06117121880436544,0.06930203738018786,0.026815653187819893,0.026110164416437112,0.049554006690350726,0.544358143221976,0.8706783127173611,0.5301279281071322,0.8479176727966224,0.5301279281071322,814160,203540,81416,122124,0.75,,,,,,,,,0.007868700572473162,1
bayesfl_observability_v1,vi_sparse_bayesian_keep010_seed42,123,vi,90,7,1,,5,256,26.982564783096315,1.1920922133867862e-06,65.51534592299205,65.51534592299205,,,1.0233391256728428,0.006271809339523315,0.9998213182489117,1.0233391256728428,,-0.0,2.3096097079310103,26.982564783096315,65.51534592299205,65.51534592299205,0.0006437589262355513,1.1920922133867862e-06,65.51534592299205,0.00125,54.13569927592365,0.09147044177869659,0.09204978495836258,0.10097875893115998,0.12875734269618988,1.4933008064705513,1.2551436620152867,3.088465264486158,,,,,,,,,,,,,,,,,,1,update_snr,bayesian,0.1,20,101770,10177,0.1,0.05607064380075125,0.03021480069105868,0.028980501102709312,0.056070394867459926,0.03021480069105868,0.028980501102709312,0.056070394867459926,0.06223946172760712,0.060949125483600895,0.06924421682346561,0.026656505020331074,0.025977504583515176,0.049268323271173205,0.06223946172760712,0.060949125483600895,0.06924421682346561,0.026656505020331074,0.025977504583515176,0.049268323271173205,0.5450720403759366,0.8660943579848978,0.5326406727755603,0.8463414876426649,0.5326406727755603,814160,203540,81416,122124,0.75,,,,,,,,,0.007856305974187482,1
bayesfl_observability_v1,vi_sparse_bayesian_keep010_seed42,123,vi,58,4,1,,5,256,26.501244401931764,0.0040397001430392265,65.74791638238896,65.74791638238896,,,1.0240559827289935,0.006272792816162109,0.9998210787681096,1.0240559827289935,,-0.0,2.3292713582565514,26.501244401931764,65.74791638238896,65.74791638238896,0.0006460441818059248,0.0040397001430392265,65.74791638238896,0.00125,54.13723556403627,0.09146758303975261,0.09205205738544464,0.10098516196012497,0.12792037427425385,1.4934234735035679,1.2543502719479005,3.088787780315542,,,,,,,,,,,,,,,,,,1,update_snr,bayesian,0.1,20,101770,10177,0.1,0.056078785825483396,0.030248791075030482,0.029066373071254266,0.05607812758084353,0.030248791075030482,0.029066373071254266,0.05607812758084353,0.062322191418129363,0.0610183229688508,0.06944846279745073,0.026685079925797276,0.02588681949169065,0.04933615389870309,0.062322191418129363,0.0610183229688508,0.06944846279745073,0.026685079925797276,0.02588681949169065,0.04933615389870309,0.5443560019261363,0.8673910300032144,0.5315685969388989,0.8470152458771983,0.5315685969388989,814160,203540,81416,122124,0.75,,,,,,,,,0.007856560498400814,1
bayesfl_observability_v1,vi_sparse_bayesian_keep010_seed42,123,vi,28,2,568,,5,256,189.7154434521993,0.03255220827922015,0.34282688781691645,0.34282688781691645,,,1.7617756790257633,0.016890719532966614,0.9994707967758464,1.7617756790257633,,0.08787175099597194,2.241159561925204,189.7154434521993,194.72567228000855,0.34282688781691645,0.001913389724673367,0.03255220827922015,0.34282688781691645,0.00125,54.16006437545109,0.09159903277417812,0.09216532856225967,0.1011570781469345,0.12860730290412903,1.4918910288404814,1.2543798575846412,3.0883776967117123,,,,,,,,,,,,,,,,,,1,update_snr,bayesian,0.1,20,101770,10177,0.1,0.099829423862985,0.04988294767308452,0.04402043751235935,0.09982817920892748,0.04988294767308452,0.04402043751235935,0.09982817920892748,0.11956558965930718,0.1153501164484802,0.1428123922331334,0.04214043189683756,0.0392172671108079,0.08198232157078945,0.11956558965930718,0.1153501164484802,0.1428123922331334,0.04214043189683756,0.0392172671108079,0.08198232157078945,1.079013941946925,1.392688930196133,0.6124581890831892,0.7905029833118539,0.6124581890831892,814160,203540,81416,122124,0.75,,,,,,,,,0.007884095545600829,568
bayesfl_observability_v1,vi_sparse_bayesian_keep010_seed42,123,vi,299,23,1,,5,256,22.736798000335693,3.302042750874534e-05,65.84176702449312,65.84176702449312,,,1.0259795722839937,0.006273373961448669,0.9998203974116654,1.0259795722839937,,-0.0,2.3096097079310103,22.736798000335693,65.84176702449312,65.84176702449312,0.0006469663655742667,3.302042750874534e-05,65.84176702449312,0.00125,54.1360628485516,0.09147040872240982,0.09205282479524612,0.10098525956273079,0.12821340560913086,1.4932768704459747,1.2556177349387323,3.0899979873487413,,,,,,,,,,,,,,,,,,1,update_snr,bayesian,0.1,20,101770,10177,0.1,0.056122541199663596,0.030295134446687095,0.02917988071118477,0.056122241121001275,0.030295134446687095,0.02917988071118477,0.056122241121001275,0.06224477888221508,0.060885226697432064,0.0694233146247013,0.026745173953850652,0.0260219100416612,0.04939643080093738,0.06224477888221508,0.060885226697432064,0.0694233146247013,0.026745173953850652,0.0260219100416612,0.04939643080093738,0.5444674331864557,0.8695914540422989,0.5306805787315868,0.8475718986358081,0.5306805787315868,814160,203540,81416,122124,0.75,,,,,,,,,0.007858599091275533,1
bayesfl_observability_v1,vi_sparse_bayesian_keep010_seed42,123,vi,161,12,1,,5,256,29.715784513950346,0.2521263062953949,65.57187817056096,65.57187817056096,,,1.0238317353360802,0.006268598139286041,0.9998211029482437,1.0238317353360802,,-0.0,2.3163460082440825,29.715784513950346,65.57187817056096,65.57187817056096,0.000644314416532976,0.2521263062953949,65.57187817056096,0.00125,54.127910170550706,0.09146930396928761,0.09205187112092972,0.10098644271492958,0.12871664762496948,1.4930980074674798,1.2562775316516164,3.084528616164763,,,,,,,,,,,,,,,,,,1,update_snr,bayesian,0.1,20,101770,10177,0.1,0.05607938386140973,0.030202833224581633,0.029050345931829716,0.056078850038180666,0.030202833224581633,0.029050345931829716,0.056078850038180666,0.062247572720651644,0.0609785671756421,0.06906073407871777,0.026642306613907183,0.02590047790648036,0.04930124174097796,0.062247572720651644,0.0609785671756421,0.06906073407871777,0.026642306613907183,0.02590047790648036,0.04930124174097796,0.5453158688429808,0.8665229514959861,0.5326225492160359,0.8463528933409586,0.5326225492160359,814160,203540,81416,122124,0.75,,,,,,,,,0.007856569609166572,1
bayesfl_observability_v1,vi_sparse_bayesian_keep010_seed42,123,vi,246,19,85,,5,256,52.19885263442993,0.0902952418607824,0.7687000221837672,0.7687000221837672,,,1.0220639387228454,0.006270080804824829,0.9998217729756904,1.0220639387228454,,-0.0,2.3096097079310103,52.19885263442993,65.33950188562021,0.7687000221837672,0.0006420310689360342,0.0902952418607824,0.7687000221837672,0.00125,54.13705840108933,0.09146866894174187,0.09205984324216843,0.10095640793442727,0.12862944602966309,1.4934726781721852,1.2551009346029989,3.0884437929106046,,,,,,,,,,,,,,,,,,1,update_snr,bayesian,0.1,20,101770,10177,0.1,0.05597760398008267,0.03014079671294114,0.028879843355373715,0.055976731920664644,0.03014079671294114,0.028879843355373715,0.055976731920664644,0.06212504985681163,0.06080899139430403,0.06921441973087923,0.02658699080806664,0.025770118601950543,0.04928115281063375,0.06212504985681163,0.06080899139430403,0.06921441973087923,0.02658699080806664,0.025770118601950543,0.04928115281063375,0.5441639026730344,0.8651591425080757,0.53241669337538,0.8464824065597741,0.53241669337538,814160,203540,81416,122124,0.75,,,,,,,,,0.007855925085232281,85
bayesfl_observability_v1,vi_sparse_bayesian_keep010_seed42,123,vi,187,15,29,,5,256,61.192698049545285,0.31434608327931374,2.2755574834159185,2.2755574834159185,,,1.0268186396911623,0.006269065663218498,0.9998200878866289,1.0268186396911623,,-0.0,2.28098669344155,61.192698049545285,65.99116701906163,2.2755574834159185,0.000648434381635665,0.31434608327931374,2.2755574834159185,0.00125,54.13370452370432,0.09146972215865559,0.09205566719174385,0.10099646374583245,0.1284855157136917,1.4931965423044307,1.2556821358194632,3.08818092658812,,,,,,,,,,,,,,,,,,1,update_snr,bayesian,0.1,20,101770,10177,0.1,0.056121537863800905,0.03033112764969622,0.029208874414836494,0.056121025933784784,0.03033112764969622,0.029208874414836494,0.056121025933784784,0.062365603751603674,0.061061976029700295,0.06945615579789904,0.02677174141615095,0.026008457350083135,0.04945870565873083,0.062365603751603674,0.061061976029700295,0.06945615579789904,0.02677174141615095,0.026008457350083135,0.04945870565873083,0.545556295156405,0.8698993318956091,0.5313073546468662,0.8471791397916676,0.5313073546468662,814160,203540,81416,122124,0.75,,,,,,,,,0.007857323735683585,29
bayesfl_observability_v1,vi_sparse_bayesian_keep010_seed42,123,vi,105,8,1,,5,256,33.50665235519409,6.17487096786499,65.82729390570476,65.82729390570476,,,1.0257719028584633,0.006274312734603882,0.9998204553670356,1.0257719028584633,,-0.0,2.3096097079310103,33.50665235519409,65.82729390570476,65.82729390570476,0.0006468241515741846,6.17487096786499,65.82729390570476,0.00125,54.1338390455834,0.09146860952689399,0.09205130487680435,0.1009690523147583,0.128960520029068,1.4931335795268807,1.2561162454018586,3.087279700420935,,,,,,,,,,,,,,,,,,1,update_snr,bayesian,0.1,20,101770,10177,0.1,0.05608796850528995,0.03026964670903494,0.02900461918123351,0.056085422189039426,0.03026964670903494,0.02900461918123351,0.056085422189039426,0.06224079759998526,0.06091350507464188,0.06936498090489943,0.026717296610040457,0.025849352239069014,0.04950174650228546,0.06224079759998526,0.06091350507464188,0.06936498090489943,0.026717296610040457,0.025849352239069014,0.04950174650228546,0.5451098052930138,0.8689437823399657,0.5314142488929416,0.8471120917998698,0.5314142488929416,814160,203540,81416,122124,0.75,,,,,,,,,0.007857975257351409,1
bayesfl_observability_v1,vi_sparse_bayesian_keep010_seed42,123,vi,208,16,1492,,5,256,366.9372241973877,0.029584860114565483,0.23270393340761414,0.23270393340761414,,,2.355712972564694,0.029004886746406555,0.9990544540636489,2.355712972564694,,0.2345060748432112,2.0889349747065498,366.9372241973877,347.1942686441603,0.23270393340761414,0.0034115581079312202,0.029584860114565483,0.23270393340761414,0.00125,54.18347113363159,0.09168427926623202,0.0922558419406414,0.1012742817401886,0.12803806364536285,1.4911135689660941,1.2537095078286824,3.079277253591805,,,,,,,,,,,,,,,,,,1,update_snr,bayesian,0.1,20,101770,10177,0.1,0.1333854925644006,0.06556117337043987,0.05651615357172828,0.13337588400508646,0.06556117337043987,0.05651615357172828,0.13337588400508646,0.16421302831467383,0.1567554252128104,0.20126898649322764,0.05459985615441387,0.05009763377351345,0.10763388639348022,0.16421302831467383,0.1567554252128104,0.20126898649322764,0.05459985615441387,0.05009763377351345,0.10763388639348022,1.5001694554281275,1.8162805989466724,0.6368218339413712,0.7710109933169256,0.6368218339413712,814160,203540,81416,122124,0.75,,,,,,,,,0.007906500885802723,1492
bayesfl_observability_v1,vi_sparse_bayesian_keep010_seed42,123,vi,170,13,1,,5,256,27.5106603205204,0.006760344374924898,65.71156499845964,65.71156499845964,,,1.0248547640632482,0.006263557821512222,0.9998207753815622,1.0248547640632482,,-0.0,2.3096097079310103,27.5106603205204,65.71156499845964,65.71156499845964,0.0006456869902570466,0.006760344374924898,65.71156499845964,0.00125,54.13369042739087,0.0914681182935405,0.09204873442649841,0.1009700208902359,0.1284026801586151,1.4933426941162,1.2555105531024655,3.0890581595028666,,,,,,,,,,,,,,,,,,1,update_snr,bayesian,0.1,20,101770,10177,0.1,0.05605656798963919,0.030266940634887222,0.029094667133380082,0.05605627465809383,0.030266940634887222,0.029094667133380082,0.05605627465809383,0.06224607980114508,0.0609311872774885,0.069483015264372,0.026713702949747467,0.025949861239253896,0.049335175661772014,0.06224607980114508,0.0609311872774885,0.069483015264372,0.026713702949747467,0.025949861239253896,0.049335175661772014,0.5447774423231072,0.8680695973014088,0.5315655070609465,0.8470171850104572,0.5315655070609465,814160,203540,81416,122124,0.75,,,,,,,,,0.007857969977772841,1
bayesfl_observability_v1,vi_sparse_bayesian_keep010_seed42,123,vi,19,1,279,,5,256,152.16287336349487,0.15962215905548424,0.47946542153273913,0.47946542153273913,,,1.4599764416288055,0.012181475758552551,0.9996363878915142,1.4599764416288055,,0.3705115655529096,1.9463369459516098,152.16287336349487,133.77085260763423,0.47946542153273913,0.001314442886976852,0.15962215905548424,0.47946542153273913,0.00125,54.14409447114105,0.09155009043742207,0.09213138744235039,0.10108040794730187,0.12817330658435822,1.4921713874690838,1.2526869233574676,3.0860716289451213,,,,,,,,,,,,,,,,,,1,update_snr,bayesian,0.1,20,101770,10177,0.1,0.08263284876819971,0.041790081794063,0.03758981675251591,0.0826325783235548,0.041790081794063,0.03758981675251591,0.0826325783235548,0.09712296777259316,0.0942952118134762,0.11357965857977544,0.035641983352004095,0.03351703211763394,0.06874631308944176,0.09712296777259316,0.0942952118134762,0.11357965857977544,0.035641983352004095,0.03351703211763394,0.06874631308944176,0.8706020301910496,1.1719997078234856,0.596312382424317,0.8027524790166874,0.596312382424317,814160,203540,81416,122124,0.75,,,,,,,,,0.007872883522385365,279
bayesfl_observability_v1,vi_sparse_bayesian_keep010_seed42,123,vi,121,9,1,,5,256,22.50621782541275,0.0059318686835467815,65.98555961728074,65.98555961728074,,,1.0270384222113584,0.006263861898332834,0.9998200163362317,1.0270384222113584,,-0.0,2.28098669344155,22.50621782541275,65.98555961728074,65.98555961728074,0.0006483792828660778,0.0059318686835467815,65.98555961728074,0.00125,54.13456574402952,0.0914698401128697,0.09205521270632744,0.10098341703414918,0.12818486988544464,1.4933323328782662,1.2541819408546884,3.0903177479231565,,,,,,,,,,,,,,,,,,1,update_snr,bayesian,0.1,20,101770,10177,0.1,0.05615638596162347,0.030326329897126383,0.02923393728144653,0.05615609778789905,0.030326329897126383,0.02923393728144653,0.05615609778789905,0.0622736072044669,0.06094975058500705,0.06927933286843246,0.02677663241853299,0.026130097369024406,0.04943979482706994,0.0622736072044669,0.06094975058500705,0.06927933286843246,0.02677663241853299,0.026130097369024406,0.04943979482706994,0.5448928013566555,0.8705743826509561,0.5305476305194352,0.8476551254786425,0.5305476305194352,814160,203540,81416,122124,0.75,,,,,,,,,0.007858318012597424,1
bayesfl_observability_v1,vi_sparse_bayesian_keep010_seed42,123,vi,37,3,1,,5,256,28.921171760559083,2.599297523498535,65.73938974786763,65.73938974786763,,,1.024708201306236,0.006268702447414398,0.999820852701286,1.024708201306236,,-0.0,2.4040642619438994,28.921171760559083,65.73938974786763,65.73938974786763,0.0006459603984265268,2.599297523498535,65.73938974786763,0.00125,54.137496752124115,0.09146966220487238,0.09205010160803795,0.10097664222121239,0.12776927649974823,1.4932500965765363,1.2552123325700553,3.090368311389765,,,,,,,,,,,,,,,,,,1,update_snr,bayesian,0.1,20,101770,10177,0.1,0.05607291356796717,0.030263909151565852,0.029065426481748407,0.05607288947574349,0.030263909151565852,0.029065426481748407,0.05607288947574349,0.062374302156654945,0.06116681146063039,0.06940124518211098,0.026696087706555963,0.025941334121199124,0.04925789465683077,0.062374302156654945,0.06116681146063039,0.06940124518211098,0.026696087706555963,0.025941334121199124,0.04925789465683077,0.5449345955987523,0.8677978937194339,0.531794900152163,0.8468731806900908,0.531794900152163,814160,203540,81416,122124,0.75,,,,,,,,,0.007857691135374439,1
bayesfl_observability_v1,vi_sparse_bayesian_keep010_seed42,123,vi,144,11,1,,5,256,25.117505218088628,0.008519021794199944,65.93246709406016,65.93246709406016,,,1.026309237996162,0.006271675229072571,0.9998202631071565,1.026309237996162,,-0.0,2.185987945410232,25.117505218088628,65.93246709406016,65.93246709406016,0.0006478575915698159,0.008519021794199944,65.93246709406016,0.00125,54.13317278128996,0.09146806999438489,0.0920589491724968,0.10097293108701706,0.12826907634735107,1.4932539124316826,1.2557465957919651,3.0910008601295678,,,,,,,,,,,,,,,,,,1,update_snr,bayesian,0.1,20,101770,10177,0.1,0.05607807133921081,0.03032362920599871,0.029098964019668716,0.056077268536623336,0.03032362920599871,0.029098964019668716,0.056077268536623336,0.06232918575280533,0.061047612464612294,0.06942827645977331,0.026767456256353527,0.025973995573558888,0.049446143084988105,0.06232918575280533,0.061047612464612294,0.06942827645977331,0.026767456256353527,0.025973995573558888,0.049446143084988105,0.5449947975332525,0.869650115079595,0.5310239617421144,0.8473568032745771,0.5310239617421144,814160,203540,81416,122124,0.75,,,,,,,,,0.007856720850829274,1
bayesfl_observability_v1,vi_sparse_bayesian_keep010_seed42,123,vi,130,10,1,,5,256,21.118474769592286,0.0009058186551555991,65.78319653057086,65.78319653057086,,,1.0253208031407064,0.006276518106460571,0.999820613024424,1.0253208031407064,,-0.0,2.311121424016332,21.118474769592286,65.78319653057086,65.78319653057086,0.0006463908473083508,0.0009058186551555991,65.78319653057086,0.00125,54.13380152961984,0.0914706233386644,0.09205169230699539,0.10097758919000627,0.128789022564888,1.4931650445822482,1.2553658159329597,3.0885681050888922,,,,,,,,,,,,,,,,,,1,update_snr,bayesian,0.1,20,101770,10177,0.1,0.056071720885022866,0.03026292093879627,0.02899402970683995,0.056071256346536064,0.03026292093879627,0.02899402970683995,0.056071256346536064,0.06225452480499393,0.06097249241058222,0.06927953939651824,0.026708298286996526,0.02592173872434242,0.04944307543856896,0.06225452480499393,0.06097249241058222,0.06927953939651824,0.026708298286996526,0.02592173872434242,0.04944307543856896,0.5450695530627307,0.8684364868412076,0.5316087915051597,0.84699001930036,0.5316087915051597,814160,203540,81416,122124,0.75,,,,,,,,,0.00785647853571409,1
bayesfl_observability_v1,vi_sparse_bayesian_keep010_seed42,124,vi,117,9,1,,5,256,27.61305902004242,0.0,65.5527685230699,65.5527685230699,,,1.024497775226378,0.006266857497394085,0.9998212612942552,1.024497775226378,,-0.0,2.3277319754160017,27.61305902004242,65.5527685230699,65.5527685230699,0.000644126643638301,0.0,65.5527685230699,0.00125,54.18835821594466,0.09159217602663475,0.09217691421508789,0.10109658315777778,0.12860718369483948,1.4927455543588621,1.2542641713977125,3.088630765235635,,,,,,,,,,,,,,,,,,1,update_snr,bayesian,0.1,20,101770,10177,0.1,0.05598741241004668,0.030213258299213418,0.029100521218590306,0.05598709381083852,0.030213258299213418,0.029100521218590306,0.05598709381083852,0.06217407669449664,0.060909020765274845,0.06921900439850394,0.026662056255293068,0.025945608402823794,0.04930743280469174,0.06217407669449664,0.060909020765274845,0.06921900439850394,0.026662056255293068,0.025945608402823794,0.04930743280469174,0.5448248933097184,0.8676183072491339,0.5317970487435478,0.8468718314760818,0.5317970487435478,814160,203540,81416,122124,0.75,,,,,,,,,0.00784756981319535,1
bayesfl_observability_v1,vi_sparse_bayesian_keep010_seed42,124,vi,186,14,12,,5,256,31.896164113283156,0.3364807367324829,5.4618590088920165,5.4618590088920165,,,1.0243886380129512,0.006270073354244232,0.9998213068740974,1.0243886380129512,,-0.0,2.3277319754160017,31.896164113283156,65.5423081067042,5.4618590088920165,0.0006440238587668685,0.3364807367324829,5.4618590088920165,0.00125,54.18942167117361,0.09159281779868735,0.09218015149235725,0.10108930245041847,0.12769944965839386,1.4927913771590615,1.2550012744504815,3.088855281697136,,,,,,,,,,,,,,,,,,1,update_snr,bayesian,0.1,20,101770,10177,0.1,0.05604473563350692,0.03021523633903086,0.029001837339764254,0.056044474310484434,0.03021523633903086,0.029001837339764254,0.056044474310484434,0.06214756062859675,0.06089067443068886,0.0691288033915557,0.02666720030685688,0.025796871635470186,0.049403100287322366,0.06214756062859675,0.06089067443068886,0.0691288033915557,0.02666720030685688,0.025796871635470186,0.049403100287322366,0.5444948356071498,0.8676966380522472,0.531531506112103,0.847038522152446,0.531531506112103,814160,203540,81416,122124,0.75,,,,,,,,,0.007848255135996424,12
bayesfl_observability_v1,vi_sparse_bayesian_keep010_seed42,124,vi,284,22,369,,5,256,141.95131559371947,0.06633535633242227,0.3636522171472155,0.3636522171472155,,,1.46407306741165,0.01205216720700264,0.99963509981165,1.46407306741165,,-0.0,2.3096097079310103,141.95131559371947,134.18766812732252,0.3636522171472155,0.0013185385489566917,0.06633535633242227,0.3636522171472155,0.00125,54.200057405163854,0.09167293082815445,0.09226595982909203,0.10119587406516076,0.1291109025478363,1.491817102123954,1.2532954264448526,3.0862263327418273,,,,,,,,,,,,,,,,,,1,update_snr,bayesian,0.1,20,101770,10177,0.1,0.08285795637315639,0.04183148026472341,0.03745752254722552,0.08285564398574932,0.04183148026472341,0.03745752254722552,0.08285564398574932,0.09722390852339183,0.09418414237076297,0.11356809413731865,0.03567676601376025,0.0333847276991019,0.06902286322244194,0.09722390852339183,0.09418414237076297,0.11356809413731865,0.03567676601376025,0.0333847276991019,0.06902286322244194,0.8727015044743223,1.175543291762756,0.596077835115962,0.8029266557310635,0.596077835115962,814160,203540,81416,122124,0.75,,,,,,,,,0.007861164560887387,369
bayesfl_observability_v1,vi_sparse_bayesian_keep010_seed42,124,vi,132,10,1,,5,256,24.78095211982727,0.09169086068868637,65.69985936322662,65.69985936322662,,,1.0261399927717425,0.0062710558995604515,0.9998207241730659,1.0261399927717425,,-0.0,2.311121424016332,24.78095211982727,65.69985936322662,65.69985936322662,0.0006455719697673835,0.09169086068868637,65.69985936322662,0.00125,54.193096228952314,0.09159357405037136,0.09218134731054306,0.10109813436865807,0.12828506529331207,1.4928535089488926,1.2555805684362067,3.0879667890457334,,,,,,,,,,,,,,,,,,1,update_snr,bayesian,0.1,20,101770,10177,0.1,0.055988455199915424,0.03024641537067172,0.0290825035792604,0.05598710033270712,0.03024641537067172,0.0290825035792604,0.05598710033270712,0.062173081640461605,0.06095625860775446,0.06924485494028228,0.026699008007361733,0.025912180332288082,0.049350335375798624,0.062173081640461605,0.06095625860775446,0.06924485494028228,0.026699008007361733,0.025912180332288082,0.049350335375798624,0.545062806433627,0.8694077419762782,0.5311778220058834,0.8472603622317562,0.5311778220058834,814160,203540,81416,122124,0.75,,,,,,,,,0.007847002342731904,1
bayesfl_observability_v1,vi_sparse_bayesian_keep010_seed42,124,vi,170,13,1,,5,256,20.091131621599196,0.031868647783994675,65.81347368519509,65.81347368519509,,,1.0268385593371498,0.00627508107572794,0.9998204149632783,1.0268385593371498,,-0.0,2.3096097079310103,20.091131621599196,65.81347368519509,65.81347368519509,0.0006466883530037839,0.031868647783994675,65.81347368519509,0.00125,54.183668094945475,0.09159313567034726,0.09218649938702583,0.10110519528388977,0.12836307287216187,1.4927417403559515,1.255761245935672,3.089918200201291,,,,,,,,,,,,,,,,,,1,update_snr,bayesian,0.1,20,101770,10177,0.1,0.05601737620417727,0.030290047442611108,0.029074962341324468,0.056017349712341846,0.030290047442611108,0.029074962341324468,0.056017349712341846,0.062205046118255496,0.06094378529799261,0.06928348548894184,0.026743936478650615,0.026014931954411145,0.049433963909803584,0.062205046118255496,0.06094378529799261,0.06928348548894184,0.026743936478650615,0.026014931954411145,0.049433963909803584,0.5451200188835035,0.8701962950702805,0.5308721745270183,0.8474519067846596,0.5308721745270183,814160,203540,81416,122124,0.75,,,,,,,,,0.007846744918800625,1
bayesfl_observability_v1,vi_sparse_bayesian_keep010_seed42,124,vi,174,13,3,,5,256,24.37937536239624,0.9716289838155111,22.015632852515267,22.015632852515267,,,1.0287474911544106,0.006248101592063904,0.9998198193552128,1.0287474911544106,,-0.0,2.28098669344155,24.37937536239624,66.0468985575458,22.015632852515267,0.0006489820041028377,0.9716289838155111,22.015632852515267,0.00125,54.19397933755983,0.09159233535375379,0.09218644723296165,0.10109221115708351,0.12842196226119995,1.4929344081822473,1.2537187770813094,3.0904310982177874,,,,,,,,,,,,,,,,,,1,update_snr,bayesian,0.1,20,101770,10177,0.1,0.05611005910000289,0.03034677239858052,0.02923424282460161,0.05610913387158937,0.03034677239858052,0.02923424282460161,0.05610913387158937,0.062248289340360835,0.06091767170019512,0.0692853678176306,0.026802159405049368,0.026095323487326353,0.04951984821764135,0.062248289340360835,0.06091767170019512,0.0692853678176306,0.026802159405049368,0.026095323487326353,0.04951984821764135,0.5452389228602578,0.8723737258507277,0.5300026756307489,0.8479959692264155,0.5300026756307489,814160,203540,81416,122124,0.75,,,,,,,,,0.00784838747114287,3
bayesfl_observability_v1,vi_sparse_bayesian_keep010_seed42,124,vi,8,0,25,,5,256,40.688613700866696,0.37826034545898435,2.6416115547409267,2.6416115547409267,,,1.0286650730788345,0.006268411874771118,0.9998197737360407,1.0286650730788345,,0.34883209584303193,1.9674200764769605,40.688613700866696,66.04028886852316,2.6416115547409267,0.0006489170567802217,0.37826034545898435,2.6416115547409267,0.00125,54.18333307594713,0.09159164762541167,0.0921761617064476,0.10109526664018631,0.12821725010871887,1.4926235969933106,1.2547420019981335,3.091122060736381,,,,,,,,,,,,,,,,,,1,update_snr,bayesian,0.1,20,101770,10177,0.1,0.05605985236155535,0.03033765755653611,0.029181541726703685,0.0560584687269525,0.03033765755653611,0.029181541726703685,0.0560584687269525,0.06228245894760747,0.06104480538318125,0.06920271788451608,0.0267882351797504,0.026033792546529048,0.04959476068288043,0.06228245894760747,0.06104480538318125,0.06920271788451608,0.0267882351797504,0.026033792546529048,0.04959476068288043,0.5456410362475799,0.8720250524697967,0.5304360481633299,0.8477249546927765,0.5304360481633299,814160,203540,81416,122124,0.75,,,,,,,,,0.007846600388552661,25
bayesfl_observability_v1,vi_sparse_bayesian_keep010_seed42,124,vi,33,2,1,,5,256,22.00318141579628,0.01884578913450241,65.784982568588,65.784982568588,,,1.0267876859431746,0.006274547427892685,0.9998204625071878,1.0267876859431746,,-0.0,2.3096097079310103,22.00318141579628,65.784982568588,65.784982568588,0.0006464083970579542,0.01884578913450241,65.784982568588,0.00125,54.188532782931475,0.09159462449808065,0.09217971190810204,0.10110483169555665,0.12880851328372955,1.4926909399582058,1.2553168882154075,3.08837406005883,,,,,,,,,,,,,,,,,,1,update_snr,bayesian,0.1,20,101770,10177,0.1,0.05612173241699923,0.03027928057707633,0.02912953057475543,0.05612171475058216,0.03027928057707633,0.02912953057475543,0.05612171475058216,0.06224188825221527,0.06099659203619265,0.06906938430568813,0.02672787972428313,0.025934685666991423,0.04937398541204348,0.06224188825221527,0.06099659203619265,0.06906938430568813,0.02672787972428313,0.025934685666991423,0.04937398541204348,0.5458257945569764,0.8696937127522455,0.531585840022612,0.8470044242431408,0.531585840022612,814160,203540,81416,122124,0.75,,,,,,,,,0.007846395646409828,1
bayesfl_observability_v1,vi_sparse_bayesian_keep010_seed42,124,vi,298,23,35,,5,256,37.71333560943604,0.032766968863351,1.8802516654752541,1.8802516654752541,,,1.0263795969953273,0.006271481513977051,0.9998205744939057,1.0263795969953273,,-0.0,2.3096097079310103,37.71333560943604,65.8088082916339,1.8802516654752541,0.0006466425104808283,0.032766968863351,1.8802516654752541,0.00125,54.18348237890969,0.09159252000310994,0.09218446165323257,0.10110087990760804,0.12887956202030182,1.49276282047376,1.2557561757001126,3.0886762593194326,,,,,,,,,,,,,,,,,,1,update_snr,bayesian,0.1,20,101770,10177,0.1,0.05611194631339327,0.030289275505967564,0.029098543974292047,0.056111551419775224,0.030289275505967564,0.029098543974292047,0.056111551419775224,0.06227579971064639,0.06098356324901535,0.0693456574761461,0.026735217261003245,0.025954792633773528,0.04936285686290549,0.06227579971064639,0.06098356324901535,0.0693456574761461,0.026735217261003245,0.025954792633773528,0.04936285686290549,0.5447396803864396,0.8698929576337372,0.5307389994706994,0.8475353175182977,0.5307389994706994,814160,203540,81416,122124,0.75,,,,,,,,,0.00784810948284014,35
bayesfl_observability_v1,vi_sparse_bayesian_keep010_seed42,124,vi,19,1,279,,5,256,231.84226376414298,0.12773457735670082,0.5046231076769011,0.5046231076769011,,,1.5021688848789079,0.012158054858446121,0.9996158035185618,1.5021688848789079,,0.3705115655529096,1.9463369459516098,231.84226376414298,140.7898470418554,0.5046231076769011,0.001383412076661643,0.12773457735670082,0.5046231076769011,0.00125,54.19611403687254,0.09166745510736751,0.09224706143140793,0.10119278281927109,0.12881794571876526,1.4917311035792713,1.2509920383150865,3.0895039371049617,,,,,,,,,,,,,,,,,,1,update_snr,bayesian,0.1,20,101770,10177,0.1,0.0841816320743729,0.04324609314422489,0.039695905713613214,0.08417931292869914,0.04324609314422489,0.039695905713613214,0.08417931292869914,0.09775125439155868,0.09500748321485979,0.11335966371632517,0.03718996411674336,0.035340518723727836,0.070818311080645,0.09775125439155868,0.09500748321485979,0.11335966371632517,0.03718996411674336,0.035340518723727836,0.070818311080645,0.8757939142349717,1.2204492527292279,0.5830196078822194,0.8124580831186702,0.5830196078822194,814160,203540,81416,122124,0.75,,,,,,,,,0.007858240367174831,279
bayesfl_observability_v1,vi_sparse_bayesian_keep010_seed42,124,vi,22,1,18,,5,256,34.11075315475464,0.26186733775668675,3.6614615283383642,3.6614615283383642,,,1.0273438215996604,0.006275191903114319,0.9998202572991953,1.0273438215996604,,-0.0,2.3277319754160017,34.11075315475464,65.90630751009056,3.6614615283383642,0.0006476005454465024,0.26186733775668675,3.6614615283383642,0.00125,54.18693739850931,0.09159225743881486,0.09218040108680725,0.10108825638890266,0.1289953887462616,1.492744746778637,1.254645235476438,3.0873034975954066,,,,,,,,,,,,,,,,,,1,update_snr,bayesian,0.1,20,101770,10177,0.1,0.05607023092458821,0.03030841141590409,0.029199754943153,0.0560700621471892,0.03030841141590409,0.029199754943153,0.0560700621471892,0.062259280907195354,0.06095726352444871,0.06925649198499889,0.026758314805760613,0.026017392268343407,0.04940622712347501,0.062259280907195354,0.06095726352444871,0.06925649198499889,0.026758314805760613,0.026017392268343407,0.04940622712347501,0.5455996912966181,0.8704919899895864,0.5310779894963243,0.847322942609571,0.5310779894963243,814160,203540,81416,122124,0.75,,,,,,,,,0.007845952803137893,18
bayesfl_observability_v1,vi_sparse_bayesian_keep010_seed42,124,vi,226,18,1,,5,256,19.53116329908371,9.846202738117427e-05,65.83821280178176,65.83821280178176,,,1.0271407816364786,0.006269961595535278,0.9998203814680574,1.0271407816364786,,-0.0,2.259365973874069,19.53116329908371,65.83821280178176,65.83821280178176,0.0006469314415032108,9.846202738117427e-05,65.83821280178176,0.00125,54.193933626176744,0.09159215370465282,0.09217724949121475,0.10111379101872445,0.1279040277004242,1.4928887545653189,1.254316527874284,3.0913601676111324,,,,,,,,,,,,,,,,,,1,update_snr,bayesian,0.1,20,101770,10177,0.1,0.05605952105306444,0.030285361890637977,0.029166107218552128,0.05605875626288378,0.030285361890637977,0.029166107218552128,0.05605875626288378,0.0622443469228381,0.06101986830934416,0.0694120619523011,0.026734363553726853,0.026001152618081284,0.04942726141230105,0.0622443469228381,0.06101986830934416,0.0694120619523011,0.026734363553726853,0.026001152618081284,0.04942726141230105,0.545345917035886,0.8704114062172471,0.5309359016658074,0.8474119826402721,0.5309359016658074,814160,203540,81416,122124,0.75,,,,,,,,,0.00784852114689064,1
bayesfl_observability_v1,vi_sparse_bayesian_keep010_seed42,124,vi,221,17,1,,5,256,28.251759624481203,1.4952924251556396,65.52518202502598,65.52518202502598,,,1.0239839822020702,0.006268665194511414,0.9998214292292119,1.0239839822020702,,-0.0,2.311121424016332,28.251759624481203,65.52518202502598,65.52518202502598,0.0006438555765454062,1.4952924251556396,65.52518202502598,0.00125,54.186636518325514,0.0915913005356817,0.09218019247055054,0.10108499750494958,0.12895441055297852,1.4926529826789543,1.2551541117909584,3.090530018849797,,,,,,,,,,,,,,,,,,1,update_snr,bayesian,0.1,20,101770,10177,0.1,0.05606133831054546,0.030190304572186834,0.02895852838638489,0.056061017338119475,0.030190304572186834,0.02895852838638489,0.056061017338119475,0.06223713928149825,0.06097228837243436,0.06942893189444206,0.02662954516004112,0.025793323241518295,0.04934703118614955,0.06223713928149825,0.06097228837243436,0.06942893189444206,0.02662954516004112,0.025793323241518295,0.04934703118614955,0.545051197461511,0.866869302693424,0.5322848862238864,0.8465652957082667,0.5322848862238864,814160,203540,81416,122124,0.75,,,,,,,,,0.007846728235592215,1
bayesfl_observability_v1,vi_sparse_bayesian_keep010_seed42,124,vi,111,8,11,,5,256,31.331434440612792,0.02412341128696095,5.970600835885307,5.970600835885307,,,1.0257154152707793,0.0062669068574905396,0.99982087931522,1.0257154152707793,,-0.0,2.3096097079310103,31.331434440612792,65.67660919473838,5.970600835885307,0.0006453435117887233,0.02412341128696095,5.970600835885307,0.00125,54.193883078739496,0.09159214107991963,0.09218186885118484,0.1011028490960598,0.12881061434745789,1.492934935755507,1.2540904632078673,3.0886463938878412,,,,,,,,,,,,,,,,,,1,update_snr,bayesian,0.1,20,101770,10177,0.1,0.0560142960596138,0.030261528444707288,0.029060545247709315,0.056014285745857186,0.030261528444707288,0.029060545247709315,0.056014285745857186,0.06218287856285783,0.06093303654443877,0.06915997100863684,0.026714711764912802,0.025912383929865834,0.04937614539486803,0.06218287856285783,0.06093303654443877,0.06915997100863684,0.026714711764912802,0.025912383929865834,0.04937614539486803,0.5448757776716395,0.8690238777104076,0.5312153542391653,0.8472368307743463,0.5312153542391653,814160,203540,81416,122124,0.75,,,,,,,,,0.007846846073515136,11
bayesfl_observability_v1,vi_sparse_bayesian_keep010_seed42,124,vi,51,4,126,,5,256,73.89572162628174,0.17357671828497023,0.5244185911911153,0.5244185911911153,,,1.0293556860109645,0.006274346262216568,0.9998195467775598,1.0293556860109645,,-0.0,2.185987945410232,73.89572162628174,66.07674249008053,0.5244185911911153,0.0006492752529240497,0.17357671828497023,0.5244185911911153,0.00125,54.186012182745834,0.0915926499647506,0.09219342842698097,0.10108373984694481,0.12872308492660522,1.4926961095720577,1.253713639520846,3.0904718881711037,,,,,,,,,,,,,,,,,,1,update_snr,bayesian,0.1,20,101770,10177,0.1,0.056126588313576975,0.030349688545973835,0.029083329448576507,0.05612566493104344,0.030349688545973835,0.029083329448576507,0.05612566493104344,0.06235690339789563,0.06107922865842195,0.06942861298696713,0.02679333134020475,0.025992983446778053,0.04955591493688253,0.06235690339789563,0.06107922865842195,0.06942861298696713,0.02679333134020475,0.025992983446778053,0.04955591493688253,0.5463844047726494,0.8723744669259533,0.530802338004309,0.8474956507081081,0.530802338004309,814160,203540,81416,122124,0.75,,,,,,,,,0.007846231788892674,126
bayesfl_observability_v1,vi_sparse_bayesian_keep010_seed42,125,vi,27,2,1,,5,256,26.27631266117096,0.32767894864082336,65.46864929946662,65.46864929946662,,,1.02518245374801,0.006270312704145908,0.9998212054684654,1.02518245374801,,-0.0,2.3163460082440825,26.27631266117096,65.46864929946662,65.46864929946662,0.0006433000815512098,0.32767894864082336,65.46864929946662,0.00125,54.216121869714165,0.09169255309436503,0.09229106828570366,0.10117021128535271,0.12813794612884521,1.4916922044271228,1.2535991391409511,3.0879599317171667,,,,,,,,,,,,,,,,,,1,update_snr,bayesian,0.1,20,101770,10177,0.1,0.05596446927634123,0.030187334578249705,0.02892231462157896,0.05596371215731329,0.030187334578249705,0.02892231462157896,0.05596371215731329,0.06217701152527469,0.060875919461713564,0.06919722640101914,0.026632926028580254,0.02589223888224914,0.04927776000974854,0.06217701152527469,0.060875919461713564,0.06919722640101914,0.026632926028580254,0.02589223888224914,0.04927776000974854,0.5448497132434857,0.8684111085489885,0.5314660929394036,0.8470795665436194,0.5314660929394036,814160,203540,81416,122124,0.75,,,,,,,,,0.007833692752491087,1
bayesfl_observability_v1,vi_sparse_bayesian_keep010_seed42,125,vi,30,2,189,,5,256,661.8933312416077,0.37141349832847637,0.37846510874162353,0.37846510874162353,,,1.0733311583695653,0.0062694549560546875,0.9998040134461283,1.0733311583695653,,-0.0,2.4040642619438994,661.8933312416077,71.52990555216685,0.37846510874162353,0.0007028584607661084,0.37141349832847637,0.37846510874162353,0.00125,54.21587674470663,0.09169068198855697,0.09228983521461487,0.10117683410644532,0.1289481669664383,1.4919040028878034,1.2522984353649727,3.081723803981823,,,,,,,,,,,,,,,,,,1,update_snr,bayesian,0.1,20,101770,10177,0.1,0.057465366150862986,0.031891416092054904,0.03151556364625892,0.05746499585857065,0.031891416092054904,0.03151556364625892,0.05746499585857065,0.0633406466958861,0.062024165260895346,0.07001995425255703,0.02839705713607366,0.02814334865328994,0.051296168951772005,0.0633406466958861,0.062024165260895346,0.07001995425255703,0.02839705713607366,0.02814334865328994,0.051296168951772005,0.5527200749225099,0.9200762437453806,0.5149576350342001,0.8572156287189265,0.5149576350342001,814160,203540,81416,122124,0.75,,,,,,,,,0.007833719534251205,189
bayesfl_observability_v1,vi_sparse_bayesian_keep010_seed42,125,vi,152,12,1,,5,256,26.29416880607605,0.0009999042376875877,65.43689036764023,65.43689036764023,,,1.025161139235214,0.006266511976718903,0.9998211902737437,1.025161139235214,,-0.0,2.3277319754160017,26.29416880607605,65.43689036764023,65.43689036764023,0.0006429880157967989,0.0009999042376875877,65.43689036764023,0.00125,54.2122505104947,0.09169369023668458,0.09229036048054695,0.10115990936756135,0.12895525991916656,1.4916587044778105,1.2536056471410872,3.0872078008995105,,,,,,,,,,,,,,,,,,1,update_snr,bayesian,0.1,20,101770,10177,0.1,0.05596703028455589,0.030198865367895355,0.028979725017235305,0.0559645960044687,0.030198865367895355,0.028979725017235305,0.0559645960044687,0.06211094134153558,0.0608518858883026,0.06906816718016225,0.026653079148602,0.025936013592339886,0.0492597904988665,0.06211094134153558,0.0608518858883026,0.06906816718016225,0.026653079148602,0.025936013592339886,0.0492597904988665,0.5445487177649962,0.8685747264217059,0.5311835348843188,0.8472567805971225,0.5311835348843188,814160,203540,81416,122124,0.75,,,,,,,,,0.007834073403823243,1
bayesfl_observability_v1,vi_sparse_bayesian_keep010_seed42,125,vi,85,6,1,,5,256,20.74831951148808,0.0005828827270306647,65.54681549358726,65.54681549358726,,,1.0260625745463756,0.006268860772252083,0.9998208748519672,1.0260625745463756,,-0.0,2.3277319754160017,20.74831951148808,65.54681549358726,65.54681549358726,0.0006440681487038151,0.0005828827270306647,65.54681549358726,0.00125,54.21209262970001,0.09169220386437762,0.09228206053376198,0.1011726975440979,0.12879173457622528,1.4917668825239274,1.2525846813733224,3.08784264458766,,,,,,,,,,,,,,,,,,1,update_snr,bayesian,0.1,20,101770,10177,0.1,0.05594611090089129,0.03020460525648898,0.02903636583633905,0.05594403673992005,0.03020460525648898,0.02903636583633905,0.05594403673992005,0.06214348459422794,0.060890831558139256,0.06913311893106476,0.0266558408856291,0.025942083068666705,0.049306042810175664,0.06214348459422794,0.060890831558139256,0.06913311893106476,0.0266558408856291,0.025942083068666705,0.049306042810175664,0.5457956817972639,0.8688564211745212,0.5319321602179685,0.8467869725768377,0.5319321602179685,814160,203540,81416,122124,0.75,,,,,,,,,0.007834022215587504,1
bayesfl_observability_v1,vi_sparse_bayesian_keep010_seed42,125,vi,102,8,341,,5,256,326.0987018585205,0.09871784822682132,0.43507855576115173,0.43507855576115173,,,1.5442129165089078,0.01226239837706089,0.999594411328603,1.5442129165089078,,-0.0,2.4040642619438994,326.0987018585205,148.36178751455273,0.43507855576115173,0.0014578145574781639,0.09871784822682132,0.43507855576115173,0.00125,54.2239663048826,0.09176896537839048,0.09235808998346329,0.10127418413758278,0.12829723954200745,1.4908079047803207,1.2527003580389384,3.084429291624885,,,,,,,,,,,,,,,,,,1,update_snr,bayesian,0.1,20,101770,10177,0.1,0.08632255933818679,0.04448974166375623,0.0407792896213197,0.08632016954277676,0.04448974166375623,0.0407792896213197,0.08632016954277676,0.10009808489158381,0.09736982690043364,0.11568482075928624,0.038311036860664276,0.036516241788076415,0.0726773549089763,0.10009808489158381,0.09736982690043364,0.11568482075928624,0.038311036860664276,0.036516241788076415,0.0726773549089763,0.896620861072405,1.2572448301753834,0.5806329240526288,0.8141654669083523,0.5806329240526288,814160,203540,81416,122124,0.75,,,,,,,,,0.007848149258429513,341
bayesfl_observability_v1,vi_sparse_bayesian_keep010_seed42,125,vi,177,14,1,,5,256,25.260371094942094,0.7329015135765076,65.49835281747755,65.49835281747755,,,1.0258802497489408,0.006265036761760712,0.9998209472851848,1.0258802497489408,,-0.0,2.259365973874069,25.260371094942094,65.49835281747755,65.49835281747755,0.0006435919506483006,0.7329015135765076,65.49835281747755,0.00125,54.213714088818314,0.09169392392223788,0.09228931367397308,0.10117610543966293,0.12777328491210938,1.4916342072123745,1.2526266061418476,3.0873854022352725,,,,,,,,,,,,,,,,,,1,update_snr,bayesian,0.1,20,101770,10177,0.1,0.05596756560402001,0.030187144754012803,0.028955339976811892,0.05596724492764182,0.030187144754012803,0.028955339976811892,0.05596724492764182,0.062104967711383956,0.06077823793722258,0.06918582708574773,0.026640719980971568,0.025843642692313974,0.04937667819165632,0.062104967711383956,0.06077823793722258,0.06918582708574773,0.026640719980971568,0.025843642692313974,0.04937667819165632,0.5456063899671699,0.8687600094686346,0.5318421814833592,0.8468434884882934,0.5318421814833592,814160,203540,81416,122124,0.75,,,,,,,,,0.00783491246058423,1
bayesfl_observability_v1,vi_sparse_bayesian_keep010_seed42,125,vi,209,16,1,,5,256,22.72388837337494,0.08258263766765594,65.7619141490309,65.7619141490309,,,1.0275482330416676,0.006272859871387482,0.9998203920896755,1.0275482330416676,,-0.0,2.259365973874069,22.72388837337494,65.7619141490309,65.7619141490309,0.0006461817249585428,0.08258263766765594,65.7619141490309,0.00125,54.21799946014728,0.09169309815528984,0.09229467064142227,0.10116029903292656,0.12897324562072754,1.4918353269591864,1.25400831785569,3.08847343345076,,,,,,,,,,,,,,,,,,1,update_snr,bayesian,0.1,20,101770,10177,0.1,0.055960280409429915,0.030289306204725648,0.029173239120683557,0.05595996202138753,0.030289306204725648,0.029173239120683557,0.05595996202138753,0.0622117564563774,0.060874429058350894,0.06940959605244093,0.02674236728787545,0.026009815562721084,0.049329549813965076,0.0622117564563774,0.060874429058350894,0.06940959605244093,0.02674236728787545,0.026009815562721084,0.049329549813965076,0.545795171289726,0.8706107064721136,0.5311625807326883,0.8472699173400358,0.5311625807326883,814160,203540,81416,122124,0.75,,,,,,,,,0.007835388645367107,1
bayesfl_observability_v1,vi_sparse_bayesian_keep010_seed42,125,vi,138,11,1,,5,256,22.988894128799437,0.0003150205302517861,65.35192394458859,65.35192394458859,,,1.024478867330312,0.006274782121181488,0.9998214723088573,1.024478867330312,,-0.0,2.3277319754160017,22.988894128799437,65.35192394458859,65.35192394458859,0.0006421531290614974,0.0003150205302517861,65.35192394458859,0.00125,54.219183129681795,0.09169180313614113,0.09229576960206032,0.10116785317659378,0.12866193056106567,1.4919295863951456,1.2523942678199975,3.087358233545895,,,,,,,,,,,,,,,,,,1,update_snr,bayesian,0.1,20,101770,10177,0.1,0.055841440786060924,0.030152554790011433,0.028896220450749507,0.05584107974314625,0.030152554790011433,0.028896220450749507,0.05584107974314625,0.062116029683742496,0.06079548702510087,0.06939610762313786,0.026601057579596868,0.025718445277315653,0.04926711061211622,0.062116029683742496,0.06079548702510087,0.06939610762313786,0.026601057579596868,0.025718445277315653,0.04926711061211622,0.5448844690089405,0.8675585657690464,0.5318650158483543,0.8468291474179609,0.5318650158483543,814160,203540,81416,122124,0.75,,,,,,,,,0.007832623373968626,1
bayesfl_observability_v1,vi_sparse_bayesian_keep010_seed42,125,vi,141,11,1,,5,256,18.7891761302948,0.003750078845769167,65.90626677749653,65.90626677749653,,,1.028740230407858,0.006266677286475897,0.9998199749727835,1.028740230407858,,-0.0,2.3096097079310103,18.7891761302948,65.90626677749653,65.90626677749653,0.0006476001452048396,0.003750078845769167,65.90626677749653,0.00125,54.21798271365467,0.09169280181988566,0.09228905290365219,0.10116257816553116,0.12841267883777618,1.4918293552158552,1.2528239968825465,3.0852440274772923,,,,,,,,,,,,,,,,,,1,update_snr,bayesian,0.1,20,101770,10177,0.1,0.056096615374648384,0.030300361736883528,0.029217020207099095,0.056094813310735556,0.030300361736883528,0.029217020207099095,0.056094813310735556,0.06219705149235233,0.06090078664195044,0.06920792660887125,0.026756285097386995,0.02604901720283627,0.04943208788468329,0.06219705149235233,0.06090078664195044,0.06920792660887125,0.026756285097386995,0.02604901720283627,0.04943208788468329,0.5458693771697025,0.8719708049745557,0.5306192574516944,0.8476102899454522,0.5306192574516944,814160,203540,81416,122124,0.75,,,,,,,,,0.007833373818466605,1
bayesfl_observability_v1,vi_sparse_bayesian_keep010_seed42,125,vi,136,10,1,,5,256,24.256862664222716,0.0,65.52138158038194,65.52138158038194,,,1.0259779365793966,0.006263483315706253,0.9998209354616658,1.0259779365793966,,-0.0,2.3155014849272724,24.256862664222716,65.52138158038194,65.52138158038194,0.0006438182330783329,0.0,65.52138158038194,0.00125,54.2172548740097,0.0916932931041567,0.09228496253490448,0.1011540412902832,0.12843608856201172,1.491730105033696,1.2542037694824266,3.084437965798426,,,,,,,,,,,,,,,,,,1,update_snr,bayesian,0.1,20,101770,10177,0.1,0.0559737035635392,0.030207899841369498,0.029060698222962745,0.055972140262724505,0.030207899841369498,0.029060698222962745,0.055972140262724505,0.06212921061306814,0.060876256273661514,0.0692489953769824,0.026661087533402985,0.025922131288517065,0.049339874335769314,0.06212921061306814,0.060876256273661514,0.0692489953769824,0.026661087533402985,0.025922131288517065,0.049339874335769314,0.5455692225166896,0.8688986993834504,0.5317553166256319,0.8468980359171784,0.5317553166256319,814160,203540,81416,122124,0.75,,,,,,,,,0.00783263468718259,1
bayesfl_observability_v1,vi_sparse_bayesian_keep010_seed42,125,vi,265,21,1,,5,256,23.55716061592102,1.2993727978027891e-05,65.49760267771713,65.49760267771713,,,1.025682718163888,0.006264302879571915,0.9998210278425269,1.025682718163888,,-0.0,2.259365973874069,23.55716061592102,65.49760267771713,65.49760267771713,0.0006435845797161946,1.2993727978027891e-05,65.49760267771713,0.00125,54.215643519648616,0.09169306786476664,0.09228789061307907,0.1011626236140728,0.12895289063453674,1.4919069250633192,1.2537975014654668,3.0859848273947788,,,,,,,,,,,,,,,,,,1,update_snr,bayesian,0.1,20,101770,10177,0.1,0.0559206071775643,0.03019018500778231,0.02899041047243315,0.05591977490975701,0.03019018500778231,0.02899041047243315,0.05591977490975701,0.06218338539463714,0.06088752467504517,0.06932431685287473,0.026635384964798444,0.025847100318145456,0.04925798791566362,0.06218338539463714,0.06088752467504517,0.06932431685287473,0.026635384964798444,0.025847100318145456,0.04925798791566362,0.5459141644055434,0.8683333250782556,0.5322446744377289,0.8465905778667021,0.5322446744377289,814160,203540,81416,122124,0.75,,,,,,,,,0.007831562007153028,1
bayesfl_observability_v1,vi_sparse_bayesian_keep010_seed42,125,vi,267,21,2,,5,256,30.275869798660278,1.5374691486358643,32.684583242376,32.684583242376,,,1.023985476797509,0.006275728344917297,0.9998215977879211,1.023985476797509,,-0.0,2.259365973874069,30.275869798660278,65.369166484752,32.684583242376,0.000642322555613167,1.5374691486358643,32.684583242376,0.00125,54.211783207718476,0.0916927653168726,0.0922790989279747,0.10116522237658501,0.12765571475028992,1.4918405331042732,1.25258983032379,3.084602341840169,,,,,,,,,,,,,,,,,,1,update_snr,bayesian,0.1,20,101770,10177,0.1,0.055910907774583476,0.03016358576995525,0.02901416781272774,0.055910683643655784,0.03016358576995525,0.02901416781272774,0.055910683643655784,0.06208732043956272,0.060839255314827805,0.06908520648377166,0.02661650413999886,0.025903179919443714,0.04926570703789008,0.06208732043956272,0.060839255314827805,0.06908520648377166,0.02661650413999886,0.025903179919443714,0.04926570703789008,0.5443578089219698,0.8673066542797273,0.5316069624585267,0.8469911672890215,0.5316069624585267,814160,203540,81416,122124,0.75,,,,,,,,,0.007833825639317843,2
bayesfl_observability_v1,vi_sparse_bayesian_keep010_seed42,125,vi,234,18,560,,5,256,245.38602035045625,0.051833958285195485,0.3718217455670738,0.3718217455670738,,,1.8282039951061781,0.01690763235092163,0.9994317846011798,1.8282039951061781,,-0.0,2.28098669344155,245.38602035045625,208.22017751756132,0.3718217455670738,0.002045987791270132,0.051833958285195485,0.3718217455670738,0.00125,54.239369913346835,0.09181829922964967,0.09242065623402596,0.10132367387413979,0.1274624466896057,1.4903678048984506,1.2515025310740358,3.0804297739891893,,,,,,,,,,,,,,,,,,1,update_snr,bayesian,0.1,20,101770,10177,0.1,0.10350384212467335,0.0516620006570221,0.045704640358953094,0.10350322381663668,0.0516620006570221,0.045704640358953094,0.10350322381663668,0.12371011558725027,0.11966449068274644,0.1467511902711806,0.04365665455366342,0.04061647693576718,0.08493912490406412,0.12371011558725027,0.11966449068274644,0.1467511902711806,0.04365665455366342,0.04061647693576718,0.08493912490406412,1.119881790845115,1.4450586916301114,0.6125584419697512,0.7904253001843952,0.6125584419697512,814160,203540,81416,122124,0.75,,,,,,,,,0.007857298884324177,560
bayesfl_observability_v1,vi_sparse_bayesian_keep010_seed42,125,vi,236,18,2,,5,256,26.38116157054901,0.42712879180908203,32.74419164627521,32.74419164627521,,,1.0254007180427007,0.006268620491027832,0.9998211380503732,1.0254007180427007,,-0.0,2.259365973874069,26.38116157054901,65.48838329255042,32.74419164627521,0.0006434939893146352,0.42712879180908203,32.74419164627521,0.00125,54.217419575038456,0.09169267502670012,0.09227894991636276,0.10117729306221009,0.12853366136550903,1.4917015474974764,1.2527114891880935,3.0846946965795965,,,,,,,,,,,,,,,,,,1,update_snr,bayesian,0.1,20,101770,10177,0.1,0.055943048504760104,0.030209323514236382,0.02909650092047898,0.055942557456493756,0.030209323514236382,0.02909650092047898,0.055942557456493756,0.06210454363523411,0.06095982810811763,0.06911991875968145,0.026665410167458856,0.025982401362739865,0.04929556792813699,0.06210454363523411,0.06095982810811763,0.06911991875968145,0.026665410167458856,0.025982401362739865,0.04929556792813699,0.5445566396230925,0.8688525184430856,0.5310671526177102,0.8473297347612195,0.5310671526177102,814160,203540,81416,122124,0.75,,,,,,,,,0.00783482230392621,2
bayesfl_observability_v1,vi_sparse_bayesian_keep010_seed42,125,vi,213,17,204,,5,256,198.74149589538575,0.1020950990564683,0.33956301464085376,0.33956301464085376,,,1.0559375200157093,0.006272021681070328,0.9998103446430314,1.0559375200157093,,-0.0,2.3163460082440825,198.74149589538575,69.27085498673416,0.33956301464085376,0.000680660852773255,0.1020950990564683,0.33956301464085376,0.00125,54.21999708631037,0.09169312425984888,0.09229611977934837,0.1011786013841629,0.12886682152748108,1.4918953296793904,1.253862817347379,3.0872382657865054,,,,,,,,,,,,,,,,,,1,update_snr,bayesian,0.1,20,101770,10177,0.1,0.05692150700614683,0.031222020924751313,0.03056901885642029,0.05692032998892171,0.031222020924751313,0.03056901885642029,0.05692032998892171,0.0628128154043802,0.06151514798987394,0.069618542073904,0.027711932649236996,0.027216080318381436,0.05073242330450241,0.0628128154043802,0.06151514798987394,0.069618542073904,0.027711932649236996,0.027216080318381436,0.05073242330450241,0.5491274201926845,0.9019219049171909,0.5200377955927876,0.8541432497860034,0.5200377955927876,814160,203540,81416,122124,0.75,,,,,,,,,0.007833566893989466,204
bayesfl_observability_v1,vi_sparse_bayesian_keep010_seed42,126,vi,38,3,2,,5,256,20.662450504302978,0.12376676499843597,32.632525767628174,32.632525767628174,,,1.0247818412122378,0.006275832653045654,0.9998215610670114,1.0247818412122378,,-0.0,2.311121424016332,20.662450504302978,65.26505153525635,32.632525767628174,0.0006412995139555502,0.12376676499843597,32.632525767628174,0.00125,54.248774993091295,0.09179765191348302,0.09239289164543152,0.10124047324061394,0.12882117927074432,1.4906776011804483,1.2528472645305597,3.087514506662442,,,,,,,,,,,,,,,,,,1,update_snr,bayesian,0.1,20,101770,10177,0.1,0.055786406684460055,0.03015887678776346,0.02899207866921081,0.05578632637433455,0.03015887678776346,0.02899207866921081,0.05578632637433455,0.06198625704256435,0.06073539413080938,0.06901906343608315,0.026622501203896694,0.025877480177350917,0.04914633526671651,0.06198625704256435,0.06073539413080938,0.06901906343608315,0.026622501203896694,0.025877480177350917,0.04914633526671651,0.5441586630497302,0.8683715630456095,0.530999517327544,0.847372121678496,0.530999517327544,814160,203540,81416,122124,0.75,,,,,,,,,0.007822033539446535,2
bayesfl_observability_v1,vi_sparse_bayesian_keep010_seed42,126,vi,52,4,14,,5,256,46.09499216079712,0.5827915327889579,4.659632608701473,4.659632608701473,,,1.024541321355511,0.006260499358177185,0.999821643265057,1.024541321355511,,-0.0,2.4040642619438994,46.09499216079712,65.23485652182063,4.659632608701473,0.0006410028153858763,0.5827915327889579,4.659632608701473,0.00125,54.248561000892856,0.0917971981499537,0.09239509329199791,0.10123984143137932,0.12855127453804016,1.490871371582465,1.253925986738662,3.086552971366208,,,,,,,,,,,,,,,,,,1,update_snr,bayesian,0.1,20,101770,10177,0.1,0.055844965904295336,0.030125000130891172,0.028983212501359844,0.05584441612554615,0.030125000130891172,0.028983212501359844,0.05584441612554615,0.06206776200990212,0.060822671839275214,0.06909536818777308,0.026575804366556623,0.02579392243602668,0.04915155570568452,0.06206776200990212,0.060822671839275214,0.06909536818777308,0.026575804366556623,0.02579392243602668,0.04915155570568452,0.5451002932974612,0.8674967374070748,0.5320432489499504,0.8467171790195249,0.5320432489499504,814160,203540,81416,122124,0.75,,,,,,,,,0.007821090501027294,14
bayesfl_observability_v1,vi_sparse_bayesian_keep010_seed42,126,vi,2,0,48,,5,256,45.98133926391601,0.1091231902440389,1.3701721540386747,1.3701721540386747,,,1.02908892117583,0.006272032856941223,0.9998200447792356,1.02908892117583,,-0.0,2.185987945410232,45.98133926391601,65.76826339385639,1.3701721540386747,0.0006462441131360557,0.1091231902440389,1.3701721540386747,0.00125,54.2469338472896,0.09179648924836759,0.0924004353582859,0.10123659670352936,0.1279902309179306,1.490904956264811,1.2536819483908501,3.0850279239257667,,,,,,,,,,,,,,,,,,1,update_snr,bayesian,0.1,20,101770,10177,0.1,0.0559730188678631,0.030306005540677423,0.029224542392083275,0.05597277387117553,0.030306005540677423,0.029224542392083275,0.05597277387117553,0.06213319141020916,0.06093002474779007,0.0690104491505692,0.0267696515551739,0.026137233146287978,0.04937511375648767,0.06213319141020916,0.06093002474779007,0.0690104491505692,0.0267696515551739,0.026137233146287978,0.04937511375648767,0.5457195331076709,0.8724759015993394,0.5302938569041589,0.8478139096108958,0.5302938569041589,814160,203540,81416,122124,0.75,,,,,,,,,0.00782070428782383,48
bayesfl_observability_v1,vi_sparse_bayesian_keep010_seed42,126,vi,100,8,22,,5,256,40.94344539642334,0.07269256765192206,2.980828705677152,2.980828705677152,,,1.0266989738190115,0.006264865398406982,0.9998208764851448,1.0266989738190115,,-0.0,2.3163460082440825,40.94344539642334,65.57823152489735,2.980828705677152,0.0006443768450908651,0.07269256765192206,2.980828705677152,0.00125,54.24644412260748,0.09179682642045014,0.09239879623055458,0.1012435644865036,0.12852613627910614,1.4909291783800465,1.253737296364764,3.088026646259639,,,,,,,,,,,,,,,,,,1,update_snr,bayesian,0.1,20,101770,10177,0.1,0.05593714416871917,0.030226769588416472,0.029105946550118486,0.05593618870900929,0.030226769588416472,0.029105946550118486,0.05593618870900929,0.06211922291925218,0.06082727993506667,0.06911196627934227,0.026683163662768055,0.02589734361018325,0.04928367811920787,0.06211922291925218,0.06082727993506667,0.06911196627934227,0.026683163662768055,0.02589734361018325,0.04928367811920787,0.5454077557349037,0.8698512302832179,0.5312246039422353,0.8472310311635287,0.5312246039422353,814160,203540,81416,122124,0.75,,,,,,,,,0.007820989553062815,22
bayesfl_observability_v1,vi_sparse_bayesian_keep010_seed42,126,vi,153,12,19,,5,256,51.32786388397217,0.5482286152086759,3.4362532936596737,3.4362532936596737,,,1.024610750196812,0.0062670097686350346,0.9998216047247744,1.024610750196812,,-0.0,2.259365973874069,51.32786388397217,65.2888125795338,3.4362532936596737,0.0006415329918397739,0.5482286152086759,3.4362532936596737,0.00125,54.24648544232973,0.0917971920294888,0.09239010140299797,0.10124440044164658,0.1289951652288437,1.4908786069965416,1.253612354395335,3.0840536300033534,,,,,,,,,,,,,,,,,,1,update_snr,bayesian,0.1,20,101770,10177,0.1,0.05588256030462099,0.030140748627717248,0.028908118157819403,0.055882150161073604,0.030140748627717248,0.028908118157819403,0.055882150161073604,0.062089037086972276,0.060743682945289694,0.06927699897246786,0.026590938798911133,0.025827667670677734,0.04925155288053583,0.062089037086972276,0.060743682945289694,0.06927699897246786,0.026590938798911133,0.025827667670677734,0.04925155288053583,0.5451571433059986,0.86754301249063,0.5320626815610536,0.8467049680319949,0.5320626815610536,814160,203540,81416,122124,0.75,,,,,,,,,0.007820638796688498,19
bayesfl_observability_v1,vi_sparse_bayesian_keep010_seed42,126,vi,139,11,6,,5,256,33.52189598679543,0.004648817392687003,10.879037218084854,10.879037218084854,,,1.0249853069377073,0.006269961595535278,0.9998214813763314,1.0249853069377073,,-0.0,2.28098669344155,33.52189598679543,65.27422330850912,10.879037218084854,0.00064138963651871,0.004648817392687003,10.879037218084854,0.00125,54.24753969095147,0.09179727551420709,0.09240065887570381,0.10124625489115716,0.1279762238264084,1.490854608380806,1.2531172749243695,3.0864375438188474,,,,,,,,,,,,,,,,,,1,update_snr,bayesian,0.1,20,101770,10177,0.1,0.05585540610888257,0.030128240189665822,0.029065464015550997,0.05585488704733156,0.030128240189665822,0.029065464015550997,0.05585488704733156,0.062036713012993266,0.06074554603350562,0.06908698541551034,0.02658285432040722,0.025880269763717073,0.04923857535595175,0.062036713012993266,0.06074554603350562,0.06908698541551034,0.02658285432040722,0.025880269763717073,0.04923857535595175,0.5445269046048269,0.8683808666706518,0.5312533759451442,0.847212990072088,0.5312533759451442,814160,203540,81416,122124,0.75,,,,,,,,,0.007820853744317107,6
bayesfl_observability_v1,vi_sparse_bayesian_keep010_seed42,126,vi,166,13,9,,5,256,45.72147378921509,0.593258433871799,7.238252711983476,7.238252711983476,,,1.0239098377913236,0.006269529461860657,0.9998218472220605,1.0239098377913236,,-0.0,2.3277319754160017,45.72147378921509,65.14427440785128,7.238252711983476,0.0006401127484312792,0.593258433871799,7.238252711983476,0.00125,54.246253526098286,0.09179769802885784,0.0924018919467926,0.10124430879950523,0.12896569073200226,1.4909967048548602,1.253284674725021,3.0847703395605834,,,,,,,,,,,,,,,,,,1,update_snr,bayesian,0.1,20,101770,10177,0.1,0.05587262560928453,0.030111994584947354,0.028927978421764575,0.055872307216472086,0.030111994584947354,0.028927978421764575,0.055872307216472086,0.061994449358603494,0.06070623899605886,0.0689438758871901,0.02656949961009667,0.025807655477584054,0.04919223963323953,0.061994449358603494,0.06070623899605886,0.0689438758871901,0.02656949961009667,0.025807655477584054,0.04919223963323953,0.544949099454486,0.866845911872231,0.5322237167190385,0.846603753453629,0.5322237167190385,814160,203540,81416,122124,0.75,,,,,,,,,0.007822260681453797,9
bayesfl_observability_v1,vi_sparse_bayesian_keep010_seed42,126,vi,167,13,726,,5,256,165.49667399724325,0.019834109902710298,0.2657164653075204,0.2657164653075204,,,1.7596799259483258,0.016662485897541046,0.9994740436169111,1.7596799259483258,,-0.0,2.3292713582565514,165.49667399724325,192.91015381325983,0.2657164653075204,0.001895550297860468,0.019834109902710298,0.2657164653075204,0.00125,54.26257230124552,0.09192658803567848,0.09252313151955605,0.1014248974621296,0.12839119136333466,1.4892161199773888,1.250249133085397,3.082577262155698,,,,,,,,,,,,,,,,,,1,update_snr,bayesian,0.1,20,101770,10177,0.1,0.0995201094597809,0.04948134036390553,0.04347475603122757,0.09951954929827618,0.04948134036390553,0.04347475603122757,0.09951954929827618,0.1197038062307554,0.11539178708675663,0.14308197728835775,0.041678844156477754,0.038624685647359734,0.08163453659485792,0.1197038062307554,0.11539178708675663,0.14308197728835775,0.041678844156477754,0.038624685647359734,0.08163453659485792,1.085275537090028,1.385153583679246,0.6167459894759849,0.7871622351620337,0.6167459894759849,814160,203540,81416,122124,0.75,,,,,,,,,0.007845741430988151,726
bayesfl_observability_v1,vi_sparse_bayesian_keep010_seed42,126,vi,268,21,1,,5,256,24.27206757068634,1.1920928244535389e-07,65.36076455577563,65.36076455577563,,,1.0258236435924573,0.006253961473703384,0.9998212142095462,1.0258236435924573,,-0.0,2.3096097079310103,24.27206757068634,65.36076455577563,65.36076455577563,0.0006422399976002322,1.1920928244535389e-07,65.36076455577563,0.00125,54.25087388443171,0.09179574420359551,0.0923960730433464,0.10124927014112473,0.12837429344654083,1.4909828051447576,1.2536464260263696,3.0866155530340516,,,,,,,,,,,,,,,,,,1,update_snr,bayesian,0.1,20,101770,10177,0.1,0.05580797825538485,0.030198004268062954,0.029077837652077537,0.05580736785798454,0.030198004268062954,0.029077837652077537,0.05580736785798454,0.0619615402471571,0.06069893548201733,0.06891942658154046,0.026668722492608054,0.025930405213457165,0.04925441564287702,0.0619615402471571,0.06069893548201733,0.06891942658154046,0.026668722492608054,0.025930405213457165,0.04925441564287702,0.5444145145785841,0.8694406156083747,0.5307096575314177,0.8475536911623271,0.5307096575314177,814160,203540,81416,122124,0.75,,,,,,,,,0.007821452046784885,1
bayesfl_observability_v1,vi_sparse_bayesian_keep010_seed42,126,vi,191,15,1,,5,256,28.982270061969757,0.0005418977816589177,65.23870218844388,65.23870218844388,,,1.0245572217907872,0.006265453994274139,0.9998216270794356,1.0245572217907872,,-0.0,2.3096097079310103,28.982270061969757,65.23870218844388,65.23870218844388,0.0006410406032076631,0.0005418977816589177,65.23870218844388,0.00125,54.24704289618045,0.09179615303156557,0.09239054471254349,0.1012376792728901,0.12788374722003937,1.490957865631135,1.253411613460002,3.0875439339615642,,,,,,,,,,,,,,,,,,1,update_snr,bayesian,0.1,20,101770,10177,0.1,0.05593984215689447,0.03010734542529664,0.028854870312047393,0.05593916876554398,0.03010734542529664,0.028854870312047393,0.05593916876554398,0.062100943354774535,0.060815377455579446,0.06910455550570037,0.02655250121091021,0.025780032159250062,0.049184037529172143,0.062100943354774535,0.060815377455579446,0.06910455550570037,0.02655250121091021,0.025780032159250062,0.049184037529172143,0.5455705058975133,0.8672198820474473,0.532493934251842,0.8464338190224889,0.532493934251842,814160,203540,81416,122124,0.75,,,,,,,,,0.007820651512532834,1
bayesfl_observability_v1,vi_sparse_bayesian_keep010_seed42,126,vi,277,22,783,,5,256,250.41939345002174,0.18240110597086745,0.2973112938349442,0.2973112938349442,,,1.9313487907878095,0.02049296349287033,0.9993666726322789,1.9313487907878095,,1.0837153259927952,1.2034482275163363,250.41939345002174,232.7947430727613,0.2973112938349442,0.0022874593993589595,0.18240110597086745,0.2973112938349442,0.00125,54.274963549296245,0.09196751657106518,0.0925658717751503,0.10147080346941949,0.12829764187335968,1.4888134071363572,1.250429217388839,3.083510242108233,,,,,,,,,,,,,,,,,,1,update_snr,bayesian,0.1,20,101770,10177,0.1,0.10988580098743148,0.053841642216067846,0.04664610594542763,0.10988543668401586,0.053841642216067846,0.04664610594542763,0.10988543668401586,0.1335265218872619,0.12799021928369775,0.16245460679882695,0.044987766697046294,0.041334897916081845,0.08857123650705019,0.1335265218872619,0.12799021928369775,0.16245460679882695,0.044987766697046294,0.041334897916081845,0.08857123650705019,1.216934635812713,1.4997260562639145,0.6300957349688855,0.7765174594135152,0.6300957349688855,814160,203540,81416,122124,0.75,,,,,,,,,0.007853835012265543,783
bayesfl_observability_v1,vi_sparse_bayesian_keep010_seed42,126,vi,30,2,189,,5,256,248.90257415771484,0.18008204868861608,0.3652659154120273,0.3652659154120273,,,1.0547043222174826,0.006266031414270401,0.9998109748228333,1.0547043222174826,,-0.0,2.4040642619438994,248.90257415771484,69.03525801287316,0.3652659154120273,0.0006783458584344419,0.18008204868861608,0.3652659154120273,0.00125,54.247087384059306,0.09179519171800643,0.09240495041012764,0.10123496949672699,0.12893064320087433,1.4908398338816593,1.2523927108306743,3.084912652066964,,,,,,,,,,,,,,,,,,1,update_snr,bayesian,0.1,20,101770,10177,0.1,0.0568360725867507,0.03119450137923883,0.030452855140509535,0.056835167888450194,0.03119450137923883,0.030452855140509535,0.056835167888450194,0.06285360555367811,0.06150845971685549,0.06975859269644136,0.02767682313763447,0.027220201088579043,0.050560293466587254,0.06285360555367811,0.06150845971685549,0.06975859269644136,0.02767682313763447,0.027220201088579043,0.050560293466587254,0.5495915162965658,0.9001946303545038,0.5210858671187266,0.8535042583895673,0.5210858671187266,814160,203540,81416,122124,0.75,,,,,,,,,0.007820388563559669,189
bayesfl_observability_v1,vi_sparse_bayesian_keep010_seed42,126,vi,31,2,1,,5,256,23.250320529937746,0.0007495454628951848,65.38203113183935,65.38203113183935,,,1.0254183351411414,0.00626605749130249,0.9998213175526706,1.0254183351411414,,-0.0,2.3163460082440825,23.250320529937746,65.38203113183935,65.38203113183935,0.0006424489646441913,0.0007495454628951848,65.38203113183935,0.00125,54.245578972110785,0.09179773885356639,0.09240297228097916,0.10124266594648361,0.12830595672130585,1.4908358237749664,1.252787619093163,3.087477419893435,,,,,,,,,,,,,,,,,,1,update_snr,bayesian,0.1,20,101770,10177,0.1,0.05589609234764745,0.03017147936611652,0.029001882506894894,0.05589572329816121,0.03017147936611652,0.029001882506894894,0.05589572329816121,0.0621413771590201,0.06088755924824891,0.06922126869622731,0.026619268500238345,0.025854672838077155,0.049255484471488656,0.0621413771590201,0.06088755924824891,0.06922126869622731,0.026619268500238345,0.025854672838077155,0.049255484471488656,0.5455937732541235,0.8682224349957555,0.5320694535650432,0.846700712520662,0.5320694535650432,814160,203540,81416,122124,0.75,,,,,,,,,0.007820832269570966,1
bayesfl_observability_v1,vi_sparse_bayesian_keep010_seed42,126,vi,120,9,935,,5,256,216.8723860025406,0.02803001952043829,0.26230933498954867,0.26230933498954867,,,1.9836432354216864,0.022312209010124207,0.9993317077830502,1.9836432354216864,,0.007653727565891914,2.2517606506762466,216.8723860025406,245.259228215228,0.26230933498954867,0.0024099364077353642,0.02803001952043829,0.26230933498954867,0.00125,54.26700922006645,0.0919674354157057,0.09256155788898468,0.10145499035716057,0.1280107945203781,1.4887770610295834,1.2500312762245294,3.079250625672938,,,,,,,,,,,,,,,,,,1,update_snr,bayesian,0.1,20,101770,10177,0.1,0.1120097527874064,0.055426299152209556,0.0482155107929656,0.11200775731114214,0.055426299152209556,0.0482155107929656,0.11200775731114214,0.13665473438042286,0.13093095458163817,0.16616199127803138,0.04640091746018585,0.042789566040006166,0.09127763972776011,0.13665473438042286,0.13093095458163817,0.16616199127803138,0.04640091746018585,0.042789566040006166,0.09127763972776011,1.2455108440476945,1.5438728000692987,0.6278905509855565,0.7783016484519705,0.6278905509855565,814160,203540,81416,122124,0.75,,,,,,,,,0.007856743767728906,935
bayesfl_observability_v1,vi_sparse_bayesian_keep010_seed42,126,vi,132,10,1,,5,256,27.684038507938386,0.02770700305700302,65.17277055414311,65.17277055414311,,,1.024358746474305,0.006269708275794983,0.9998216846096949,1.024358746474305,,-0.0,2.311121424016332,27.684038507938386,65.17277055414311,65.17277055414311,0.0006403927537991856,0.02770700305700302,65.17277055414311,0.00125,54.24524803422341,0.09179821020392874,0.0923977717757225,0.10126407891511917,0.12881481647491455,1.4908358330747655,1.2525746370002824,3.087336795610518,,,,,,,,,,,,,,,,,,1,update_snr,bayesian,0.1,20,101770,10177,0.1,0.05580957685219454,0.03013587698377697,0.029005023998163716,0.05580907013486712,0.03013587698377697,0.029005023998163716,0.05580907013486712,0.061877928437245835,0.06063091970422442,0.06877598449617144,0.026608982377835995,0.025902114956052276,0.04916021707965489,0.061877928437245835,0.06063091970422442,0.06877598449617144,0.026608982377835995,0.025902114956052276,0.04916021707965489,0.5442408877189098,0.8678206598216841,0.5312991074583083,0.8471843119498883,0.5312991074583083,814160,203540,81416,122124,0.75,,,,,,,,,0.007821293112940402,1
bayesfl_observability_v1,vi_sparse_bayesian_keep010_seed42,127,vi,76,6,70,,5,256,80.02396068572997,0.14074696132114956,0.9461766325471244,0.9461766325471244,,,1.0345758185004823,0.006258904933929443,0.9998183605237007,1.0345758185004823,,-0.0,2.311121424016332,80.02396068572997,66.2323642782987,0.9461766325471244,0.0006508044048177135,0.14074696132114956,0.9461766325471244,0.00125,54.28275298788629,0.09192358442478141,0.09253057464957237,0.10135391429066658,0.12779346108436584,1.4898396978956556,1.2522084162213927,3.0834508868806245,,,,,,,,,,,,,,,,,,1,update_snr,bayesian,0.1,20,101770,10177,0.1,0.056070301149144595,0.03043998574795805,0.029360529535570428,0.056069526526368464,0.03043998574795805,0.029360529535570428,0.056069526526368464,0.06212130697148059,0.06092236880662785,0.06901389583328794,0.026919838945344426,0.026247496779777908,0.04962135429878348,0.06212130697148059,0.06092236880662785,0.06901389583328794,0.026919838945344426,0.026247496779777908,0.04962135429878348,0.5463089013481768,0.8785748166967294,0.528051102276872,0.8492125961054635,0.528051102276872,814160,203540,81416,122124,0.75,,,,,,,,,0.007809311249182617,70
bayesfl_observability_v1,vi_sparse_bayesian_keep010_seed42,127,vi,79,6,1614,,5,256,324.4930237701961,0.1365304944535909,0.20413677650380038,0.20413677650380038,,,2.301077622234548,0.0281715989112854,0.9991024666598941,2.301077622234548,,0.227611568069938,2.10471822493949,324.4930237701961,329.4767572771338,0.20413677650380038,0.0032374644519714436,0.1365304944535909,0.20413677650380038,0.00125,54.323556933388254,0.092168043127381,0.09276161715388298,0.1017015278339386,0.129680335521698,1.4871706985683075,1.2492051801156157,3.0757229838174824,,,,,,,,,,,,,,,,,,1,update_snr,bayesian,0.1,20,101770,10177,0.1,0.129467910809989,0.06328940011475845,0.054018935821639476,0.1294669613600263,0.06328940011475845,0.054018935821639476,0.1294669613600263,0.16120824628277694,0.15339391509762826,0.19983707853657465,0.05240952831831195,0.047797501308828656,0.10396908814750828,0.16120824628277694,0.15339391509762826,0.19983707853657465,0.05240952831831195,0.047797501308828656,0.10396908814750828,1.4858914635602807,1.7570101826874274,0.645737218598193,0.7635597190246961,0.645737218598193,814160,203540,81416,122124,0.75,,,,,,,,,0.007867405142014977,1614
bayesfl_observability_v1,vi_sparse_bayesian_keep010_seed42,127,vi,281,22,9,,5,256,32.47537565231323,0.07825435532463922,7.246558707614988,7.246558707614988,,,1.025894047153551,0.0062768422067165375,0.9998213832356402,1.025894047153551,,-0.0,2.3096097079310103,32.47537565231323,65.2190283685349,7.246558707614988,0.0006408472867105718,0.07825435532463922,7.246558707614988,0.00125,54.28069853740535,0.09192206482041049,0.09253141283988953,0.10134651362895966,0.1289769858121872,1.4897693663809908,1.2512774545099725,3.0829145440721684,,,,,,,,,,,,,,,,,,1,update_snr,bayesian,0.1,20,101770,10177,0.1,0.05583909247017953,0.030143547003533562,0.029002019127046585,0.05583663043958288,0.030143547003533562,0.029002019127046585,0.05583663043958288,0.06203687839981318,0.06076964599567478,0.06900073292464355,0.02659984351505805,0.02581202015249912,0.04916080510570787,0.06203687839981318,0.06076964599567478,0.06900073292464355,0.02659984351505805,0.02581202015249912,0.04916080510570787,0.5457693749064991,0.8686739235174855,0.5319938997801894,0.8467481860604524,0.5319938997801894,814160,203540,81416,122124,0.75,,,,,,,,,0.00780953324911936,9
bayesfl_observability_v1,vi_sparse_bayesian_keep010_seed42,127,vi,213,17,204,,5,256,169.54341068267823,0.1000830519433115,0.332532870770178,0.332532870770178,,,1.04675713624113,0.006265997886657715,0.9998140461375784,1.04675713624113,,-0.0,2.3163460082440825,169.54341068267823,67.83670563711631,0.332532870770178,0.0006665687888092396,0.1000830519433115,0.332532870770178,0.00125,54.28103681078414,0.09192005897743757,0.09252971410751343,0.10135599374771118,0.12798890471458435,1.4898958610540882,1.2525092300665905,3.0860065231920215,,,,,,,,,,,,,,,,,,1,update_snr,bayesian,0.1,20,101770,10177,0.1,0.05666584151942782,0.03083023351373923,0.029807544247355003,0.05666421329657831,0.03083023351373923,0.029807544247355003,0.05666421329657831,0.06269512509900166,0.06142107536592164,0.06963140412197238,0.027289690004265624,0.02656912546777247,0.05021326159825999,0.06269512509900166,0.06142107536592164,0.06963140412197238,0.027289690004265624,0.02656912546777247,0.05021326159825999,0.549422468014598,0.8909744406617288,0.5248805563318687,0.8511758934466769,0.5248805563318687,814160,203540,81416,122124,0.75,,,,,,,,,0.007810210439560135,204
bayesfl_observability_v1,vi_sparse_bayesian_keep010_seed42,127,vi,128,10,1025,,5,256,187.58755501270295,0.023497829125603525,0.259981030343089,0.259981030343089,,,2.068473528245538,0.02467939257621765,0.9992743127746483,2.068473528245538,,0.10892171136653514,2.2170760364031934,187.58755501270295,266.48055610166625,0.259981030343089,0.002618458839556512,0.023497829125603525,0.259981030343089,0.00125,54.3045755970871,0.09212822661168381,0.09274443611502647,0.10163317173719406,0.1284857541322708,1.4871826142130355,1.2530265056829881,3.0765131479884387,,,,,,,,,,,,,,,,,,1,update_snr,bayesian,0.1,20,101770,10177,0.1,0.11662913158809837,0.057161787908315685,0.04894491802249559,0.116628052371703,0.057161787908315685,0.04894491802249559,0.116628052371703,0.14453537577139547,0.13785508843553293,0.17795743050187213,0.0474536114790846,0.04347410770825783,0.09404207957381033,0.14453537577139547,0.13785508843553293,0.17795743050187213,0.0474536114790846,0.04347410770825783,0.09404207957381033,1.326059610813377,1.587497604918516,0.6410812576064872,0.7674730100437971,0.6410812576064872,814160,203540,81416,122124,0.75,,,,,,,,,0.007850786058123943,1025
bayesfl_observability_v1,vi_sparse_bayesian_keep010_seed42,127,vi,121,9,1,,5,256,19.276712960004808,0.00019941726350225508,65.31577071846186,65.31577071846186,,,1.0267058366245403,0.006271257996559143,0.9998210877584093,1.0267058366245403,,-0.0,2.28098669344155,19.276712960004808,65.31577071846186,65.31577071846186,0.0006417978846267255,0.00019941726350225508,65.31577071846186,0.00125,54.278499225470306,0.09192408039068484,0.09252668172121048,0.1013527438044548,0.12879417836666107,1.4897183242139203,1.2504811144315844,3.0846428650830453,,,,,,,,,,,,,,,,,,1,update_snr,bayesian,0.1,20,101770,10177,0.1,0.05584927750389216,0.03015579520994578,0.029001360408237288,0.05584869206167905,0.03015579520994578,0.029001360408237288,0.05584869206167905,0.06202685884966421,0.06078381544159726,0.06908865626659358,0.026614565916643726,0.02585647072032957,0.04921550782672939,0.06202685884966421,0.06078381544159726,0.06908865626659358,0.026614565916643726,0.02585647072032957,0.04921550782672939,0.5454225240527516,0.8698500705379194,0.5312354372562208,0.8472242384417437,0.5312354372562208,814160,203540,81416,122124,0.75,,,,,,,,,0.007809117694764313,1
bayesfl_observability_v1,vi_sparse_bayesian_keep010_seed42,127,vi,239,19,577,,5,256,199.49778584837912,0.009651686331221715,0.34762622910785834,0.34762622910785834,,,1.7980333802877784,0.017473876476287842,0.9994517168779351,1.7980333802877784,,-0.0,2.311121424016332,199.49778584837912,200.58033419523426,0.34762622910785834,0.001970918091728744,0.009651686331221715,0.34762622910785834,0.00125,54.30493722146764,0.09205749071559796,0.09267017990350723,0.10152700766921044,0.12788435816764832,1.488166188297161,1.2507294250199492,3.083457184258815,,,,,,,,,,,,,,,,,,1,update_snr,bayesian,0.1,20,101770,10177,0.1,0.1011963990344255,0.050616577943031524,0.0448351870003487,0.10119062685704476,0.050616577943031524,0.0448351870003487,0.10119062685704476,0.12140866657310952,0.11707066574412789,0.14514019308657133,0.04275079031746728,0.03975681862228236,0.08322388312541683,0.12140866657310952,0.11707066574412789,0.14514019308657133,0.04275079031746728,0.03975681862228236,0.08322388312541683,1.102198784257597,1.4205920866350663,0.6130024038158781,0.7900810419925007,0.6130024038158781,814160,203540,81416,122124,0.75,,,,,,,,,0.0078351049709271,577
bayesfl_observability_v1,vi_sparse_bayesian_keep010_seed42,127,vi,243,19,1,,5,256,22.174764531850816,0.0013006808003410697,64.97442560988567,64.97442560988567,,,1.0248325282633914,0.006275296211242676,0.9998217923329579,1.0248325282633914,,-0.0,2.185987945410232,22.174764531850816,64.97442560988567,64.97442560988567,0.0006384438008242672,0.0013006808003410697,64.97442560988567,0.00125,54.286302210532774,0.091923217706465,0.09252891689538956,0.10134274140000343,0.1278337687253952,1.489875403078702,1.2525928043873114,3.0856640534342064,,,,,,,,,,,,,,,,,,1,update_snr,bayesian,0.1,20,101770,10177,0.1,0.055735716009554424,0.030081493876223355,0.02885755263010312,0.0557348437466198,0.030081493876223355,0.02885755263010312,0.0557348437466198,0.061846361088346305,0.06059494940626543,0.06893639216162106,0.026552064185987472,0.025814636406793507,0.04910994558216719,0.061846361088346305,0.06059494940626543,0.06893639216162106,0.026552064185987472,0.025814636406793507,0.04910994558216719,0.5455808579082537,0.8675386092104661,0.5323609886122139,0.8465174409330425,0.5323609886122139,814160,203540,81416,122124,0.75,,,,,,,,,0.007807574565929271,1
bayesfl_observability_v1,vi_sparse_bayesian_keep010_seed42,127,vi,245,19,178,,5,256,102.34986228942871,0.035357164532950756,0.371521049675947,0.371521049675947,,,1.0334622825991748,0.006266780197620392,0.9998187707002462,1.0334622825991748,,-0.0,2.185987945410232,102.34986228942871,66.13074684231857,0.371521049675947,0.0006498059039237356,0.035357164532950756,0.371521049675947,0.00125,54.285394905490364,0.09192358809593291,0.09252053871750832,0.1013407863676548,0.12813124060630798,1.4900152437614915,1.253325485358329,3.084644945834702,,,,,,,,,,,,,,,,,,1,update_snr,bayesian,0.1,20,101770,10177,0.1,0.05623685667056023,0.03032572008233604,0.029108679304565406,0.0562365408791124,0.03032572008233604,0.029108679304565406,0.0562365408791124,0.06238914317889625,0.06115163465788074,0.06937065777327016,0.026763117516051566,0.025908318032768274,0.049610065846699185,0.06238914317889625,0.06115163465788074,0.06937065777327016,0.026763117516051566,0.025908318032768274,0.049610065846699185,0.5481993133480593,0.8760832165952123,0.5304492699717389,0.8477166814369349,0.5304492699717389,814160,203540,81416,122124,0.75,,,,,,,,,0.007809881932817781,178
bayesfl_observability_v1,vi_sparse_bayesian_keep010_seed42,127,vi,189,15,1,,5,256,28.457808685302734,1.1920928244535389e-07,64.84843260755699,64.84843260755699,,,1.022962241727448,0.006265908479690552,0.9998224002961014,1.022962241727448,,-0.0,2.259365973874069,28.457808685302734,64.84843260755699,64.84843260755699,0.0006372057837040089,1.1920928244535389e-07,64.84843260755699,0.00125,54.28029253705779,0.09192201556795102,0.09253352507948875,0.10137038677930832,0.1282569319009781,1.4898006238959294,1.2535907197506273,3.084295635704348,,,,,,,,,,,,,,,,,,1,update_snr,bayesian,0.1,20,101770,10177,0.1,0.055842621725262435,0.030009417835000225,0.028792820083376018,0.0558412797652766,0.030009417835000225,0.028792820083376018,0.0558412797652766,0.062017359597270914,0.06079772681648445,0.06914918092623484,0.02645297986141459,0.02571649491987465,0.049115879517318176,0.062017359597270914,0.06079772681648445,0.06914918092623484,0.02645297986141459,0.02571649491987465,0.049115879517318176,0.5453119976875029,0.8654978758946271,0.5330714814719355,0.8460702072767464,0.5330714814719355,814160,203540,81416,122124,0.75,,,,,,,,,0.007809758334721908,1
bayesfl_observability_v1,vi_sparse_bayesian_keep010_seed42,127,vi,196,15,1,,5,256,30.588183164596558,0.0008559139096178114,64.95413368133433,64.95413368133433,,,1.0236099695530114,0.006273563951253891,0.9998221808412068,1.0236099695530114,,-0.0,2.185987945410232,30.588183164596558,64.95413368133433,64.95413368133433,0.0006382444107431889,0.0008559139096178114,64.95413368133433,0.00125,54.28119616425122,0.09192183469128865,0.09252111986279488,0.10136635899543762,0.12781384587287903,1.4898210693410263,1.252034042675816,3.082232741955171,,,,,,,,,,,,,,,,,,1,update_snr,bayesian,0.1,20,101770,10177,0.1,0.05575182914607011,0.03006587991619304,0.02877638367885819,0.05575163216757914,0.03006587991619304,0.02877638367885819,0.05575163216757914,0.061940830822781,0.06069478158532786,0.06894390046923993,0.026524218704349938,0.025719930096222858,0.04918209882699823,0.061940830822781,0.06069478158532786,0.06894390046923993,0.026524218704349938,0.025719930096222858,0.04918209882699823,0.5451907401577785,0.8663396716153148,0.532615699704304,0.8463572038025643,0.532615699704304,814160,203540,81416,122124,0.75,,,,,,,,,0.007809603323682467,1
bayesfl_observability_v1,vi_sparse_bayesian_keep010_seed42,127,vi,197,15,49,,5,256,39.204383325576785,0.05218845484208087,1.3223494604359343,1.3223494604359343,,,1.0227137417251344,0.006275370717048645,0.9998224828914921,1.0227137417251344,,-0.0,2.259365973874069,39.204383325576785,64.79512356136078,1.3223494604359343,0.0006366819648360104,0.05218845484208087,1.3223494604359343,0.00125,54.279664010083515,0.09192304522768388,0.09252872690558434,0.10134555026888847,0.12784430384635925,1.4897117875501038,1.252792450884748,3.087250256364569,,,,,,,,,,,,,,,,,,1,update_snr,bayesian,0.1,20,101770,10177,0.1,0.05571135821713004,0.03000312807984117,0.028804585687459725,0.05571062978756658,0.03000312807984117,0.028804585687459725,0.05571062978756658,0.061858263409656195,0.06050892800318486,0.06891427717522985,0.026463668598750614,0.025670135594044532,0.049059645263192765,0.061858263409656195,0.06050892800318486,0.06891427717522985,0.026463668598750614,0.025670135594044532,0.049059645263192765,0.544432792796197,0.8657576633455569,0.5323413293321323,0.8465298040145419,0.5323413293321323,814160,203540,81416,122124,0.75,,,,,,,,,0.007808483053512221,49
bayesfl_observability_v1,vi_sparse_bayesian_keep010_seed42,127,vi,68,5,1,,5,256,25.624189263395966,0.011356120929121971,65.23143488678562,65.23143488678562,,,1.0254992042699131,0.006266698241233826,0.999821494258546,1.0254992042699131,,-0.0,2.4040642619438994,25.624189263395966,65.23143488678562,65.23143488678562,0.0006409691941317247,0.011356120929121971,65.23143488678562,0.00125,54.275683805928615,0.09192441339840018,0.09253963083028793,0.10134806558489799,0.1284148246049881,1.4895343642514332,1.2520849204245748,3.083465856628857,,,,,,,,,,,,,,,,,,1,update_snr,bayesian,0.1,20,101770,10177,0.1,0.055807466635671994,0.030121071792240713,0.02902440681333251,0.05580697645322925,0.030121071792240713,0.02902440681333251,0.05580697645322925,0.06198758718736962,0.06064785333753877,0.06899557599323797,0.026580347859448603,0.025858707560149796,0.04927458781547053,0.06198758718736962,0.06064785333753877,0.06899557599323797,0.026580347859448603,0.025858707560149796,0.04927458781547053,0.5444822083345251,0.869015386955481,0.5309435697925871,0.8474071782183018,0.5309435697925871,814160,203540,81416,122124,0.75,,,,,,,,,0.0078103592873545674,1
bayesfl_observability_v1,vi_sparse_bayesian_keep010_seed42,127,vi,163,13,1,,5,256,24.669862222671508,0.004123162943869829,65.17210985849101,65.17210985849101,,,1.0252562251862816,0.006273195147514343,0.9998216305959648,1.0252562251862816,,-0.0,2.185987945410232,24.669862222671508,65.17210985849101,65.17210985849101,0.0006403862617519015,0.004123162943869829,65.17210985849101,0.00125,54.28444387369348,0.09192394700629415,0.09251943603157997,0.10134530290961266,0.12807013094425201,1.4898403753324816,1.2531613256668892,3.0849178352849003,,,,,,,,,,,,,,,,,,1,update_snr,bayesian,0.1,20,101770,10177,0.1,0.05597053228661331,0.030095819692302166,0.028885032123755087,0.05597012178238358,0.030095819692302166,0.028885032123755087,0.05597012178238358,0.062079724067599644,0.06082181294195166,0.06909918759182182,0.026542052539491334,0.025776421007704966,0.049178715772131745,0.062079724067599644,0.06082181294195166,0.06909918759182182,0.026542052539491334,0.025776421007704966,0.049178715772131745,0.5455534205601078,0.8680563303141049,0.532114223896553,0.8466725770491034,0.532114223896553,814160,203540,81416,122124,0.75,,,,,,,,,0.007811569901103942,1
bayesfl_observability_v1,vi_sparse_bayesian_keep010_seed42,127,vi,164,13,1,,5,256,22.897211068868636,0.004556986037641764,65.00291916501848,65.00291916501848,,,1.0246372915668946,0.006271868944168091,0.9998218414995608,1.0246372915668946,,-0.0,2.185987945410232,22.897211068868636,65.00291916501848,65.00291916501848,0.0006387237807312418,0.004556986037641764,65.00291916501848,0.00125,54.283837347297776,0.0919236483676305,0.09252522885799408,0.10135065466165542,0.12832985818386078,1.4899562744706947,1.2525782596247577,3.084951631761325,,,,,,,,,,,,,,,,,,1,update_snr,bayesian,0.1,20,101770,10177,0.1,0.05568533803957701,0.030077804273859237,0.028927104928003534,0.05568515414889748,0.030077804273859237,0.028927104928003534,0.05568515414889748,0.0618811418292623,0.060588292470746485,0.0689146091567735,0.026544100101036673,0.025802202924900045,0.04910166441128512,0.0618811418292623,0.060588292470746485,0.0689146091567735,0.026544100101036673,0.025802202924900045,0.04910166441128512,0.5448183093172804,0.867787179613874,0.5317182126800538,0.8469213318274191,0.5317182126800538,814160,203540,81416,122124,0.75,,,,,,,,,0.007810432848467074,1
bayesfl_observability_v1,vi_sparse_bayesian_keep010_seed42,128,vi,138,11,1,,5,256,22.736089013516903,0.00040880427695810795,64.97428216639317,64.97428216639317,,,1.0254667937324062,0.0062675997614860535,0.9998218317264638,1.0254667937324062,,-0.0,2.3277319754160017,22.736089013516903,64.97428216639317,64.97428216639317,0.0006384423913372621,0.00040880427695810795,64.97428216639317,0.00125,54.32635625810779,0.09205970708063002,0.09267303720116615,0.1014697439968586,0.12795083224773407,1.4889121269831764,1.250564307270265,3.080314858910778,,,,,,,,,,,,,,,,,,1,update_snr,bayesian,0.1,20,101770,10177,0.1,0.05577271769683975,0.03005740928835932,0.02883690810562859,0.05576924532781993,0.03005740928835932,0.02883690810562859,0.05576924532781993,0.06195479654300762,0.060651523627946666,0.06900986834577963,0.02651325514895396,0.02564660285079516,0.04915402560699468,0.06195479654300762,0.060651523627946666,0.06900986834577963,0.02651325514895396,0.02564660285079516,0.04915402560699468,0.5458721449469862,0.8681046863246381,0.5323157690559316,0.8465458770878236,0.5323157690559316,814160,203540,81416,122124,0.75,,,,,,,,,0.007800979569590168,1
bayesfl_observability_v1,vi_sparse_bayesian_keep010_seed42,128,vi,221,17,1,,5,256,25.242063331604005,0.16099059581756592,64.76877888320845,64.76877888320845,,,1.0239820383566203,0.006275191903114319,0.9998223549690589,1.0239820383566203,,-0.0,2.311121424016332,25.242063331604005,64.76877888320845,64.76877888320845,0.000636423099962744,0.16099059581756592,64.76877888320845,0.00125,54.32754528697597,0.09205979570849648,0.09268264845013618,0.10147083923220634,0.1284181773662567,1.4887963646940885,1.2512601192792496,3.0808578036972287,,,,,,,,,,,,,,,,,,1,update_snr,bayesian,0.1,20,101770,10177,0.1,0.055653926655062656,0.030025280073227762,0.028911437234718645,0.05565296202138506,0.030025280073227762,0.028911437234718645,0.05565296202138506,0.06178613556378623,0.060532937267620844,0.06862164572291402,0.02649629612983238,0.025846848335059364,0.04900977514503655,0.06178613556378623,0.060532937267620844,0.06862164572291402,0.02649629612983238,0.025846848335059364,0.04900977514503655,0.5449362473799152,0.8669392719034449,0.5321736387627254,0.8466352332652124,0.5321736387627254,814160,203540,81416,122124,0.75,,,,,,,,,0.00780238949974959,1
bayesfl_observability_v1,vi_sparse_bayesian_keep010_seed42,128,vi,285,22,3,,5,256,19.84038381036371,0.00023819859294841686,21.75175670372953,21.75175670372953,,,1.0276526930434218,0.0062616318464279175,0.9998210424868539,1.0276526930434218,,-0.0,2.259365973874069,19.84038381036371,65.2552701111886,21.75175670372953,0.0006412034009156784,0.00023819859294841686,21.75175670372953,0.00125,54.320960756283895,0.09206181156970733,0.09268039837479591,0.10147534608840943,0.12823012471199036,1.4886006493098891,1.2504469607720146,3.0783026213165123,,,,,,,,,,,,,,,,,,1,update_snr,bayesian,0.1,20,101770,10177,0.1,0.0558974067962272,0.0301185178434979,0.028900928755818782,0.05589593738160491,0.0301185178434979,0.028900928755818782,0.05589593738160491,0.06203997831639745,0.06081886421451075,0.06903446453507871,0.026571688902064614,0.025802816892174646,0.04920284242291406,0.06203997831639745,0.06081886421451075,0.06903446453507871,0.026571688902064614,0.025802816892174646,0.04920284242291406,0.5462336634062782,0.8704589838017381,0.5315352814272224,0.8470361530643683,0.5315352814272224,814160,203540,81416,122124,0.75,,,,,,,,,0.007800704239579153,3
bayesfl_observability_v1,vi_sparse_bayesian_keep010_seed42,128,vi,228,18,5,,5,256,29.372195100784303,0.3253899574279785,12.983870683354713,12.983870683354713,,,1.0252519813629544,0.00626780092716217,0.999821925489371,1.0252519813629544,,0.6730116670092565,1.5651195035345156,29.372195100784303,64.91935341677356,12.983870683354713,0.000637902657136421,0.3253899574279785,12.983870683354713,0.00125,54.32920223546009,0.09205888148008828,0.09267010912299156,0.10146527215838433,0.12861528992652893,1.4888548700185824,1.2521605042053259,3.0821308055908228,,,,,,,,,,,,,,,,,,1,update_snr,bayesian,0.1,20,101770,10177,0.1,0.05573676122590985,0.03004147063995165,0.02889492530975542,0.055736324492094674,0.03004147063995165,0.02889492530975542,0.055736324492094674,0.06190382629908548,0.06060459232754287,0.06893960984823559,0.026501208900047892,0.02579947906261713,0.049120286306041545,0.06190382629908548,0.06060459232754287,0.06893960984823559,0.026501208900047892,0.02579947906261713,0.049120286306041545,0.5461692427182913,0.8676639808112311,0.5327170809191923,0.8462933957540583,0.5327170809191923,814160,203540,81416,122124,0.75,,,,,,,,,0.007800124104013703,5
bayesfl_observability_v1,vi_sparse_bayesian_keep010_seed42,128,vi,209,16,1,,5,256,29.60310094356537,0.2271219789981842,64.706044103965,64.706044103965,,,1.0235832328280559,0.006275154650211334,0.9998224737891953,1.0235832328280559,,-0.0,2.259365973874069,29.60310094356537,64.706044103965,64.706044103965,0.0006358066631027316,0.2271219789981842,64.706044103965,0.00125,54.32433422794118,0.09205941506424915,0.09268083423376083,0.10147433280944824,0.1280493438243866,1.4886526185785633,1.2505838048214741,3.0812383301083597,,,,,,,,,,,,,,,,,,1,update_snr,bayesian,0.1,20,101770,10177,0.1,0.05561491539817896,0.03002249605451204,0.028854071853195502,0.05561397994208917,0.03002249605451204,0.028854071853195502,0.05561397994208917,0.061693775536878784,0.06040195881965779,0.06858092827883182,0.026503465000915737,0.02577452833409492,0.04902418682315575,0.061693775536878784,0.06040195881965779,0.06858092827883182,0.026503465000915737,0.02577452833409492,0.04902418682315575,0.5436678572944743,0.8672646052224026,0.531141816178813,0.8472829345066928,0.531141816178813,814160,203540,81416,122124,0.75,,,,,,,,,0.007800230037857737,1
bayesfl_observability_v1,vi_sparse_bayesian_keep010_seed42,128,vi,244,19,1,,5,256,27.993222022056578,0.006937582511454821,64.90293926963905,64.90293926963905,,,1.0252513708513757,0.006261900067329407,0.9998218810082949,1.0252513708513757,,-0.0,2.28098669344155,27.993222022056578,64.90293926963905,64.90293926963905,0.0006377413704396094,0.006937582511454821,64.90293926963905,0.00125,54.32165605987832,0.09205985481626505,0.09267425537109375,0.10146301463246346,0.12769025564193726,1.488780997985723,1.2508974394574284,3.081444159500881,,,,,,,,,,,,,,,,,,1,update_snr,bayesian,0.1,20,101770,10177,0.1,0.05564041846552568,0.0300814635006306,0.02896734592091154,0.055639301988446,0.0300814635006306,0.02896734592091154,0.055639301988446,0.06178872681297572,0.0605396604739313,0.0686953054864835,0.02655843424370337,0.025839328765534783,0.04904708505822022,0.06178872681297572,0.0605396604739313,0.0686953054864835,0.02655843424370337,0.025839328765534783,0.04904708505822022,0.5450359684120382,0.8683755907266033,0.531612035748303,0.846987983059704,0.531612035748303,814160,203540,81416,122124,0.75,,,,,,,,,0.007799549688274566,1
bayesfl_observability_v1,vi_sparse_bayesian_keep010_seed42,128,vi,179,14,604,,5,256,178.25969502925872,0.021130138428400683,0.324817950005193,0.324817950005193,,,1.779883529001488,0.016932129859924316,0.9994635303770502,1.779883529001488,,-0.0,2.311121424016332,178.25969502925872,196.19004180313655,0.324817950005193,0.0019277787344319204,0.021130138428400683,0.324817950005193,0.00125,54.34531694221157,0.09219204695455871,0.09280243515968323,0.10163146778941154,0.1298493593931198,1.4871225223112552,1.2509274871318306,3.0771069349596627,,,,,,,,,,,,,,,,,,1,update_snr,bayesian,0.1,20,101770,10177,0.1,0.10034214518446946,0.0498726695637216,0.043947520938882115,0.10034211840196518,0.0498726695637216,0.043947520938882115,0.10034211840196518,0.12101944324045583,0.11648326066823544,0.1454322624738112,0.04196747248852891,0.039101049858198594,0.0820610588107512,0.12101944324045583,0.11648326066823544,0.1454322624738112,0.04196747248852891,0.039101049858198594,0.0820610588107512,1.1015715759179023,1.3980434327804492,0.6189009325435368,0.7854690545761438,0.6189009325435368,814160,203540,81416,122124,0.75,,,,,,,,,0.007824579563646069,604
bayesfl_observability_v1,vi_sparse_bayesian_keep010_seed42,128,vi,54,4,1,,5,256,30.920829486846923,5.23792839050293,65.03209430490378,65.03209430490378,,,1.0254425979751018,0.0062729716300964355,0.9998218350933263,1.0254425979751018,,-0.0,2.3096097079310103,30.920829486846923,65.03209430490378,65.03209430490378,0.0006390104579434389,5.23792839050293,65.03209430490378,0.00125,54.325529515796234,0.09206075660395338,0.09269453585147858,0.10145988613367081,0.12819774448871613,1.4886348118228019,1.2519385836729315,3.0806505671674604,,,,,,,,,,,,,,,,,,1,update_snr,bayesian,0.1,20,101770,10177,0.1,0.055867493250824275,0.030087195644488432,0.028955957448221006,0.0558657816688254,0.030087195644488432,0.028955957448221006,0.0558657816688254,0.061960969559312094,0.060766143394234334,0.06879190476114116,0.026545665209508032,0.0258024738310052,0.04912015530177991,0.061960969559312094,0.060766143394234334,0.06879190476114116,0.026545665209508032,0.0258024738310052,0.04912015530177991,0.545733389597293,0.8681633424768499,0.5321930166300187,0.8466230525152508,0.5321930166300187,814160,203540,81416,122124,0.75,,,,,,,,,0.007799802230022047,1
bayesfl_observability_v1,vi_sparse_bayesian_keep010_seed42,128,vi,60,4,51,,5,256,125.57746849060058,0.29180113474527997,1.280933176894069,1.280933176894069,,,1.0287278313533919,0.0062686484307050705,0.9998207044997764,1.0287278313533919,,0.15407610367102942,2.157614259471844,125.57746849060058,65.32759202159752,1.280933176894069,0.0006419140416782698,0.29180113474527997,1.280933176894069,0.00125,54.32756698258343,0.09206063654711179,0.09268536791205406,0.1014740951359272,0.12887002527713776,1.4888909649440436,1.2528740025892768,3.080056669448559,,,,,,,,,,,,,,,,,,1,update_snr,bayesian,0.1,20,101770,10177,0.1,0.05582858557755681,0.03014900088069084,0.02897840276565105,0.05582812261405664,0.03014900088069084,0.02897840276565105,0.05582812261405664,0.061940751230592006,0.06064585639846799,0.06896253562903254,0.026616584175146268,0.02580689660180962,0.04927580283099475,0.061940751230592006,0.06064585639846799,0.06896253562903254,0.026616584175146268,0.02580689660180962,0.04927580283099475,0.5460456441888504,0.8718458037195779,0.5307969975600583,0.8474989955045541,0.5307969975600583,814160,203540,81416,122124,0.75,,,,,,,,,0.007801197780857232,51
bayesfl_observability_v1,vi_sparse_bayesian_keep010_seed42,128,vi,25,2,1,,5,256,19.441420912742615,0.9710284471511841,65.20841657639554,65.20841657639554,,,1.0275866739737605,0.006269112229347229,0.9998211117509554,1.0275866739737605,,-0.0,2.4040642619438994,19.441420912742615,65.20841657639554,65.20841657639554,0.0006407430144089176,0.9710284471511841,65.20841657639554,0.00125,54.32896631430727,0.09206159675798208,0.0926830805838108,0.10146746262907982,0.12790967524051666,1.4888500566673415,1.2508160438844642,3.0779466767236574,,,,,,,,,,,,,,,,,,1,update_snr,bayesian,0.1,20,101770,10177,0.1,0.05576105187853416,0.03014303705809559,0.02906674165144161,0.05576070986441718,0.03014303705809559,0.02906674165144161,0.05576070986441718,0.06193213542082553,0.060693456802303244,0.06888261705289594,0.026610915017792256,0.025884338725362437,0.04911213668322101,0.06193213542082553,0.060693456802303244,0.06888261705289594,0.026610915017792256,0.025884338725362437,0.04911213668322101,0.5456711622841639,0.8707338027089022,0.5310220306516914,0.8473580134527284,0.5310220306516914,814160,203540,81416,122124,0.75,,,,,,,,,0.007801597975713437,1
bayesfl_observability_v1,vi_sparse_bayesian_keep010_seed42,128,vi,165,13,1662,,5,256,226.7545640707016,0.007975638450698302,0.1859242114213049,0.1859242114213049,,,2.229094662838537,0.028942925855517387,0.9991590623883612,2.229094662838537,,-0.0,2.3292713582565514,226.7545640707016,309.00603938220877,0.1859242114213049,0.003036317572783814,0.007975638450698302,0.1859242114213049,0.00125,54.365421551486236,0.09230879058149395,0.09290891140699387,0.10181469172239303,0.12873074412345886,1.4861245689472766,1.2486070028552292,3.0735337311992392,,,,,,,,,,,,,,,,,,1,update_snr,bayesian,0.1,20,101770,10177,0.1,0.1254633122572624,0.06107169859122595,0.05195575493901061,0.12545762772983957,0.06107169859122595,0.05195575493901061,0.12545762772983957,0.15669241810071444,0.14933967295941478,0.19412753637814545,0.05044717420128278,0.04605174774494701,0.1004887141991181,0.15669241810071444,0.14933967295941478,0.19412753637814545,0.05044717420128278,0.04605174774494701,0.1004887141991181,1.4474289213138833,1.6952322948904055,0.6493348826517409,0.7605026036586938,0.6493348826517409,814160,203540,81416,122124,0.75,,,,,,,,,0.007856874497687691,1662
bayesfl_observability_v1,vi_sparse_bayesian_keep010_seed42,128,vi,169,13,456,,5,256,202.52149386405944,0.01683567934914639,0.3119445544478185,0.3119445544478185,,,1.5177380053360834,0.01223018765449524,0.999609830619329,1.5177380053360834,,-0.0,2.3163460082440825,202.52149386405944,142.24671682820522,0.3119445544478185,0.001397727393418544,0.01683567934914639,0.3119445544478185,0.00125,54.337210494102024,0.09213752340376406,0.09275302290916443,0.10155370682477952,0.12954607605934143,1.4878606069523899,1.2501060630893577,3.0795406941489394,,,,,,,,,,,,,,,,,,1,update_snr,bayesian,0.1,20,101770,10177,0.1,0.08492822955820561,0.04329566623357757,0.039270234178312866,0.08492692620481834,0.04329566623357757,0.039270234178312866,0.08492692620481834,0.09901483574678692,0.09622231800703364,0.11494384344731393,0.03710464739877654,0.035055174204905726,0.07133074889203786,0.09901483574678692,0.09622231800703364,0.11494384344731393,0.03710464739877654,0.035055174204905726,0.07133074889203786,0.892569905522384,1.2275372159724196,0.5880922151150428,0.8087938838301657,0.5880922151150428,814160,203540,81416,122124,0.75,,,,,,,,,0.007814827862493547,456
bayesfl_observability_v1,vi_sparse_bayesian_keep010_seed42,128,vi,299,23,1,,5,256,25.21081223487854,0.0031439659651368856,64.79080083263048,64.79080083263048,,,1.023872918602255,0.006264820694923401,0.9998224189012105,1.023872918602255,,-0.0,2.3096097079310103,25.21081223487854,64.79080083263048,64.79080083263048,0.0006366394893645523,0.0031439659651368856,64.79080083263048,0.00125,54.331145983005094,0.09206016552070363,0.09268246591091156,0.10147661417722702,0.1284126341342926,1.488878699358517,1.250607857267699,3.0846457052790965,,,,,,,,,,,,,,,,,,1,update_snr,bayesian,0.1,20,101770,10177,0.1,0.055674859691522784,0.03001168159489842,0.028774830589261106,0.0556746654780251,0.03001168159489842,0.028774830589261106,0.0556746654780251,0.06186176242286765,0.0606372577399027,0.06880749905022018,0.02647278372512406,0.025653437513406645,0.049046539338639096,0.06186176242286765,0.0606372577399027,0.06880749905022018,0.02647278372512406,0.025653437513406645,0.049046539338639096,0.5447098398520562,0.8669526768027468,0.5320092268830291,0.8467385561738182,0.5320092268830291,814160,203540,81416,122124,0.75,,,,,,,,,0.007800208532919685,1
bayesfl_observability_v1,vi_sparse_bayesian_keep010_seed42,128,vi,153,12,19,,5,256,52.088751029968265,0.5706498999344675,3.4131644723403523,3.4131644723403523,,,1.0243941315621468,0.006274953484535217,0.9998222171327734,1.0243941315621468,,-0.0,2.259365973874069,52.088751029968265,64.8501249744667,3.4131644723403523,0.0006372224130339658,0.5706498999344675,3.4131644723403523,0.00125,54.32831253835554,0.09205961084101118,0.09268978983163834,0.10147689878940583,0.12862803041934967,1.4887148944334267,1.2505389421791349,3.0813506384405764,,,,,,,,,,,,,,,,,,1,update_snr,bayesian,0.1,20,101770,10177,0.1,0.05573573196292374,0.03004402603276721,0.028866510575091882,0.05573535149520688,0.03004402603276721,0.028866510575091882,0.05573535149520688,0.06178640050691323,0.06047784691339521,0.06864750435095163,0.02651709553563987,0.025763967087634527,0.049061215852363504,0.06178640050691323,0.06047784691339521,0.06864750435095163,0.02651709553563987,0.025763967087634527,0.049061215852363504,0.5447832832795912,0.8675220521912247,0.5318102344542189,0.8468635513054917,0.5318102344542189,814160,203540,81416,122124,0.75,,,,,,,,,0.007801134834490676,19
bayesfl_observability_v1,vi_sparse_bayesian_keep010_seed42,128,vi,159,12,1,,5,256,24.444433873891832,0.0003883084573317319,65.1878095116156,65.1878095116156,,,1.0275100722209274,0.006261449307203293,0.9998211621681959,1.0275100722209274,,-0.0,2.185987945410232,24.444433873891832,65.1878095116156,65.1878095116156,0.0006405405277745465,0.0003883084573317319,65.1878095116156,0.00125,54.332066217412084,0.09206012478201682,0.09267329424619675,0.10145982801914215,0.12789051234722137,1.4889322947185228,1.2499400871188666,3.0828506152883777,,,,,,,,,,,,,,,,,,1,update_snr,bayesian,0.1,20,101770,10177,0.1,0.05580792273474008,0.030147290256556648,0.029081456323645213,0.05580742954958766,0.030147290256556648,0.029081456323645213,0.05580742954958766,0.061872594040755124,0.060656550767125776,0.06862021022318072,0.026622256502756816,0.025918435180919904,0.049141972723078374,0.061872594040755124,0.060656550767125776,0.06862021022318072,0.026622256502756816,0.025918435180919904,0.049141972723078374,0.5459284598298194,0.8704820878474739,0.5313120275792664,0.8471762091499084,0.5313120275792664,814160,203540,81416,122124,0.75,,,,,,,,,0.007799378535988416,1
bayesfl_observability_v1,vi_sparse_bayesian_keep010_seed42,129,vi,79,6,1614,,5,256,298.6950515610831,0.11646496703042712,0.20060347211082627,0.20060347211082627,,,2.286682056864229,0.0300481915473938,0.9991166579361793,2.286682056864229,,0.227611568069938,2.10471822493949,298.6950515610831,323.7740039868736,0.20060347211082627,0.003181428750976453,0.11646496703042712,0.20060347211082627,0.00125,54.4153053345834,0.09243110256082705,0.09303274750709534,0.10190437883138657,0.12899209558963776,1.4853567722457017,1.2459537945915227,3.073496827778237,,,,,,,,,,,,,,,,,,1,update_snr,bayesian,0.1,20,101770,10177,0.1,0.12863749563201915,0.06255888383264663,0.0531777720440287,0.12863554301532623,0.06255888383264663,0.0531777720440287,0.12863554301532623,0.1605460550190184,0.1527546004591606,0.1992809092554901,0.05167142036749419,0.047069211744876216,0.10291134742120218,0.1605460550190184,0.1527546004591606,0.1992809092554901,0.05167142036749419,0.047069211744876216,0.10291134742120218,1.4854412847525273,1.7384990706749308,0.6496055191815959,0.7602714445833225,0.6496055191815959,814160,203540,81416,122124,0.75,,,,,,,,,0.007847179777846566,1614
bayesfl_observability_v1,vi_sparse_bayesian_keep010_seed42,129,vi,87,7,14,,5,256,35.06418390274048,0.3272205761500767,4.628791153460644,4.628791153460644,,,1.0260360165280706,0.006263300776481628,0.9998219441001358,1.0260360165280706,,0.39267446722755217,1.9352627592338563,35.06418390274048,64.80307614844901,4.628791153460644,0.0006367601075803185,0.3272205761500767,4.628791153460644,0.00125,54.37357940357243,0.09219052910316437,0.09282822534441948,0.1015625,0.12889797985553741,1.4879826680077743,1.249621942200018,3.0778302229777865,,,,,,,,,,,,,,,,,,1,update_snr,bayesian,0.1,20,101770,10177,0.1,0.05561915702575068,0.030051371986160452,0.028827971777442913,0.055618846103710526,0.030051371986160452,0.028827971777442913,0.055618846103710526,0.06176551087158709,0.06059708679100156,0.06883671060573193,0.02652757877666861,0.02574616326620996,0.049039721422304824,0.06176551087158709,0.06059708679100156,0.06883671060573193,0.02652757877666861,0.02574616326620996,0.049039721422304824,0.5453063462068529,0.8691322661133482,0.5314690102712727,0.8470777361737672,0.5314690102712727,814160,203540,81416,122124,0.75,,,,,,,,,0.007789720258532093,14
bayesfl_observability_v1,vi_sparse_bayesian_keep010_seed42,129,vi,98,7,50,,5,256,45.46022424697876,0.025129027366638183,1.3062308576885457,1.3062308576885457,,,1.0305045882609836,0.006265459582209587,0.999820405188143,1.0305045882609836,,-0.0,2.185987945410232,45.46022424697876,65.31154288442728,1.3062308576885457,0.0006417563415979884,0.025129027366638183,1.3062308576885457,0.00125,54.37563036408106,0.09218951740132938,0.09280351549386978,0.10158678591251373,0.12890513241291046,1.4880043896701742,1.249973042689863,3.078220390994549,,,,,,,,,,,,,,,,,,1,update_snr,bayesian,0.1,20,101770,10177,0.1,0.05577286473503277,0.030219355494184252,0.029178627356014432,0.05577245087130354,0.030219355494184252,0.029178627356014432,0.05577245087130354,0.0618225691932434,0.06060446837743885,0.06866044319818446,0.026707887305399903,0.026040199430017563,0.04921288399745856,0.0618225691932434,0.06060446837743885,0.06866044319818446,0.026707887305399903,0.026040199430017563,0.04921288399745856,0.5465705761748012,0.8736133651031706,0.5303912106758887,0.8477530086279644,0.5303912106758887,814160,203540,81416,122124,0.75,,,,,,,,,0.007791247571081536,50
bayesfl_observability_v1,vi_sparse_bayesian_keep010_seed42,129,vi,175,14,1,,5,256,25.384534978866576,1.549708758830093e-05,64.54566979517233,64.54566979517233,,,1.0242314868789844,0.006270904093980789,0.9998225699864375,1.0242314868789844,,-0.0,2.259365973874069,25.384534978866576,64.54566979517233,64.54566979517233,0.0006342308125692476,1.549708758830093e-05,64.54566979517233,0.00125,54.37358605908781,0.09219114083690219,0.09282084554433823,0.10158872455358506,0.12829658389091492,1.4880996628399337,1.24935809543164,3.080896838236869,,,,,,,,,,,,,,,,,,1,update_snr,bayesian,0.1,20,101770,10177,0.1,0.05566740618398464,0.029959420817732427,0.02870848253565242,0.05566683801676629,0.029959420817732427,0.02870848253565242,0.05566683801676629,0.061726462860237905,0.06042690980376558,0.0687311580151759,0.026429749479676266,0.02555720452837637,0.049035225782054374,0.061726462860237905,0.06042690980376558,0.0687311580151759,0.026429749479676266,0.02555720452837637,0.049035225782054374,0.5461212381461243,0.8664881603115414,0.5332009854630158,0.8459885986827891,0.5332009854630158,814160,203540,81416,122124,0.75,,,,,,,,,0.007789638566870825,1
bayesfl_observability_v1,vi_sparse_bayesian_keep010_seed42,129,vi,172,13,1,,5,256,22.30191852450371,0.0029099523089826107,64.83226762294215,64.83226762294215,,,1.025578274634756,0.006266653537750244,0.9998220923144862,1.025578274634756,,-0.0,2.185987945410232,22.30191852450371,64.83226762294215,64.83226762294215,0.000637046945297653,0.0029099523089826107,64.83226762294215,0.00125,54.37205240145877,0.09219180912839485,0.0928189791738987,0.10157505720853806,0.12793795764446259,1.48797980452786,1.2509233028498492,3.079092677274425,,,,,,,,,,,,,,,,,,1,update_snr,bayesian,0.1,20,101770,10177,0.1,0.05569552249035609,0.030022765479875625,0.02887372286317171,0.05569518997964139,0.030022765479875625,0.02887372286317171,0.05569518997964139,0.0618526816283235,0.06052433281445782,0.06892622889225346,0.026486108130048085,0.025699525066628877,0.0490852950634859,0.0618526816283235,0.06052433281445782,0.06892622889225346,0.026486108130048085,0.025699525066628877,0.0490852950634859,0.5460569495947718,0.8681201559703912,0.5324381016058883,0.8464689409295053,0.5324381016058883,814160,203540,81416,122124,0.75,,,,,,,,,0.007791312560711543,1
bayesfl_observability_v1,vi_sparse_bayesian_keep010_seed42,129,vi,276,22,1,,5,256,22.66982307434082,3.024003267288208,64.91059934412367,64.91059934412367,,,1.0265622507634662,0.006270259618759155,0.999821732697807,1.0265622507634662,,-0.0,2.311121424016332,22.66982307434082,64.91059934412367,64.91059934412367,0.0006378166389321378,3.024003267288208,64.91059934412367,0.00125,54.36915601964062,0.09219188417588152,0.09281373769044876,0.10158289298415184,0.1288464218378067,1.4879783503031154,1.2492785283454093,3.0782664785696943,,,,,,,,,,,,,,,,,,1,update_snr,bayesian,0.1,20,101770,10177,0.1,0.05573102676105583,0.030071865753034444,0.028896040419342905,0.05573050342946817,0.030071865753034444,0.028896040419342905,0.05573050342946817,0.06181890688897757,0.06047527000093587,0.06880210893547718,0.026544416737929653,0.02576042239802774,0.0490704105437178,0.06181890688897757,0.06047527000093587,0.06880210893547718,0.026544416737929653,0.02576042239802774,0.0490704105437178,0.5454095010242834,0.8696887551791136,0.5312970554086283,0.847185598859023,0.5312970554086283,814160,203540,81416,122124,0.75,,,,,,,,,0.007791639791585368,1
bayesfl_observability_v1,vi_sparse_bayesian_keep010_seed42,129,vi,244,19,1,,5,256,27.315270280838014,0.031390488147735596,64.55143314786675,64.55143314786675,,,1.0239136104878446,0.006271332502365112,0.9998226919120579,1.0239136104878446,,-0.0,2.28098669344155,27.315270280838014,64.55143314786675,64.55143314786675,0.0006342874437247395,0.031390488147735596,64.55143314786675,0.00125,54.375161904059226,0.09219165910366647,0.09282220155000687,0.10158236920833588,0.12893353402614594,1.4881129146265473,1.2500321548267745,3.078600722645123,,,,,,,,,,,,,,,,,,1,update_snr,bayesian,0.1,20,101770,10177,0.1,0.05558226319070536,0.029967339858859653,0.028830847945914857,0.05558161695258554,0.029967339858859653,0.028830847945914857,0.05558161695258554,0.06172057282421312,0.06048192173300905,0.06867691256151247,0.02643920286270926,0.0256844284776335,0.048915599138635975,0.06172057282421312,0.06048192173300905,0.06867691256151247,0.02643920286270926,0.0256844284776335,0.048915599138635975,0.5453866070271063,0.8665751730910104,0.5326490452326894,0.8463362184219134,0.5326490452326894,814160,203540,81416,122124,0.75,,,,,,,,,0.007792227742382182,1
bayesfl_observability_v1,vi_sparse_bayesian_keep010_seed42,129,vi,102,8,341,,5,256,230.64948930740357,0.12065283224379912,0.4132470596428619,0.4132470596428619,,,1.5123717394195648,0.01236838661134243,0.9996132055439713,1.5123717394195648,,-0.0,2.4040642619438994,230.64948930740357,140.9172473382159,0.4132470596428619,0.0013846639219634066,0.12065283224379912,0.4132470596428619,0.00125,54.380722820001175,0.09226774826431346,0.09289219230413437,0.10168170630931854,0.12875011563301086,1.487171671514768,1.2486739344966744,3.0771896330613115,,,,,,,,,,,,,,,,,,1,update_snr,bayesian,0.1,20,101770,10177,0.1,0.08447733884898825,0.043103428777672016,0.03916102511181479,0.08447631550089665,0.043103428777672016,0.03916102511181479,0.08447631550089665,0.09855624319228296,0.09578150957596296,0.11454640535384934,0.036942004953826345,0.03489197493020261,0.07094317146712849,0.09855624319228296,0.09578150957596296,0.11454640535384934,0.036942004953826345,0.03489197493020261,0.07094317146712849,0.8896672789550618,1.223012841695319,0.5882596558545246,0.8086721074044274,0.5882596558545246,814160,203540,81416,122124,0.75,,,,,,,,,0.007803705503339045,341
bayesfl_observability_v1,vi_sparse_bayesian_keep010_seed42,129,vi,46,3,2,,5,256,29.700380039215087,0.6674143075942993,32.362190609697485,32.362190609697485,,,1.0254400958005623,0.006275370717048645,0.9998221694587772,1.0254400958005623,,-0.0,2.4040642619438994,29.700380039215087,64.72438121939497,32.362190609697485,0.0006359868450367984,0.6674143075942993,32.362190609697485,0.00125,54.376009974638755,0.09218899287163357,0.0928053930401802,0.10157991200685501,0.12896499037742615,1.4882179174458559,1.2500568719576264,3.077178793612804,,,,,,,,,,,,,,,,,,1,update_snr,bayesian,0.1,20,101770,10177,0.1,0.05558945616613114,0.03002455877825543,0.028905143987180318,0.055588392171118516,0.03002455877825543,0.028905143987180318,0.055588392171118516,0.0616707472506074,0.06036998488649025,0.06857349414397648,0.026508315614660757,0.025756777577604553,0.049001392227292814,0.0616707472506074,0.06036998488649025,0.06857349414397648,0.026508315614660757,0.025756777577604553,0.049001392227292814,0.5452872223907148,0.8684406917993227,0.5317592169682115,0.8468955869346323,0.5317592169682115,814160,203540,81416,122124,0.75,,,,,,,,,0.007791684182643318,2
bayesfl_observability_v1,vi_sparse_bayesian_keep010_seed42,129,vi,266,21,1,,5,256,28.409778118133545,4.414410591125488,64.72530645486275,64.72530645486275,,,1.025112223976581,0.006276816129684448,0.9998222552120866,1.025112223976581,,-0.0,2.185987945410232,28.409778118133545,64.72530645486275,64.72530645486275,0.0006359959364730544,4.414410591125488,64.72530645486275,0.00125,54.37223437305366,0.09218982623148242,0.09282533079385757,0.10157888531684875,0.12898871302604675,1.4880789261094274,1.2504710966757044,3.0768618656326683,,,,,,,,,,,,,,,,,,1,update_snr,bayesian,0.1,20,101770,10177,0.1,0.055690724864799146,0.030007250724742234,0.028797435406730708,0.05568884512583546,0.030007250724742234,0.028797435406730708,0.05568884512583546,0.06170522634947638,0.06044323681284434,0.06853151268050023,0.02648525343310511,0.0257287110712193,0.0490674996990051,0.06170522634947638,0.06044323681284434,0.06853151268050023,0.02648525343310511,0.0257287110712193,0.0490674996990051,0.5452459092877042,0.8680794722554138,0.5318889937460745,0.8468140872303609,0.5318889937460745,814160,203540,81416,122124,0.75,,,,,,,,,0.007789884848805377,1
bayesfl_observability_v1,vi_sparse_bayesian_keep010_seed42,129,vi,139,11,6,,5,256,33.504792058467864,0.12641102075576782,10.755626927335902,10.755626927335902,,,1.023507236107812,0.006262481212615967,0.9998228052710917,1.023507236107812,,-0.0,2.28098669344155,33.504792058467864,64.5337615640154,10.755626927335902,0.0006341138013561502,0.12641102075576782,10.755626927335902,0.00125,54.3713041342838,0.09219135714401469,0.09281641617417336,0.10157598927617073,0.12792423367500305,1.4880578144745304,1.2511071065058275,3.080436062177394,,,,,,,,,,,,,,,,,,1,update_snr,bayesian,0.1,20,101770,10177,0.1,0.05555281540436065,0.029968389026231244,0.028764659291195455,0.05555202296647845,0.029968389026231244,0.028764659291195455,0.05555202296647845,0.06168657561055798,0.060400166954408654,0.06886994922798886,0.026444146072417157,0.025691542461996845,0.04890881993542402,0.06168657561055798,0.060400166954408654,0.06886994922798886,0.026444146072417157,0.025691542461996845,0.04890881993542402,0.5447613809747108,0.8664883727803732,0.5322496624902493,0.8465874418977737,0.5322496624902493,814160,203540,81416,122124,0.75,,,,,,,,,0.007790712195612031,6
bayesfl_observability_v1,vi_sparse_bayesian_keep010_seed42,129,vi,197,15,49,,5,256,68.35205364227295,0.29802910162478075,1.3303759215251432,1.3303759215251432,,,1.028256176994671,0.006269872188568115,0.9998212112894665,1.028256176994671,,-0.0,2.259365973874069,68.35205364227295,65.18842015473201,1.3303759215251432,0.0006405465280016902,0.29802910162478075,1.3303759215251432,0.00125,54.37838162845512,0.09218996336506646,0.09281010553240776,0.10158675163984299,0.1284082531929016,1.4882522686879744,1.2509780464309301,3.0798230476400894,,,,,,,,,,,,,,,,,,1,update_snr,bayesian,0.1,20,101770,10177,0.1,0.05583073452263507,0.030121950901899043,0.02889973380136174,0.05583030696802214,0.030121950901899043,0.02889973380136174,0.05583030696802214,0.06198125466674827,0.06064486122101365,0.0691659038883241,0.02658202826136023,0.025854514323070652,0.04925703793520252,0.06198125466674827,0.06064486122101365,0.0691659038883241,0.02658202826136023,0.025854514323070652,0.04925703793520252,0.5457136744424822,0.8714971893552966,0.5307176233431082,0.8475487031864563,0.5307176233431082,814160,203540,81416,122124,0.75,,,,,,,,,0.007790315840397058,49
bayesfl_observability_v1,vi_sparse_bayesian_keep010_seed42,129,vi,129,10,54,,5,256,112.08673048019409,0.5629975001017252,1.2065586869862541,1.2065586869862541,,,1.028413805982253,0.006268862634897232,0.9998211562254345,1.028413805982253,,-0.0,2.28098669344155,112.08673048019409,65.15416909725772,1.2065586869862541,0.0006402099744252503,0.5629975001017252,1.2065586869862541,0.00125,54.378355675518065,0.09218795954290888,0.09281523153185844,0.1015970952808857,0.1286957561969757,1.4882922174275153,1.2504812502744609,3.0799623640240488,,,,,,,,,,,,,,,,,,1,update_snr,bayesian,0.1,20,101770,10177,0.1,0.055775279919514864,0.030104779151009335,0.028991065086258892,0.05577507127127719,0.030104779151009335,0.028991065086258892,0.05577507127127719,0.06190528098827761,0.06061261905399226,0.06874265057559471,0.02657139005797953,0.025796838457033955,0.04921423841099114,0.06190528098827761,0.06061261905399226,0.06874265057559471,0.02657139005797953,0.025796838457033955,0.04921423841099114,0.546131065063669,0.8714217211587775,0.5310421368196738,0.8473454129940136,0.5310421368196738,814160,203540,81416,122124,0.75,,,,,,,,,0.007789006753016588,54
bayesfl_observability_v1,vi_sparse_bayesian_keep010_seed42,129,vi,254,20,1,,5,256,24.83675084114075,0.0011400636285543442,64.92206859600358,64.92206859600358,,,1.026808843130168,0.006273115985095501,0.9998216682509657,1.026808843130168,,-0.0,2.28098669344155,24.83675084114075,64.92206859600358,64.92206859600358,0.0006379293367004381,0.0011400636285543442,64.92206859600358,0.00125,54.37251866781004,0.09218984239002517,0.09281407296657562,0.10157560557126999,0.12881100177764893,1.4879468179995663,1.2492294164248112,3.0799657066348676,,,,,,,,,,,,,,,,,,1,update_snr,bayesian,0.1,20,101770,10177,0.1,0.05562406457589909,0.030082617222408233,0.029019562194553004,0.05562400357285602,0.030082617222408233,0.029019562194553004,0.05562400357285602,0.061706562780517,0.06047568936893291,0.06853173699926335,0.026568845493729475,0.025873253887598865,0.04907169790512408,0.061706562780517,0.06047568936893291,0.06853173699926335,0.026568845493729475,0.025873253887598865,0.04907169790512408,0.5445322732697747,0.8705291515497723,0.5303151379275223,0.8478005983041731,0.5303151379275223,814160,203540,81416,122124,0.75,,,,,,,,,0.007790350535619593,1
bayesfl_observability_v1,vi_sparse_bayesian_keep010_seed42,129,vi,57,4,1,,5,256,29.341440093517303,4.003228664398193,64.86807186177825,64.86807186177825,,,1.0263131968219223,0.006276383996009827,0.9998218323935725,1.0263131968219223,,-0.0,2.259365973874069,29.341440093517303,64.86807186177825,64.86807186177825,0.0006373987605559423,4.003228664398193,64.86807186177825,0.00125,54.37131971352068,0.09218990581798843,0.0928143747150898,0.10157056227326393,0.12816552817821503,1.4880188775828997,1.2513605882300216,3.078756322258742,,,,,,,,,,,,,,,,,,1,update_snr,bayesian,0.1,20,101770,10177,0.1,0.055644529536608194,0.03004934040607505,0.02893631478953236,0.05564447197441714,0.03004934040607505,0.02893631478953236,0.05564447197441714,0.061841879668057397,0.060545047369626674,0.06889163140597185,0.02651683604363257,0.025759198473807313,0.04902066093451241,0.061841879668057397,0.060545047369626674,0.06889163140597185,0.02651683604363257,0.025759198473807313,0.04902066093451241,0.5457404120169906,0.86918708035863,0.5317484114078708,0.846902371566644,0.5317484114078708,814160,203540,81416,122124,0.75,,,,,,,,,0.007791076240250462,1
bayesfl_observability_v1,vi_sparse_bayesian_keep010_seed42,130,vi,39,3,5,,5,256,33.11104276180267,0.280590295791626,12.95469405976505,12.95469405976505,,,1.0266909301277072,0.006264805793762207,0.9998219257265509,1.0266909301277072,,-0.0,2.4040642619438994,33.11104276180267,64.77347029882525,12.95469405976505,0.0006364691981804583,0.280590295791626,12.95469405976505,0.00125,54.40556851862072,0.09230840327894452,0.09294507279992104,0.10168709084391594,0.1283322125673294,1.487191810540776,1.2483373089910912,3.0752337016486226,,,,,,,,,,,,,,,,,,1,update_snr,bayesian,0.1,20,101770,10177,0.1,0.05559155552817375,0.030047638883268262,0.028862509911482877,0.055591284491877904,0.030047638883268262,0.028862509911482877,0.055591284491877904,0.061678280061551266,0.06046600155712635,0.06866428223633401,0.026533123196792373,0.025768293618402386,0.049026209034242985,0.061678280061551266,0.06046600155712635,0.06866428223633401,0.026533123196792373,0.025768293618402386,0.049026209034242985,0.5456290791747538,0.8697029228221597,0.5314443355478795,0.8470932169567134,0.5314443355478795,814160,203540,81416,122124,0.75,,,,,,,,,0.00778132173669602,5
bayesfl_observability_v1,vi_sparse_bayesian_keep010_seed42,130,vi,226,18,1,,5,256,21.27974607348442,1.7881233361549675e-05,64.8545198090053,64.8545198090053,,,1.027867409345925,0.006267627701163292,0.9998214805524458,1.027867409345925,,-0.0,2.259365973874069,21.27974607348442,64.8545198090053,64.8545198090053,0.0006372655970227503,1.7881233361549675e-05,64.8545198090053,0.00125,54.39914429174517,0.09230731657406131,0.092954371124506,0.10166973024606704,0.12880738079547882,1.4870339306741316,1.2483346721414021,3.0779225255587837,,,,,,,,,,,,,,,,,,1,update_snr,bayesian,0.1,20,101770,10177,0.1,0.05565409308655637,0.030090198363167155,0.02887045119705866,0.05565178618107737,0.030090198363167155,0.02887045119705866,0.05565178618107737,0.061684340015167316,0.060400020732445395,0.06863387494647046,0.02657973817961158,0.02586061956919125,0.04901454664765328,0.061684340015167316,0.060400020732445395,0.06863387494647046,0.02657973817961158,0.02586061956919125,0.04901454664765328,0.5458373465345095,0.8709609648679266,0.5310386744160404,0.847347582916512,0.5310386744160404,814160,203540,81416,122124,0.75,,,,,,,,,0.007780330461730733,1
bayesfl_observability_v1,vi_sparse_bayesian_keep010_seed42,130,vi,250,20,1,,5,256,26.41596302986145,1.9826499223709106,64.36266774539534,64.36266774539534,,,1.0234054902192462,0.006271436810493469,0.9998230557829693,1.0234054902192462,,-0.0,2.311121424016332,26.41596302986145,64.36266774539534,64.36266774539534,0.0006324326200785629,1.9826499223709106,64.36266774539534,0.00125,54.404364299729046,0.09230919328940176,0.09295187518000603,0.10166490972042083,0.12859117984771729,1.4871607536179554,1.2483011200666905,3.076812648036716,,,,,,,,,,,,,,,,,,1,update_snr,bayesian,0.1,20,101770,10177,0.1,0.055530954616911495,0.02988933181494786,0.02861756738762721,0.0555302797610072,0.02988933181494786,0.02861756738762721,0.0555302797610072,0.06164006936414725,0.06036924142023065,0.06855527865106638,0.026361472087259044,0.02550607624554005,0.048958721298481715,0.06164006936414725,0.06036924142023065,0.06855527865106638,0.026361472087259044,0.02550607624554005,0.048958721298481715,0.5456191700371076,0.8658282270167185,0.5331407494405942,0.8460265606267466,0.5331407494405942,814160,203540,81416,122124,0.75,,,,,,,,,0.0077820833238426675,1
bayesfl_observability_v1,vi_sparse_bayesian_keep010_seed42,130,vi,254,20,1,,5,256,27.32370924949646,0.24425248801708221,64.50212515756462,64.50212515756462,,,1.0248376462467623,0.006273478269577026,0.999822561088807,1.0248376462467623,,-0.0,2.28098669344155,27.32370924949646,64.50212515756462,64.50212515756462,0.0006338029395456875,0.24425248801708221,64.50212515756462,0.00125,54.40450862862851,0.09230881917413107,0.09293997287750244,0.10167790353298188,0.12772300839424133,1.487202744480677,1.2495284575654515,3.0761383496043577,,,,,,,,,,,,,,,,,,1,update_snr,bayesian,0.1,20,101770,10177,0.1,0.05563420924182985,0.02994149216816531,0.028704755108725714,0.055633900316343084,0.02994149216816531,0.028704755108725714,0.055633900316343084,0.06181037822456704,0.0605861320939561,0.06877386013443561,0.02640050482856512,0.02559919747119878,0.0489391504399896,0.06181037822456704,0.0605861320939561,0.06877386013443561,0.02640050482856512,0.02559919747119878,0.0489391504399896,0.5469318727968328,0.8666935604258021,0.5336766021426398,0.8456886450257488,0.5336766021426398,814160,203540,81416,122124,0.75,,,,,,,,,0.007781388699739532,1
bayesfl_observability_v1,vi_sparse_bayesian_keep010_seed42,130,vi,122,9,1,,5,256,19.659395337104797,1.0251946150674485e-05,64.75193906859286,64.75193906859286,,,1.0273316728159068,0.006272118538618088,0.9998217042114368,1.0273316728159068,,-0.0,2.3163460082440825,19.659395337104797,64.75193906859286,64.75193906859286,0.0006362576306238858,1.0251946150674485e-05,64.75193906859286,0.00125,54.40569216217185,0.09231058111901343,0.09294494614005089,0.10167610198259354,0.12844011187553406,1.4870966421508085,1.2477512779730155,3.0786363064239257,,,,,,,,,,,,,,,,,,1,update_snr,bayesian,0.1,20,101770,10177,0.1,0.055562349587345336,0.030045307832522475,0.028914291491395336,0.0555623370364508,0.030045307832522475,0.028914291491395336,0.0555623370364508,0.0615973864470828,0.06036631422563808,0.06838327987434537,0.026539521319793546,0.02581748373544716,0.04908981099626774,0.0615973864470828,0.06036631422563808,0.06838327987434537,0.026539521319793546,0.02581748373544716,0.04908981099626774,0.5458182405535168,0.8703406311610375,0.5312970046542359,0.847185630688716,0.5312970046542359,814160,203540,81416,122124,0.75,,,,,,,,,0.007782757786795959,1
bayesfl_observability_v1,vi_sparse_bayesian_keep010_seed42,130,vi,177,14,1,,5,256,21.61412212252617,0.6244414448738098,64.7985169049618,64.7985169049618,,,1.0269996905148666,0.006265878677368164,0.9998218396921654,1.0269996905148666,,-0.0,2.259365973874069,21.61412212252617,64.7985169049618,64.7985169049618,0.0006367153080963133,0.6244414448738098,64.7985169049618,0.00125,54.408461055582684,0.0923084923290862,0.0929407849907875,0.10168261751532555,0.1288621723651886,1.4873329798370998,1.2492956014484955,3.0785701305193354,,,,,,,,,,,,,,,,,,1,update_snr,bayesian,0.1,20,101770,10177,0.1,0.055614093778280235,0.030037652121306133,0.028997777519712782,0.05561356131571642,0.030037652121306133,0.028997777519712782,0.05561356131571642,0.061657081186103135,0.060376190562832256,0.06864293998660678,0.026524382225217587,0.025821975437705716,0.04909951031567496,0.061657081186103135,0.060376190562832256,0.06864293998660678,0.026524382225217587,0.025821975437705716,0.04909951031567496,0.5455602082520351,0.8701105811847298,0.531217500151854,0.8472354852887215,0.531217500151854,814160,203540,81416,122124,0.75,,,,,,,,,0.007781070543782575,1
bayesfl_observability_v1,vi_sparse_bayesian_keep010_seed42,130,vi,178,14,1,,5,256,27.090657424926757,9.787457466125488,64.80314856014827,64.80314856014827,,,1.02735622157863,0.006267458200454712,0.9998217315607237,1.02735622157863,,-0.0,2.28098669344155,27.090657424926757,64.80314856014827,64.80314856014827,0.0006367608191033534,9.787457466125488,64.80314856014827,0.00125,54.41038597444931,0.09230916539251575,0.09293931350111961,0.10166830196976662,0.12812280654907227,1.4872134663889474,1.248508326419545,3.077341741491293,,,,,,,,,,,,,,,,,,1,update_snr,bayesian,0.1,20,101770,10177,0.1,0.05560316973005084,0.030045858672974372,0.02892704625380557,0.05560235386555869,0.030045858672974372,0.02892704625380557,0.05560235386555869,0.06164753860279568,0.06038379043459065,0.06862206538522361,0.026534560902994223,0.025805967235472432,0.049099714291212924,0.06164753860279568,0.06038379043459065,0.06862206538522361,0.026534560902994223,0.025805967235472432,0.049099714291212924,0.5453343624109649,0.8706728657711494,0.5308133157289951,0.8474887750553339,0.5308133157289951,814160,203540,81416,122124,0.75,,,,,,,,,0.007782349013590451,1
bayesfl_observability_v1,vi_sparse_bayesian_keep010_seed42,130,vi,50,4,1,,5,256,28.4616534948349,0.09321566671133041,64.21962847925262,64.21962847925262,,,1.0227333486735015,0.006276249885559082,0.9998233089794836,1.0227333486735015,,-0.0,2.3163460082440825,28.4616534948349,64.21962847925262,64.21962847925262,0.0006310271050334344,0.09321566671133041,64.21962847925262,0.00125,54.40739070051465,0.09231058022867014,0.09294212982058525,0.10167980641126632,0.1289244145154953,1.487215792001311,1.2487550908069216,3.0774037386425714,,,,,,,,,,,,,,,,,,1,update_snr,bayesian,0.1,20,101770,10177,0.1,0.055444430947545864,0.029872821178821837,0.02866197063248306,0.05544398736800084,0.029872821178821837,0.02866197063248306,0.05544398736800084,0.06155316458361041,0.06025619943389378,0.06843268381422883,0.02635278302273422,0.025565877663697646,0.048881149230794625,0.06155316458361041,0.06025619943389378,0.06843268381422883,0.02635278302273422,0.025565877663697646,0.048881149230794625,0.5453014220849685,0.8652339923749097,0.5331804451201592,0.846001544290239,0.5331804451201592,814160,203540,81416,122124,0.75,,,,,,,,,0.007783056569231395,1
bayesfl_observability_v1,vi_sparse_bayesian_keep010_seed42,130,vi,68,5,1,,5,256,23.93579077720642,0.1082480251789093,64.60882586320352,64.60882586320352,,,1.0250181023253946,0.006267881020903587,0.9998224942574837,1.0250181023253946,,-0.0,2.4040642619438994,23.93579077720642,64.60882586320352,64.60882586320352,0.0006348513890459224,0.1082480251789093,64.60882586320352,0.00125,54.40382301543272,0.09230928030613599,0.09293846786022186,0.10167359560728073,0.1281757652759552,1.4870309785595177,1.2485184800717777,3.0781494024422464,,,,,,,,,,,,,,,,,,1,update_snr,bayesian,0.1,20,101770,10177,0.1,0.055636320818429036,0.029963433096480318,0.028731186163712837,0.05563618616404463,0.029963433096480318,0.028731186163712837,0.05563618616404463,0.06181183938706776,0.06053524850937033,0.06888419390537169,0.026424721286415046,0.025604383568390326,0.04899010455375312,0.06181183938706776,0.06053524850937033,0.06888419390537169,0.026424721286415046,0.025604383568390326,0.04899010455375312,0.5457929135256625,0.8676244611811741,0.5324714873693023,0.8464479400050093,0.5324714873693023,814160,203540,81416,122124,0.75,,,,,,,,,0.007782028079539854,1
bayesfl_observability_v1,vi_sparse_bayesian_keep010_seed42,130,vi,218,17,1,,5,256,20.304755872488023,0.00598578667268157,64.81827978326523,64.81827978326523,,,1.0272271476323442,0.006270844489336014,0.9998217224843613,1.0272271476323442,,-0.0,2.185987945410232,20.304755872488023,64.81827978326523,64.81827978326523,0.0006369094996881717,0.00598578667268157,64.81827978326523,0.00125,54.40286561463348,0.092308600804803,0.092947568744421,0.10166012942790985,0.12763577699661255,1.4871232042571991,1.2494501205637012,3.076220422439341,,,,,,,,,,,,,,,,,,1,update_snr,bayesian,0.1,20,101770,10177,0.1,0.055550694868955745,0.03007909444063732,0.02908219826911842,0.05555040457844944,0.03007909444063732,0.02908219826911842,0.05555040457844944,0.06164533593289037,0.060379555690455604,0.06857938039784105,0.02657173427483142,0.025912972572239013,0.04893283070252175,0.06164533593289037,0.060379555690455604,0.06857938039784105,0.02657173427483142,0.025912972572239013,0.04893283070252175,0.545848217348846,0.8701984465913332,0.5313802488641111,0.8471334199033325,0.5313802488641111,814160,203540,81416,122124,0.75,,,,,,,,,0.007782622875978155,1
bayesfl_observability_v1,vi_sparse_bayesian_keep010_seed42,130,vi,7,0,80,,5,256,113.72743034362793,0.16005949974060057,0.8187979020815966,0.8187979020815966,,,1.0328476181039998,0.006267481483519077,0.9998197947384265,1.0328476181039998,,-0.0,2.4040642619438994,113.72743034362793,65.50383216652773,0.8187979020815966,0.0006436457911617149,0.16005949974060057,0.8187979020815966,0.00125,54.40716143748822,0.09230645653301493,0.09295143559575081,0.10168026983737946,0.12847162783145905,1.487209511233547,1.248490520867864,3.077598033312759,,,,,,,,,,,,,,,,,,1,update_snr,bayesian,0.1,20,101770,10177,0.1,0.05576790421497855,0.030238427305125933,0.029150885809488682,0.05576717291455163,0.030238427305125933,0.029150885809488682,0.05576717291455163,0.061913207440291225,0.060641471490997974,0.06885930172174289,0.02671900729010757,0.025980744306836057,0.04931527999664992,0.061913207440291225,0.060641471490997974,0.06885930172174289,0.02671900729010757,0.025980744306836057,0.04931527999664992,0.5468711482943044,0.8761884211665748,0.5294790235351433,0.8483230302404099,0.5294790235351433,814160,203540,81416,122124,0.75,,,,,,,,,0.007779336982548544,80
bayesfl_observability_v1,vi_sparse_bayesian_keep010_seed42,130,vi,20,1,271,,5,256,293.6003264904022,0.12627641565245457,0.5230067513641091,0.5230067513641091,,,1.5191756939520145,0.01237468421459198,0.9996101438707078,1.5191756939520145,,0.1565717533105691,2.1543325248754965,293.6003264904022,141.73482961967358,0.5230067513641091,0.0013926975495693582,0.12627641565245457,0.5230067513641091,0.00125,54.41009655223433,0.09238504074225465,0.09301719814538956,0.1017748162150383,0.12872280180454254,1.4861830868993975,1.2482289875680488,3.0735691370117637,,,,,,,,,,,,,,,,,,1,update_snr,bayesian,0.1,20,101770,10177,0.1,0.08454578103057334,0.043372625445178635,0.03973867726302078,0.08454325615366214,0.043372625445178635,0.03973867726302078,0.08454325615366214,0.0979903609964414,0.09531831208983928,0.11342045331497415,0.03730398816170499,0.03547336922986849,0.07139119687301289,0.0979903609964414,0.09531831208983928,0.11342045331497415,0.03730398816170499,0.03547336922986849,0.07139119687301289,0.8847250546371013,1.2349722129635006,0.5823717810647427,0.8129225723397527,0.5823717810647427,814160,203540,81416,122124,0.75,,,,,,,,,0.00779274382152116,271
bayesfl_observability_v1,vi_sparse_bayesian_keep010_seed42,130,vi,22,1,18,,5,256,39.270276474952695,0.09590317805608113,3.584359431998158,3.584359431998158,,,1.0247253926246715,0.006267547607421875,0.9998225991466366,1.0247253926246715,,-0.0,2.3277319754160017,39.270276474952695,64.51846977596685,3.584359431998158,0.0006339635430477237,0.09590317805608113,3.584359431998158,0.00125,54.404381651150075,0.09230827739630823,0.0929543748497963,0.10167008116841317,0.12844261527061462,1.4871097261361859,1.248291504830504,3.0769447031868014,,,,,,,,,,,,,,,,,,1,update_snr,bayesian,0.1,20,101770,10177,0.1,0.05544133191382263,0.029969183836062906,0.02881816357406728,0.055441231305912005,0.029969183836062906,0.02881816357406728,0.055441231305912005,0.06161852628955385,0.060311941048961454,0.0686023748472076,0.026452590230119474,0.025648599088096635,0.04889569334367119,0.06161852628955385,0.060311941048961454,0.0686023748472076,0.026452590230119474,0.025648599088096635,0.04889569334367119,0.5451301216908906,0.8676953847492,0.5319767867707721,0.8467589375595894,0.5319767867707721,814160,203540,81416,122124,0.75,,,,,,,,,0.007782211805949718,18
bayesfl_observability_v1,vi_sparse_bayesian_keep010_seed42,130,vi,137,11,1415,,5,256,240.85558849771817,0.01782315030114811,0.21485951588115493,0.21485951588115493,,,2.221149364077729,0.025487709790468216,0.9991674754874453,2.221149364077729,,-0.0,2.185987945410232,240.85558849771817,304.02621497183424,0.21485951588115493,0.0029873854276489557,0.01782315030114811,0.21485951588115493,0.00125,54.44449081173338,0.09253361338003335,0.09313897043466568,0.10196697488427163,0.12885285913944244,1.484617642838257,1.2461536049546522,3.0720118769269997,,,,,,,,,,,,,,,,,,1,update_snr,bayesian,0.1,20,101770,10177,0.1,0.12506993328895613,0.060864916821376853,0.05202018803759949,0.125061493564617,0.060864916821376853,0.05202018803759949,0.125061493564617,0.154939438895355,0.14777669255384757,0.1917568311142102,0.050412192146490384,0.046148021302732906,0.09998190294402179,0.154939438895355,0.14777669255384757,0.1917568311142102,0.050412192146490384,0.046148021302732906,0.09998190294402179,1.434229806472537,1.6960216271523958,0.6457151552561443,0.7635783772950461,0.6457151552561443,814160,203540,81416,122124,0.75,,,,,,,,,0.007835108253113994,1415
bayesfl_observability_v1,vi_sparse_bayesian_keep010_seed42,130,vi,148,11,2,,5,256,25.03308331668377,0.00013588623551186174,32.257068670529634,32.257068670529634,,,1.024739820994364,0.006271973252296448,0.9998225758708528,1.024739820994364,,-0.0,2.3277319754160017,25.03308331668377,64.51413734105927,32.257068670529634,0.0006339209722026066,0.00013588623551186174,32.257068670529634,0.00125,54.40126458100623,0.09230783040397081,0.0929366797208786,0.10166683644056321,0.12820225954055786,1.4870076594096964,1.2479468763582404,3.078634113902993,,,,,,,,,,,,,,,,,,1,update_snr,bayesian,0.1,20,101770,10177,0.1,0.05552832693465246,0.029983269433270683,0.02877237996855727,0.05552786722294949,0.029983269433270683,0.02877237996855727,0.05552786722294949,0.061630164319799896,0.060364168644497396,0.06859074031672475,0.026466947779211877,0.02569135500744895,0.048887339813462403,0.061630164319799896,0.060364168644497396,0.06859074031672475,0.026466947779211877,0.02569135500744895,0.048887339813462403,0.5453256240260531,0.8675895714634642,0.5321600789329064,0.8466437564821012,0.5321600789329064,814160,203540,81416,122124,0.75,,,,,,,,,0.007781554205782564,2
bayesfl_observability_v1,vi_sparse_bayesian_keep010_seed42,131,vi,5,0,1,,5,256,22.316313171386717,0.005831134971231222,64.63638340291094,64.63638340291094,,,1.0269549656734303,0.006266191601753235,0.9998220057164189,1.0269549656734303,,-0.0,2.311121424016332,22.316313171386717,64.63638340291094,64.63638340291094,0.0006351221715919322,0.005831134971231222,64.63638340291094,0.00125,54.431434605482046,0.09242501537081001,0.09306885302066803,0.10177722573280334,0.12891609966754913,1.4859343016959423,1.2478276360448501,3.0743745337915698,,,,,,,,,,,,,,,,,,1,update_snr,bayesian,0.1,20,101770,10177,0.1,0.055621163974126926,0.030018785006392018,0.028869381967831495,0.05561945701189643,0.030018785006392018,0.028869381967831495,0.05561945701189643,0.061638849613863636,0.06034753981135836,0.06840487205057418,0.026505444494450726,0.025765303650885092,0.0489814728097076,0.061638849613863636,0.06034753981135836,0.06840487205057418,0.026505444494450726,0.025765303650885092,0.0489814728097076,0.5453188241310724,0.8702091022102801,0.5310055867673585,0.8473683182783353,0.5310055867673585,814160,203540,81416,122124,0.75,,,,,,,,,0.007770801389550282,1
bayesfl_observability_v1,vi_sparse_bayesian_keep010_seed42,131,vi,225,18,45,,5,256,55.25799198150635,0.06772365040249295,1.4390434219391048,1.4390434219391048,,,1.0280241607423704,0.006270304322242737,0.999821633307394,1.0280241607423704,,-0.0,2.311121424016332,55.25799198150635,64.75695398725972,1.4390434219391048,0.0006363069076079367,0.06772365040249295,1.4390434219391048,0.00125,54.43113360297629,0.09242580662667897,0.09307556226849556,0.10177681893110276,0.12808923423290253,1.4858545343336818,1.2477517048146733,3.0730286604702237,,,,,,,,,,,,,,,,,,1,update_snr,bayesian,0.1,20,101770,10177,0.1,0.05559087254256053,0.030062758569442537,0.028926489017425738,0.05559042374910493,0.030062758569442537,0.028926489017425738,0.05559042374910493,0.061669675089083095,0.06046028335612582,0.06851456434943051,0.026550878956149146,0.0258863967594581,0.04899212452487021,0.061669675089083095,0.06046028335612582,0.06851456434943051,0.026550878956149146,0.0258863967594581,0.04899212452487021,0.545761486900257,0.8711934770683696,0.5308839108471386,0.8474445546486494,0.5308839108471386,814160,203540,81416,122124,0.75,,,,,,,,,0.007770234191431232,45
bayesfl_observability_v1,vi_sparse_bayesian_keep010_seed42,131,vi,269,21,1,,5,256,26.564139795303344,1.0013530300057027e-05,64.31455913506149,64.31455913506149,,,1.0244504774216616,0.006270989775657654,0.9998229150983199,1.0244504774216616,,-0.0,2.185987945410232,26.564139795303344,64.31455913506149,64.31455913506149,0.000631959901101125,1.0013530300057027e-05,64.31455913506149,0.00125,54.43806454733959,0.09242709590422447,0.09307272359728813,0.10178490951657296,0.12862055003643036,1.4859944765199122,1.2475672043456585,3.074377525033647,,,,,,,,,,,,,,,,,,1,update_snr,bayesian,0.1,20,101770,10177,0.1,0.0554632179776807,0.029918033581792042,0.02872193639619227,0.05546206111675549,0.029918033581792042,0.02872193639619227,0.05546206111675549,0.06156123358577855,0.060297069892772524,0.06841109625191534,0.02640212247023798,0.025660268944660874,0.04882435082620426,0.06156123358577855,0.060297069892772524,0.06841109625191534,0.02640212247023798,0.025660268944660874,0.04882435082620426,0.5457289857816042,0.8669940338706215,0.5327041158251941,0.8463015567650213,0.5327041158251941,814160,203540,81416,122124,0.75,,,,,,,,,0.007771720374958306,1
bayesfl_observability_v1,vi_sparse_bayesian_keep010_seed42,131,vi,26,2,1,,5,256,26.35251467227936,0.0063755689188838005,64.35906567494581,64.35906567494581,,,1.0250298708335353,0.006269529461860657,0.9998227085812089,1.0250298708335353,,-0.0,2.3277319754160017,26.35251467227936,64.35906567494581,64.35906567494581,0.0006323972258518799,0.0063755689188838005,64.35906567494581,0.00125,54.437231648911755,0.09242628288035357,0.09306467324495316,0.10176844075322151,0.12803956866264343,1.486103364611582,1.2474988023641842,3.0759911187669724,,,,,,,,,,,,,,,,,,1,update_snr,bayesian,0.1,20,101770,10177,0.1,0.05541897302110364,0.02996076280798482,0.028842946432138673,0.05541375956845617,0.02996076280798482,0.028842946432138673,0.05541375956845617,0.06155044956584106,0.060292885587972155,0.06854131503572303,0.026450797612667453,0.02569071227196715,0.04882894399355006,0.06155044956584106,0.060292885587972155,0.06854131503572303,0.026450797612667453,0.02569071227196715,0.04882894399355006,0.5453343725824893,0.8679266433178999,0.5320180300102215,0.8467330250699114,0.5320180300102215,814160,203540,81416,122124,0.75,,,,,,,,,0.007771739307573943,1
bayesfl_observability_v1,vi_sparse_bayesian_keep010_seed42,131,vi,27,2,1,,5,256,19.822799336910247,0.22735999524593353,64.77478460273659,64.77478460273659,,,1.028195258082144,0.006270706653594971,0.9998216090464109,1.028195258082144,,-0.0,2.3163460082440825,19.822799336910247,64.77478460273659,64.77478460273659,0.0006364821126337485,0.22735999524593353,64.77478460273659,0.00125,54.43685277970891,0.09242573452955487,0.09305908530950546,0.1017751857638359,0.12841659784317017,1.4861415436926757,1.2472354106110508,3.0726381223718624,,,,,,,,,,,,,,,,,,1,update_snr,bayesian,0.1,20,101770,10177,0.1,0.05563660832948217,0.03005008049454096,0.02886106035376341,0.05563643668736919,0.03005008049454096,0.02886106035376341,0.05563643668736919,0.06168063257299185,0.060501849944558254,0.06844944439090642,0.02653557470804642,0.025750527845625076,0.049086393432893685,0.06168063257299185,0.060501849944558254,0.06844944439090642,0.02653557470804642,0.025750527845625076,0.049086393432893685,0.5461903108378913,0.8711266458382587,0.5312126335387702,0.8472385366405406,0.5312126335387702,814160,203540,81416,122124,0.75,,,,,,,,,0.00777045351767815,1
bayesfl_observability_v1,vi_sparse_bayesian_keep010_seed42,131,vi,28,2,568,,5,256,151.18065535227458,0.016593666038882564,0.3332147546978021,0.3332147546978021,,,1.7549860100922217,0.01716560125350952,0.9994804002162754,1.7549860100922217,,0.08787175099597194,2.241159561925204,151.18065535227458,189.2659806683516,0.3332147546978021,0.00185974236679131,0.016593666038882564,0.3332147546978021,0.00125,54.44747999273704,0.09256122125664278,0.0931917242705822,0.10194946750998497,0.12952235341072083,1.484255221510676,1.246033595542516,3.07224236447805,,,,,,,,,,,,,,,,,,1,update_snr,bayesian,0.1,20,101770,10177,0.1,0.0984505881093768,0.04903770024116353,0.04322232173511045,0.0984482654907597,0.04903770024116353,0.04322232173511045,0.0984482654907597,0.11846076950300044,0.11422097885720818,0.14184476907563437,0.0413240258787372,0.03845140858309612,0.08056124103153159,0.11846076950300044,0.11422097885720818,0.14184476907563437,0.0413240258787372,0.03845140858309612,0.08056124103153159,1.0831979321217906,1.3808179226337172,0.6172117190067345,0.7867971110272027,0.6172117190067345,814160,203540,81416,122124,0.75,,,,,,,,,0.007796052260140533,568
bayesfl_observability_v1,vi_sparse_bayesian_keep010_seed42,131,vi,258,20,11,,5,256,43.626745986938474,1.4612024480646306,5.8537663132719935,5.8537663132719935,,,1.0251740725361682,0.006261378526687622,0.9998226433146247,1.0251740725361682,,-0.0,2.259365973874069,43.626745986938474,64.39142944599193,5.8537663132719935,0.0006327152348038905,1.4612024480646306,5.8537663132719935,0.00125,54.43498210427807,0.09242846372960926,0.09307747334241867,0.10177171528339386,0.12887242436408997,1.4861015733898442,1.2476169016811467,3.0732039279587418,,,,,,,,,,,,,,,,,,1,update_snr,bayesian,0.1,20,101770,10177,0.1,0.05549070855559934,0.02993527832981417,0.028747122539340423,0.05549055393615714,0.02993527832981417,0.028747122539340423,0.05549055393615714,0.061631543849299204,0.060367830860033715,0.06857196835997575,0.026413471049871386,0.0256123588443133,0.04885971195342617,0.061631543849299204,0.060367830860033715,0.06857196835997575,0.026413471049871386,0.0256123588443133,0.04885971195342617,0.5465615796959167,0.8673248057104656,0.5331402679193625,0.8460268640668985,0.5331402679193625,814160,203540,81416,122124,0.75,,,,,,,,,0.007772077245583277,11
bayesfl_observability_v1,vi_sparse_bayesian_keep010_seed42,131,vi,261,20,20,,5,256,41.69441108703613,0.5281268119812011,3.2105852090897984,3.2105852090897984,,,1.0237865494924652,0.006276428699493408,0.999823145765351,1.0237865494924652,,-0.0,2.311121424016332,41.69441108703613,64.21170418179597,3.2105852090897984,0.0006309492402652645,0.5281268119812011,3.2105852090897984,0.00125,54.43822108055089,0.09242792524975,0.09307092055678368,0.10177567228674889,0.12782160937786102,1.486072497871051,1.2489095655019047,3.0752058696422013,,,,,,,,,,,,,,,,,,1,update_snr,bayesian,0.1,20,101770,10177,0.1,0.05538177164737317,0.029868317601598915,0.028711477347470708,0.05538106620210612,0.029868317601598915,0.028711477347470708,0.05538106620210612,0.06151160097284628,0.060275647204836746,0.06835803498491198,0.026352397227015874,0.025577097961909285,0.04891818348193749,0.06151160097284628,0.060275647204836746,0.06835803498491198,0.026352397227015874,0.025577097961909285,0.04891818348193749,0.5453243988365968,0.8664641936948073,0.5326543888537483,0.8463328553440663,0.5326543888537483,814160,203540,81416,122124,0.75,,,,,,,,,0.007770138895647569,20
bayesfl_observability_v1,vi_sparse_bayesian_keep010_seed42,131,vi,109,8,1,,5,256,27.886125373840333,0.037641167640686035,64.52878435473716,64.52878435473716,,,1.0261706010841658,0.006267658434808254,0.9998223259260985,1.0261706010841658,,-0.0,2.28098669344155,27.886125373840333,64.52878435473716,64.52878435473716,0.0006340648949075086,0.037641167640686035,64.52878435473716,0.00125,54.43886244820273,0.092427605527488,0.09307194128632545,0.10178729966282846,0.1279819905757904,1.4861951173848515,1.2471523623920402,3.0749809725117263,,,,,,,,,,,,,,,,,,1,update_snr,bayesian,0.1,20,101770,10177,0.1,0.055488882959003435,0.02999224830124754,0.02885969103336119,0.05548871688402025,0.02999224830124754,0.02885969103336119,0.05548871688402025,0.06160868048496218,0.06041181963566922,0.06839260708121812,0.02647931139194592,0.025781168154530545,0.048913429165595976,0.06160868048496218,0.06041181963566922,0.06839260708121812,0.02647931139194592,0.025781168154530545,0.048913429165595976,0.5455258051567262,0.8691534377988415,0.5316131689802548,0.8469872717855752,0.5316131689802548,814160,203540,81416,122124,0.75,,,,,,,,,0.007770957962991833,1
bayesfl_observability_v1,vi_sparse_bayesian_keep010_seed42,131,vi,143,11,27,,5,256,57.36734943389892,0.2673967855947989,2.394557802439184,2.394557802439184,,,1.0269037760481672,0.006270674988627434,0.9998220242299877,1.0269037760481672,,0.149994923610415,2.1788016114278856,57.36734943389892,64.65306066585796,2.394557802439184,0.000635286043685349,0.2673967855947989,2.394557802439184,0.00125,54.43157983862058,0.09242743056776676,0.09307397156953812,0.10176229029893875,0.1278240978717804,1.4859674511522432,1.2477370707932516,3.0750268119172914,,,,,,,,,,,,,,,,,,1,update_snr,bayesian,0.1,20,101770,10177,0.1,0.0555759456412303,0.030011279237066125,0.028806925917119863,0.055575923569328105,0.030011279237066125,0.028806925917119863,0.055575923569328105,0.06166817027929839,0.060411368314088054,0.06860367952667352,0.026493846899040323,0.025759295286184185,0.04908750119627571,0.06166817027929839,0.060411368314088054,0.06860367952667352,0.026493846899040323,0.025759295286184185,0.04908750119627571,0.5459095906431688,0.8697781809782266,0.5316073456697104,0.846990926769588,0.5316073456697104,814160,203540,81416,122124,0.75,,,,,,,,,0.007770460878506449,27
bayesfl_observability_v1,vi_sparse_bayesian_keep010_seed42,131,vi,145,11,1,,5,256,29.842604684829713,0.282649427652359,64.32678415061343,64.32678415061343,,,1.0245167772023072,0.006268665194511414,0.999822891347605,1.0245167772023072,,-0.0,2.3096097079310103,29.842604684829713,64.32678415061343,64.32678415061343,0.0006320800250625276,0.282649427652359,64.32678415061343,0.00125,54.43795405260671,0.09242659262636356,0.09306352585554123,0.10178356021642684,0.1289951056241989,1.4860946954699394,1.248754796418046,3.073699591118325,,,,,,,,,,,,,,,,,,1,update_snr,bayesian,0.1,20,101770,10177,0.1,0.05544313316763633,0.029920326382678587,0.02875184786909212,0.05544293663028713,0.029920326382678587,0.02875184786909212,0.05544293663028713,0.061621982068876806,0.06042896586887472,0.06867217695264,0.02639792019532323,0.025634931455908484,0.0488329213809507,0.061621982068876806,0.06042896586887472,0.06867217695264,0.02639792019532323,0.025634931455908484,0.0488329213809507,0.5454080975637021,0.8672742552854578,0.5323564334915744,0.8465203055568905,0.5323564334915744,814160,203540,81416,122124,0.75,,,,,,,,,0.007771423225316207,1
bayesfl_observability_v1,vi_sparse_bayesian_keep010_seed42,131,vi,147,11,1921,,5,256,303.66449478268623,0.06631480443607948,0.17470370865803558,0.17470370865803558,,,2.328684788022285,0.03220842778682709,0.9990861841789962,2.328684788022285,,0.7419061377582201,1.6227932907659905,303.66449478268623,335.60582433208634,0.17470370865803558,0.003297689145446461,0.06631480443607948,0.17470370865803558,0.00125,54.483258562420545,0.09268574953522876,0.09331493079662323,0.10211503133177757,0.1265399307012558,1.4834000886080128,1.2456773963474763,3.0678204926990356,,,,,,,,,,,,,,,,,,1,update_snr,bayesian,0.1,20,101770,10177,0.1,0.13050702836064995,0.06344485843773025,0.053711157287926733,0.1305062229047423,0.06344485843773025,0.053711157287926733,0.1305062229047423,0.1639852295311251,0.15500832035131282,0.20480926603383523,0.0522737060940197,0.047644303619794624,0.10397698378173759,0.1639852295311251,0.15500832035131282,0.20480926603383523,0.0522737060940197,0.047644303619794624,0.10397698378173759,1.5218882029913532,1.7625632299472722,0.653539805309532,0.7568921474529788,0.653539805309532,814160,203540,81416,122124,0.75,,,,,,,,,0.007831130042820137,1921
bayesfl_observability_v1,vi_sparse_bayesian_keep010_seed42,131,vi,89,7,4,,5,256,27.811377382278444,0.2940288186073303,16.064378848324374,16.064378848324374,,,1.0237984431881584,0.006264418363571167,0.9998231115100619,1.0237984431881584,,-0.0,2.185987945410232,27.811377382278444,64.2575153932975,16.064378848324374,0.0006313993848216321,0.2940288186073303,16.064378848324374,0.00125,54.433781204675306,0.09242819269953068,0.09306176751852036,0.10177110880613327,0.1287817656993866,1.4859400208244211,1.2476977242460219,3.074664857247686,,,,,,,,,,,,,,,,,,1,update_snr,bayesian,0.1,20,101770,10177,0.1,0.05547451750644342,0.029884634904484723,0.028668742924342988,0.05547442160802267,0.029884634904484723,0.028668742924342988,0.05547442160802267,0.06161926595038131,0.060352140526063414,0.0686154538736518,0.026358564788273992,0.025604906546676166,0.048820630418573374,0.06161926595038131,0.060352140526063414,0.0686154538736518,0.026358564788273992,0.025604906546676166,0.048820630418573374,0.5454935984726205,0.8663717367850183,0.5328134674379136,0.8462327155793423,0.5328134674379136,814160,203540,81416,122124,0.75,,,,,,,,,0.007770977357040547,4
bayesfl_observability_v1,vi_sparse_bayesian_keep010_seed42,131,vi,97,7,1882,,5,256,307.54687463641164,0.026705982391183106,0.18563148580269764,0.18563148580269764,,,2.3800538794846537,0.030159860849380493,0.9990457826275709,2.3800538794846537,,-0.0,2.3096097079310103,307.54687463641164,349.358456280677,0.18563148580269764,0.0034328235853461433,0.026705982391183106,0.18563148580269764,0.00125,54.4932011118562,0.09268471193041843,0.09330563247203827,0.10213192701339723,0.12893332540988922,1.483599326545928,1.2447195830523856,3.070560739193831,,,,,,,,,,,,,,,,,,1,update_snr,bayesian,0.1,20,101770,10177,0.1,0.13334521723692344,0.06505720817677439,0.05556928458555668,0.1333445791135184,0.06505720817677439,0.05556928458555668,0.1333445791135184,0.16645738177720207,0.1580201071958199,0.20742194938872655,0.05379052222117132,0.04922217970581755,0.10656788044629295,0.16645738177720207,0.1580201071958199,0.20742194938872655,0.05379052222117132,0.04922217970581755,0.10656788044629295,1.5433419174013527,1.8118366911070891,0.6484483106472901,0.7612586869249367,0.6484483106472901,814160,203540,81416,122124,0.75,,,,,,,,,0.007835133203729411,1882
bayesfl_observability_v1,vi_sparse_bayesian_keep010_seed42,131,vi,130,10,1,,5,256,26.704060077667236,0.004991095047444105,64.3215589112565,64.3215589112565,,,1.02460025037025,0.006276071071624756,0.999822841830324,1.02460025037025,,-0.0,2.311121424016332,26.704060077667236,64.3215589112565,64.3215589112565,0.0006320286814508844,0.004991095047444105,64.3215589112565,0.00125,54.43498366850134,0.09242672954730918,0.09307219833135605,0.10176430493593216,0.1289845108985901,1.4859830556979707,1.2476953920221798,3.0748313618229908,,,,,,,,,,,,,,,,,,1,update_snr,bayesian,0.1,20,101770,10177,0.1,0.055420502085759236,0.029912490361407994,0.02874473273778212,0.055420302036642624,0.029912490361407994,0.02874473273778212,0.055420302036642624,0.0615457825977599,0.06034147906480226,0.06840652347033367,0.02639768011292444,0.02560819893455283,0.04886451135653547,0.0615457825977599,0.06034147906480226,0.06840652347033367,0.02639768011292444,0.02560819893455283,0.04886451135653547,0.5456570872739285,0.867216245331297,0.5325560745049102,0.8463947232278338,0.5325560745049102,814160,203540,81416,122124,0.75,,,,,,,,,0.00777105087105364,1
bayesfl_observability_v1,vi_sparse_bayesian_keep010_seed42,132,vi,147,11,1921,,5,256,251.08890845775605,0.062466768843627486,0.16603557281297107,0.16603557281297107,,,2.2725983630620203,0.03343662619590759,0.9991313294459264,2.2725983630620203,,0.7419061377582201,1.6227932907659905,251.08890845775605,318.9543353737174,0.16603557281297107,0.0031340703092632154,0.062466768843627486,0.16603557281297107,0.00125,54.53479937768748,0.0928353855442199,0.0934450700879097,0.10227249190211296,0.12725909054279327,1.482387118995332,1.2447121381128734,3.064938833486622,,,,,,,,,,,,,,,,,,1,update_snr,bayesian,0.1,20,101770,10177,0.1,0.1271775410415776,0.06189001847619833,0.05246178498329251,0.12717736784808456,0.06189001847619833,0.05246178498329251,0.12717736784808456,0.15930160842390237,0.1511397954584095,0.19842619482308854,0.051066508482009006,0.04653283108933939,0.10151775766516759,0.15930160842390237,0.1511397954584095,0.19842619482308854,0.051066508482009006,0.04653283108933939,0.10151775766516759,1.481274169530674,1.7235226005113486,0.6517976047183526,0.7583929604653653,0.6517976047183526,814160,203540,81416,122124,0.75,,,,,,,,,0.007827394031395964,1921
bayesfl_observability_v1,vi_sparse_bayesian_keep010_seed42,132,vi,123,9,387,,5,256,285.7415054321289,0.10978606566594244,0.36935524405477943,0.36935524405477943,,,1.529978060837614,0.012059614062309265,0.9996060476317096,1.529978060837614,,-0.0,2.3277319754160017,285.7415054321289,142.94047944919964,0.36935524405477943,0.0014045443593318232,0.10978606566594244,0.36935524405477943,0.00125,54.51185620679683,0.0926476761641253,0.09327768161892891,0.10199141204357147,0.12866927683353424,1.4843738989046242,1.2452349587788203,3.0739426733653734,,,,,,,,,,,,,,,,,,1,update_snr,bayesian,0.1,20,101770,10177,0.1,0.08487895325058548,0.04356725133432157,0.039864192676132504,0.08487870865963575,0.04356725133432157,0.039864192676132504,0.08487870865963575,0.09861097248975485,0.09582187468823776,0.11418444939868606,0.03745128231705121,0.035559922687578946,0.0714682520311138,0.09861097248975485,0.09582187468823776,0.11418444939868606,0.03745128231705121,0.035559922687578946,0.0714682520311138,0.8932842188633728,1.2421256663373805,0.5838542667561706,0.8118584822434359,0.5838542667561706,814160,203540,81416,122124,0.75,,,,,,,,,0.0077749779007070296,387
bayesfl_observability_v1,vi_sparse_bayesian_keep010_seed42,132,vi,214,17,232,,5,256,340.9214466094971,0.23478797386432515,0.29121620531606274,0.29121620531606274,,,1.0517991248047716,0.006267797201871872,0.9998137791311931,1.0517991248047716,,1.7889541012136536,0.48857548101791376,340.9214466094971,67.56215963332656,0.29121620531606274,0.0006638710782482712,0.23478797386432515,0.29121620531606274,0.00125,54.50337288967438,0.0925695793025823,0.09321098029613495,0.10189861506223678,0.12896396219730377,1.4855417545513365,1.2458524532746722,3.0738707323125345,,,,,,,,,,,,,,,,,,1,update_snr,bayesian,0.1,20,101770,10177,0.1,0.05653010088333516,0.03076845521470211,0.029870253716962274,0.05652886901219364,0.03076845521470211,0.029870253716962274,0.05652886901219364,0.062478758341194894,0.06122181871233875,0.06920497850357597,0.027245088200647357,0.026672467406133982,0.05009797739871948,0.062478758341194894,0.06122181871233875,0.06920497850357597,0.027245088200647357,0.026672467406133982,0.05009797739871948,0.5517518976574899,0.895461468948521,0.5245791564619363,0.8513616790798633,0.5245791564619363,814160,203540,81416,122124,0.75,,,,,,,,,0.007761907875820368,232
bayesfl_observability_v1,vi_sparse_bayesian_keep010_seed42,132,vi,229,18,46,,5,256,49.76154260635376,0.26161861419677734,1.3934012544841479,1.3934012544841479,,,1.0245693899806214,0.006272176280617714,0.9998233210104834,1.0245693899806214,,0.22371807606583377,2.084207925130502,49.76154260635376,64.0964577062708,1.3934012544841479,0.0006298168193600354,0.26161861419677734,1.3934012544841479,0.00125,54.50642277295301,0.09256986806536484,0.09319915995001793,0.10191905051469803,0.12830594182014465,1.4855921424000122,1.245638729908173,3.0752910988790956,,,,,,,,,,,,,,,,,,1,update_snr,bayesian,0.1,20,101770,10177,0.1,0.055341726955323564,0.029868050966411097,0.028670408737853485,0.055341077501771946,0.029868050966411097,0.028670408737853485,0.055341077501771946,0.061429278915075124,0.060217741824915606,0.06821521100157503,0.026361247861003984,0.025552999033253775,0.04877907099720993,0.061429278915075124,0.060217741824915606,0.06821521100157503,0.026361247861003984,0.025552999033253775,0.04877907099720993,0.5455200482792296,0.867265998301957,0.532438362510076,0.8464687768178986,0.532438362510076,814160,203540,81416,122124,0.75,,,,,,,,,0.007762855896243847,46
bayesfl_observability_v1,vi_sparse_bayesian_keep010_seed42,132,vi,91,7,1,,5,256,23.334353160858154,0.3442840576171875,64.62632376686875,64.62632376686875,,,1.0280744667030968,0.006268233060836792,0.9998221183414099,1.0280744667030968,,-0.0,2.3277319754160017,23.334353160858154,64.62632376686875,64.62632376686875,0.0006350233248193844,0.3442840576171875,64.62632376686875,0.00125,54.50743410548539,0.0925690383950798,0.09320992231369019,0.10189887434244158,0.12797164916992188,1.4856652250048519,1.2466637823779672,3.0766870655616922,,,,,,,,,,,,,,,,,,1,update_snr,bayesian,0.1,20,101770,10177,0.1,0.055612995561293566,0.030006510482339217,0.028884871597566926,0.055611046591069885,0.030006510482339217,0.028884871597566926,0.055611046591069885,0.0616297155756639,0.06040557976936319,0.06850941948834265,0.026492821027525367,0.025725475442487572,0.04901697579395971,0.0616297155756639,0.06040557976936319,0.06850941948834265,0.026492821027525367,0.025725475442487572,0.04901697579395971,0.5465390378422889,0.8707652893870325,0.5316142512467698,0.8469865924979786,0.5316142512467698,814160,203540,81416,122124,0.75,,,,,,,,,0.007763130941990522,1
bayesfl_observability_v1,vi_sparse_bayesian_keep010_seed42,132,vi,209,16,1,,5,256,23.368647256493567,0.15489229559898376,64.16740066146201,64.16740066146201,,,1.0245173782832546,0.006272483617067337,0.9998233176634108,1.0245173782832546,,-0.0,2.259365973874069,23.368647256493567,64.16740066146201,64.16740066146201,0.0006305139104005308,0.15489229559898376,64.16740066146201,0.00125,54.50367443807596,0.09257140115113563,0.09321485087275505,0.10190618559718131,0.12797431647777557,1.4854893436070986,1.2446580871871504,3.073680331319887,,,,,,,,,,,,,,,,,,1,update_snr,bayesian,0.1,20,101770,10177,0.1,0.05531190217997679,0.029888597736444044,0.028818900802625974,0.05531183525529197,0.029888597736444044,0.028818900802625974,0.05531183525529197,0.0614379065401661,0.06018948684951513,0.06840185340343735,0.02638311898047492,0.025745780679260637,0.04879675785566382,0.0614379065401661,0.06018948684951513,0.06840185340343735,0.02638311898047492,0.025745780679260637,0.04879675785566382,0.5446401252398236,0.867757450203191,0.5316065269214434,0.8469914406500938,0.5316065269214434,814160,203540,81416,122124,0.75,,,,,,,,,0.007763677022748915,1
bayesfl_observability_v1,vi_sparse_bayesian_keep010_seed42,132,vi,252,20,1,,5,256,25.68218297958374,0.001401276676915586,64.10701918802498,64.10701918802498,,,1.024758036287202,0.00627291202545166,0.9998231840537881,1.024758036287202,,-0.0,2.28098669344155,25.68218297958374,64.10701918802498,64.10701918802498,0.0006299205973078999,0.001401276676915586,64.10701918802498,0.00125,54.49498885440371,0.09256954454983705,0.09321539476513863,0.1019083321094513,0.12831740081310272,1.4853277247912193,1.247573170115883,3.073629884552917,,,,,,,,,,,,,,,,,,1,update_snr,bayesian,0.1,20,101770,10177,0.1,0.05526695634914905,0.029912120316657166,0.028844451618693385,0.05526608223242169,0.029912120316657166,0.028844451618693385,0.05526608223242169,0.061383301251007445,0.06012811330753789,0.06822087187747285,0.026415322435062696,0.025767567447664008,0.04869384485954986,0.061383301251007445,0.06012811330753789,0.06822087187747285,0.026415322435062696,0.025767567447664008,0.04869384485954986,0.5450727183424156,0.8677699952487483,0.5319038241624989,0.8468047719759909,0.5319038241624989,814160,203540,81416,122124,0.75,,,,,,,,,0.007762441553442054,1
bayesfl_observability_v1,vi_sparse_bayesian_keep010_seed42,132,vi,254,20,1,,5,256,27.833506679534914,1.888122320175171,64.27103541603361,64.27103541603361,,,1.0259554657131977,0.006273254752159119,0.9998228188087623,1.0259554657131977,,-0.0,2.28098669344155,27.833506679534914,64.27103541603361,64.27103541603361,0.0006315322336251706,1.888122320175171,64.27103541603361,0.00125,54.503338640812856,0.09257046453207453,0.09320429340004921,0.10190488249063492,0.12819285690784454,1.4853732961735235,1.2463749150193748,3.07661566495638,,,,,,,,,,,,,,,,,,1,update_snr,bayesian,0.1,20,101770,10177,0.1,0.05550842387768735,0.029919942292455762,0.02873838777628878,0.05550811244330309,0.029919942292455762,0.02873838777628878,0.05550811244330309,0.061572008006694025,0.06032525743602671,0.06855457006346098,0.026403046101984837,0.025684093544656096,0.04884874578422641,0.061572008006694025,0.06032525743602671,0.06855457006346098,0.026403046101984837,0.025684093544656096,0.04884874578422641,0.54614053646675,0.8685131732188036,0.532323823712073,0.846540812193103,0.532323823712073,814160,203540,81416,122124,0.75,,,,,,,,,0.007762252689449423,1
bayesfl_observability_v1,vi_sparse_bayesian_keep010_seed42,132,vi,255,20,1,,5,256,17.065634727478027,0.00035482310340739787,64.47978704268112,64.47978704268112,,,1.0276914924779796,0.006264686584472656,0.9998221874249892,1.0276914924779796,,-0.0,2.28098669344155,17.065634727478027,64.47978704268112,64.47978704268112,0.0006335834434772637,0.00035482310340739787,64.47978704268112,0.00125,54.49844148836442,0.09256901824172417,0.0932159535586834,0.10191522091627121,0.12774266302585602,1.4853560216662995,1.2476322546600562,3.0751633727637544,,,,,,,,,,,,,,,,,,1,update_snr,bayesian,0.1,20,101770,10177,0.1,0.05547612760254856,0.029964727577399878,0.028756050892315248,0.05547526609729882,0.029964727577399878,0.028756050892315248,0.05547526609729882,0.061549002974606526,0.06034249676949182,0.06844777894694971,0.026455363644376912,0.0256730067723132,0.04898479228426237,0.061549002974606526,0.06034249676949182,0.06844777894694971,0.026455363644376912,0.0256730067723132,0.04898479228426237,0.5459221018310901,0.8707002138761323,0.5312120474158616,0.8472389041352201,0.5312120474158616,814160,203540,81416,122124,0.75,,,,,,,,,0.007763373213282869,1
bayesfl_observability_v1,vi_sparse_bayesian_keep010_seed42,132,vi,190,15,1,,5,256,26.988195514678956,0.0903545469045639,64.18480211239832,64.18480211239832,,,1.0253155976215387,0.0062710195779800415,0.9998230103558478,1.0253155976215387,,-0.0,2.311121424016332,26.988195514678956,64.18480211239832,64.18480211239832,0.0006306848984219153,0.0903545469045639,64.18480211239832,0.00125,54.49874343799394,0.09256908381990141,0.09321034327149391,0.1019133284687996,0.12852874398231506,1.4853830908574874,1.2462301059833307,3.0727942189162425,,,,,,,,,,,,,,,,,,1,update_snr,bayesian,0.1,20,101770,10177,0.1,0.05533380077728471,0.02988924271969094,0.028716558283303613,0.055332893759433344,0.02988924271969094,0.028716558283303613,0.055332893759433344,0.061433106389729424,0.06015730923766057,0.06832042253899223,0.026384368978575542,0.025686900129165906,0.04885365318100562,0.061433106389729424,0.06015730923766057,0.06832042253899223,0.026384368978575542,0.025686900129165906,0.04885365318100562,0.5450326539760073,0.8684534995184735,0.5315755024505031,0.8470109120870258,0.5315755024505031,814160,203540,81416,122124,0.75,,,,,,,,,0.007763724849927109,1
bayesfl_observability_v1,vi_sparse_bayesian_keep010_seed42,132,vi,13,1,2367,,5,256,250.4467183408141,0.00985438880610174,0.14272029493360963,0.14272029493360963,,,2.3387717870926674,0.036443307995796204,0.9990803449641443,2.3387717870926674,,0.003375492055621423,2.400659735165369,250.4467183408141,337.81893810785397,0.14272029493360963,0.003319435374942065,0.00985438880610174,0.14272029493360963,0.00125,54.54559495187665,0.09286665283813392,0.09348246082663536,0.10230666548013687,0.12915430963039398,1.4821126759385579,1.244305996220663,3.0681094502708106,,,,,,,,,,,,,,,,,,1,update_snr,bayesian,0.1,20,101770,10177,0.1,0.1304893842934716,0.0633632765779598,0.05358184178053793,0.1304883106855278,0.0633632765779598,0.05358184178053793,0.1304883106855278,0.16441428187888776,0.1553768957685409,0.20525519069401332,0.052135387100078916,0.04751308906293898,0.10383824127331667,0.16441428187888776,0.1553768957685409,0.20525519069401332,0.052135387100078916,0.04751308906293898,0.10383824127331667,1.537446278400403,1.7624166400523447,0.6573733644664861,0.7535650334841814,0.6573733644664861,814160,203540,81416,122124,0.75,,,,,,,,,0.00784122056933952,2367
bayesfl_observability_v1,vi_sparse_bayesian_keep010_seed42,132,vi,181,14,2031,,5,256,325.8023405790329,0.13131532523504094,0.16060496677430117,0.16060496677430117,,,2.2992071079537535,0.033602744340896606,0.999111742399964,2.2992071079537535,,1.0649000763602765,1.25432875177699,325.8023405790329,326.18868751860566,0.16060496677430117,0.0032051556206996725,0.13131532523504094,0.16060496677430117,0.00125,54.559949669860764,0.09283104859862813,0.09345995262265205,0.10227161422371865,0.12804840505123138,1.4830023840762554,1.2451803118275955,3.069915454195699,,,,,,,,,,,,,,,,,,1,update_snr,bayesian,0.1,20,101770,10177,0.1,0.12830909449342176,0.0625388197638778,0.05307782791815485,0.12830780622061005,0.0625388197638778,0.05307782791815485,0.12830780622061005,0.1613635560960127,0.1529324784180231,0.20087319817684446,0.05155829350475171,0.04691688513660525,0.10275452492434124,0.1613635560960127,0.1529324784180231,0.20087319817684446,0.05155829350475171,0.04691688513660525,0.10275452492434124,1.4991653256832747,1.743231668922418,0.6520357911634592,0.7581881870893562,0.6520357911634592,814160,203540,81416,122124,0.75,,,,,,,,,0.007829683546066002,2031
bayesfl_observability_v1,vi_sparse_bayesian_keep010_seed42,132,vi,270,21,1,,5,256,28.264892286062242,0.005175525788217783,64.10406963476329,64.10406963476329,,,1.024437197651354,0.006269365549087524,0.9998233703702708,1.024437197651354,,-0.0,2.185987945410232,28.264892286062242,64.10406963476329,64.10406963476329,0.0006298916147662699,0.005175525788217783,64.10406963476329,0.00125,54.50687692373574,0.09257022184158274,0.0932142585515976,0.1019072525203228,0.12772983312606812,1.4855827816698124,1.2465410758528581,3.076157602650161,,,,,,,,,,,,,,,,,,1,update_snr,bayesian,0.1,20,101770,10177,0.1,0.055340998370204744,0.02985032168040498,0.028609055388519024,0.055339415459043605,0.02985032168040498,0.028609055388519024,0.055339415459043605,0.06149925178283272,0.060330264192334324,0.06857329551259977,0.026333773891246335,0.025551497908804767,0.048773358254933,0.06149925178283272,0.060330264192334324,0.06857329551259977,0.026333773891246335,0.025551497908804767,0.048773358254933,0.5456595881406151,0.8670220215207765,0.532643279052738,0.8463398473898929,0.532643279052738,814160,203540,81416,122124,0.75,,,,,,,,,0.007765284429536434,1
bayesfl_observability_v1,vi_sparse_bayesian_keep010_seed42,132,vi,74,5,1,,5,256,25.38946442604065,2.3841855067985307e-07,64.15361206712493,64.15361206712493,,,1.024528148737973,0.006274357438087463,0.9998232602810512,1.024528148737973,,-0.0,2.259365973874069,25.38946442604065,64.15361206712493,64.15361206712493,0.0006303784225913818,2.3841855067985307e-07,64.15361206712493,0.00125,54.49425827047146,0.09257164023160624,0.09321930631995201,0.10191774517297744,0.1280425637960434,1.485260349689497,1.245999270640787,3.073942130156279,,,,,,,,,,,,,,,,,,1,update_snr,bayesian,0.1,20,101770,10177,0.1,0.05544356298429226,0.029878555856369848,0.028670240694878196,0.05544292447868529,0.029878555856369848,0.028670240694878196,0.05544292447868529,0.0615358171601259,0.0603153276294908,0.06844171794957883,0.026361082378174746,0.025576242367659378,0.04874919913609762,0.0615358171601259,0.0603153276294908,0.06844171794957883,0.026361082378174746,0.025576242367659378,0.04874919913609762,0.5455839374792016,0.8671770838307188,0.5325221548585649,0.8464160647015104,0.5325221548585649,814160,203540,81416,122124,0.75,,,,,,,,,0.007763911947531574,1
bayesfl_observability_v1,vi_sparse_bayesian_keep010_seed42,132,vi,135,10,1,,5,256,23.73187427520752,0.6333667635917664,64.36589370539109,64.36589370539109,,,1.0261568702972834,0.0062716081738471985,0.9998227799092935,1.0261568702972834,,-0.0,2.311121424016332,23.73187427520752,64.36589370539109,64.36589370539109,0.0006324643186144354,0.6333667635917664,64.36589370539109,0.00125,54.507252361867984,0.09257056440111519,0.0932021401822567,0.10190865844488144,0.1283230036497116,1.4856189012122054,1.2472048581081476,3.0761355260893684,,,,,,,,,,,,,,,,,,1,update_snr,bayesian,0.1,20,101770,10177,0.1,0.055473556774797296,0.029951073577143748,0.02881064754394378,0.05547266398653615,0.029951073577143748,0.02881064754394378,0.05547266398653615,0.061511067524333454,0.06027650727778921,0.06842624664273728,0.02644440758301156,0.02576302442496895,0.04882691683584068,0.061511067524333454,0.06027650727778921,0.06842624664273728,0.02644440758301156,0.02576302442496895,0.04882691683584068,0.5453255830655535,0.869262866406089,0.5314251639786512,0.8471052444001652,0.5314251639786512,814160,203540,81416,122124,0.75,,,,,,,,,0.007763710864264076,1
bayesfl_observability_v1,vi_sparse_bayesian_keep010_seed42,133,vi,195,15,1,,5,256,28.496774125099183,0.31732845306396484,63.72658053229676,63.72658053229676,,,1.0233793718144393,0.0062554627656936646,0.9998240941005242,1.0233793718144393,,-0.0,2.185987945410232,28.496774125099183,63.72658053229676,63.72658053229676,0.0006261823772457184,0.31732845306396484,63.72658053229676,0.00125,54.56312800128914,0.09273782838683202,0.09337957203388214,0.10205651670694352,0.12761057913303375,1.4844636995918632,1.2466125841815252,3.0731171505914285,,,,,,,,,,,,,,,,,,1,update_snr,bayesian,0.1,20,101770,10177,0.1,0.055281501829037544,0.029766017240245756,0.028606227329567552,0.05528141719400512,0.029766017240245756,0.028606227329567552,0.05528141719400512,0.06130407377309538,0.060056819430602024,0.06830604377277258,0.026261788736595796,0.02548824652456906,0.04859427890555966,0.06130407377309538,0.060056819430602024,0.06830604377277258,0.026261788736595796,0.02548824652456906,0.04859427890555966,0.5456200596863452,0.8657967943594999,0.5331552254360643,0.8460174381123714,0.5331552254360643,814160,203540,81416,122124,0.75,,,,,,,,,0.007756994623481857,1
bayesfl_observability_v1,vi_sparse_bayesian_keep010_seed42,133,vi,77,6,30,,5,256,35.005901432037355,0.25464026133219403,2.134964640102708,2.134964640102708,,,1.025994673323358,0.0062745921313762665,0.9998231972141002,1.025994673323358,,0.8599672810355049,1.5113567186299608,35.005901432037355,64.04893920308123,2.134964640102708,0.0006293498988216688,0.25464026133219403,2.134964640102708,0.00125,54.56371854686425,0.09273819959054144,0.09337872266769409,0.10204476043581963,0.12852683663368225,1.4846379958391887,1.2456222748007424,3.074087979301239,,,,,,,,,,,,,,,,,,1,update_snr,bayesian,0.1,20,101770,10177,0.1,0.05540519394750297,0.029860565904000543,0.02863684209106076,0.055404883568499264,0.029860565904000543,0.02863684209106076,0.055404883568499264,0.06135605199094014,0.06008954904832675,0.06803377695904056,0.026361067449896143,0.025618632585014175,0.04876413882712344,0.06135605199094014,0.06008954904832675,0.06803377695904056,0.026361067449896143,0.025618632585014175,0.04876413882712344,0.5456701202891792,0.8688551027136214,0.5318449836797572,0.8468417286215173,0.5318449836797572,814160,203540,81416,122124,0.75,,,,,,,,,0.007756745959190291,30
bayesfl_observability_v1,vi_sparse_bayesian_keep010_seed42,133,vi,25,2,1,,5,256,22.227089715003967,7.271740287251305e-06,64.04375651649686,64.04375651649686,,,1.0263559052716347,0.0062684565782547,0.9998231023580394,1.0263559052716347,,-0.0,2.4040642619438994,22.227089715003967,64.04375651649686,64.04375651649686,0.0006292989733369054,7.271740287251305e-06,64.04375651649686,0.00125,54.56822679634589,0.09273842083760776,0.09337492659687996,0.10206380784511566,0.1281580775976181,1.4846638149148226,1.2468585487710373,3.0707579122840207,,,,,,,,,,,,,,,,,,1,update_snr,bayesian,0.1,20,101770,10177,0.1,0.055315730903393,0.029861085954465617,0.028632450352924936,0.05531462768786131,0.029861085954465617,0.028632450352924936,0.05531462768786131,0.06130919433382919,0.06009501940971232,0.0681314888458321,0.026366851690091883,0.02556642434214427,0.048833927890501075,0.06130919433382919,0.06009501940971232,0.0681314888458321,0.026366851690091883,0.02556642434214427,0.048833927890501075,0.5454664814819978,0.8694094328137961,0.5314593881911119,0.8470837731319905,0.5314593881911119,814160,203540,81416,122124,0.75,,,,,,,,,0.007755755939359283,1
bayesfl_observability_v1,vi_sparse_bayesian_keep010_seed42,133,vi,28,2,568,,5,256,182.3337434132894,0.009103506173886044,0.3385356523133754,0.3385356523133754,,,1.775459736810946,0.017325997352600098,0.9994710945562489,1.775459736810946,,0.08787175099597194,2.241159561925204,182.3337434132894,192.28825051399724,0.3385356523133754,0.0018894394272771665,0.009103506173886044,0.3385356523133754,0.00125,54.595464778697185,0.09286813106941687,0.09350059553980827,0.10223220139741898,0.12765049934387207,1.4833814016060554,1.2430826509045745,3.0649476876860593,,,,,,,,,,,,,,,,,,1,update_snr,bayesian,0.1,20,101770,10177,0.1,0.09957201007323446,0.04949627643594725,0.04361610466802142,0.09957115218309338,0.04949627643594725,0.04361610466802142,0.09957115218309338,0.11903699783277964,0.11481987148966702,0.1420693257303137,0.04176952961407698,0.03875679702914507,0.08162450713764877,0.11903699783277964,0.11481987148966702,0.1420693257303137,0.04176952961407698,0.03875679702914507,0.08162450713764877,1.0925520790581922,1.3994953488963144,0.6153629149713177,0.7882439234640527,0.6153629149713177,814160,203540,81416,122124,0.75,,,,,,,,,0.007781121841862774,568
bayesfl_observability_v1,vi_sparse_bayesian_keep010_seed42,133,vi,107,8,1372,,5,256,196.71976850628852,0.013367800608497253,0.20836009385093454,0.20836009385093454,,,2.1609051397860415,0.027171192690730095,0.9992165029888039,2.1609051397860415,,-0.0,2.3155014849272724,196.71976850628852,285.8700487634822,0.20836009385093454,0.0028089815148224645,0.013367800608497253,0.20836009385093454,0.00125,54.59930380643892,0.09296892996062239,0.09358946606516838,0.10237692594528199,0.12948204576969147,1.481838219298812,1.244182356472824,3.0639146723409585,,,,,,,,,,,,,,,,,,1,update_snr,bayesian,0.1,20,101770,10177,0.1,0.12063837526304981,0.059034529624258945,0.050530835893666914,0.12063333068273378,0.059034529624258945,0.050530835893666914,0.12063333068273378,0.14987165313306053,0.14272873618865806,0.18510396358446518,0.04894151590105876,0.04478606432385917,0.09688721599609183,0.14987165313306053,0.14272873618865806,0.18510396358446518,0.04894151590105876,0.04478606432385917,0.09688721599609183,1.3936223514537043,1.651462311008759,0.6449252795944997,0.7642456305010574,0.6449252795944997,814160,203540,81416,122124,0.75,,,,,,,,,0.00780738322078437,1372
bayesfl_observability_v1,vi_sparse_bayesian_keep010_seed42,133,vi,247,19,83,,5,256,138.49978332519532,0.19616899145654884,0.7891100039767287,0.7891100039767287,,,1.0377552731872413,0.006266653537750244,0.99981910588868,1.0377552731872413,,0.37911466974801067,1.93024026923342,138.49978332519532,65.49613033006848,0.7891100039767287,0.0006435701123127492,0.19616899145654884,0.7891100039767287,0.00125,54.561035134369334,0.09273811430079425,0.09337007254362106,0.10206203609704971,0.12884120643138885,1.484516328571811,1.2458329263391628,3.070260693885328,,,,,,,,,,,,,,,,,,1,update_snr,bayesian,0.1,20,101770,10177,0.1,0.05575749010392891,0.03024368064616113,0.029125338048444,0.05575592952258519,0.03024368064616113,0.029125338048444,0.05575592952258519,0.061739059901042025,0.06041452728729335,0.06861189579670758,0.026744194062285478,0.025994658673096253,0.04939507474233261,0.061739059901042025,0.06041452728729335,0.06861189579670758,0.026744194062285478,0.025994658673096253,0.04939507474233261,0.5478561455466981,0.881356710313504,0.5279242223111777,0.849291478526153,0.5279242223111777,814160,203540,81416,122124,0.75,,,,,,,,,0.0077562436922250025,83
bayesfl_observability_v1,vi_sparse_bayesian_keep010_seed42,133,vi,3,0,1,,5,256,25.477675557136536,0.0002727136597968638,64.02877793454854,64.02877793454854,,,1.0259413741332786,0.006269365549087524,0.9998232273131137,1.0259413741332786,,-0.0,2.185987945410232,25.477675557136536,64.02877793454854,64.02877793454854,0.0006291517926161791,0.0002727136597968638,64.02877793454854,0.00125,54.5656280371311,0.09273955735961908,0.09338115900754929,0.10207079201936722,0.12774798274040222,1.4846020422836197,1.244483205991431,3.070976468953175,,,,,,,,,,,,,,,,,,1,update_snr,bayesian,0.1,20,101770,10177,0.1,0.05526875877312174,0.02990711408446229,0.02884289406935823,0.055268235368205174,0.02990711408446229,0.02884289406935823,0.055268235368205174,0.061318364982865504,0.06009178285142552,0.06820370355359277,0.026416975095750816,0.025755751623080806,0.04861547368953955,0.061318364982865504,0.06009178285142552,0.06820370355359277,0.026416975095750816,0.025755751623080806,0.04861547368953955,0.5457970864742333,0.8687124055489936,0.5319963696125677,0.8467466343122063,0.5319963696125677,814160,203540,81416,122124,0.75,,,,,,,,,0.007757941762312712,1
bayesfl_observability_v1,vi_sparse_bayesian_keep010_seed42,133,vi,5,0,1,,5,256,22.0719233751297,0.21932347118854523,63.92558009727909,63.92558009727909,,,1.0245170736091598,0.0062737613916397095,0.9998237251802463,1.0245170736091598,,-0.0,2.311121424016332,22.0719233751297,63.92558009727909,63.92558009727909,0.0006281377625752097,0.21932347118854523,63.92558009727909,0.00125,54.56673391861693,0.09273827614220055,0.09337826818227768,0.10205916166305543,0.1285257786512375,1.4845234444678708,1.2442483129281068,3.069958549072693,,,,,,,,,,,,,,,,,,1,update_snr,bayesian,0.1,20,101770,10177,0.1,0.05526042366904209,0.029828527328991116,0.028619678241544426,0.05525953612163493,0.029828527328991116,0.028619678241544426,0.05525953612163493,0.06133551205540578,0.060087267307969906,0.06832531328134164,0.026327751248278384,0.025531765941405105,0.04876248407025318,0.06133551205540578,0.060087267307969906,0.06832531328134164,0.026327751248278384,0.025531765941405105,0.04876248407025318,0.5449297685174825,0.8675752310319605,0.5318893970188401,0.8468138339321902,0.5318893970188401,814160,203540,81416,122124,0.75,,,,,,,,,0.00775846243903881,1
bayesfl_observability_v1,vi_sparse_bayesian_keep010_seed42,133,vi,139,11,6,,5,256,49.873823928833005,0.626447598139445,10.636986729680052,10.636986729680052,,,1.0243704955298387,0.006271913647651672,0.9998237756544219,1.0243704955298387,,-0.0,2.28098669344155,49.873823928833005,63.82192037808031,10.636986729680052,0.0006271191940461856,0.626447598139445,10.636986729680052,0.00125,54.566738733841326,0.09273735756834024,0.0933779925107956,0.10206746235489846,0.12888537347316742,1.4846389039560086,1.2448287987048325,3.0706209859272144,,,,,,,,,,,,,,,,,,1,update_snr,bayesian,0.1,20,101770,10177,0.1,0.05527887027677767,0.029796046264419392,0.02857938819354021,0.055278239242700665,0.029796046264419392,0.02857938819354021,0.055278239242700665,0.06134047265645667,0.06006613408164536,0.06807911975036406,0.026291109998637475,0.025527265706724842,0.048696567489884254,0.06134047265645667,0.06006613408164536,0.06807911975036406,0.026291109998637475,0.025527265706724842,0.048696567489884254,0.5455495631536248,0.8670124487312375,0.5325705548278685,0.8463856119584835,0.5325705548278685,814160,203540,81416,122124,0.75,,,,,,,,,0.007758623927827614,6
bayesfl_observability_v1,vi_sparse_bayesian_keep010_seed42,133,vi,288,23,3,,5,256,20.913666790723802,0.02516758938630422,21.38560097087729,21.38560097087729,,,1.0266200892122304,0.006273508071899414,0.9998229784671526,1.0266200892122304,,-0.0,2.185987945410232,20.913666790723802,64.15680291263187,21.38560097087729,0.000630409776089534,0.02516758938630422,21.38560097087729,0.00125,54.563174215828354,0.09273654601785697,0.09338032454252243,0.10206428915262222,0.1288912296295166,1.4846497603197313,1.2463743315377462,3.071265103883628,,,,,,,,,,,,,,,,,,1,update_snr,bayesian,0.1,20,101770,10177,0.1,0.055365743476086075,0.02988235710278509,0.028763477309861916,0.05536493102782743,0.02988235710278509,0.028763477309861916,0.05536493102782743,0.06141472115800156,0.060122252163857054,0.06820762050682573,0.026378761096649925,0.025633847965212283,0.048818342890282175,0.06141472115800156,0.060122252163857054,0.06820762050682573,0.026378761096649925,0.025633847965212283,0.048818342890282175,0.5455950153503084,0.8696406653319663,0.5314478267895253,0.847091026632139,0.5314478267895253,814160,203540,81416,122124,0.75,,,,,,,,,0.0077571221766920525,3
bayesfl_observability_v1,vi_sparse_bayesian_keep010_seed42,133,vi,121,9,1,,5,256,25.3858163356781,0.09342904388904572,63.85984269042521,63.85984269042521,,,1.0237771924555716,0.006274648010730743,0.9998239811142602,1.0237771924555716,,-0.0,2.28098669344155,25.3858163356781,63.85984269042521,63.85984269042521,0.000627491821660855,0.09342904388904572,63.85984269042521,0.00125,54.56693749557677,0.09273771603241339,0.09337359666824341,0.10206662490963936,0.12896886467933655,1.4846363752234892,1.2438155989173385,3.0727808438305617,,,,,,,,,,,,,,,,,,1,update_snr,bayesian,0.1,20,101770,10177,0.1,0.055317000243043195,0.0298051146867664,0.028596867680469262,0.05531285988614952,0.0298051146867664,0.028596867680469262,0.05531285988614952,0.061420592034337695,0.06020615637559033,0.06833762368020982,0.02629228387036959,0.025516726996608487,0.04871635971785261,0.061420592034337695,0.06020615637559033,0.06833762368020982,0.02629228387036959,0.025516726996608487,0.04871635971785261,0.5454250912207375,0.8663897562062142,0.5327576109724743,0.8462678819090927,0.5327576109724743,814160,203540,81416,122124,0.75,,,,,,,,,0.0077577571130300026,1
bayesfl_observability_v1,vi_sparse_bayesian_keep010_seed42,133,vi,208,16,1492,,5,256,345.0279663403829,0.02479423586548813,0.22003290888431454,0.22003290888431454,,,2.320132957673198,0.02677692286670208,0.9990973519769984,2.320132957673198,,0.2345060748432112,2.0889349747065498,345.0279663403829,328.2891000553973,0.22003290888431454,0.003225794438983957,0.02479423586548813,0.22003290888431454,0.00125,54.6173761543907,0.09295556201478102,0.09359322488307953,0.10237466767430306,0.13001489639282227,1.4826057134653878,1.242542386964445,3.0673602706971406,,,,,,,,,,,,,,,,,,1,update_snr,bayesian,0.1,20,101770,10177,0.1,0.13009904095632122,0.0637554890311633,0.05494059130626265,0.13009119550956413,0.0637554890311633,0.05494059130626265,0.13009119550956413,0.1591169894374762,0.15232101559337063,0.19415827924511217,0.05315976676379522,0.04878308680942562,0.10514792377033405,0.1591169894374762,0.15232101559337063,0.19415827924511217,0.05315976676379522,0.04878308680942562,0.10514792377033405,1.4708963427332902,1.7942911943759936,0.633970711837314,0.773357056302257,0.633970711837314,814160,203540,81416,122124,0.75,,,,,,,,,0.007806641961020052,1492
bayesfl_observability_v1,vi_sparse_bayesian_keep010_seed42,133,vi,211,16,21,,5,256,88.69142503738404,1.0017033531552268,3.049674981911891,3.049674981911891,,,1.0257244763154285,0.006270485930144787,0.9998232711270302,1.0257244763154285,,-0.0,2.311121424016332,88.69142503738404,64.04317462014971,3.049674981911891,0.0006292932555777706,1.0017033531552268,3.049674981911891,0.00125,54.560026332083524,0.09273647162087764,0.09337884932756424,0.10204330682754517,0.1280064731836319,1.484500837431867,1.2461258916885258,3.07035555126019,,,,,,,,,,,,,,,,,,1,update_snr,bayesian,0.1,20,101770,10177,0.1,0.055410052276522126,0.029836874244165614,0.028650339043244967,0.05540978976098899,0.029836874244165614,0.028650339043244967,0.05540978976098899,0.06148047765740174,0.060221006383900696,0.06835309109147797,0.026320918309361598,0.02549839497779498,0.048791045312235305,0.06148047765740174,0.060221006383900696,0.06835309109147797,0.026320918309361598,0.02549839497779498,0.048791045312235305,0.5463798599110492,0.8680897131035148,0.5326770224629286,0.8463186100636266,0.5326770224629286,814160,203540,81416,122124,0.75,,,,,,,,,0.007756900921684602,21
bayesfl_observability_v1,vi_sparse_bayesian_keep010_seed42,133,vi,234,18,560,,5,256,316.0600947856903,0.060483080787318094,0.3886175036287351,0.3886175036287351,,,1.8931136645494993,0.017276927828788757,0.9993985996122816,1.8931136645494993,,-0.0,2.28098669344155,316.0600947856903,217.62580203209166,0.3886175036287351,0.0021384081952647307,0.060483080787318094,0.3886175036287351,0.00125,54.593840513073964,0.09286469434207428,0.09350143000483513,0.10223082900047302,0.12824799120426178,1.4833451379019478,1.2443842698722176,3.069152339282271,,,,,,,,,,,,,,,,,,1,update_snr,bayesian,0.1,20,101770,10177,0.1,0.10557564691539985,0.053197561735973224,0.0478060947404578,0.10557048099006296,0.053197561735973224,0.0478060947404578,0.10557048099006296,0.1241979951510675,0.12030137619508771,0.1457477109483708,0.04530862468985163,0.042417876939752686,0.08779979173710509,0.1241979951510675,0.12030137619508771,0.1457477109483708,0.04530862468985163,0.042417876939752686,0.08779979173710509,1.134245250890966,1.5157067848813388,0.599142709775369,0.8006422505233085,0.599142709775369,814160,203540,81416,122124,0.75,,,,,,,,,0.007777233888933275,560
bayesfl_observability_v1,vi_sparse_bayesian_keep010_seed42,133,vi,16,1,1,,5,256,26.337922477722167,0.004547610878944397,64.04734642160699,64.04734642160699,,,1.025996576601806,0.0062651606276631355,0.9998232075711151,1.025996576601806,,-0.0,2.311121424016332,26.337922477722167,64.04734642160699,64.04734642160699,0.0006293342480260095,0.004547610878944397,64.04734642160699,0.00125,54.56551682496789,0.09273908173880825,0.09337569400668144,0.1020493485033512,0.12862130999565125,1.4845640975756984,1.2462340666806995,3.071313595038468,,,,,,,,,,,,,,,,,,1,update_snr,bayesian,0.1,20,101770,10177,0.1,0.055204235805911404,0.029886866934913922,0.028850105318507492,0.055203254883922866,0.029886866934913922,0.028850105318507492,0.055203254883922866,0.061309667894366995,0.060072104096265865,0.06813094778319251,0.026395444606085807,0.025709073144348685,0.048702697484136664,0.061309667894366995,0.060072104096265865,0.06813094778319251,0.026395444606085807,0.025709073144348685,0.048702697484136664,0.5456455619133972,0.868872773173863,0.5318200609602665,0.8468573804131478,0.5318200609602665,814160,203540,81416,122124,0.75,,,,,,,,,0.007756813597129904,1
bayesfl_observability_v1,vi_sparse_bayesian_keep010_seed42,134,vi,3,0,1,,5,256,22.70784035921097,0.00037150635034777224,63.73621417708572,63.73621417708572,,,1.0251764359528592,0.006267040967941284,0.9998238478214441,1.0251764359528592,,-0.0,2.185987945410232,22.70784035921097,63.73621417708572,63.73621417708572,0.0006262770381948091,0.00037150635034777224,63.73621417708572,0.00125,54.62087007787609,0.09288456836931128,0.09353169798851013,0.10219875574111939,0.12859317660331726,1.4836923588384656,1.2462961189850934,3.0694764648951254,,,,,,,,,,,,,,,,,,1,update_snr,bayesian,0.1,20,101770,10177,0.1,0.05515693666028037,0.029786954562277614,0.0285698269393258,0.055155742360247347,0.029786954562277614,0.0285698269393258,0.055155742360247347,0.06118612685021746,0.059882274576581046,0.06808700730619038,0.026298157641395415,0.025514278345241278,0.04870815382630543,0.06118612685021746,0.059882274576581046,0.06808700730619038,0.026298157641395415,0.025514278345241278,0.04870815382630543,0.5456087921367107,0.8679272842675977,0.532209649970729,0.8466125964560384,0.532209649970729,814160,203540,81416,122124,0.75,,,,,,,,,0.007744961946775241,1
bayesfl_observability_v1,vi_sparse_bayesian_keep010_seed42,134,vi,4,0,3,,5,256,20.776165580749513,0.07723459601402283,21.4121701937724,21.4121701937724,,,1.0293132293518739,0.006270401179790497,0.999822414848624,1.0293132293518739,,0.6365141682948128,1.6763487837974358,20.776165580749513,64.2365105813172,21.4121701937724,0.0006311929898920822,0.07723459601402283,21.4121701937724,0.00125,54.619470321661815,0.0928842255876231,0.09352321922779083,0.10219522565603256,0.12897923588752747,1.483541926215738,1.2452523091122334,3.068214991985997,,,,,,,,,,,,,,,,,,1,update_snr,bayesian,0.1,20,101770,10177,0.1,0.05536360154327427,0.029941554603675976,0.028829301054992252,0.0553633325838994,0.029941554603675976,0.028829301054992252,0.0553633325838994,0.06141607723887023,0.06021396293458906,0.0682378924286017,0.026444385421987727,0.02573338511739364,0.048756566638581966,0.06141607723887023,0.06021396293458906,0.0682378924286017,0.026444385421987727,0.02573338511739364,0.048756566638581966,0.5468920086400965,0.8720062241775485,0.5313173804095155,0.8471728520643064,0.5313173804095155,814160,203540,81416,122124,0.75,,,,,,,,,0.007747229336816101,3
bayesfl_observability_v1,vi_sparse_bayesian_keep010_seed42,134,vi,5,0,1,,5,256,22.85761923789978,0.04032893851399422,64.05284601008306,64.05284601008306,,,1.02743974213015,0.006264537572860718,0.9998230507934281,1.02743974213015,,-0.0,2.311121424016332,22.85761923789978,64.05284601008306,64.05284601008306,0.0006293882874136097,0.04032893851399422,64.05284601008306,0.00125,54.617637361459636,0.09288545304716624,0.0935298427939415,0.10219668671488762,0.1288323849439621,1.4834934565128075,1.244156438579116,3.068035895693328,,,,,,,,,,,,,,,,,,1,update_snr,bayesian,0.1,20,101770,10177,0.1,0.055388631705132,0.02986204021623224,0.028700920393915547,0.05538669173432549,0.02986204021623224,0.028700920393915547,0.05538669173432549,0.06136125698471861,0.06014162736875065,0.06821362376074509,0.026362127241955986,0.025613588186028186,0.048729925020995726,0.06136125698471861,0.06014162736875065,0.06821362376074509,0.026362127241955986,0.025613588186028186,0.048729925020995726,0.5465819381484793,0.8699888554448968,0.5319844227704028,0.8467541401904344,0.5319844227704028,814160,203540,81416,122124,0.75,,,,,,,,,0.007745376600120338,1
bayesfl_observability_v1,vi_sparse_bayesian_keep010_seed42,134,vi,174,13,3,,5,256,25.87340133190155,0.4702063798904419,21.29928876459365,21.29928876459365,,,1.026368767732543,0.0062624067068099976,0.9998234379483568,1.026368767732543,,-0.0,2.28098669344155,25.87340133190155,63.89786629378095,21.29928876459365,0.0006278654445689393,0.4702063798904419,21.29928876459365,0.00125,54.620893201317415,0.09288325069024332,0.0935363620519638,0.10219964757561684,0.1282176822423935,1.4835401607330572,1.243912193793746,3.068095652215151,,,,,,,,,,,,,,,,,,1,update_snr,bayesian,0.1,20,101770,10177,0.1,0.05526012988440486,0.029855017812884535,0.028743922248944682,0.055259921774652936,0.029855017812884535,0.028743922248944682,0.055259921774652936,0.06122327428957498,0.05994055777990891,0.06809449893085759,0.026369655982141152,0.025629438126842617,0.048693469477656494,0.06122327428957498,0.05994055777990891,0.06809449893085759,0.026369655982141152,0.025629438126842617,0.048693469477656494,0.5455013828917299,0.8694027194804662,0.5314867326846404,0.8470666166130068,0.5314867326846404,814160,203540,81416,122124,0.75,,,,,,,,,0.007745293824313234,3
bayesfl_observability_v1,vi_sparse_bayesian_keep010_seed42,134,vi,158,12,58,,5,256,34.502605247497556,0.1109891677724904,1.1032242995933605,1.1032242995933605,,,1.02721463004195,0.006275825202465057,0.9998231754189033,1.02721463004195,,-0.0,2.3292713582565514,34.502605247497556,63.98700937641492,1.1032242995933605,0.0006287413714887974,0.1109891677724904,1.1032242995933605,0.00125,54.625037329819115,0.09288283796742862,0.09352656826376915,0.10218827128410339,0.1282632052898407,1.483803148062438,1.2450309006095763,3.0693783385147544,,,,,,,,,,,,,,,,,,1,update_snr,bayesian,0.1,20,101770,10177,0.1,0.055284009657046634,0.029862842594485035,0.02864076306951697,0.05528369967888542,0.029862842594485035,0.02864076306951697,0.05528369967888542,0.06134139634315808,0.06003962759181141,0.06832305994204141,0.026365225511299144,0.025519155938512474,0.04870203399938969,0.06134139634315808,0.06003962759181141,0.06832305994204141,0.026365225511299144,0.025519155938512474,0.04870203399938969,0.545902539120341,0.870149592859863,0.5314396068308014,0.8470961836128905,0.5314396068308014,814160,203540,81416,122124,0.75,,,,,,,,,0.007744418652727875,58
bayesfl_observability_v1,vi_sparse_bayesian_keep010_seed42,134,vi,136,10,1,,5,256,21.714961457252503,0.0,63.882576872406915,63.882576872406915,,,1.02632650380502,0.00627719983458519,0.9998234452234606,1.02632650380502,,-0.0,2.3155014849272724,21.714961457252503,63.882576872406915,63.882576872406915,0.0006277152095156423,0.0,63.882576872406915,0.00125,54.619683475552364,0.09288411365485741,0.09353568404912949,0.10219570323824882,0.1288623958826065,1.4835298404529427,1.245070440929088,3.067061036298123,,,,,,,,,,,,,,,,,,1,update_snr,bayesian,0.1,20,101770,10177,0.1,0.05528024306277348,0.029803339979179593,0.028550783758141712,0.05527986331159775,0.029803339979179593,0.028550783758141712,0.05527986331159775,0.061329884425161935,0.060086796848284794,0.06824266742433706,0.02630039059629266,0.025486778076658795,0.048712410594577864,0.061329884425161935,0.060086796848284794,0.06824266742433706,0.02630039059629266,0.025486778076658795,0.048712410594577864,0.5464569200937601,0.8687525118779674,0.5324396457343902,0.8464679696540427,0.5324396457343902,814160,203540,81416,122124,0.75,,,,,,,,,0.0077468577641346785,1
bayesfl_observability_v1,vi_sparse_bayesian_keep010_seed42,134,vi,274,21,69,,5,256,69.01095409393311,0.37450386821359827,0.9272178671175745,0.9272178671175745,,,1.0271870277455155,0.0062682125717401505,0.9998231887412743,1.0271870277455155,,-0.0,2.259365973874069,69.01095409393311,63.978032831112635,0.9272178671175745,0.0006286531672507874,0.37450386821359827,0.9272178671175745,0.00125,54.6255340652934,0.0928845636181294,0.09352520853281021,0.10220203697681426,0.12883223593235016,1.483805342381419,1.2447915659269109,3.0659585169672807,,,,,,,,,,,,,,,,,,1,update_snr,bayesian,0.1,20,101770,10177,0.1,0.05523675947678476,0.02986220170690114,0.02877545589608501,0.05523647332794025,0.02986220170690114,0.02877545589608501,0.05523647332794025,0.06121951204762031,0.05995529972643952,0.06806978582747948,0.0263780561134879,0.025691187258385307,0.04870262925395078,0.06121951204762031,0.05995529972643952,0.06806978582747948,0.0263780561134879,0.025691187258385307,0.04870262925395078,0.5457165903106891,0.8702336427812605,0.5312728603168164,0.8472007718898684,0.5312728603168164,814160,203540,81416,122124,0.75,,,,,,,,,0.007745781363092135,69
bayesfl_observability_v1,vi_sparse_bayesian_keep010_seed42,134,vi,16,1,1,,5,256,26.729515647888185,0.08311998844146729,63.72113776099239,63.72113776099239,,,1.0250224814839652,0.006260663270950317,0.9998239206408805,1.0250224814839652,,-0.0,2.311121424016332,26.729515647888185,63.72113776099239,63.72113776099239,0.0006261288961481025,0.08311998844146729,63.72113776099239,0.00125,54.623845675560766,0.09288411545245548,0.09352453798055649,0.10218709409236908,0.1287715882062912,1.4837047193957262,1.245921560807041,3.0685023851951305,,,,,,,,,,,,,,,,,,1,update_snr,bayesian,0.1,20,101770,10177,0.1,0.055140067161297705,0.029784556655530637,0.028716793037293964,0.05513947551014053,0.029784556655530637,0.028716793037293964,0.05513947551014053,0.06119186429336883,0.05994889237972009,0.06796401677530936,0.026294855806881946,0.02561324179533359,0.04870268176097403,0.06119186429336883,0.05994889237972009,0.06796401677530936,0.026294855806881946,0.02561324179533359,0.04870268176097403,0.545396869286007,0.8678786450423636,0.5320828363651249,0.8466923025784777,0.5320828363651249,814160,203540,81416,122124,0.75,,,,,,,,,0.007746165321454172,1
bayesfl_observability_v1,vi_sparse_bayesian_keep010_seed42,134,vi,68,5,1,,5,256,27.378501224517823,0.06606615334749222,63.401059265232895,63.401059265232895,,,1.0227405680181858,0.0062659382820129395,0.9998247027158795,1.0227405680181858,,-0.0,2.4040642619438994,27.378501224517823,63.401059265232895,63.401059265232895,0.0006229837797507409,0.06606615334749222,63.401059265232895,0.00125,54.62368686914171,0.09288390462943007,0.09353935718536377,0.10218965262174606,0.12897318601608276,1.4837116425268817,1.2466972622988255,3.071470413891632,,,,,,,,,,,,,,,,,,1,update_snr,bayesian,0.1,20,101770,10177,0.1,0.05502434052774682,0.02969312069922468,0.028492690604579048,0.05502368213748473,0.02969312069922468,0.028492690604579048,0.05502368213748473,0.06116442012092548,0.059926032820033226,0.06816840125558628,0.026196309652369035,0.025412363956195606,0.048511297412213245,0.06116442012092548,0.059926032820033226,0.06816840125558628,0.026196309652369035,0.025412363956195606,0.048511297412213245,0.5457681742522014,0.8649481888781436,0.5336330554578107,0.8457161238398863,0.5336330554578107,814160,203540,81416,122124,0.75,,,,,,,,,0.007746272049498578,1
bayesfl_observability_v1,vi_sparse_bayesian_keep010_seed42,134,vi,122,9,1,,5,256,18.331100404262543,7.10462118149735e-05,63.86114577367609,63.86114577367609,,,1.026045897173081,0.006266981363296509,0.9998235661611342,1.026045897173081,,-0.0,2.3163460082440825,18.331100404262543,63.86114577367609,63.86114577367609,0.0006275046258590556,7.10462118149735e-05,63.86114577367609,0.00125,54.62347415468206,0.092884886959454,0.09354307875037193,0.10218266695737839,0.12773188948631287,1.4836614456398332,1.2464626464014625,3.068560986823681,,,,,,,,,,,,,,,,,,1,update_snr,bayesian,0.1,20,101770,10177,0.1,0.055220785868207396,0.029803486565928794,0.02864908179341115,0.05522039554401776,0.029803486565928794,0.02864908179341115,0.05522039554401776,0.061313670217140216,0.06004293027309014,0.06819882528891429,0.026302355049127535,0.025521702542857957,0.048626425060027643,0.061313670217140216,0.06004293027309014,0.06819882528891429,0.026302355049127535,0.025521702542857957,0.048626425060027643,0.5459500645195418,0.8687397252093526,0.5320912700140614,0.8466870026018019,0.5320912700140614,814160,203540,81416,122124,0.75,,,,,,,,,0.007747276267029232,1
bayesfl_observability_v1,vi_sparse_bayesian_keep010_seed42,134,vi,208,16,1492,,5,256,211.33991916974387,0.022733070255923846,0.1919094329840299,0.1919094329840299,,,2.164640524991359,0.025509223341941833,0.9992151757178055,2.164640524991359,,0.2345060748432112,2.0889349747065498,211.33991916974387,286.3288740121726,0.1919094329840299,0.00281348996769355,0.022733070255923846,0.1919094329840299,0.00125,54.64708054372826,0.09311405354923163,0.09374436363577843,0.10249883234500885,0.12941256165504456,1.4806973662529792,1.2412345107651026,3.0628501491608393,,,,,,,,,,,,,,,,,,1,update_snr,bayesian,0.1,20,101770,10177,0.1,0.12097816853639114,0.05915173159562952,0.0506781524233493,0.12097406654952618,0.05915173159562952,0.0506781524233493,0.12097406654952618,0.14955863790313517,0.1424995983435213,0.1841744372932836,0.04910651978368443,0.04492416049870644,0.09725562249131303,0.14955863790313517,0.1424995983435213,0.1841744372932836,0.04910651978368443,0.04492416049870644,0.09725562249131303,1.3904446510520314,1.6590154534529422,0.6423443684985902,0.7664161482237632,0.6423443684985902,814160,203540,81416,122124,0.75,,,,,,,,,0.007797781229813703,1492
bayesfl_observability_v1,vi_sparse_bayesian_keep010_seed42,134,vi,30,2,189,,5,256,301.98901824951173,0.26960461732571717,0.35722871697747904,0.35722871697747904,,,1.0555690077856592,0.006264574825763702,0.9998132673000132,1.0555690077856592,,-0.0,2.4040642619438994,301.98901824951173,67.51622750874354,0.35722871697747904,0.0006634197455904838,0.26960461732571717,0.35722871697747904,0.00125,54.623720370137065,0.09288236487510777,0.0935451090335846,0.1021959125995636,0.1289822906255722,1.483750168683888,1.245022747613098,3.069499323163494,,,,,,,,,,,,,,,,,,1,update_snr,bayesian,0.1,20,101770,10177,0.1,0.056553889494934624,0.030763689593347313,0.029762676905587933,0.05655352825361117,0.030763689593347313,0.029762676905587933,0.05655352825361117,0.06233520271915988,0.06105452032552747,0.06902209421794767,0.02725574369047925,0.02652357256865504,0.05019713415381214,0.06233520271915988,0.06105452032552747,0.06902209421794767,0.02725574369047925,0.02652357256865504,0.05019713415381214,0.5524031050015211,0.8994869314127251,0.5233225880327196,0.8521346541801579,0.5233225880327196,814160,203540,81416,122124,0.75,,,,,,,,,0.007746838499579186,189
bayesfl_observability_v1,vi_sparse_bayesian_keep010_seed42,134,vi,279,22,125,,5,256,74.69703702926635,0.10553880310058594,0.5126139598308052,0.5126139598308052,,,1.027679206584771,0.006266475655138493,0.9998230052630007,1.027679206584771,,-0.0,2.259365973874069,74.69703702926635,64.07674497885064,0.5126139598308052,0.0006296231205546885,0.10553880310058594,0.5126139598308052,0.00125,54.623661239570666,0.09288403659083819,0.09354104846715927,0.10218122452497483,0.1288882941007614,1.483674300805263,1.2454140316426563,3.0711281296641157,,,,,,,,,,,,,,,,,,1,update_snr,bayesian,0.1,20,101770,10177,0.1,0.05529723021495465,0.029882321122911545,0.02875280097724924,0.055297166847736515,0.029882321122911545,0.02875280097724924,0.055297166847736515,0.06130634647128699,0.060062738376336126,0.06808843650672296,0.026390762750869833,0.025638637161019863,0.04877868384627241,0.06130634647128699,0.060062738376336126,0.06808843650672296,0.026390762750869833,0.025638637161019863,0.04877868384627241,0.5461970424447072,0.8705132638112758,0.53148593349461,0.8470671180593445,0.53148593349461,814160,203540,81416,122124,0.75,,,,,,,,,0.007743941444618959,125
bayesfl_observability_v1,vi_sparse_bayesian_keep010_seed42,134,vi,218,17,1,,5,256,28.834546464681626,0.003275507828220725,63.6635399895284,63.6635399895284,,,1.0244847272038762,0.006275776773691177,0.9998240826089512,1.0244847272038762,,-0.0,2.185987945410232,28.834546464681626,63.6635399895284,63.6635399895284,0.0006255629359293348,0.003275507828220725,63.6635399895284,0.00125,54.62040255934291,0.09288432838854081,0.0935378223657608,0.10219376534223557,0.1280955821275711,1.483449615861074,1.246153162962677,3.071204828520566,,,,,,,,,,,,,,,,,,1,update_snr,bayesian,0.1,20,101770,10177,0.1,0.05517499069778139,0.029786688316191082,0.028665719707830335,0.05517452997300181,0.029786688316191082,0.028665719707830335,0.05517452997300181,0.06120828557436814,0.05997300106219208,0.06821365344026604,0.026295399731949186,0.025540448559793028,0.04857662590069389,0.06120828557436814,0.05997300106219208,0.06821365344026604,0.026295399731949186,0.025540448559793028,0.04857662590069389,0.5451972396108735,0.8673689677378855,0.5321672691977353,0.8466392369803244,0.5321672691977353,814160,203540,81416,122124,0.75,,,,,,,,,0.007745653703693779,1
bayesfl_observability_v1,vi_sparse_bayesian_keep010_seed42,134,vi,99,7,4,,5,256,44.981167793273926,1.8868526220321655,15.900733600558313,15.900733600558313,,,1.0238569211836739,0.006263241171836853,0.9998242894091209,1.0238569211836739,,-0.0,2.311121424016332,44.981167793273926,63.60293440223325,15.900733600558313,0.000624967420676361,1.8868526220321655,15.900733600558313,0.00125,54.61888705130512,0.09288353085637947,0.09353946149349213,0.10218848288059235,0.12764310836791992,1.4835314171959275,1.2470746312089707,3.0680510854132517,,,,,,,,,,,,,,,,,,1,update_snr,bayesian,0.1,20,101770,10177,0.1,0.055184795059542116,0.029737734169155722,0.028595010830005547,0.055183950283570836,0.029737734169155722,0.028595010830005547,0.055183950283570836,0.061252371187247356,0.06004307280594161,0.0679797694050261,0.026236107833812215,0.025494191081296386,0.048561970595058075,0.061252371187247356,0.06004307280594161,0.0679797694050261,0.026236107833812215,0.025494191081296386,0.048561970595058075,0.545779702867696,0.866260648415569,0.5330624734525639,0.8460758827650363,0.5330624734525639,814160,203540,81416,122124,0.75,,,,,,,,,0.007744230868402718,4
bayesfl_observability_v1,vi_sparse_bayesian_keep010_seed42,135,vi,83,6,1,,5,256,20.931053368747236,0.0012519863666966558,63.73529282476411,63.73529282476411,,,1.0259928349716674,0.006276935338973999,0.9998237688609398,1.0259928349716674,,-0.0,2.259365973874069,20.931053368747236,63.73529282476411,63.73529282476411,0.0006262679849146518,0.0012519863666966558,63.73529282476411,0.00125,54.651629658637205,0.09299844926812682,0.09365161135792732,0.10228083282709122,0.12795057892799377,1.4828093393650044,1.244419158463726,3.0644264117287716,,,,,,,,,,,,,,,,,,1,update_snr,bayesian,0.1,20,101770,10177,0.1,0.05512229327667716,0.029782580824364562,0.02864559399229596,0.05512220700892719,0.029782580824364562,0.02864559399229596,0.05512220700892719,0.06118526988762109,0.05995725665689833,0.06810642939481895,0.02629339315066939,0.025533510639555355,0.048614173827071096,0.06118526988762109,0.05995725665689833,0.06810642939481895,0.02629339315066939,0.025533510639555355,0.048614173827071096,0.5454392137601674,0.8689979065025935,0.5316208799598776,0.8469824319256486,0.5316208799598776,814160,203540,81416,122124,0.75,,,,,,,,,0.0077343105999052655,1
bayesfl_observability_v1,vi_sparse_bayesian_keep010_seed42,135,vi,86,6,1,,5,256,28.864344358444214,0.5846743583679199,63.77299788601525,63.77299788601525,,,1.0267278482003566,0.006270512938499451,0.999823522313083,1.0267278482003566,,-0.0,2.3292713582565514,28.864344358444214,63.77299788601525,63.77299788601525,0.0006266384778030387,0.5846743583679199,63.77299788601525,0.00125,54.65279968968275,0.09299777846765463,0.09365798160433769,0.10228256732225419,0.12804748117923737,1.4828357226609452,1.2451790265526277,3.0636385145209752,,,,,,,,,,,,,,,,,,1,update_snr,bayesian,0.1,20,101770,10177,0.1,0.05518073413635262,0.02981261220570773,0.028698076155820325,0.05518063028874428,0.02981261220570773,0.028698076155820325,0.05518063028874428,0.061136944618003564,0.05989070709216132,0.06802399416465611,0.026332130826563747,0.025569354550981624,0.04869796857911913,0.061136944618003564,0.05989070709216132,0.06802399416465611,0.026332130826563747,0.025569354550981624,0.04869796857911913,0.5452547073562445,0.869981251738215,0.5310606002476355,0.8473338414489426,0.5310606002476355,814160,203540,81416,122124,0.75,,,,,,,,,0.007734569836533372,1
bayesfl_observability_v1,vi_sparse_bayesian_keep010_seed42,135,vi,236,18,2,,5,256,22.20939157009125,0.006895527709275484,31.87383823884611,31.87383823884611,,,1.0266270954093566,0.006269179284572601,0.9998235584928803,1.0266270954093566,,-0.0,2.259365973874069,22.20939157009125,63.74767647769222,31.87383823884611,0.0006263896676593516,0.006895527709275484,31.87383823884611,0.00125,54.65308500250463,0.09299713930509888,0.09364798292517662,0.10228691920638085,0.12848451733589172,1.4827667272467444,1.2441933269447372,3.0634510884305293,,,,,,,,,,,,,,,,,,1,update_snr,bayesian,0.1,20,101770,10177,0.1,0.055132275779082654,0.029797584248787447,0.028710615820768014,0.055130924702904906,0.029797584248787447,0.028710615820768014,0.055130924702904906,0.06116207666349473,0.05996235899433689,0.06783488277312673,0.02631264064715331,0.025553565641954153,0.048704242386968605,0.06116207666349473,0.05996235899433689,0.06783488277312673,0.02631264064715331,0.025553565641954153,0.048704242386968605,0.5461055073923251,0.8693284579630556,0.5319414516081629,0.8467811358674692,0.5319414516081629,814160,203540,81416,122124,0.75,,,,,,,,,0.007732453200299727,2
bayesfl_observability_v1,vi_sparse_bayesian_keep010_seed42,135,vi,168,13,2012,,5,256,265.66907943487166,0.07286554160222382,0.15793331629020554,0.15793331629020554,,,2.2783959686330535,0.03288926184177399,0.9991318275817637,2.2783959686330535,,0.33910841614601644,1.9866937607637536,265.66907943487166,317.76183237589356,0.15793331629020554,0.0031223526812999267,0.07286554160222382,0.15793331629020554,0.00125,54.689596841836575,0.09326443199375424,0.09390461072325706,0.10264993160963058,0.1281934678554535,1.479427449979011,1.2397792618828056,3.05923765786058,,,,,,,,,,,,,,,,,,1,update_snr,bayesian,0.1,20,101770,10177,0.1,0.12648780593935283,0.061702962163671084,0.052155386627345326,0.12648502587880409,0.061702962163671084,0.052155386627345326,0.12648502587880409,0.15928741940311653,0.150569972037485,0.19975039887414653,0.05086024469262159,0.046297414546563054,0.10107140141743316,0.15928741940311653,0.150569972037485,0.19975039887414653,0.05086024469262159,0.046297414546563054,0.10107140141743316,1.4889446611843857,1.724567187967428,0.6535056599831034,0.7569216289485007,0.6535056599831034,814160,203540,81416,122124,0.75,,,,,,,,,0.00779577138017933,2012
bayesfl_observability_v1,vi_sparse_bayesian_keep010_seed42,135,vi,269,21,1,,5,256,25.973973835259677,0.004112240858376026,63.632073656866766,63.632073656866766,,,1.025024169584995,0.006270840764045715,0.999824125985553,1.025024169584995,,-0.0,2.185987945410232,25.973973835259677,63.632073656866766,63.632073656866766,0.0006252537452772601,0.004112240858376026,63.632073656866766,0.00125,54.65593954086308,0.09300013418760822,0.09364999458193779,0.1022839829325676,0.12838149070739746,1.482806765194494,1.2445256790718986,3.063385431100257,,,,,,,,,,,,,,,,,,1,update_snr,bayesian,0.1,20,101770,10177,0.1,0.05523936267003855,0.029762174031309672,0.028631110307159438,0.055238819034288136,0.029762174031309672,0.028631110307159438,0.055238819034288136,0.06124125820872348,0.059983116286035996,0.06807934319590131,0.026264498011597023,0.025509470959738424,0.048526693857380274,0.06124125820872348,0.059983116286035996,0.06807934319590131,0.026264498011597023,0.025509470959738424,0.048526693857380274,0.5456306226275687,0.8677336987143355,0.5323100067469433,0.846549500452909,0.5323100067469433,814160,203540,81416,122124,0.75,,,,,,,,,0.007734457584121101,1
bayesfl_observability_v1,vi_sparse_bayesian_keep010_seed42,135,vi,8,0,25,,5,256,68.87866649627685,0.3694183349609375,2.570318131639995,2.570318131639995,,,1.0303395506829696,0.0062770843505859375,0.9998222961176954,1.0303395506829696,,0.34883209584303193,1.9674200764769605,68.87866649627685,64.25795329099986,2.570318131639995,0.000631403687638792,0.3694183349609375,2.570318131639995,0.00125,54.65579136542318,0.09299848314359677,0.09365026652812958,0.10227899700403213,0.12869827449321747,1.482721761870625,1.2448790294975272,3.0646600358221145,,,,,,,,,,,,,,,,,,1,update_snr,bayesian,0.1,20,101770,10177,0.1,0.055367278634127784,0.02992278559671448,0.028795418045406373,0.05536726855901216,0.02992278559671448,0.028795418045406373,0.05536726855901216,0.06144110517693627,0.06016556899728319,0.06838743258333613,0.026420750087800947,0.025704504429449965,0.048778985924634276,0.06144110517693627,0.06016556899728319,0.06838743258333613,0.026420750087800947,0.025704504429449965,0.048778985924634276,0.5470406560792839,0.8731243383951285,0.5309324054547583,0.8474141731396901,0.5309324054547583,814160,203540,81416,122124,0.75,,,,,,,,,0.007734595579325548,25
bayesfl_observability_v1,vi_sparse_bayesian_keep010_seed42,135,vi,182,14,1,,5,256,22.24350287914276,0.00153840403072536,63.41387010054853,63.41387010054853,,,1.0234834385645353,0.006272405385971069,0.9998246317183366,1.0234834385645353,,-0.0,2.3277319754160017,22.24350287914276,63.41387010054853,63.41387010054853,0.0006231096600230768,0.00153840403072536,63.41387010054853,0.00125,54.65199433370353,0.092997629118142,0.09365440532565117,0.10228791683912278,0.12867458164691925,1.4827641115652177,1.2438496726903987,3.064959688571838,,,,,,,,,,,,,,,,,,1,update_snr,bayesian,0.1,20,101770,10177,0.1,0.055078789910682414,0.02970545632049968,0.02853671918483417,0.05507851630203313,0.02970545632049968,0.02853671918483417,0.05507851630203313,0.06117534115471943,0.05993647334742117,0.06807497797714535,0.02620880245003082,0.0254751540063809,0.04841542021172834,0.06117534115471943,0.05993647334742117,0.06807497797714535,0.02620880245003082,0.0254751540063809,0.04841542021172834,0.5454955525055771,0.8659982397283037,0.5329793643467746,0.8461282392052097,0.5329793643467746,814160,203540,81416,122124,0.75,,,,,,,,,0.007735121909344577,1
bayesfl_observability_v1,vi_sparse_bayesian_keep010_seed42,135,vi,138,11,1,,5,256,18.632565426826478,5.602820692729438e-06,64.03069819133566,64.03069819133566,,,1.0288092873396042,0.00627550482749939,0.9998228408530601,1.0288092873396042,,-0.0,2.3277319754160017,18.632565426826478,64.03069819133566,64.03069819133566,0.0006291706612099406,5.602820692729438e-06,64.03069819133566,0.00125,54.65832363228278,0.09299745020328769,0.09365113824605942,0.10228109434247017,0.12794864177703857,1.4828375424109266,1.2443584223595594,3.0639692711893676,,,,,,,,,,,,,,,,,,1,update_snr,bayesian,0.1,20,101770,10177,0.1,0.055223872764690735,0.029903306789742557,0.02884212610008926,0.055222951219899175,0.029903306789742557,0.02884212610008926,0.055222951219899175,0.06118049115387047,0.05996484409875009,0.0679347300371357,0.02642806408261724,0.025761673940377833,0.04873840121432321,0.06118049115387047,0.05996484409875009,0.0679347300371357,0.02642806408261724,0.025761673940377833,0.04873840121432321,0.5457812466401162,0.8721074363472575,0.5304979779599879,0.8476862010085837,0.5304979779599879,814160,203540,81416,122124,0.75,,,,,,,,,0.007733728791163971,1
bayesfl_observability_v1,vi_sparse_bayesian_keep010_seed42,135,vi,91,7,1,,5,256,25.214179432392122,0.000270091783022508,63.6626465111919,63.6626465111919,,,1.0254505853905471,0.006269127130508423,0.9998239879488374,1.0254505853905471,,-0.0,2.3277319754160017,25.214179432392122,63.6626465111919,63.6626465111919,0.0006255541565411408,0.000270091783022508,63.6626465111919,0.00125,54.65719867245617,0.09299792927572989,0.0936550535261631,0.10229097306728363,0.12813621759414673,1.482865683331677,1.2438166832662714,3.064514284405618,,,,,,,,,,,,,,,,,,1,update_snr,bayesian,0.1,20,101770,10177,0.1,0.05510051956114085,0.0297708304253989,0.028623436730468722,0.05510007603741586,0.0297708304253989,0.028623436730468722,0.05510007603741586,0.06114900935177656,0.05990858259044884,0.067985514850123,0.02628436610024582,0.025489991852496202,0.048606999028360194,0.06114900935177656,0.05990858259044884,0.067985514850123,0.02628436610024582,0.025489991852496202,0.048606999028360194,0.5451682013721122,0.868527797649858,0.5316377104260783,0.8469718678048982,0.5316377104260783,814160,203540,81416,122124,0.75,,,,,,,,,0.00773345075733964,1
bayesfl_observability_v1,vi_sparse_bayesian_keep010_seed42,135,vi,94,7,1,,5,256,22.014730167388915,0.23553752899169922,63.555851995038104,63.555851995038104,,,1.0248595993463736,0.006264779716730118,0.9998242485864859,1.0248595993463736,,-0.0,2.3292713582565514,22.014730167388915,63.555851995038104,63.555851995038104,0.0006245047852514307,0.23553752899169922,63.555851995038104,0.00125,54.664395527088715,0.09299604073811095,0.09365344047546387,0.10228322967886926,0.127777099609375,1.483155955595992,1.245135551935867,3.0656272626019043,,,,,,,,,,,,,,,,,,1,update_snr,bayesian,0.1,20,101770,10177,0.1,0.055189276425147676,0.029727188030317202,0.02851540775661047,0.0551880272190917,0.029727188030317202,0.02851540775661047,0.0551880272190917,0.06118581725496594,0.059923460904146124,0.06798444052679373,0.026231784783134014,0.025422221188275387,0.048561204630716816,0.06118581725496594,0.059923460904146124,0.06798444052679373,0.026231784783134014,0.025422221188275387,0.048561204630716816,0.5458287611937575,0.8674146423862685,0.5325888165968017,0.8463741208449245,0.5325888165968017,814160,203540,81416,122124,0.75,,,,,,,,,0.007735351105611467,1
bayesfl_observability_v1,vi_sparse_bayesian_keep010_seed42,135,vi,135,10,1,,5,256,27.126504611968993,0.6576807498931885,63.400596898158604,63.400596898158604,,,1.0234040205087596,0.006261095404624939,0.9998247367553675,1.0234040205087596,,-0.0,2.311121424016332,27.126504611968993,63.400596898158604,63.400596898158604,0.0006229792364956136,0.6576807498931885,63.400596898158604,0.00125,54.663192092931666,0.09299685185837572,0.09365264326334,0.1022867240011692,0.12775498628616333,1.4830000131700325,1.244686694105809,3.063779886065147,,,,,,,,,,,,,,,,,,1,update_snr,bayesian,0.1,20,101770,10177,0.1,0.05515863551553314,0.029681355620266338,0.028532937677967586,0.05515827725242857,0.029681355620266338,0.028532937677967586,0.05515827725242857,0.06119855166885097,0.05991868604332855,0.06816343450501164,0.02617944494820139,0.025428073940023027,0.04857174146970261,0.06119855166885097,0.05991868604332855,0.06816343450501164,0.02617944494820139,0.025428073940023027,0.04857174146970261,0.5456261129053112,0.8658221145878262,0.5331482991771587,0.8460218029604814,0.5331482991771587,814160,203540,81416,122124,0.75,,,,,,,,,0.007734753978944,1
bayesfl_observability_v1,vi_sparse_bayesian_keep010_seed42,135,vi,155,12,1,,5,256,23.63580961227417,1.7555207014083862,63.6412720439896,63.6412720439896,,,1.0258007594542233,0.006263241171836853,0.9998238363460037,1.0258007594542233,,-0.0,2.28098669344155,23.63580961227417,63.6412720439896,63.6412720439896,0.000625344129350394,1.7555207014083862,63.6412720439896,0.00125,54.65192953268192,0.09299921601354766,0.09366283938288689,0.10229842811822891,0.12890233099460602,1.4825695553822071,1.2439268066652471,3.062794732334911,,,,,,,,,,,,,,,,,,1,update_snr,bayesian,0.1,20,101770,10177,0.1,0.055171979827213176,0.02975392189217075,0.02860008110412373,0.05517140363868189,0.02975392189217075,0.02860008110412373,0.05517140363868189,0.06111128557421718,0.05980868714268221,0.06804220577253847,0.02626977037194337,0.02548006836493009,0.048622356008984076,0.06111128557421718,0.05980868714268221,0.06804220577253847,0.02626977037194337,0.02548006836493009,0.048622356008984076,0.5453768453982444,0.868810275376806,0.5316596233448022,0.8469581128396279,0.5316596233448022,814160,203540,81416,122124,0.75,,,,,,,,,0.0077358648449358264,1
bayesfl_observability_v1,vi_sparse_bayesian_keep010_seed42,135,vi,68,5,1,,5,256,18.214110350608827,0.21913523972034454,63.88423010253919,63.88423010253919,,,1.027566788404454,0.006276838481426239,0.9998232706126072,1.027566788404454,,-0.0,2.4040642619438994,18.214110350608827,63.88423010253919,63.88423010253919,0.0006277314542845553,0.21913523972034454,63.88423010253919,0.00125,54.658605486031384,0.09299757200706604,0.09365121275186539,0.10228643640875816,0.12867984175682068,1.4828917035797213,1.2442529439282657,3.064629513784067,,,,,,,,,,,,,,,,,,1,update_snr,bayesian,0.1,20,101770,10177,0.1,0.05523205476425573,0.0297994920447301,0.028657967234118634,0.055232023277144035,0.0297994920447301,0.028657967234118634,0.055232023277144035,0.06125203058549225,0.05997257902639508,0.0681832964983048,0.026304765540200968,0.02550347121622474,0.04877238808442543,0.06125203058549225,0.05997257902639508,0.0681832964983048,0.026304765540200968,0.02550347121622474,0.04877238808442543,0.5461618202116542,0.8704026486488522,0.5315098019659652,0.8470521414966738,0.5315098019659652,814160,203540,81416,122124,0.75,,,,,,,,,0.0077351917609933376,1
bayesfl_observability_v1,vi_sparse_bayesian_keep010_seed42,135,vi,25,2,1,,5,256,27.126083838939667,0.4043709635734558,63.57451593899862,63.57451593899862,,,1.0251594537059354,0.006273452192544937,0.9998240901716301,1.0251594537059354,,-0.0,2.4040642619438994,27.126083838939667,63.57451593899862,63.57451593899862,0.0006246881786282659,0.4043709635734558,63.57451593899862,0.00125,54.65753045525379,0.09299889169190469,0.09365040063858032,0.10228174328804017,0.12868653237819672,1.4828470977246415,1.2440125752071332,3.0650441728638067,,,,,,,,,,,,,,,,,,1,update_snr,bayesian,0.1,20,101770,10177,0.1,0.055154347333731375,0.02974321244397467,0.028609600977055748,0.0551542270676375,0.02974321244397467,0.028609600977055748,0.0551542270676375,0.06120176129280152,0.06001701653837762,0.06815794690761154,0.026247818127438344,0.025576891406756452,0.048546969391825505,0.06120176129280152,0.06001701653837762,0.06815794690761154,0.026247818127438344,0.025576891406756452,0.048546969391825505,0.5462162515618443,0.8675250498126151,0.532811017434684,0.8462342581698151,0.532811017434684,814160,203540,81416,122124,0.75,,,,,,,,,0.007735148744001382,1
bayesfl_observability_v1,vi_sparse_bayesian_keep010_seed42,135,vi,35,2,1,,5,256,36.37707080841064,0.4400540292263031,63.721743004737434,63.721743004737434,,,1.025930088135597,0.006276682019233704,0.999823841656508,1.025930088135597,,-0.0,2.3163460082440825,36.37707080841064,63.721743004737434,63.721743004737434,0.0006261348433205997,0.4400540292263031,63.721743004737434,0.00125,54.6597301813009,0.09299691977736915,0.09365221485495567,0.10227355211973191,0.1285586804151535,1.4829397289784572,1.244924550768824,3.0646737174264387,,,,,,,,,,,,,,,,,,1,update_snr,bayesian,0.1,20,101770,10177,0.1,0.055216517639731726,0.02979418964985837,0.028696598139772052,0.05521613531073745,0.02979418964985837,0.028696598139772052,0.05521613531073745,0.06123062757918503,0.05999896156662952,0.06805902618340692,0.026301252102155403,0.025611734481675457,0.04857415983424988,0.06123062757918503,0.05999896156662952,0.06805902618340692,0.026301252102155403,0.025611734481675457,0.04857415983424988,0.5461065896536237,0.8685045414267003,0.5323039025456916,0.8465533387416455,0.5323039025456916,814160,203540,81416,122124,0.75,,,,,,,,,0.007732834756797459,1
bayesfl_observability_v1,vi_sparse_bayesian_keep010_seed42,136,vi,184,14,1,,5,256,27.167476844787597,0.005711308214813471,63.30228557372605,63.30228557372605,,,1.0241097989151977,0.00626140832901001,0.9998246379166226,1.0241097989151977,,-0.0,2.3163460082440825,27.167476844787597,63.30228557372605,63.30228557372605,0.0006220132217129414,0.005711308214813471,63.30228557372605,0.00125,54.686770877125916,0.09311568257603434,0.09377703070640564,0.1023700974881649,0.12865696847438812,1.4816707384903482,1.2442041448088013,3.062623456124523,,,,,,,,,,,,,,,,,,1,update_snr,bayesian,0.1,20,101770,10177,0.1,0.055009520111360934,0.029665487882621144,0.028530246640248898,0.05500810424322481,0.029665487882621144,0.028530246640248898,0.05500810424322481,0.06108055643948714,0.0598117237180998,0.06809303592045518,0.026174924709636036,0.0253954057825151,0.04849353217889561,0.06108055643948714,0.0598117237180998,0.06809303592045518,0.026174924709636036,0.0253954057825151,0.04849353217889561,0.5458471844255138,0.8665170116557818,0.5329967401969105,0.8461172938425663,0.5329967401969105,814160,203540,81416,122124,0.75,,,,,,,,,0.0077205950072633135,1
bayesfl_observability_v1,vi_sparse_bayesian_keep010_seed42,136,vi,275,22,35,,5,256,152.83748245239258,0.933786882672991,1.8466100140426298,1.8466100140426298,,,1.0349997199512662,0.006266660988330841,0.9998208682316646,1.0349997199512662,,-0.0,2.28098669344155,152.83748245239258,64.63135049149204,1.8466100140426298,0.000635072717809689,0.933786882672991,1.8466100140426298,0.00125,54.68301282523868,0.09311892940980625,0.09378162771463394,0.10237314477562905,0.1286945641040802,1.4815344899645944,1.244539398956839,3.058412071587346,,,,,,,,,,,,,,,,,,1,update_snr,bayesian,0.1,20,101770,10177,0.1,0.055488347560427524,0.030021341484401203,0.028867202380386706,0.05548829667962019,0.030021341484401203,0.028867202380386706,0.05548829667962019,0.06154326499104011,0.06028620682956475,0.06833346403022901,0.0265189055392191,0.025835790833345893,0.049038491461198326,0.06154326499104011,0.06028620682956475,0.06833346403022901,0.0265189055392191,0.025835790833345893,0.049038491461198326,0.5487939773786755,0.8775246952035559,0.5302358704063378,0.8478501764665936,0.5302358704063378,814160,203540,81416,122124,0.75,,,,,,,,,0.007721828411339036,35
bayesfl_observability_v1,vi_sparse_bayesian_keep010_seed42,136,vi,51,4,126,,5,256,189.28654947280884,0.3343279702322824,0.5224338410443831,0.5224338410443831,,,1.04480639755949,0.006277620792388916,0.999817489636923,1.04480639755949,,-0.0,2.185987945410232,189.28654947280884,65.82666397159227,0.5224338410443831,0.0006468179617922007,0.3343279702322824,0.5224338410443831,0.00125,54.688609036226,0.09311754193650759,0.09376587718725204,0.10239282250404358,0.1285928338766098,1.4817659878967686,1.2435245352116393,3.0628443189965404,,,,,,,,,,,,,,,,,,1,update_snr,bayesian,0.1,20,101770,10177,0.1,0.055902951806446374,0.030296427042413233,0.02920976820530634,0.05589977669593549,0.030296427042413233,0.02920976820530634,0.05589977669593549,0.06186160775785604,0.06060257687363788,0.06864359863242137,0.02678918474069737,0.026070837174702304,0.04954035231160515,0.06186160775785604,0.06060257687363788,0.06864359863242137,0.02678918474069737,0.026070837174702304,0.04954035231160515,0.5516683471007482,0.887289379621084,0.5280101159309153,0.8492380805608178,0.5280101159309153,814160,203540,81416,122124,0.75,,,,,,,,,0.007722409086455127,126
bayesfl_observability_v1,vi_sparse_bayesian_keep010_seed42,136,vi,78,6,1,,5,256,19.78800735473633,2.3841855067985307e-07,63.777321312872374,63.777321312872374,,,1.028192918062464,0.006265997886657715,0.999823282706848,1.028192918062464,,-0.0,2.3155014849272724,19.78800735473633,63.777321312872374,63.777321312872374,0.0006266809601343458,2.3841855067985307e-07,63.777321312872374,0.00125,54.69330041053016,0.09311693120010946,0.09377378597855568,0.10239628031849861,0.12768612802028656,1.481875683900616,1.2425771046518217,3.063069938868803,,,,,,,,,,,,,,,,,,1,update_snr,bayesian,0.1,20,101770,10177,0.1,0.05522711244738233,0.029803681659277086,0.028650269543724426,0.055227108254318105,0.029803681659277086,0.028650269543724426,0.055227108254318105,0.06113302983948755,0.059909493668320324,0.06793323277035657,0.02632264297258704,0.0255252465750454,0.048788678022311294,0.06113302983948755,0.059909493668320324,0.06793323277035657,0.02632264297258704,0.0255252465750454,0.048788678022311294,0.5468519659730444,0.8707086792178093,0.5318573551387002,0.8468339588047159,0.5318573551387002,814160,203540,81416,122124,0.75,,,,,,,,,0.007721296604991284,1
bayesfl_observability_v1,vi_sparse_bayesian_keep010_seed42,136,vi,87,7,14,,5,256,21.494678258895874,0.002996344119310379,4.542967070600464,4.542967070600464,,,1.0261486406101712,0.006277173757553101,0.9998239226064143,1.0261486406101712,,0.39267446722755217,1.9352627592338563,21.494678258895874,63.601538988406496,4.542967070600464,0.0006249537092306819,0.002996344119310379,4.542967070600464,0.00125,54.683767945496555,0.09311891051848101,0.0937805138528347,0.10239506289362908,0.12822411954402924,1.4815623055214653,1.2425378307168655,3.060543350997971,,,,,,,,,,,,,,,,,,1,update_snr,bayesian,0.1,20,101770,10177,0.1,0.05509883359262046,0.029776585232120064,0.02869272430303197,0.05509876178567095,0.029776585232120064,0.02869272430303197,0.05509876178567095,0.06105717403340922,0.059856410458795,0.06783688635135615,0.02630096425419905,0.02558213243441218,0.04862082033344697,0.06105717403340922,0.059856410458795,0.06783688635135615,0.02630096425419905,0.02558213243441218,0.04862082033344697,0.5451522280721948,0.8693618814130424,0.5312604884883294,0.8472085300391765,0.5312604884883294,814160,203540,81416,122124,0.75,,,,,,,,,0.0077218557933601585,14
bayesfl_observability_v1,vi_sparse_bayesian_keep010_seed42,136,vi,127,10,1062,,5,256,308.5612593126297,0.03714036051948641,0.2818013830847839,0.2818013830847839,,,2.2258243446446704,0.02379487454891205,0.9991724531651025,2.2258243446446704,,-0.0,2.28098669344155,308.5612593126297,299.2730688360405,0.2818013830847839,0.0029406806410144496,0.03714036051948641,0.2818013830847839,0.00125,54.72294049637495,0.09331139999221166,0.09395883232355118,0.10263001471757889,0.12883329391479492,1.4797627809257095,1.2433118629069893,3.057754627231671,,,,,,,,,,,,,,,,,,1,update_snr,bayesian,0.1,20,101770,10177,0.1,0.12395635556745713,0.061127142340213596,0.05297020098638027,0.12395003446524516,0.061127142340213596,0.05297020098638027,0.12395003446524516,0.15137990549599775,0.14510697931295344,0.18404722096857526,0.05109905754512648,0.04709112342574091,0.1004818892605035,0.15137990549599775,0.14510697931295344,0.18404722096857526,0.05109905754512648,0.04709112342574091,0.1004818892605035,1.4039494444873473,1.7272000377884886,0.6307548247754803,0.7759821847326492,0.6307548247754803,814160,203540,81416,122124,0.75,,,,,,,,,0.0077617566535614505,1062
bayesfl_observability_v1,vi_sparse_bayesian_keep010_seed42,136,vi,134,10,1,,5,256,22.3103398501873,1.7404405298293568e-05,63.691627800587156,63.691627800587156,,,1.027315826652117,0.006266310811042786,0.9998235460444431,1.027315826652117,,-0.0,2.3096097079310103,22.3103398501873,63.691627800587156,63.691627800587156,0.0006258389289632225,1.7404405298293568e-05,63.691627800587156,0.00125,54.688048946154176,0.09311821595715776,0.09377969801425934,0.10239513665437698,0.12891612946987152,1.4817436929530456,1.2430350431516104,3.0609335499200085,,,,,,,,,,,,,,,,,,1,update_snr,bayesian,0.1,20,101770,10177,0.1,0.05514930490433323,0.02980500768746355,0.02868737986127553,0.05514921550744981,0.02980500768746355,0.02868737986127553,0.05514921550744981,0.06116017740825408,0.0598982169058178,0.0681453926905907,0.026321099940709046,0.0256164878854949,0.04855761597568935,0.06116017740825408,0.0598982169058178,0.0681453926905907,0.026321099940709046,0.0256164878854949,0.04855761597568935,0.5462515164752727,0.8700500493870382,0.5317269551423464,0.846915843029902,0.5317269551423464,814160,203540,81416,122124,0.75,,,,,,,,,0.007720426700831677,1
bayesfl_observability_v1,vi_sparse_bayesian_keep010_seed42,136,vi,264,21,1,,5,256,28.3417085647583,1.1920928244535389e-07,63.315423336482105,63.315423336482105,,,1.0235696304957975,0.006276391446590424,0.9998248152515288,1.0235696304957975,,-0.0,2.259365973874069,28.3417085647583,63.315423336482105,63.315423336482105,0.0006221423143999421,1.1920928244535389e-07,63.315423336482105,0.00125,54.685434814243614,0.09311746643028712,0.09378358721733093,0.10238794386386871,0.12821710109710693,1.4817558854887516,1.2437570703284693,3.0626591433471897,,,,,,,,,,,,,,,,,,1,update_snr,bayesian,0.1,20,101770,10177,0.1,0.05502703432812825,0.029659791167452754,0.028504648147083998,0.055026537773781636,0.029659791167452754,0.028504648147083998,0.055026537773781636,0.06117017986375922,0.059953853341535746,0.06798099071541305,0.026158636867863152,0.02541069696821857,0.04851994863488672,0.06117017986375922,0.059953853341535746,0.06798099071541305,0.026158636867863152,0.02541069696821857,0.04851994863488672,0.5453549166258007,0.8661886650062851,0.5327970861754088,0.8462430294915255,0.5327970861754088,814160,203540,81416,122124,0.75,,,,,,,,,0.00772062348661252,1
bayesfl_observability_v1,vi_sparse_bayesian_keep010_seed42,136,vi,296,23,2,,5,256,20.830020022392272,0.0035662136506289244,31.79867621508651,31.79867621508651,,,1.026789370698216,0.006267260760068893,0.9998237701643898,1.026789370698216,,-0.0,2.3096097079310103,20.830020022392272,63.59735243017302,31.79867621508651,0.0006249125717812029,0.0035662136506289244,31.79867621508651,0.00125,54.69393545522429,0.09311497551114044,0.09377370402216911,0.10237071812152863,0.12893474102020264,1.4818902487956884,1.2441470822481104,3.061531415460423,,,,,,,,,,,,,,,,,,1,update_snr,bayesian,0.1,20,101770,10177,0.1,0.05503527066386004,0.02978366320617342,0.02869176465532591,0.0550347595096522,0.02978366320617342,0.02869176465532591,0.0550347595096522,0.06110934198224435,0.05984692170461459,0.06803607632350106,0.026303032231054423,0.0256302477962191,0.04849068455582803,0.06110934198224435,0.05984692170461459,0.06803607632350106,0.026303032231054423,0.0256302477962191,0.04849068455582803,0.5467055187909313,0.8691429614869911,0.5324417396521859,0.8464666525481993,0.5324417396521859,814160,203540,81416,122124,0.75,,,,,,,,,0.007720637993382119,2
bayesfl_observability_v1,vi_sparse_bayesian_keep010_seed42,136,vi,299,23,1,,5,256,24.560169410705566,7.343022298300639e-05,63.353604631555996,63.353604631555996,,,1.024684007218159,0.006259560585021973,0.9998244789733478,1.024684007218159,,-0.0,2.3096097079310103,24.560169410705566,63.353604631555996,63.353604631555996,0.0006225174867992138,7.343022298300639e-05,63.353604631555996,0.00125,54.6922825744396,0.09311780705784456,0.09377219900488853,0.10239532217383385,0.12887239456176758,1.4817611249920974,1.2422693359414125,3.061601212462323,,,,,,,,,,,,,,,,,,1,update_snr,bayesian,0.1,20,101770,10177,0.1,0.05503085027062892,0.02968514662045555,0.028504474465423563,0.05503058018198383,0.02968514662045555,0.028504474465423563,0.05503058018198383,0.06105828478225939,0.059867941428409434,0.06777184477944675,0.026199242380255124,0.02550636321899152,0.048465124066770296,0.06105828478225939,0.059867941428409434,0.06777184477944675,0.026199242380255124,0.02550636321899152,0.048465124066770296,0.5453939050612114,0.8674807219591381,0.532255701483877,0.8465836451514444,0.532255701483877,814160,203540,81416,122124,0.75,,,,,,,,,0.007722479254546741,1
bayesfl_observability_v1,vi_sparse_bayesian_keep010_seed42,136,vi,19,1,279,,5,256,376.8824800014496,0.164588993168219,0.5095084500621537,0.5095084500621537,,,1.5351413298431194,0.012042149901390076,0.9996060670421113,1.5351413298431194,,0.3705115655529096,1.9463369459516098,376.8824800014496,142.1528575673409,0.5095084500621537,0.001396805124961589,0.164588993168219,0.5095084500621537,0.00125,54.69707398140629,0.09319076316706251,0.09385893866419792,0.10246643647551537,0.1290481686592102,1.480703860139718,1.242773486795756,3.060950216629601,,,,,,,,,,,,,,,,,,1,update_snr,bayesian,0.1,20,101770,10177,0.1,0.08411847439967134,0.043641310215676854,0.04030682506382722,0.08411266554128735,0.043641310215676854,0.04030682506382722,0.08411266554128735,0.09705519188936443,0.09436397507947067,0.11175822030527141,0.037706434474156,0.03595725749698975,0.07154977811020846,0.09705519188936443,0.09436397507947067,0.11175822030527141,0.037706434474156,0.03595725749698975,0.07154977811020846,0.8823099320449306,1.2562595617177896,0.5747418266271916,0.8183347925667342,0.5747418266271916,814160,203540,81416,122124,0.75,,,,,,,,,0.007732905003864072,279
bayesfl_observability_v1,vi_sparse_bayesian_keep010_seed42,136,vi,189,15,1,,5,256,23.781173282861708,2.3841830625315197e-06,63.52241877836703,63.52241877836703,,,1.0262009696499899,0.006270423531532288,0.9998239330463463,1.0262009696499899,,-0.0,2.259365973874069,23.781173282861708,63.52241877836703,63.52241877836703,0.0006241762678428519,2.3841830625315197e-06,63.52241877836703,0.00125,54.688696950121304,0.09311764621103256,0.09378693252801895,0.1023823730647564,0.12766297161579132,1.4816644050330097,1.2430672605381599,3.0629893747706234,,,,,,,,,,,,,,,,,,1,update_snr,bayesian,0.1,20,101770,10177,0.1,0.05507934572957781,0.029747728963939863,0.028646795875283484,0.05507790143854629,0.029747728963939863,0.028646795875283484,0.05507790143854629,0.061003578815476446,0.05984843382796213,0.06754507956214459,0.026274856758213574,0.025529692131283213,0.04864228151724815,0.061003578815476446,0.05984843382796213,0.06754507956214459,0.026274856758213574,0.025529692131283213,0.04864228151724815,0.5456764939161869,0.8690946980035708,0.5317442782209637,0.8469049666752859,0.5317442782209637,814160,203540,81416,122124,0.75,,,,,,,,,0.007720968257522874,1
bayesfl_observability_v1,vi_sparse_bayesian_keep010_seed42,136,vi,49,3,3,,5,256,23.117145767807962,0.000364881978991131,21.15259549536609,21.15259549536609,,,1.0258018572491543,0.006275355815887451,0.9998240707422494,1.0258018572491543,,-0.0,2.3277319754160017,23.117145767807962,63.45778648609827,21.15259549536609,0.0006235411858710649,0.000364881978991131,21.15259549536609,0.00125,54.68881155748301,0.09311656997784996,0.09377707540988922,0.10239244177937508,0.1287759691476822,1.4817467657304335,1.2438352086399251,3.06301325629924,,,,,,,,,,,,,,,,,,1,update_snr,bayesian,0.1,20,101770,10177,0.1,0.055075647752523604,0.029724400515159236,0.028541401131685094,0.05507540383842803,0.029724400515159236,0.028541401131685094,0.05507540383842803,0.06105131558399727,0.05988071626978589,0.06769886426157215,0.02624363217417723,0.025505398910357687,0.048553084453040934,0.06105131558399727,0.05988071626978589,0.06769886426157215,0.02624363217417723,0.025505398910357687,0.048553084453040934,0.5457714072821678,0.8685637692933414,0.5320436918936157,0.8467169006912593,0.5320436918936157,814160,203540,81416,122124,0.75,,,,,,,,,0.007720860901838644,3
bayesfl_observability_v1,vi_sparse_bayesian_keep010_seed42,136,vi,146,11,1,,5,256,26.784091925621034,0.00590935256332159,63.45656119547584,63.45656119547584,,,1.0257801404938693,0.006270349025726318,0.9998240849138329,1.0257801404938693,,-0.0,2.3292713582565514,26.784091925621034,63.45656119547584,63.45656119547584,0.0006235291460693313,0.00590935256332159,63.45656119547584,0.00125,54.6898020480006,0.09311824172681771,0.09377416223287582,0.10237846150994301,0.12844318151474,1.4816746381937387,1.243831150379318,3.0643802919085235,,,,,,,,,,,,,,,,,,1,update_snr,bayesian,0.1,20,101770,10177,0.1,0.055031323028726334,0.02974087526622139,0.028565189331574106,0.05502964368787913,0.02974087526622139,0.028565189331574106,0.05502964368787913,0.06104758741466829,0.05981539080489154,0.06790138409398835,0.02626235169417173,0.025492409194232894,0.04850953124857686,0.06104758741466829,0.05981539080489154,0.06790138409398835,0.02626235169417173,0.025492409194232894,0.04850953124857686,0.5461970275863656,0.8682705244838395,0.5324698792895279,0.8464489515909367,0.5324698792895279,814160,203540,81416,122124,0.75,,,,,,,,,0.0077217570613652455,1
bayesfl_observability_v1,vi_sparse_bayesian_keep010_seed42,136,vi,230,18,1,,5,256,26.685832500457764,0.008901083841919899,63.28829824714486,63.28829824714486,,,1.0243196769554788,0.006275726482272148,0.99982458725397,1.0243196769554788,,-0.0,2.28098669344155,26.685832500457764,63.28829824714486,63.28829824714486,0.000621875781145179,0.008901083841919899,63.28829824714486,0.00125,54.690047765694906,0.09311915022669068,0.0937831662595272,0.10238476023077965,0.12824366986751556,1.481752674306811,1.2439018888481157,3.060646402414945,,,,,,,,,,,,,,,,,,1,update_snr,bayesian,0.1,20,101770,10177,0.1,0.055011121156431565,0.029674153560914334,0.028571887771211505,0.05501035294109655,0.029674153560914334,0.028571887771211505,0.05501035294109655,0.06095462363036112,0.05977888372750421,0.06763377242345842,0.026198545775420242,0.02537690311575295,0.04850226570644768,0.06095462363036112,0.05977888372750421,0.06763377242345842,0.026198545775420242,0.02537690311575295,0.04850226570644768,0.5453267654485863,0.8670925668482917,0.5323794687508365,0.8465058187942818,0.5323794687508365,814160,203540,81416,122124,0.75,,,,,,,,,0.007720159694829028,1
bayesfl_observability_v1,vi_sparse_bayesian_keep010_seed42,137,vi,78,6,1,,5,256,24.122348880767824,0.0,63.347031256394,63.347031256394,,,1.0257504042575643,0.006267845630645752,0.9998242410725173,1.0257504042575643,,-0.0,2.3155014849272724,24.122348880767824,63.347031256394,63.347031256394,0.0006224528962994398,0.0,63.347031256394,0.00125,54.711773288798724,0.09323094166435321,0.09389570355415344,0.1024663046002388,0.1286914348602295,1.4803129581891614,1.2426867699100794,3.0575532418950027,,,,,,,,,,,,,,,,,,1,update_snr,bayesian,0.1,20,101770,10177,0.1,0.05503644676628339,0.02968456162768347,0.028559476372429237,0.05503583904928558,0.02968456162768347,0.028559476372429237,0.05503583904928558,0.06104700795055121,0.059865091328186494,0.06783927193002841,0.026199845369587055,0.02544826903085266,0.048455540633796305,0.06104700795055121,0.059865091328186494,0.06783927193002841,0.026199845369587055,0.02544826903085266,0.048455540633796305,0.5464385863092386,0.8680833849503846,0.5327208100929286,0.8462910483361704,0.5327208100929286,814160,203540,81416,122124,0.75,,,,,,,,,0.007707988756350425,1
bayesfl_observability_v1,vi_sparse_bayesian_keep010_seed42,137,vi,79,6,1614,,5,256,265.4983865192958,0.09915470870158634,0.19297285200733547,0.19297285200733547,,,2.26665383982052,0.02922762930393219,0.9991424804571281,2.26665383982052,,0.227611568069938,2.10471822493949,265.4983865192958,311.45818313983943,0.19297285200733547,0.003060412529624049,0.09915470870158634,0.19297285200733547,0.00125,54.74400225909811,0.09348054625741113,0.0941285490989685,0.10282344371080399,0.12974727153778076,1.4777226114539705,1.2399161650513035,3.0513537455789987,,,,,,,,,,,,,,,,,,1,update_snr,bayesian,0.1,20,101770,10177,0.1,0.12595595292052308,0.06134760453668854,0.05201444599219732,0.12595567468224594,0.06134760453668854,0.05201444599219732,0.12595567468224594,0.1572207682092948,0.14960382774081754,0.19499019511797697,0.050695030795287845,0.046084764360296605,0.10090782133459586,0.1572207682092948,0.14960382774081754,0.19499019511797697,0.050695030795287845,0.046084764360296605,0.10090782133459586,1.4726359125006356,1.7230969499092448,0.6496959909049205,0.7601941327069529,0.6496959909049205,814160,203540,81416,122124,0.75,,,,,,,,,0.007767186013953965,1614
bayesfl_observability_v1,vi_sparse_bayesian_keep010_seed42,137,vi,38,3,2,,5,256,25.568122959136964,0.6614335179328918,31.655572554858416,31.655572554858416,,,1.025346024940589,0.006272904574871063,0.9998243855396938,1.025346024940589,,-0.0,2.311121424016332,25.568122959136964,63.31114510971683,31.655572554858416,0.0006221002762082817,0.6614335179328918,31.655572554858416,0.00125,54.71300954761209,0.09323083802163044,0.09389487653970718,0.10248371958732605,0.128470778465271,1.4803844339970949,1.2423790172887843,3.0543510824396423,,,,,,,,,,,,,,,,,,1,update_snr,bayesian,0.1,20,101770,10177,0.1,0.05503254405760043,0.029674312927138076,0.028549834839879787,0.055031610295485575,0.029674312927138076,0.028549834839879787,0.055031610295485575,0.060946944938046296,0.05966470338446321,0.06773571210818091,0.026199576037037157,0.025412721654967593,0.04856285783791484,0.060946944938046296,0.05966470338446321,0.06773571210818091,0.026199576037037157,0.025412721654967593,0.04856285783791484,0.5449277534463206,0.8685552454423459,0.531457420413655,0.847085007710126,0.531457420413655,814160,203540,81416,122124,0.75,,,,,,,,,0.007710394813237247,2
bayesfl_observability_v1,vi_sparse_bayesian_keep010_seed42,137,vi,39,3,5,,5,256,43.821560287475585,1.4831018447875977,12.715853468156709,12.715853468156709,,,1.0277312508349699,0.006275102496147156,0.9998235995871524,1.0277312508349699,,-0.0,2.4040642619438994,43.821560287475585,63.579267340783545,12.715853468156709,0.000624734866274772,1.4831018447875977,12.715853468156709,0.00125,54.71843520389735,0.09322958023166468,0.09390326961874962,0.1024690330028534,0.1278529018163681,1.480565179838403,1.2423996515950375,3.0574108392115713,,,,,,,,,,,,,,,,,,1,update_snr,bayesian,0.1,20,101770,10177,0.1,0.05509590805772685,0.0297570314540593,0.028757282652188496,0.05509519889387014,0.0297570314540593,0.028757282652188496,0.05509519889387014,0.061128944712554104,0.05988572755671931,0.06804132462917875,0.02627126331422654,0.025564763728833997,0.04854459747916279,0.061128944712554104,0.05988572755671931,0.06804132462917875,0.02627126331422654,0.025564763728833997,0.04854459747916279,0.5462453861355911,0.8705443711083262,0.5315060583122286,0.8470544905597268,0.5315060583122286,814160,203540,81416,122124,0.75,,,,,,,,,0.007709077209861481,5
bayesfl_observability_v1,vi_sparse_bayesian_keep010_seed42,137,vi,33,2,1,,5,256,24.070280170440675,0.03532745689153671,63.20900648485885,63.20900648485885,,,1.0247466328598829,0.0062693096697330475,0.999824601597534,1.0247466328598829,,-0.0,2.3096097079310103,24.070280170440675,63.20900648485885,63.20900648485885,0.0006210966540715225,0.03532745689153671,63.20900648485885,0.00125,54.71503632976143,0.09323033436695771,0.09390537440776825,0.10247072651982309,0.12774431705474854,1.4805508572645287,1.242763027397842,3.057396299035869,,,,,,,,,,,,,,,,,,1,update_snr,bayesian,0.1,20,101770,10177,0.1,0.055120218538500736,0.029656933174637176,0.028495074698304784,0.05511946283670786,0.029656933174637176,0.028495074698304784,0.05511946283670786,0.06099690946599822,0.05971732371395911,0.06796838659718957,0.02617471358670817,0.02538860560244807,0.048452019750156776,0.06099690946599822,0.05971732371395911,0.06796838659718957,0.02617471358670817,0.02538860560244807,0.048452019750156776,0.5458214521773119,0.8672857683028808,0.5326403958547518,0.8463416619212916,0.5326403958547518,814160,203540,81416,122124,0.75,,,,,,,,,0.007708382286979174,1
bayesfl_observability_v1,vi_sparse_bayesian_keep010_seed42,137,vi,202,16,1,,5,256,24.497783160209657,0.000579546787776053,63.35383440074162,63.35383440074162,,,1.02591117094897,0.006272047758102417,0.9998242138797386,1.02591117094897,,-0.0,2.28098669344155,24.497783160209657,63.35383440074162,63.35383440074162,0.0006225197445292485,0.000579546787776053,63.35383440074162,0.00125,54.71690513703723,0.09323041564886066,0.09390107542276382,0.10247640162706376,0.12779323756694794,1.4804415270373714,1.2422384793444623,3.0576787214880987,,,,,,,,,,,,,,,,,,1,update_snr,bayesian,0.1,20,101770,10177,0.1,0.054994502358278866,0.029683394831502962,0.02857860515348041,0.05499426905487629,0.029683394831502962,0.02857860515348041,0.05499426905487629,0.06101815265851666,0.05982775775899762,0.06786298723305627,0.026201755072945882,0.025442561179430306,0.04851867217977021,0.06101815265851666,0.05982775775899762,0.06786298723305627,0.026201755072945882,0.025442561179430306,0.04851867217977021,0.5459786194426375,0.8685626504688069,0.5321889798096321,0.8466255900746109,0.5321889798096321,814160,203540,81416,122124,0.75,,,,,,,,,0.007708930208110944,1
bayesfl_observability_v1,vi_sparse_bayesian_keep010_seed42,137,vi,243,19,1,,5,256,22.79786199182272,0.001978465588763356,63.583327339959325,63.583327339959325,,,1.0276938176778159,0.006270051002502441,0.9998236172955546,1.0276938176778159,,-0.0,2.185987945410232,22.79786199182272,63.583327339959325,63.583327339959325,0.0006247747601450263,0.001978465588763356,63.583327339959325,0.00125,54.71913574942281,0.09323095732726434,0.09389877691864967,0.10248932763934136,0.12856344878673553,1.4804868652836751,1.2430145468142682,3.057983649761604,,,,,,,,,,,,,,,,,,1,update_snr,bayesian,0.1,20,101770,10177,0.1,0.055056099105796535,0.02976150075219566,0.02867700512819303,0.05505579416017889,0.02976150075219566,0.02867700512819303,0.05505579416017889,0.06103910437875125,0.05978353595716906,0.06779852058224868,0.02628621146035615,0.025532742548266676,0.04861453839771546,0.06103910437875125,0.05978353595716906,0.06779852058224868,0.02628621146035615,0.025532742548266676,0.04861453839771546,0.5455078958526697,0.8709625241395851,0.5308078013793088,0.8474922288698964,0.5308078013793088,814160,203540,81416,122124,0.75,,,,,,,,,0.007708728555010743,1
bayesfl_observability_v1,vi_sparse_bayesian_keep010_seed42,137,vi,128,10,1025,,5,256,227.86332578659056,0.021197676774932117,0.26256619547971,0.26256619547971,,,2.1102094390970527,0.022893192246556282,0.9992565674085016,2.1102094390970527,,0.10892171136653514,2.2170760364031934,227.86332578659056,269.13035036670277,0.26256619547971,0.002644495925780709,0.021197676774932117,0.26256619547971,0.00125,54.73449382389995,0.09342969789101004,0.09408985823392868,0.10276050567626953,0.12827154994010925,1.4777683780468527,1.2405900026105718,3.0513337245487624,,,,,,,,,,,,,,,,,,1,update_snr,bayesian,0.1,20,101770,10177,0.1,0.11754585987053372,0.057747050282360095,0.049779967146256446,0.11754151195175261,0.057747050282360095,0.049779967146256446,0.11754151195175261,0.1440651654842693,0.1378967797123538,0.1758736452306931,0.04815614859325907,0.04428505301978605,0.09484522213203478,0.1440651654842693,0.1378967797123538,0.1758736452306931,0.04815614859325907,0.04428505301978605,0.09484522213203478,1.340439675041329,1.6297869046072861,0.6352164151132297,0.7723341931901618,0.6352164151132297,814160,203540,81416,122124,0.75,,,,,,,,,0.0077492414246415,1025
bayesfl_observability_v1,vi_sparse_bayesian_keep010_seed42,137,vi,233,18,90,,5,256,112.54371156692505,0.15880794525146485,0.7184970691379381,0.7184970691379381,,,1.0363986180764113,0.006266500800848007,0.9998206089898451,1.0363986180764113,,-0.0,2.3096097079310103,112.54371156692505,64.66473622241443,0.7184970691379381,0.0006354007686195778,0.15880794525146485,0.7184970691379381,0.00125,54.71808595166523,0.09323050471269259,0.09390289708971977,0.10248862802982331,0.12824761867523193,1.4804761563275912,1.2426469978651191,3.0570661451880685,,,,,,,,,,,,,,,,,,1,update_snr,bayesian,0.1,20,101770,10177,0.1,0.05540116290990731,0.030084945228758275,0.02912829715677221,0.05540053329926934,0.030084945228758275,0.02912829715677221,0.05540053329926934,0.0613193720527103,0.06007012729387604,0.06809599183524895,0.02661445335943027,0.026068033363128885,0.04889751681442339,0.0613193720527103,0.06007012729387604,0.06809599183524895,0.02661445335943027,0.026068033363128885,0.04889751681442339,0.5478244895913023,0.8797786222423941,0.5285847356763963,0.848880543545389,0.5285847356763963,814160,203540,81416,122124,0.75,,,,,,,,,0.00770971211429658,90
bayesfl_observability_v1,vi_sparse_bayesian_keep010_seed42,137,vi,115,9,1,,5,256,28.639078378677368,0.00287239090539515,62.9534662661486,62.9534662661486,,,1.022836102255875,0.00627243984490633,0.9998252534089298,1.022836102255875,,-0.0,2.185987945410232,28.639078378677368,62.9534662661486,62.9534662661486,0.000618585695845029,0.00287239090539515,62.9534662661486,0.00125,54.71474436516589,0.09323027851502039,0.09389393404126167,0.10247085243463516,0.12883125245571136,1.480458885246099,1.2437720708083235,3.0556643202405462,,,,,,,,,,,,,,,,,,1,update_snr,bayesian,0.1,20,101770,10177,0.1,0.05481943154910761,0.029588036578078795,0.028501165269032035,0.054819026019308166,0.029588036578078795,0.028501165269032035,0.054819026019308166,0.060887685739904614,0.05965881535990272,0.06768933428499846,0.026110297782320376,0.025366049058018373,0.04829207360835939,0.060887685739904614,0.05965881535990272,0.06768933428499846,0.026110297782320376,0.025366049058018373,0.04829207360835939,0.5452576922042306,0.8653830025890892,0.5330841285340432,0.8460622387892631,0.5330841285340432,814160,203540,81416,122124,0.75,,,,,,,,,0.007708752557539055,1
bayesfl_observability_v1,vi_sparse_bayesian_keep010_seed42,137,vi,108,8,1,,5,256,27.29948933124542,0.006909525021910667,63.30988504353932,63.30988504353932,,,1.0250790136421613,0.006269544363021851,0.9998244819660603,1.0250790136421613,,-0.0,2.3163460082440825,27.29948933124542,63.30988504353932,63.30988504353932,0.0006220878946992171,0.006909525021910667,63.30988504353932,0.00125,54.71397500580776,0.09323117030211436,0.09389093145728111,0.10246850773692132,0.1287175565958023,1.4804587544636616,1.242424949233536,3.057904339523021,,,,,,,,,,,,,,,,,,1,update_snr,bayesian,0.1,20,101770,10177,0.1,0.05502811432652618,0.02966138199993211,0.028543819405690653,0.05502702331261945,0.02966138199993211,0.028543819405690653,0.05502702331261945,0.06108198065377491,0.05988643899193044,0.06791768224261295,0.02617020437172735,0.025449131241878153,0.04848414947312011,0.06108198065377491,0.05988643899193044,0.06791768224261295,0.02617020437172735,0.025449131241878153,0.04848414947312011,0.5459535669484071,0.8675953474667195,0.5325965702961809,0.8463692417076283,0.5325965702961809,814160,203540,81416,122124,0.75,,,,,,,,,0.007709323693555122,1
bayesfl_observability_v1,vi_sparse_bayesian_keep010_seed42,137,vi,111,8,11,,5,256,28.025201034545898,0.026695170185782692,5.75252265178706,5.75252265178706,,,1.0256239326157008,0.0062718987464904785,0.9998243115315509,1.0256239326157008,,-0.0,2.3096097079310103,28.025201034545898,63.27774916965766,5.75252265178706,0.0006217721250826143,0.026695170185782692,5.75252265178706,0.00125,54.716781280107945,0.09323057216057974,0.0939045324921608,0.10246805250644683,0.12802167236804962,1.4805430807799111,1.2426924503976093,3.0598529283303155,,,,,,,,,,,,,,,,,,1,update_snr,bayesian,0.1,20,101770,10177,0.1,0.05496441090950471,0.02968719656479024,0.028561269265569622,0.054964162525154035,0.02968719656479024,0.028561269265569622,0.054964162525154035,0.0608896567323489,0.05969070702699628,0.06762312876681106,0.026220256546172622,0.025416957514635945,0.04850459925371198,0.0608896567323489,0.05969070702699628,0.06762312876681106,0.026220256546172622,0.025416957514635945,0.04850459925371198,0.5458060755385403,0.868331836949051,0.5321697926320258,0.8466376508341612,0.5321697926320258,814160,203540,81416,122124,0.75,,,,,,,,,0.007708865153640989,11
bayesfl_observability_v1,vi_sparse_bayesian_keep010_seed42,137,vi,291,23,1,,5,256,19.371446627378464,0.0027473345398902893,63.34576070046876,63.34576070046876,,,1.025768518761982,0.006270214915275574,0.9998242991095566,1.025768518761982,,-0.0,2.3096097079310103,19.371446627378464,63.34576070046876,63.34576070046876,0.0006224404117172915,0.0027473345398902893,63.34576070046876,0.00125,54.721993244253014,0.09323159052075343,0.0939040556550026,0.10249239504337311,0.12878164649009705,1.480677975033201,1.2422207773401015,3.0580162166227023,,,,,,,,,,,,,,,,,,1,update_snr,bayesian,0.1,20,101770,10177,0.1,0.055110501442054594,0.029686057054809926,0.028432487339358048,0.05510980189908826,0.029686057054809926,0.028432487339358048,0.05510980189908826,0.061061752501838346,0.05981666203595334,0.06781085377605478,0.026199868671806768,0.02538080929048403,0.048511611452557134,0.061061752501838346,0.05981666203595334,0.06781085377605478,0.026199868671806768,0.02538080929048403,0.048511611452557134,0.5457941459076691,0.8685101060874705,0.5320831512419562,0.8466921047018391,0.5320831512419562,814160,203540,81416,122124,0.75,,,,,,,,,0.007710104643650892,1
bayesfl_observability_v1,vi_sparse_bayesian_keep010_seed42,137,vi,299,23,1,,5,256,23.650230687856673,0.5588225722312927,63.54951800051184,63.54951800051184,,,1.0272077053463493,0.006272703409194946,0.9998238079935147,1.0272077053463493,,-0.0,2.3096097079310103,23.650230687856673,63.54951800051184,63.54951800051184,0.0006244425469245538,0.5588225722312927,63.54951800051184,0.00125,54.72228567865015,0.0932312465424114,0.09389571473002434,0.10245795994997026,0.12894020974636078,1.4806279019368458,1.2425499591938602,3.058451375489903,,,,,,,,,,,,,,,,,,1,update_snr,bayesian,0.1,20,101770,10177,0.1,0.055122833830951894,0.02973861198389731,0.0285662102206318,0.05512263776958853,0.02973861198389731,0.0285662102206318,0.05512263776958853,0.06115075641994718,0.05987009973570814,0.06811338909301641,0.0262483737132251,0.0254954943843018,0.04855697667765376,0.06115075641994718,0.05987009973570814,0.06811338909301641,0.0262483737132251,0.0254954943843018,0.04855697667765376,0.5461942328648094,0.8699583495249272,0.5317271570511107,0.8469157162636339,0.5317271570511107,814160,203540,81416,122124,0.75,,,,,,,,,0.007707856919811349,1
bayesfl_observability_v1,vi_sparse_bayesian_keep010_seed42,137,vi,145,11,1,,5,256,23.38526314496994,0.11604063957929611,63.28596324910015,63.28596324910015,,,1.0254410109753411,0.006273210048675537,0.9998243688540485,1.0254410109753411,,-0.0,2.3096097079310103,23.38526314496994,63.28596324910015,63.28596324910015,0.0006218528372712995,0.11604063957929611,63.28596324910015,0.00125,54.715905551009335,0.0932301104024098,0.09389838203787804,0.10247588753700257,0.12867051362991333,1.4803569246997152,1.2430372048269782,3.05734359584628,,,,,,,,,,,,,,,,,,1,update_snr,bayesian,0.1,20,101770,10177,0.1,0.05495234181217953,0.029697971834676304,0.02856672471147756,0.05495198642796252,0.029697971834676304,0.02856672471147756,0.05495198642796252,0.06100194149925149,0.05980017890140751,0.06794729423755179,0.02621975298305684,0.02549640549124797,0.048404835898723755,0.06100194149925149,0.05980017890140751,0.06794729423755179,0.02621975298305684,0.02549640549124797,0.048404835898723755,0.5456305153985501,0.8682261270291529,0.5320935183580939,0.846685589650199,0.5320935183580939,814160,203540,81416,122124,0.75,,,,,,,,,0.007710136635432167,1
bayesfl_observability_v1,vi_sparse_bayesian_keep010_seed42,138,vi,255,20,1,,5,256,20.366444063186645,2.3841855067985307e-07,63.5195028454472,63.5195028454472,,,1.0284698344637062,0.0062694065272808075,0.9998235928301894,1.0284698344637062,,-0.0,2.28098669344155,20.366444063186645,63.5195028454472,63.5195028454472,0.0006241476156573371,2.3841855067985307e-07,63.5195028454472,0.00125,54.756455735998806,0.09336389731196655,0.09403127431869507,0.10260740816593171,0.12872716784477234,1.479433862674687,1.2407199210647653,3.054784085189385,,,,,,,,,,,,,,,,,,1,update_snr,bayesian,0.1,20,101770,10177,0.1,0.055041527260962175,0.02975389746076393,0.02861791742093153,0.055041207120767294,0.02975389746076393,0.02861791742093153,0.055041207120767294,0.06104425527492979,0.059756593021999566,0.06795540340549211,0.02627719103696772,0.025632606249967493,0.048516715416593775,0.06104425527492979,0.059756593021999566,0.06795540340549211,0.02627719103696772,0.025632606249967493,0.048516715416593775,0.5467979408322495,0.8710695794845643,0.5316616224503817,0.846956857941081,0.5316616224503817,814160,203540,81416,122124,0.75,,,,,,,,,0.007702680586090816,1
bayesfl_observability_v1,vi_sparse_bayesian_keep010_seed42,138,vi,293,23,2,,5,256,32.29199953079224,2.4586031436920166,31.516977821508547,31.516977821508547,,,1.0247541549361938,0.006267618387937546,0.9998249001043589,1.0247541549361938,,-0.0,2.3096097079310103,32.29199953079224,63.033955643017094,31.516977821508547,0.0006193765907734803,2.4586031436920166,31.516977821508547,0.00125,54.762041930500494,0.09336266629200202,0.09403057396411896,0.10259985253214836,0.12810833752155304,1.4796060710532193,1.2398110609855477,3.0566607450291423,,,,,,,,,,,,,,,,,,1,update_snr,bayesian,0.1,20,101770,10177,0.1,0.05491660207819011,0.02963233650188127,0.028478761425160273,0.05491550225403994,0.02963233650188127,0.028478761425160273,0.05491550225403994,0.06089183569786212,0.05966717180076154,0.06755528705677918,0.026159058813438968,0.025398498912634983,0.04832631811491218,0.06089183569786212,0.05966717180076154,0.06755528705677918,0.026159058813438968,0.025398498912634983,0.04832631811491218,0.5460238462077754,0.8671672488231214,0.5328339910383418,0.8462197929581612,0.5328339910383418,814160,203540,81416,122124,0.75,,,,,,,,,0.007701781969439066,2
bayesfl_observability_v1,vi_sparse_bayesian_keep010_seed42,138,vi,115,9,1,,5,256,27.80746445655823,0.008614284917712212,63.039313434055074,63.039313434055074,,,1.0251375602201864,0.006262004375457764,0.999824774949758,1.0251375602201864,,-0.0,2.185987945410232,27.80746445655823,63.039313434055074,63.039313434055074,0.0006194292368483352,0.008614284917712212,63.039313434055074,0.00125,54.76285069517258,0.09336317377098156,0.09403876215219498,0.10259474441409111,0.1288205087184906,1.4795915850702175,1.2417517487177816,3.0565320328286196,,,,,,,,,,,,,,,,,,1,update_snr,bayesian,0.1,20,101770,10177,0.1,0.05478149851525512,0.02962916735956602,0.028472213817690134,0.054779180176517936,0.02962916735956602,0.028472213817690134,0.054779180176517936,0.06076383469484382,0.059538006526854925,0.06746439940771845,0.026169759877868477,0.02543426396012737,0.04838030143583262,0.06076383469484382,0.059538006526854925,0.06746439940771845,0.026169759877868477,0.02543426396012737,0.04838030143583262,0.5451121286396019,0.868193402753211,0.5317453479341043,0.8469042950360088,0.5317453479341043,814160,203540,81416,122124,0.75,,,,,,,,,0.007701099242150824,1
bayesfl_observability_v1,vi_sparse_bayesian_keep010_seed42,138,vi,97,7,1882,,5,256,284.70465331971644,0.016012663510603303,0.18232254446460447,0.18232254446460447,,,2.382782180815309,0.032026611268520355,0.9990542641377768,2.382782180815309,,-0.0,2.3096097079310103,284.70465331971644,343.1310286823856,0.18232254446460447,0.0033716323934596206,0.016012663510603303,0.18232254446460447,0.00125,54.80082223852057,0.09362806476593322,0.09429262951016426,0.10294553562998772,0.1288023293018341,1.4767132747829232,1.2386239247985877,3.048087631517062,,,,,,,,,,,,,,,,,,1,update_snr,bayesian,0.1,20,101770,10177,0.1,0.13193614710024162,0.06429320431577891,0.05453838858033762,0.13193408281921915,0.06429320431577891,0.05453838858033762,0.13193408281921915,0.16536673035966107,0.15663372093041264,0.20612917005282375,0.05306281253312533,0.04855430837184934,0.10523693446230088,0.16536673035966107,0.15663372093041264,0.20612917005282375,0.05306281253312533,0.04855430837184934,0.10523693446230088,1.5540486623740377,1.8062623497666233,0.6521992127044922,0.7580476152245608,0.6521992127044922,814160,203540,81416,122124,0.75,,,,,,,,,0.0077618100926599475,1882
bayesfl_observability_v1,vi_sparse_bayesian_keep010_seed42,138,vi,2,0,48,,5,256,60.503980445861814,0.2484930157661438,1.32498269129312,1.32498269129312,,,1.029645604818567,0.006266891956329346,0.9998232312110825,1.029645604818567,,-0.0,2.185987945410232,60.503980445861814,63.59916918206976,1.32498269129312,0.0006249304233277956,0.2484930157661438,1.32498269129312,0.00125,54.76298318263736,0.09336286378473298,0.09403284639120102,0.10259954258799553,0.1283799260854721,1.4795999240097002,1.2418088627510406,3.056790181140781,,,,,,,,,,,,,,,,,,1,update_snr,bayesian,0.1,20,101770,10177,0.1,0.05504614516607702,0.029781811560004066,0.028693101109876874,0.05504590619570267,0.029781811560004066,0.028693101109876874,0.05504590619570267,0.061056592615887736,0.05979583916967941,0.06798806600824009,0.026306835887128108,0.02561892832577738,0.04852255135406889,0.061056592615887736,0.05979583916967941,0.06798806600824009,0.026306835887128108,0.02561892832577738,0.04852255135406889,0.5467344021808376,0.8724973151787664,0.5309927994857777,0.8473763313276207,0.5309927994857777,814160,203540,81416,122124,0.75,,,,,,,,,0.007699903050857423,48
bayesfl_observability_v1,vi_sparse_bayesian_keep010_seed42,138,vi,6,0,1,,5,256,21.86432275772095,0.012434929609298706,63.34746314909311,63.34746314909311,,,1.0271146897626733,0.006269529461860657,0.99982409398109,1.0271146897626733,,-0.0,2.28098669344155,21.86432275772095,63.34746314909311,63.34746314909311,0.000622457140110967,0.012434929609298706,63.34746314909311,0.00125,54.76226406907361,0.09336479053108453,0.09404219314455986,0.10258762538433075,0.12878060340881348,1.4794217026397476,1.2407762697398081,3.054703335629536,,,,,,,,,,,,,,,,,,1,update_snr,bayesian,0.1,20,101770,10177,0.1,0.05488339262963459,0.02973599118978949,0.02869738003642036,0.05488337824978238,0.02973599118978949,0.02869738003642036,0.05488337824978238,0.060913015058921195,0.059681958087800135,0.0677329874564954,0.02627187742655264,0.025536976214500913,0.04843537743331914,0.060913015058921195,0.059681958087800135,0.0677329874564954,0.02627187742655264,0.025536976214500913,0.04843537743331914,0.5457486291603505,0.8701281627989473,0.5313414700421157,0.8471577434064355,0.5313414700421157,814160,203540,81416,122124,0.75,,,,,,,,,0.007700151263766293,1
bayesfl_observability_v1,vi_sparse_bayesian_keep010_seed42,138,vi,11,0,99,,5,256,61.31138486862183,0.043662119393396856,0.6402809348075115,0.6402809348075115,,,1.0276113417582742,0.006253227591514587,0.9998238914902599,1.0276113417582742,,0.6778769705348007,1.6507588626958358,61.31138486862183,63.38781254594363,0.6402809348075115,0.0006228536164483014,0.043662119393396856,0.6402809348075115,0.00125,54.75723741226253,0.09336279409662017,0.09403718635439873,0.10259144008159637,0.12797939777374268,1.47954498207963,1.2408634599160504,3.0560011240077976,,,,,,,,,,,,,,,,,,1,update_snr,bayesian,0.1,20,101770,10177,0.1,0.05490257013343917,0.029733323386580503,0.028612971418114575,0.054902473443690744,0.029733323386580503,0.028612971418114575,0.054902473443690744,0.060889749656639805,0.059616666527267125,0.06783501284500866,0.0262714982454628,0.0255748444843878,0.04850956523396908,0.060889749656639805,0.059616666527267125,0.06783501284500866,0.0262714982454628,0.0255748444843878,0.04850956523396908,0.5455398504646203,0.8708451878866191,0.5308814999367222,0.8474460649651614,0.5308814999367222,814160,203540,81416,122124,0.75,,,,,,,,,0.007699751060764288,99
bayesfl_observability_v1,vi_sparse_bayesian_keep010_seed42,138,vi,15,1,1,,5,256,33.40249607563019,0.13252101838588715,62.877399057169534,62.877399057169534,,,1.0233132511566823,0.006257474422454834,0.9998253592441384,1.0233132511566823,,-0.0,2.3277319754160017,33.40249607563019,62.877399057169534,62.877399057169534,0.0006178382534850107,0.13252101838588715,62.877399057169534,0.00125,54.756796619453205,0.09336272676553956,0.09402517601847649,0.10260247513651848,0.12880341708660126,1.4794306296989006,1.2409783812347928,3.0516299833906078,,,,,,,,,,,,,,,,,,1,update_snr,bayesian,0.1,20,101770,10177,0.1,0.05485372609801124,0.02957564614501414,0.028426061768468378,0.054853249793346597,0.02957564614501414,0.028426061768468378,0.054853249793346597,0.06079412522403133,0.05960391697690854,0.0675796108113762,0.026106926247345563,0.025324107992509205,0.04839419478840383,0.06079412522403133,0.05960391697690854,0.0675796108113762,0.026106926247345563,0.025324107992509205,0.04839419478840383,0.5451105173882668,0.8660395682793919,0.5326917410403038,0.8463093459412168,0.5326917410403038,814160,203540,81416,122124,0.75,,,,,,,,,0.007701886852236425,1
bayesfl_observability_v1,vi_sparse_bayesian_keep010_seed42,138,vi,77,6,30,,5,256,74.49169087409973,0.603822898864746,2.1196843087681057,2.1196843087681057,,,1.0291520734396993,0.006271515041589737,0.999823389141546,1.0291520734396993,,0.8599672810355049,1.5113567186299608,74.49169087409973,63.59052926304317,2.1196843087681057,0.0006248455268059661,0.603822898864746,2.1196843087681057,0.00125,54.761395142560104,0.09336142808980812,0.09402866289019585,0.1025998666882515,0.12863054871559143,1.4795557409359346,1.2400297979583925,3.05457429146393,,,,,,,,,,,,,,,,,,1,update_snr,bayesian,0.1,20,101770,10177,0.1,0.05508505109905497,0.02976447316269916,0.028646916263307204,0.055084468173408424,0.02976447316269916,0.028646916263307204,0.055084468173408424,0.0610677197334708,0.05976596098486152,0.06788534267846415,0.026286334654835635,0.025556410013641433,0.04855520741555999,0.0610677197334708,0.05976596098486152,0.06788534267846415,0.026286334654835635,0.025556410013641433,0.04855520741555999,0.5466141226409478,0.8719902471901274,0.531130565392555,0.8472899872568926,0.531130565392555,814160,203540,81416,122124,0.75,,,,,,,,,0.007701805330921678,30
bayesfl_observability_v1,vi_sparse_bayesian_keep010_seed42,138,vi,36,2,1,,5,256,22.869321846961974,0.008337807841598988,63.09147282035933,63.09147282035933,,,1.0258649881196396,0.006263084709644318,0.999824556254551,1.0258649881196396,,-0.0,2.185987945410232,22.869321846961974,63.09147282035933,63.09147282035933,0.0006199417590680882,0.008337807841598988,63.09147282035933,0.00125,54.76658076658076,0.09336364316008491,0.0940321497619152,0.10259331986308098,0.12840397655963898,1.4796772341866304,1.2404323088322244,3.0560768844946367,,,,,,,,,,,,,,,,,,1,update_snr,bayesian,0.1,20,101770,10177,0.1,0.05495468885585041,0.029633495010337012,0.028564573803259385,0.05495363019075411,0.029633495010337012,0.028564573803259385,0.05495363019075411,0.06087297749752424,0.05968060295667671,0.06747998698650999,0.026162441400649543,0.02542729560898027,0.0484261349573012,0.06087297749752424,0.05968060295667671,0.06747998698650999,0.026162441400649543,0.02542729560898027,0.0484261349573012,0.5462586359641924,0.8683320082112881,0.53248589462582,0.8464388767209009,0.53248589462582,814160,203540,81416,122124,0.75,,,,,,,,,0.007701190266672226,1
bayesfl_observability_v1,vi_sparse_bayesian_keep010_seed42,138,vi,266,21,1,,5,256,31.710674667358397,7.651340007781982,63.18196823678363,63.18196823678363,,,1.025974187968079,0.006268136203289032,0.9998244500325255,1.025974187968079,,-0.0,2.185987945410232,31.710674667358397,63.18196823678363,63.18196823678363,0.0006208309741258095,7.651340007781982,63.18196823678363,0.00125,54.75684255523159,0.09336214502670301,0.0940324179828167,0.1025973193347454,0.1277545690536499,1.4794346100172766,1.2398341275683655,3.055898243855509,,,,,,,,,,,,,,,,,,1,update_snr,bayesian,0.1,20,101770,10177,0.1,0.05495507709883776,0.02965232488491222,0.028570337718212286,0.054952548635215114,0.02965232488491222,0.028570337718212286,0.054952548635215114,0.0609739128784315,0.05971129935275362,0.06783372783889059,0.02617214844118785,0.025458652321325596,0.04841684662751243,0.0609739128784315,0.05971129935275362,0.06783372783889059,0.02617214844118785,0.025458652321325596,0.04841684662751243,0.5463393490370981,0.8684102429557585,0.5325078890328733,0.8464250398693044,0.5325078890328733,814160,203540,81416,122124,0.75,,,,,,,,,0.007701228439576037,1
bayesfl_observability_v1,vi_sparse_bayesian_keep010_seed42,138,vi,270,21,1,,5,256,22.40666284561157,0.11100535094738007,63.093831960846735,63.093831960846735,,,1.0254435316270512,0.006264299154281616,0.9998246305067505,1.0254435316270512,,-0.0,2.185987945410232,22.40666284561157,63.093831960846735,63.093831960846735,0.0006199649401675025,0.11100535094738007,63.093831960846735,0.00125,54.75664238944923,0.09336139755322614,0.09403640404343605,0.10260275974869729,0.12885522842407227,1.4795218108624488,1.2414112016308465,3.054684086085336,,,,,,,,,,,,,,,,,,1,update_snr,bayesian,0.1,20,101770,10177,0.1,0.05492339253051366,0.029643546290743,0.028526362469747858,0.05492296462080191,0.029643546290743,0.028526362469747858,0.05492296462080191,0.06083244547032597,0.05962273506083493,0.06761773064591052,0.02617811304856711,0.025460893586455587,0.04843007532928113,0.06083244547032597,0.05962273506083493,0.06761773064591052,0.02617811304856711,0.025460893586455587,0.04843007532928113,0.5454913118469044,0.8683165697228764,0.5319564608120195,0.8467717070145594,0.5319564608120195,814160,203540,81416,122124,0.75,,,,,,,,,0.007701116296658752,1
bayesfl_observability_v1,vi_sparse_bayesian_keep010_seed42,138,vi,225,18,45,,5,256,123.35746517181397,0.49220750596788193,1.4320141502078014,1.4320141502078014,,,1.0366069838682788,0.006265547126531601,0.9998208195117806,1.0366069838682788,,-0.0,2.311121424016332,123.35746517181397,64.44063675935107,1.4320141502078014,0.0006331987497234064,0.49220750596788193,1.4320141502078014,0.00125,54.76119396330546,0.09336084662477692,0.09402933344244957,0.10259082838892937,0.1287745088338852,1.4794974784194284,1.2403904154702796,3.05619474485742,,,,,,,,,,,,,,,,,,1,update_snr,bayesian,0.1,20,101770,10177,0.1,0.05533438123978566,0.030002992279966917,0.028981160089977205,0.0553342696177269,0.030002992279966917,0.028981160089977205,0.0553342696177269,0.061280050207997046,0.05998197173871617,0.06800815779433643,0.026527763621296916,0.02588524026760238,0.048903086590993114,0.061280050207997046,0.05998197173871617,0.06800815779433643,0.026527763621296916,0.02588524026760238,0.048903086590993114,0.5484641740262751,0.8796255389733557,0.5290955806409734,0.8485622349281118,0.5290955806409734,814160,203540,81416,122124,0.75,,,,,,,,,0.007700416368060266,45
bayesfl_observability_v1,vi_sparse_bayesian_keep010_seed42,138,vi,174,13,3,,5,256,23.8615873336792,0.20704660813013712,21.157669180537077,21.157669180537077,,,1.0284081017095803,0.0062650591135025024,0.9998236071552314,1.0284081017095803,,-0.0,2.28098669344155,23.8615873336792,63.47300754161123,21.157669180537077,0.0006236907491560502,0.20704660813013712,21.157669180537077,0.00125,54.755115013869556,0.09336224186847401,0.09402798861265182,0.10258025527000428,0.12821729481220245,1.4793698514182274,1.239509585745369,3.05465331352455,,,,,,,,,,,,,,,,,,1,update_snr,bayesian,0.1,20,101770,10177,0.1,0.054999830399878276,0.02973871465527156,0.02865312771237058,0.05499900457032306,0.02973871465527156,0.02865312771237058,0.05499900457032306,0.06106144751531411,0.05986142057081416,0.06796813084840689,0.026258411004155713,0.025522121346172443,0.04855536165959815,0.06106144751531411,0.05986142057081416,0.06796813084840689,0.026258411004155713,0.025522121346172443,0.04855536165959815,0.5464035588826543,0.8712441532098063,0.531310048972132,0.847177450042924,0.531310048972132,814160,203540,81416,122124,0.75,,,,,,,,,0.007701255425392495,3
bayesfl_observability_v1,vi_sparse_bayesian_keep010_seed42,138,vi,222,17,107,,5,256,103.00037460327148,0.018270256363342854,0.6043977758964525,0.6043977758964525,,,1.0385379101229024,0.006264409050345421,0.9998201699409119,1.0385379101229024,,-0.0,2.185987945410232,103.00037460327148,64.67056202092041,0.6043977758964525,0.0006354580133725107,0.018270256363342854,0.6043977758964525,0.00125,54.76371622047903,0.09336326632905308,0.09403801336884499,0.10259137377142907,0.128468856215477,1.4795283454632382,1.2394558447406414,3.055313915974988,,,,,,,,,,,,,,,,,,1,update_snr,bayesian,0.1,20,101770,10177,0.1,0.05542265275405136,0.03007134575916778,0.029069577674476547,0.055420921207178175,0.03007134575916778,0.029069577674476547,0.055420921207178175,0.06126353088806148,0.060091294675611376,0.06781022872257267,0.02660554741151292,0.025875300084713213,0.049076734486043,0.06126353088806148,0.060091294675611376,0.06781022872257267,0.02660554741151292,0.025875300084713213,0.049076734486043,0.5485921036391738,0.8818206703106887,0.5282350295467331,0.8490982001863875,0.5282350295467331,814160,203540,81416,122124,0.75,,,,,,,,,0.007700491595762532,107
bayesfl_observability_v1,vi_sparse_bayesian_keep010_seed42,139,vi,280,22,9,,5,256,26.88599294424057,0.056040790345933705,6.998354083717734,6.998354083717734,,,1.0258605783216546,0.006270863115787506,0.9998247754160885,1.0258605783216546,,-0.0,2.259365973874069,26.88599294424057,62.98518675345961,6.998354083717734,0.0006188973838406171,0.056040790345933705,6.998354083717734,0.00125,54.80178149378247,0.09348144413374597,0.09417067840695381,0.10269337594509124,0.12888233363628387,1.4787357762256066,1.2394541053991182,3.052134938238364,,,,,,,,,,,,,,,,,,1,update_snr,bayesian,0.1,20,101770,10177,0.1,0.05488459889139026,0.02961843778947917,0.028481311703241884,0.05488284270144412,0.02961843778947917,0.028481311703241884,0.05488284270144412,0.060791104004557145,0.059601875275038296,0.06756439447778483,0.026154808210026057,0.025470532059774672,0.04834491244315888,0.060791104004557145,0.059601875275038296,0.06756439447778483,0.026154808210026057,0.025470532059774672,0.04834491244315888,0.5460469988526275,0.8684599018944276,0.5322818815652127,0.846567184904658,0.5322818815652127,814160,203540,81416,122124,0.75,,,,,,,,,0.007691949026394389,9
bayesfl_observability_v1,vi_sparse_bayesian_keep010_seed42,139,vi,130,10,1,,5,256,25.87868003845215,0.6297143697738647,62.98844135325706,62.98844135325706,,,1.0257519998382707,0.006265923380851746,0.9998247735339002,1.0257519998382707,,-0.0,2.311121424016332,25.87868003845215,62.98844135325706,62.98844135325706,0.000618929363793427,0.6297143697738647,62.98844135325706,0.00125,54.794728828902954,0.09348007179148787,0.09416662529110909,0.10269697606563569,0.12861749529838562,1.4785210868683119,1.2399602812819728,3.0551086553071825,,,,,,,,,,,,,,,,,,1,update_snr,bayesian,0.1,20,101770,10177,0.1,0.05488218354355514,0.02962371864099004,0.0284418311366959,0.05487939879226227,0.02962371864099004,0.0284418311366959,0.05487939879226227,0.06093133813817208,0.059739808414928146,0.06774226035748336,0.026145094252414253,0.025468198788465193,0.04833864466342198,0.06093133813817208,0.059739808414928146,0.06774226035748336,0.026145094252414253,0.025468198788465193,0.04833864466342198,0.546989597779344,0.8677381777318569,0.5332571594942903,0.8459531912866582,0.5332571594942903,814160,203540,81416,122124,0.75,,,,,,,,,0.007689988818774293,1
bayesfl_observability_v1,vi_sparse_bayesian_keep010_seed42,139,vi,263,21,2,,5,256,28.909913301467896,0.04023870453238487,31.364068647706635,31.364068647706635,,,1.0236065949397553,0.0062752366065979,0.9998255476450327,1.0236065949397553,,-0.0,2.185987945410232,28.909913301467896,62.72813729541327,31.364068647706635,0.0006163715957100645,0.04023870453238487,31.364068647706635,0.00125,54.80222521899155,0.09348109421759794,0.09416893124580383,0.10270536914467812,0.12894123792648315,1.4787112199008356,1.2395138399849577,3.052047125083665,,,,,,,,,,,,,,,,,,1,update_snr,bayesian,0.1,20,101770,10177,0.1,0.05475944419320251,0.02955686339681675,0.028397025168511395,0.05475918739480776,0.02955686339681675,0.028397025168511395,0.05475918739480776,0.060714932807315304,0.05949438049049585,0.06766972357567808,0.026094855684539127,0.025403485020990123,0.04821957467813365,0.060714932807315304,0.05949438049049585,0.06766972357567808,0.026094855684539127,0.025403485020990123,0.04821957467813365,0.5452029566887931,0.8663279963281567,0.5326293904162285,0.8463485880326365,0.5326293904162285,814160,203540,81416,122124,0.75,,,,,,,,,0.007694071226663932,2
bayesfl_observability_v1,vi_sparse_bayesian_keep010_seed42,139,vi,273,21,19,,5,256,26.967836451530456,0.1321246498509457,3.3163370919441757,3.3163370919441757,,,1.0264691812809605,0.006267949938774109,0.9998245309625986,1.0264691812809605,,-0.0,2.3096097079310103,26.967836451530456,63.01040474693934,3.3163370919441757,0.000619145177821945,0.1321246498509457,3.3163370919441757,0.00125,54.795300569063734,0.09348382230870403,0.09417487308382988,0.10271147936582566,0.1287451833486557,1.4785593846555614,1.2403926226205293,3.0532258042308436,,,,,,,,,,,,,,,,,,1,update_snr,bayesian,0.1,20,101770,10177,0.1,0.05480268178584963,0.029628116796970947,0.0285286117735579,0.054801752472692526,0.029628116796970947,0.0285286117735579,0.054801752472692526,0.060783566030314144,0.05958949272180702,0.06760340100976506,0.026166400215488373,0.02542345857919142,0.04830249974693807,0.060783566030314144,0.05958949272180702,0.06760340100976506,0.026166400215488373,0.02542345857919142,0.04830249974693807,0.5465733352488369,0.8688478401392091,0.5324790507268345,0.8464431821079604,0.5324790507268345,814160,203540,81416,122124,0.75,,,,,,,,,0.007692481882905551,19
bayesfl_observability_v1,vi_sparse_bayesian_keep010_seed42,139,vi,114,9,1,,5,256,24.96241283416748,0.6134023070335388,62.80910915097699,62.80910915097699,,,1.0241781035184208,0.0062596797943115234,0.9998253348091458,1.0241781035184208,,-0.0,2.3277319754160017,24.96241283416748,62.80910915097699,62.80910915097699,0.0006171672315120073,0.6134023070335388,62.80910915097699,0.00125,54.799405913536724,0.0934803497557604,0.09417060762643814,0.10270895883440971,0.12829668819904327,1.4786891882382045,1.2388860231161807,3.054686979538897,,,,,,,,,,,,,,,,,,1,update_snr,bayesian,0.1,20,101770,10177,0.1,0.054829875219552994,0.029563426047360904,0.028421417426691645,0.054828521533135784,0.029563426047360904,0.028421417426691645,0.054828521533135784,0.06077034982631109,0.059480713906750936,0.06770561945226874,0.02609599007192199,0.02538489700502713,0.048223534595635026,0.06077034982631109,0.059480713906750936,0.06770561945226874,0.02609599007192199,0.02538489700502713,0.048223534595635026,0.5459392405475783,0.866539747130461,0.5330510764407873,0.8460830632422084,0.5330510764407873,814160,203540,81416,122124,0.75,,,,,,,,,0.00769032379588345,1
bayesfl_observability_v1,vi_sparse_bayesian_keep010_seed42,139,vi,124,9,63,,5,256,95.7793535232544,0.4232476249573723,0.9991810508408673,0.9991810508408673,,,1.025451619282301,0.006265513598918915,0.9998249049395721,1.025451619282301,,0.12974069471942834,2.1312291508990175,95.7793535232544,62.94840620297464,0.9991810508408673,0.0006185359752675114,0.4232476249573723,0.9991810508408673,0.00125,54.80020117542517,0.09348211422971843,0.09417765215039253,0.10270475298166275,0.12827087938785553,1.4788441146713331,1.2406644585544133,3.0538294667434127,,,,,,,,,,,,,,,,,,1,update_snr,bayesian,0.1,20,101770,10177,0.1,0.054917209763979125,0.029604476036440102,0.02842239870231516,0.05491715872743845,0.029604476036440102,0.02842239870231516,0.05491715872743845,0.0608170923785394,0.059583134858339784,0.06744261815074075,0.026136407553984622,0.02539692816894053,0.04832646328350677,0.0608170923785394,0.059583134858339784,0.06744261815074075,0.026136407553984622,0.02539692816894053,0.04832646328350677,0.5460575145095798,0.8679701690359606,0.5325044148760111,0.8464272255413088,0.5325044148760111,814160,203540,81416,122124,0.75,,,,,,,,,0.007692926493096471,63
bayesfl_observability_v1,vi_sparse_bayesian_keep010_seed42,139,vi,173,13,1,,5,256,23.490690612792967,0.029328778386116028,63.08315376563411,63.08315376563411,,,1.0261327048745312,0.006268611177802086,0.999824712970826,1.0261327048745312,,-0.0,2.3292713582565514,23.490690612792967,63.08315376563411,63.08315376563411,0.0006198600153840435,0.029328778386116028,63.08315376563411,0.00125,54.805913963833966,0.09348014376313006,0.09416453912854195,0.10270691215991974,0.12878359854221344,1.4789379019083146,1.2400984159262143,3.0551895800282884,,,,,,,,,,,,,,,,,,1,update_snr,bayesian,0.1,20,101770,10177,0.1,0.054898557165871525,0.029671357098093307,0.02854658645936336,0.05489819503308852,0.029671357098093307,0.02854658645936336,0.05489819503308852,0.06087401630513514,0.05966974933475307,0.06776441024136548,0.026204394963977546,0.025527184311361147,0.04839757359784502,0.06087401630513514,0.05966974933475307,0.06776441024136548,0.026204394963977546,0.025527184311361147,0.04839757359784502,0.5459785941464973,0.8688243221428235,0.5320740597711053,0.8466978179484667,0.5320740597711053,814160,203540,81416,122124,0.75,,,,,,,,,0.0076919325820262,1
bayesfl_observability_v1,vi_sparse_bayesian_keep010_seed42,139,vi,174,13,3,,5,256,30.939858388900756,0.31280726194381714,20.915705162387866,20.915705162387866,,,1.0235301098353538,0.006264830008149147,0.999825596092357,1.0235301098353538,,-0.0,2.28098669344155,30.939858388900756,62.7471154871636,20.915705162387866,0.0006165580769103233,0.31280726194381714,20.915705162387866,0.00125,54.80527309920112,0.09348061971851056,0.09416913613677025,0.10269898027181626,0.1288038045167923,1.4788076769197513,1.2396582337651838,3.053879563277022,,,,,,,,,,,,,,,,,,1,update_snr,bayesian,0.1,20,101770,10177,0.1,0.05480329617187816,0.02954739545012093,0.028408450439674257,0.05480255434921846,0.02954739545012093,0.028408450439674257,0.05480255434921846,0.06076783522292948,0.05956011979620095,0.06770042151265643,0.02607845769758666,0.025361918254488042,0.048285755377366936,0.06076783522292948,0.05956011979620095,0.06770042151265643,0.02607845769758666,0.025361918254488042,0.048285755377366936,0.5457945060042653,0.8658650258297372,0.5332471421793956,0.845959505743335,0.5332471421793956,814160,203540,81416,122124,0.75,,,,,,,,,0.0076909724005144705,3
bayesfl_observability_v1,vi_sparse_bayesian_keep010_seed42,139,vi,97,7,1882,,5,256,213.01821494549512,0.0088154569517635,0.16253723932394484,0.16253723932394484,,,2.247878993891157,0.02937001921236515,0.9991599331243574,2.247878993891157,,-0.0,2.3096097079310103,213.01821494549512,305.89508440766417,0.16253723932394484,0.0030057490852674084,0.0088154569517635,0.16253723932394484,0.00125,54.85096270906509,0.09375505801145684,0.09442666918039322,0.10308842584490777,0.13017421960830688,1.475974630346672,1.2361643911514648,3.0476930043136625,,,,,,,,,,,,,,,,,,1,update_snr,bayesian,0.1,20,101770,10177,0.1,0.12412346937813079,0.06048435003273021,0.05130075433815775,0.12412288253192653,0.06048435003273021,0.05130075433815775,0.12412288253192653,0.15631450879806277,0.14810314892051868,0.19583059986115262,0.04983655461435993,0.04546324168275912,0.0993019362137346,0.15631450879806277,0.14810314892051868,0.19583059986115262,0.04983655461435993,0.04546324168275912,0.0993019362137346,1.4702909789911638,1.7003542008282684,0.6540792378000911,0.7564260378112685,0.6540792378000911,814160,203540,81416,122124,0.75,,,,,,,,,0.007755981535864682,1882
bayesfl_observability_v1,vi_sparse_bayesian_keep010_seed42,139,vi,98,7,50,,5,256,63.8444993019104,0.03570074081420899,1.2654172379635864,1.2654172379635864,,,1.0281259960714566,0.006274227052927017,0.9998239830768992,1.0281259960714566,,-0.0,2.185987945410232,63.8444993019104,63.27086189817932,1.2654172379635864,0.0006217044502130227,0.03570074081420899,1.2654172379635864,0.00125,54.79898050607145,0.09347998179748641,0.0941738486289978,0.10269466936588288,0.12885288894176483,1.4786020035915293,1.2391115565989468,3.0560730237117153,,,,,,,,,,,,,,,,,,1,update_snr,bayesian,0.1,20,101770,10177,0.1,0.05494000027990079,0.02970753616754742,0.028590110352844405,0.05493753979767302,0.02970753616754742,0.028590110352844405,0.05493753979767302,0.06092835618933695,0.05970103342230153,0.06773428935451892,0.02623855616512636,0.025531161820098854,0.0484901710157008,0.06092835618933695,0.05970103342230153,0.06773428935451892,0.02623855616512636,0.025531161820098854,0.0484901710157008,0.5468066034052692,0.870658143171198,0.5318478527871647,0.8468399267191429,0.5318478527871647,814160,203540,81416,122124,0.75,,,,,,,,,0.007690903089771456,50
bayesfl_observability_v1,vi_sparse_bayesian_keep010_seed42,139,vi,101,8,1,,5,256,24.99024043083191,0.06897414475679398,62.88587524179019,62.88587524179019,,,1.0252331673979074,0.006276410073041916,0.9998249876810145,1.0252331673979074,,-0.0,2.185987945410232,24.99024043083191,62.88587524179019,62.88587524179019,0.0006179215411397287,0.06897414475679398,62.88587524179019,0.00125,54.80147681660621,0.09348057503230453,0.09416300058364868,0.1026982605457306,0.128946453332901,1.4786965846237665,1.239161122564613,3.0557438188351105,,,,,,,,,,,,,,,,,,1,update_snr,bayesian,0.1,20,101770,10177,0.1,0.05474027028843578,0.029610114436723012,0.028533681376350255,0.05473956398332176,0.029610114436723012,0.028533681376350255,0.05473956398332176,0.06074346598415136,0.059577778918373035,0.06751471372476472,0.02615085315367542,0.025449118117850264,0.04830226394689058,0.06074346598415136,0.059577778918373035,0.06751471372476472,0.02615085315367542,0.025449118117850264,0.04830226394689058,0.5453667714669187,0.8681463771234065,0.5319441360359874,0.8467794495244482,0.5319441360359874,814160,203540,81416,122124,0.75,,,,,,,,,0.007691818536289056,1
bayesfl_observability_v1,vi_sparse_bayesian_keep010_seed42,139,vi,42,3,1,,5,256,20.32876261174679,0.0011866202112287283,63.27272712254352,63.27272712254352,,,1.028388396443719,0.006267927587032318,0.9998239273393278,1.028388396443719,,-0.0,2.3163460082440825,20.32876261174679,63.27272712254352,63.27272712254352,0.0006217227780538815,0.0011866202112287283,63.27272712254352,0.00125,54.80412019974934,0.09348134317845208,0.09417260810732841,0.10271153748035432,0.12874352931976318,1.4787633892810008,1.2395062135479047,3.0565977691331456,,,,,,,,,,,,,,,,,,1,update_snr,bayesian,0.1,20,101770,10177,0.1,0.054940154519796454,0.02969634958089657,0.02858454399042514,0.05493915015277663,0.02969634958089657,0.02858454399042514,0.05493915015277663,0.06085726072259475,0.05956805749694447,0.06780739693072269,0.02623402612070789,0.025558145754161196,0.0483912728144765,0.06085726072259475,0.05956805749694447,0.06780739693072269,0.02623402612070789,0.025558145754161196,0.0483912728144765,0.5462272921943582,0.8713314175456451,0.5311488286753066,0.8472785384965502,0.5311488286753066,814160,203540,81416,122124,0.75,,,,,,,,,0.007691800633408779,1
bayesfl_observability_v1,vi_sparse_bayesian_keep010_seed42,139,vi,150,12,1,,5,256,27.233603763580323,0.0030500818975269794,62.754425782021904,62.754425782021904,,,1.0235154527467458,0.006273508071899414,0.9998255594429767,1.0235154527467458,,-0.0,2.3155014849272724,27.233603763580323,62.754425782021904,62.754425782021904,0.0006166299084408165,0.0030500818975269794,62.754425782021904,0.00125,54.79917943944206,0.0934819489318123,0.09418004006147385,0.10271605849266052,0.12796035408973694,1.4787266432260349,1.2393816277214857,3.0528108679458335,,,,,,,,,,,,,,,,,,1,update_snr,bayesian,0.1,20,101770,10177,0.1,0.05475637139670366,0.029517363746671643,0.02825972502936462,0.05475628117184645,0.029517363746671643,0.02825972502936462,0.05475628117184645,0.06082831701721874,0.059656002812153545,0.06765047914439005,0.026038368938833083,0.025169530827757244,0.048287787886677966,0.06082831701721874,0.059656002812153545,0.06765047914439005,0.026038368938833083,0.025169530827757244,0.048287787886677966,0.5458419080062111,0.8658178177165884,0.5333010913917993,0.8459254966723229,0.5333010913917993,814160,203540,81416,122124,0.75,,,,,,,,,0.007691989785424136,1
bayesfl_observability_v1,vi_sparse_bayesian_keep010_seed42,139,vi,231,18,2,,5,256,25.537264281511305,0.0006918327999301255,31.45210797259924,31.45210797259924,,,1.0251247537833277,0.0062723308801651,0.9998250361197977,1.0251247537833277,,-0.0,2.3096097079310103,25.537264281511305,62.90421594519848,31.45210797259924,0.0006181017583295517,0.0006918327999301255,31.45210797259924,0.00125,54.803139289794544,0.0934812781070344,0.09416273981332779,0.10269083306193352,0.12851011753082275,1.4787557003385634,1.2389477538810674,3.056438359898153,,,,,,,,,,,,,,,,,,1,update_snr,bayesian,0.1,20,101770,10177,0.1,0.05483076745697763,0.029574883736546324,0.028529149483032264,0.054830298668578255,0.029574883736546324,0.028529149483032264,0.054830298668578255,0.06083767336691916,0.05963581727161383,0.06764785048155007,0.026101240444282685,0.025378704726483965,0.048308706189798836,0.06083767336691916,0.05963581727161383,0.06764785048155007,0.026101240444282685,0.025378704726483965,0.048308706189798836,0.5459583694932723,0.8676463678248045,0.5325774911574002,0.8463812473776162,0.5325774911574002,814160,203540,81416,122124,0.75,,,,,,,,,0.007690891587080195,2
bayesfl_observability_v1,vi_sparse_bayesian_keep010_seed42,139,vi,232,18,259,,5,256,192.81871275901796,0.06337626640861099,0.5157309827108858,0.5157309827108858,,,1.4927151446577904,0.012156985700130463,0.9996291434581236,1.4927151446577904,,-0.0,2.311121424016332,192.81871275901796,133.5743245221194,0.5157309827108858,0.0013125117865984024,0.06337626640861099,0.5157309827108858,0.00125,54.814846801488194,0.09355864567310423,0.0942344069480896,0.10280926525592804,0.12834523618221283,1.477810891171921,1.2400328227873891,3.0521574645896004,,,,,,,,,,,,,,,,,,1,update_snr,bayesian,0.1,20,101770,10177,0.1,0.08196351895627219,0.04210009319537584,0.038601908788660946,0.08196351200674236,0.04210009319537584,0.038601908788660946,0.08196351200674236,0.09515761074390396,0.09250653341224083,0.11047912727599246,0.0362048134677616,0.03444555899307422,0.06889374995303355,0.09515761074390396,0.09250653341224083,0.11047912727599246,0.0362048134677616,0.03444555899307422,0.06889374995303355,0.8711079050898649,1.2121755321654855,0.5835727655121828,0.8120608520009224,0.5835727655121828,814160,203540,81416,122124,0.75,,,,,,,,,0.0077054441527626945,259
bayesfl_observability_v1,vi_sparse_bayesian_keep010_seed42,140,vi,82,6,1,,5,256,22.694746053218843,0.0002153879904653877,63.004860774417715,63.004860774417715,,,1.0271833798021852,0.006259995512664318,0.9998245738581575,1.0271833798021852,,-0.0,2.3155014849272724,22.694746053218843,63.004860774417715,63.004860774417715,0.0006190907023132329,0.0002153879904653877,63.004860774417715,0.00125,54.840355255455506,0.0936029965797939,0.09429244697093964,0.10281055346131325,0.12769009172916412,1.4780412138479468,1.2406227914575652,3.053661766462151,,,,,,,,,,,,,,,,,,1,update_snr,bayesian,0.1,20,101770,10177,0.1,0.05487086367039117,0.02962094729461652,0.028480938690774435,0.05487036096466178,0.02962094729461652,0.028480938690774435,0.05487036096466178,0.06079418507399619,0.0595582322584057,0.06766669819434226,0.02615725420801878,0.025384178494948277,0.0483786507883516,0.06079418507399619,0.0595582322584057,0.06766669819434226,0.02615725420801878,0.025384178494948277,0.0483786507883516,0.5465970307824775,0.8696765960295929,0.5321318875776018,0.8466614755751549,0.5321318875776018,814160,203540,81416,122124,0.75,,,,,,,,,0.007680947306197234,1
bayesfl_observability_v1,vi_sparse_bayesian_keep010_seed42,140,vi,39,3,5,,5,256,33.50335569381714,0.4546341419219971,12.53086897348319,12.53086897348319,,,1.024565587769364,0.006272375583648682,0.999825475094681,1.024565587769364,,-0.0,2.4040642619438994,33.50335569381714,62.65434486741595,12.53086897348319,0.0006156465055263432,0.4546341419219971,12.53086897348319,0.00125,54.841971662097365,0.0936058599763574,0.0943039283156395,0.10281566008925438,0.12808319926261902,1.4780705850353808,1.2385981094672749,3.05275479714396,,,,,,,,,,,,,,,,,,1,update_snr,bayesian,0.1,20,101770,10177,0.1,0.05472440589004844,0.029537546197645054,0.028445413434217394,0.05472429619112844,0.029537546197645054,0.028445413434217394,0.05472429619112844,0.060648170461687946,0.05948823180999631,0.0672262245337223,0.026080810168306948,0.02534667479629474,0.04825392572541519,0.060648170461687946,0.05948823180999631,0.0672262245337223,0.026080810168306948,0.02534667479629474,0.04825392572541519,0.5455648027818752,0.867233353606027,0.5324840198563112,0.8464400561160039,0.5324840198563112,814160,203540,81416,122124,0.75,,,,,,,,,0.0076817663754685074,5
bayesfl_observability_v1,vi_sparse_bayesian_keep010_seed42,140,vi,40,3,110,,5,256,25.51869578361511,0.015622370893304998,0.5732861753307922,0.5732861753307922,,,1.0272518624522289,0.006274417042732239,0.9998246100694218,1.0272518624522289,,-0.0,2.3096097079310103,25.51869578361511,63.06147928638714,0.5732861753307922,0.0006196470402514212,0.015622370893304998,0.5732861753307922,0.00125,54.84970290414637,0.09360336151486139,0.09429287910461426,0.10281079038977624,0.1281704157590866,1.4783139722918204,1.239212386002409,3.0537650165620396,,,,,,,,,,,,,,,,,,1,update_snr,bayesian,0.1,20,101770,10177,0.1,0.05491224422871221,0.029635926530547405,0.028491081825591714,0.0549119541595356,0.029635926530547405,0.028491081825591714,0.0549119541595356,0.06089257293136082,0.059605246062767084,0.0677211371223578,0.026162965819345903,0.025421650704736096,0.048349576338359394,0.06089257293136082,0.059605246062767084,0.0677211371223578,0.026162965819345903,0.025421650704736096,0.048349576338359394,0.5460041620437307,0.8701297856886047,0.5315192719537386,0.8470461991779246,0.5315192719537386,814160,203540,81416,122124,0.75,,,,,,,,,0.00768078481631459,110
bayesfl_observability_v1,vi_sparse_bayesian_keep010_seed42,140,vi,2,0,48,,5,256,93.37446041107178,0.17157779137293497,1.328693292996525,1.328693292996525,,,1.0332500711514687,0.006275452673435211,0.9998225117324151,1.0332500711514687,,-0.0,2.185987945410232,93.37446041107178,63.777278063833194,1.328693292996525,0.0006266805351658956,0.17157779137293497,1.328693292996525,0.00125,54.843380239168816,0.09360261978840528,0.09430139511823654,0.10280475467443466,0.12818452715873718,1.4783276736556443,1.2393529544229342,3.0512706497443136,,,,,,,,,,,,,,,,,,1,update_snr,bayesian,0.1,20,101770,10177,0.1,0.05522318895007062,0.029793575370310802,0.028615616628710067,0.055222942221622114,0.029793575370310802,0.028615616628710067,0.055222942221622114,0.06111931121963724,0.059817127620153,0.0680253509544576,0.02631293805371897,0.02551698418317698,0.04873894538338291,0.06111931121963724,0.059817127620153,0.0680253509544576,0.02631293805371897,0.02551698418317698,0.04873894538338291,0.5481609536827483,0.875856882368424,0.5305210897027762,0.8476717368065182,0.5305210897027762,814160,203540,81416,122124,0.75,,,,,,,,,0.007681824574535988,48
bayesfl_observability_v1,vi_sparse_bayesian_keep010_seed42,140,vi,5,0,1,,5,256,17.01742935180664,0.06820223480463028,63.29741403417482,63.29741403417482,,,1.0295385296111454,0.0062723662704229355,0.9998238153903497,1.0295385296111454,,-0.0,2.311121424016332,17.01742935180664,63.29741403417482,63.29741403417482,0.0006219653535833234,0.06820223480463028,63.29741403417482,0.00125,54.8480301912906,0.09360608756472656,0.09430339559912682,0.10280999913811684,0.12887762486934662,1.4782259335316892,1.2388871696037462,3.0523281948763508,,,,,,,,,,,,,,,,,,1,update_snr,bayesian,0.1,20,101770,10177,0.1,0.055066145353638886,0.029685580279979907,0.028543083977493753,0.055066140556913494,0.029685580279979907,0.028543083977493753,0.055066140556913494,0.06093013130415996,0.059678482834938484,0.06766175835241939,0.026213963499515464,0.025433172299098934,0.04852670591880523,0.06093013130415996,0.059678482834938484,0.06766175835241939,0.026213963499515464,0.025433172299098934,0.04852670591880523,0.547392418307107,0.8719582124928793,0.53168716134777,0.8469408258302058,0.53168716134777,814160,203540,81416,122124,0.75,,,,,,,,,0.007681947990088385,1
bayesfl_observability_v1,vi_sparse_bayesian_keep010_seed42,140,vi,11,0,99,,5,256,282.29614677429197,0.4003199567698469,0.6666133280164184,0.6666133280164184,,,1.051694091773982,0.0062673091888427734,0.9998161359456647,1.051694091773982,,0.6778769705348007,1.6507588626958358,282.29614677429197,65.99471947362542,0.6666133280164184,0.0006484692883327643,0.4003199567698469,0.6666133280164184,0.00125,54.8461214508303,0.0936032779760043,0.09429730847477913,0.10280107855796813,0.1283833384513855,1.478277687092051,1.2398813116434826,3.051332902871737,,,,,,,,,,,,,,,,,,1,update_snr,bayesian,0.1,20,101770,10177,0.1,0.05588213648193565,0.03040499214142307,0.029396476715304435,0.055881484857610075,0.03040499214142307,0.029396476715304435,0.055881484857610075,0.061642958764742205,0.06042122882217208,0.0682326579634509,0.026934106961054284,0.026221209108202293,0.049560905245836735,0.061642958764742205,0.06042122882217208,0.0682326579634509,0.026934106961054284,0.026221209108202293,0.049560905245836735,0.5519675352742013,0.8952051735080765,0.524836584698456,0.8512030071387561,0.524836584698456,814160,203540,81416,122124,0.75,,,,,,,,,0.007681677428412805,99
bayesfl_observability_v1,vi_sparse_bayesian_keep010_seed42,140,vi,237,19,1,,5,256,20.977049350738525,2.0848546028137207,63.18568655824546,63.18568655824546,,,1.0285239514901947,0.006269089877605438,0.9998241320238774,1.0285239514901947,,-0.0,2.3163460082440825,20.977049350738525,63.18568655824546,63.18568655824546,0.0006208675106440548,2.0848546028137207,63.18568655824546,0.00125,54.84342056095319,0.09360603857933714,0.09429585933685303,0.10280970931053161,0.12881465256214142,1.478074902675425,1.2386917940762332,3.050639969039818,,,,,,,,,,,,,,,,,,1,update_snr,bayesian,0.1,20,101770,10177,0.1,0.05497818300539856,0.029654517627377485,0.028527672021413226,0.054977833363067954,0.029654517627377485,0.028527672021413226,0.054977833363067954,0.060807012055248265,0.05962867009889504,0.0674556769365357,0.026193129357614066,0.025409550517357313,0.04853211306470746,0.060807012055248265,0.05962867009889504,0.0674556769365357,0.026193129357614066,0.025409550517357313,0.04853211306470746,0.5462670675229757,0.8714664708001413,0.5311174977806858,0.8472981786544708,0.5311174977806858,814160,203540,81416,122124,0.75,,,,,,,,,0.007681309327423731,1
bayesfl_observability_v1,vi_sparse_bayesian_keep010_seed42,140,vi,232,18,259,,5,256,168.01378387212753,0.06038715544203476,0.5091746516094963,0.5091746516094963,,,1.4845152280896503,0.012103021144866943,0.9996338564986242,1.4845152280896503,,-0.0,2.311121424016332,168.01378387212753,131.87623476685954,0.5091746516094963,0.0012958262235124255,0.06038715544203476,0.5091746516094963,0.00125,54.862865951354436,0.09368275353088176,0.09437425062060356,0.10290597677230835,0.12871743738651276,1.4775456926685206,1.2388603374308063,3.0508952894005565,,,,,,,,,,,,,,,,,,1,update_snr,bayesian,0.1,20,101770,10177,0.1,0.08188889648216625,0.041626981230559,0.03773763943605953,0.08188817997246764,0.041626981230559,0.03773763943605953,0.08188817997246764,0.0955550057354001,0.09283433949985535,0.11116592875407559,0.035634978507798884,0.03365256327311943,0.0683599847357336,0.0955550057354001,0.09283433949985535,0.11116592875407559,0.035634978507798884,0.03365256327311943,0.0683599847357336,0.876527717836705,1.1981171154332315,0.5904471043821258,0.8070763389709579,0.5904471043821258,814160,203540,81416,122124,0.75,,,,,,,,,0.007698535205340729,259
bayesfl_observability_v1,vi_sparse_bayesian_keep010_seed42,140,vi,235,18,9,,5,256,29.29945812225342,0.5333719253540039,6.979003728229856,6.979003728229856,,,1.0258973386644554,0.0062668826431035995,0.9998250516627782,1.0258973386644554,,-0.0,2.311121424016332,29.29945812225342,62.8110335540687,6.979003728229856,0.0006171861408476831,0.5333719253540039,6.979003728229856,0.00125,54.846924469716285,0.09360406352314134,0.09429425001144409,0.10279816761612892,0.1283675879240036,1.4781379345141585,1.239515524485777,3.053047225010766,,,,,,,,,,,,,,,,,,1,update_snr,bayesian,0.1,20,101770,10177,0.1,0.05482488989501744,0.029552844605275016,0.028294196044834866,0.05482444258792129,0.029552844605275016,0.028294196044834866,0.05482444258792129,0.06078442310530186,0.0595450550474213,0.06753373041233007,0.026082669216383147,0.025263742643785475,0.04829071438329361,0.06078442310530186,0.0595450550474213,0.06753373041233007,0.026082669216383147,0.025263742643785475,0.04829071438329361,0.5469852690516042,0.8679127058174438,0.5331773935232996,0.8460034675080834,0.5331773935232996,814160,203540,81416,122124,0.75,,,,,,,,,0.007682205753793154,9
bayesfl_observability_v1,vi_sparse_bayesian_keep010_seed42,140,vi,269,21,1,,5,256,23.35975946187973,0.10268464684486389,62.87623678146924,62.87623678146924,,,1.0264566748787847,0.006258368492126465,0.9998248319133397,1.0264566748787847,,-0.0,2.185987945410232,23.35975946187973,62.87623678146924,62.87623678146924,0.0006178268328728431,0.10268464684486389,62.87623678146924,0.00125,54.842285334742,0.09360368831707842,0.09429708868265152,0.10279559046030044,0.12850019335746765,1.4778954050234092,1.238142659639314,3.05233737296012,,,,,,,,,,,,,,,,,,1,update_snr,bayesian,0.1,20,101770,10177,0.1,0.05479954073779425,0.02958734637540982,0.028438066661717568,0.05479948224309266,0.02958734637540982,0.028438066661717568,0.05479948224309266,0.060717661725769825,0.05948154061624647,0.06737646797852144,0.026128422447592035,0.02535304965754084,0.048388602745179914,0.060717661725769825,0.05948154061624647,0.06737646797852144,0.026128422447592035,0.02535304965754084,0.048388602745179914,0.5461055381974121,0.8691271751322281,0.5320297987851288,0.846725630416758,0.5320297987851288,814160,203540,81416,122124,0.75,,,,,,,,,0.007680674587434621,1
bayesfl_observability_v1,vi_sparse_bayesian_keep010_seed42,140,vi,52,4,14,,5,256,49.991866779327395,0.49815525327410015,4.489957531514743,4.489957531514743,,,1.0263363113866855,0.006270751357078552,0.9998249098487176,1.0263363113866855,,-0.0,2.4040642619438994,49.991866779327395,62.8594054412064,4.489957531514743,0.0006176614468036396,0.49815525327410015,4.489957531514743,0.00125,54.84803164962628,0.09360521933627765,0.09430421516299248,0.10281913131475448,0.12830397486686707,1.4782152653746137,1.2391636545873603,3.0536259394276235,,,,,,,,,,,,,,,,,,1,update_snr,bayesian,0.1,20,101770,10177,0.1,0.05479716463184661,0.02956179160441765,0.02840749136988685,0.05479656979333086,0.02956179160441765,0.02840749136988685,0.05479656979333086,0.06071906194779627,0.05951139205356067,0.0674674921626438,0.026099872677375575,0.025375878497883083,0.048316317205204524,0.06071906194779627,0.05951139205356067,0.0674674921626438,0.026099872677375575,0.025375878497883083,0.048316317205204524,0.5463154688086717,0.8688530558219778,0.532296736213633,0.846557844814112,0.532296736213633,814160,203540,81416,122124,0.75,,,,,,,,,0.007681830995364124,14
bayesfl_observability_v1,vi_sparse_bayesian_keep010_seed42,140,vi,139,11,6,,5,256,46.92770881652832,0.6644478241602579,10.47327793590592,10.47327793590592,,,1.0251104682570655,0.0062701404094696045,0.9998252771798669,1.0251104682570655,,-0.0,2.28098669344155,46.92770881652832,62.839667615435516,10.47327793590592,0.0006174675013799304,0.6644478241602579,10.47327793590592,0.00125,54.83949412613839,0.09360376354711421,0.09430038556456566,0.10281790941953659,0.1288815140724182,1.4781022830715576,1.2396189667843176,3.0520124860424898,,,,,,,,,,,,,,,,,,1,update_snr,bayesian,0.1,20,101770,10177,0.1,0.054917004011439036,0.029601877583130556,0.028391157795827605,0.05491624812501248,0.029601877583130556,0.028391157795827605,0.05491624812501248,0.06083150939627364,0.059600202937043004,0.06751321575479005,0.02613191849278132,0.025377263126848876,0.048274438865883326,0.06083150939627364,0.059600202937043004,0.06751321575479005,0.02613191849278132,0.025377263126848876,0.048274438865883326,0.5458902493556647,0.8676723504806585,0.5325184614335364,0.8464183884063834,0.5325184614335364,814160,203540,81416,122124,0.75,,,,,,,,,0.007682210415964433,6
bayesfl_observability_v1,vi_sparse_bayesian_keep010_seed42,140,vi,280,22,9,,5,256,28.97740936279297,0.3517153528001573,6.947849930528145,6.947849930528145,,,1.0237987727795421,0.006267443299293518,0.9998257439906387,1.0237987727795421,,-0.0,2.259365973874069,28.97740936279297,62.5306493747533,6.947849930528145,0.000614431063916216,0.3517153528001573,6.947849930528145,0.00125,54.8433619839912,0.09360466283490103,0.09430133923888206,0.10281228199601174,0.12881869077682495,1.478159909176561,1.2393281278112147,3.0531966120266296,,,,,,,,,,,,,,,,,,1,update_snr,bayesian,0.1,20,101770,10177,0.1,0.05466261843636499,0.029519591636620084,0.028417205373817638,0.05466246761075682,0.029519591636620084,0.028417205373817638,0.05466246761075682,0.060620018016048646,0.05937466541562159,0.06739843401415543,0.026063988705572468,0.025371613794659492,0.04805974251817352,0.060620018016048646,0.05937466541562159,0.06739843401415543,0.026063988705572468,0.025371613794659492,0.04805974251817352,0.5451152585525062,0.8666102249789875,0.5324437507114376,0.8464653875548233,0.5324437507114376,814160,203540,81416,122124,0.75,,,,,,,,,0.007681284796508626,9
bayesfl_observability_v1,vi_sparse_bayesian_keep010_seed42,140,vi,284,22,369,,5,256,71.60006494522095,0.012609591652061235,0.3382483111848106,0.3382483111848106,,,1.444307212622711,0.012134656310081482,0.9996532719880274,1.444307212622711,,-0.0,2.3096097079310103,71.60006494522095,124.81362682719511,0.3382483111848106,0.0012264284841033222,0.012609591652061235,0.3382483111848106,0.00125,54.8512699095939,0.0936865997059536,0.09438125416636467,0.1029138632118702,0.12923964858055115,1.4770635318963867,1.2380644615524916,3.052715960357957,,,,,,,,,,,,,,,,,,1,update_snr,bayesian,0.1,20,101770,10177,0.1,0.07981341841939993,0.040334725112071104,0.03644764368303645,0.07981303782454804,0.040334725112071104,0.03644764368303645,0.07981303782454804,0.09352760800489368,0.09075616624683021,0.10901095912938125,0.03442440479064637,0.032425369630153196,0.06644031193040834,0.09352760800489368,0.09075616624683021,0.10901095912938125,0.03442440479064637,0.032425369630153196,0.06644031193040834,0.8613640709060473,1.1593425989698427,0.5963856327643065,0.8026980609371864,0.5963856327643065,814160,203540,81416,122124,0.75,,,,,,,,,0.0076962985918253785,369
bayesfl_observability_v1,vi_sparse_bayesian_keep010_seed42,140,vi,153,12,19,,5,256,64.05878882408142,0.98434789557206,3.2948781138797565,3.2948781138797565,,,1.0233859307486568,0.006272420287132263,0.9998258850214174,1.0233859307486568,,-0.0,2.259365973874069,64.05878882408142,62.602684163715374,3.2948781138797565,0.0006151388834009568,0.98434789557206,3.2948781138797565,0.00125,54.84345056631034,0.0936045011083612,0.09429744631052017,0.10281867533922195,0.1284496784210205,1.4779451442987679,1.2385449980170624,3.0530933376293468,,,,,,,,,,,,,,,,,,1,update_snr,bayesian,0.1,20,101770,10177,0.1,0.054814051134999764,0.02951598382505655,0.028246966093478078,0.05481344991874934,0.02951598382505655,0.028246966093478078,0.05481344991874934,0.06077784977168357,0.05956255303784636,0.06753281818734029,0.026042443164320223,0.025267740481863227,0.048221424230361735,0.06077784977168357,0.05956255303784636,0.06753281818734029,0.026042443164320223,0.025267740481863227,0.048221424230361735,0.5457277961348288,0.8657366434315446,0.5332570829223754,0.8459532395547161,0.5332570829223754,814160,203540,81416,122124,0.75,,,,,,,,,0.0076825728514907515,19
bayesfl_observability_v1,vi_sparse_bayesian_keep010_seed42,141,vi,171,13,11,,5,256,51.332204532623294,1.10807297446511,5.695852200057136,5.695852200057136,,,1.025657115037385,0.006269124336540699,0.9998252433204987,1.025657115037385,,0.6791932659915256,1.6161745905690754,51.332204532623294,62.65437420062849,5.695852200057136,0.0006156467937567898,1.10807297446511,5.695852200057136,0.00125,54.86109135466819,0.09370591947969009,0.0944099947810173,0.10290103480219841,0.1288733333349228,1.4770338946395694,1.2386938001001,3.051429141284916,,,,,,,,,,,,,,,,,,1,update_snr,bayesian,0.1,20,101770,10177,0.1,0.05469459441861746,0.02953569188914597,0.028360405858420635,0.05469456718631787,0.02953569188914597,0.028360405858420635,0.05469456718631787,0.06067872733696854,0.05943824770434593,0.0674714507845743,0.026075354617165678,0.02530491265438514,0.048196370147022626,0.06067872733696854,0.05943824770434593,0.0674714507845743,0.026075354617165678,0.02530491265438514,0.048196370147022626,0.5464514493495921,0.8679650517909937,0.5327818052816551,0.8462526501942674,0.5327818052816551,814160,203540,81416,122124,0.75,,,,,,,,,0.007669109086768055,11
bayesfl_observability_v1,vi_sparse_bayesian_keep010_seed42,141,vi,172,13,1,,5,256,22.899618911743165,0.02491249144077301,62.60320230414664,62.60320230414664,,,1.0252792507319761,0.006272256374359131,0.9998254042809673,1.0252792507319761,,-0.0,2.185987945410232,22.899618911743165,62.60320230414664,62.60320230414664,0.0006151439746894629,0.02491249144077301,62.60320230414664,0.00125,54.86905423919214,0.09370793693819647,0.09440106526017189,0.10289304479956626,0.12769953906536102,1.4772146549384315,1.2400914947625514,3.05317185756834,,,,,,,,,,,,,,,,,,1,update_snr,bayesian,0.1,20,101770,10177,0.1,0.054679693110552034,0.029529186232812924,0.028355751264696305,0.05467613760673235,0.029529186232812924,0.028355751264696305,0.05467613760673235,0.06061241537642452,0.059445399219435466,0.06729754197221763,0.02607549410574496,0.025265477393431966,0.048232433180245324,0.06061241537642452,0.059445399219435466,0.06729754197221763,0.02607549410574496,0.025265477393431966,0.048232433180245324,0.5465088328971716,0.8674823557553746,0.5330341294891155,0.8460937399601661,0.5330341294891155,814160,203540,81416,122124,0.75,,,,,,,,,0.007669957217273373,1
bayesfl_observability_v1,vi_sparse_bayesian_keep010_seed42,141,vi,27,2,1,,5,256,22.43194236755371,0.3868185579776764,63.18035680349871,63.18035680349871,,,1.0297504346724433,0.006267099641263485,0.9998239048406307,1.0297504346724433,,-0.0,2.3163460082440825,22.43194236755371,63.18035680349871,63.18035680349871,0.000620815140055996,0.3868185579776764,63.18035680349871,0.00125,54.873423706114245,0.09370637611517406,0.09440647810697556,0.10288652256131173,0.1285179853439331,1.4773498622118324,1.2396963719620608,3.0538635344161955,,,,,,,,,,,,,,,,,,1,update_snr,bayesian,0.1,20,101770,10177,0.1,0.05486536839600541,0.029686642452311438,0.028687143035423066,0.05486428833902879,0.029686642452311438,0.028687143035423066,0.05486428833902879,0.06081379439063189,0.05965535492249313,0.06758744490897031,0.026228070014720266,0.02552485587939514,0.04838187693701471,0.06081379439063189,0.05965535492249313,0.06758744490897031,0.026228070014720266,0.02552485587939514,0.04838187693701471,0.5473226954440178,0.8722521566381947,0.5315100407004125,0.8470519916951064,0.5315100407004125,814160,203540,81416,122124,0.75,,,,,,,,,0.00767047892122979,1
bayesfl_observability_v1,vi_sparse_bayesian_keep010_seed42,141,vi,8,0,25,,5,256,82.69225492477418,0.8486564636230469,2.525211817694748,2.525211817694748,,,1.0295369829881993,0.006267040967941284,0.9998239685310528,1.0295369829881993,,0.34883209584303193,1.9674200764769605,82.69225492477418,63.130295442368705,2.525211817694748,0.0006203232331961158,0.8486564636230469,2.525211817694748,0.00125,54.87201492206705,0.09370624864607731,0.09439696371555328,0.10289011299610137,0.1288272738456726,1.4773065540635548,1.2400559034718266,3.055131323504346,,,,,,,,,,,,,,,,,,1,update_snr,bayesian,0.1,20,101770,10177,0.1,0.05478858632416555,0.029676042399669204,0.02854163112332237,0.05478811623376804,0.029676042399669204,0.02854163112332237,0.05478811623376804,0.06078726890913115,0.05962826484485127,0.06744604537002229,0.02621923945417343,0.025504556572716955,0.04837960497971491,0.06078726890913115,0.05962826484485127,0.06744604537002229,0.02621923945417343,0.025504556572716955,0.04837960497971491,0.5470927842254442,0.8721444173924958,0.5313969223694367,0.8471229609072649,0.5313969223694367,814160,203540,81416,122124,0.75,,,,,,,,,0.007669497318147095,25
bayesfl_observability_v1,vi_sparse_bayesian_keep010_seed42,141,vi,188,15,1,,5,256,30.992495632171632,3.3484911918640137,62.60650032170764,62.60650032170764,,,1.0250102732806248,0.006262627430260181,0.999825541166605,1.0250102732806248,,-0.0,2.28098669344155,30.992495632171632,62.60650032170764,62.60650032170764,0.0006151763812686219,3.3484911918640137,62.60650032170764,0.00125,54.876000384944085,0.09370742194933625,0.09440704435110092,0.10289676114916801,0.127885103225708,1.4774844636023032,1.2395710720171893,3.054717873737154,,,,,,,,,,,,,,,,,,1,update_snr,bayesian,0.1,20,101770,10177,0.1,0.05475195933521397,0.02950205096737415,0.02818812870442247,0.05475179032062596,0.02950205096737415,0.02818812870442247,0.05475179032062596,0.0606653019653858,0.0593931654968564,0.0673075714797369,0.02603946752315063,0.025169137469143645,0.04825955856009126,0.0606653019653858,0.0593931654968564,0.0673075714797369,0.02603946752315063,0.025169137469143645,0.04825955856009126,0.5461380802034425,0.8673979811381392,0.532812298998219,0.846233451262849,0.532812298998219,814160,203540,81416,122124,0.75,,,,,,,,,0.007669562207946779,1
bayesfl_observability_v1,vi_sparse_bayesian_keep010_seed42,141,vi,21,1,1,,5,256,29.493435382843018,0.07004771381616592,62.451174480248284,62.451174480248284,,,1.0238627595088299,0.006266612559556961,0.9998259065553232,1.0238627595088299,,-0.0,2.3277319754160017,29.493435382843018,62.451174480248284,62.451174480248284,0.0006136501373710159,0.07004771381616592,62.451174480248284,0.00125,54.872456668580256,0.09370597500653846,0.09440892562270164,0.10288936495780945,0.12812082469463348,1.4774466190011493,1.239360891598985,3.0552596286389475,,,,,,,,,,,,,,,,,,1,update_snr,bayesian,0.1,20,101770,10177,0.1,0.054657683707694506,0.029455138585264835,0.028339389016931567,0.054656799924931006,0.029455138585264835,0.028339389016931567,0.054656799924931006,0.06064018448595847,0.05938835452604759,0.067438765043785,0.025990133485187774,0.02519315538198725,0.048164426089932724,0.06064018448595847,0.05938835452604759,0.067438765043785,0.025990133485187774,0.02519315538198725,0.048164426089932724,0.5457269004355441,0.8663008140652128,0.5330078620081286,0.8461102877506717,0.5330078620081286,814160,203540,81416,122124,0.75,,,,,,,,,0.007668255097276186,1
bayesfl_observability_v1,vi_sparse_bayesian_keep010_seed42,141,vi,109,8,1,,5,256,24.11021957397461,0.002541171619668603,62.68429998934829,62.68429998934829,,,1.0261852061593362,0.006269395351409912,0.999825116606587,1.0261852061593362,,-0.0,2.28098669344155,24.11021957397461,62.68429998934829,62.68429998934829,0.0006159408469032946,0.002541171619668603,62.68429998934829,0.00125,54.87258249524074,0.09370540592860084,0.09440074115991592,0.10288730412721635,0.12894082069396973,1.4773238346238082,1.2390599525486765,3.0533959414423633,,,,,,,,,,,,,,,,,,1,update_snr,bayesian,0.1,20,101770,10177,0.1,0.0546736125690462,0.02956012592822063,0.028476225441566375,0.05467349584400455,0.02956012592822063,0.028476225441566375,0.05467349584400455,0.06062501044383705,0.05942036260940052,0.06744164076151568,0.026108472093152136,0.02535738267099545,0.04822168820237242,0.06062501044383705,0.05942036260940052,0.06744164076151568,0.026108472093152136,0.02535738267099545,0.04822168820237242,0.5462429976174143,0.8687201303608785,0.532304494684558,0.8465529664106188,0.532304494684558,814160,203540,81416,122124,0.75,,,,,,,,,0.007668601321584786,1
bayesfl_observability_v1,vi_sparse_bayesian_keep010_seed42,141,vi,46,3,2,,5,256,26.291469287872314,0.030434999614953995,31.335870214140822,31.335870214140822,,,1.0254227296122072,0.006269395351409912,0.9998253643936739,1.0254227296122072,,-0.0,2.4040642619438994,26.291469287872314,62.671740428281645,31.335870214140822,0.0006158174356714321,0.030434999614953995,31.335870214140822,0.00125,54.87064897273402,0.09370562733248296,0.09440311789512634,0.10289094001054765,0.12867064774036407,1.4772502349735526,1.2387001737241061,3.0537724903087002,,,,,,,,,,,,,,,,,,1,update_snr,bayesian,0.1,20,101770,10177,0.1,0.05471780948129817,0.02956465316465247,0.02841539044480177,0.054716737595977304,0.02956465316465247,0.02841539044480177,0.054716737595977304,0.060562088560588985,0.05932154673511505,0.0673351175283804,0.02612049367621508,0.025463355748906253,0.0482409704757467,0.060562088560588985,0.05932154673511505,0.0673351175283804,0.02612049367621508,0.025463355748906253,0.0482409704757467,0.5453745815643619,0.8683653264547401,0.5318534159766586,0.8468364327979517,0.5318534159766586,814160,203540,81416,122124,0.75,,,,,,,,,0.007669168054809621,2
bayesfl_observability_v1,vi_sparse_bayesian_keep010_seed42,141,vi,48,3,1,,5,256,26.84246082305908,0.040580227971076965,62.43044121737518,62.43044121737518,,,1.0232728849147854,0.006264439783990383,0.9998261159286923,1.0232728849147854,,-0.0,2.3292713582565514,26.84246082305908,62.43044121737518,62.43044121737518,0.0006134464107042859,0.040580227971076965,62.43044121737518,0.00125,54.87377126821957,0.09370527946910644,0.09440689533948898,0.10289598479866982,0.12830497324466705,1.4773439464869325,1.2403884707199375,3.05411803444799,,,,,,,,,,,,,,,,,,1,update_snr,bayesian,0.1,20,101770,10177,0.1,0.05465267430121194,0.029484479210279437,0.0283470799812546,0.05465180901691618,0.029484479210279437,0.0283470799812546,0.05465180901691618,0.06060447944582452,0.05938994142619929,0.06740881570290244,0.026026701406329986,0.025298657231503565,0.04813611844556303,0.06060447944582452,0.05938994142619929,0.06740881570290244,0.026026701406329986,0.025298657231503565,0.04813611844556303,0.5449818351294203,0.8660728585868498,0.532586999190157,0.8463752644622977,0.532586999190157,814160,203540,81416,122124,0.75,,,,,,,,,0.007668022343570369,1
bayesfl_observability_v1,vi_sparse_bayesian_keep010_seed42,141,vi,130,10,1,,5,256,23.726657581329345,0.0065477825701236725,62.68562261933934,62.68562261933934,,,1.0260559662950326,0.006271049380302429,0.9998251395560385,1.0260559662950326,,-0.0,2.311121424016332,23.726657581329345,62.68562261933934,62.68562261933934,0.0006159538431692969,0.0065477825701236725,62.68562261933934,0.00125,54.869039594542016,0.09370564058063581,0.09440525248646736,0.10288870707154275,0.1279398500919342,1.4774044502196637,1.2392055282985512,3.0547772915031692,,,,,,,,,,,,,,,,,,1,update_snr,bayesian,0.1,20,101770,10177,0.1,0.05466712622208944,0.029555856491351746,0.028519838639099723,0.054665429218559346,0.029555856491351746,0.028519838639099723,0.054665429218559346,0.06061256838127773,0.05941019717294032,0.06733224592788405,0.02610511072580441,0.025436439273093175,0.04820897502345967,0.06061256838127773,0.05941019717294032,0.06733224592788405,0.02610511072580441,0.025436439273093175,0.04820897502345967,0.5461441176566212,0.8686296384067864,0.5322751736717475,0.8465714024774944,0.5322751736717475,814160,203540,81416,122124,0.75,,,,,,,,,0.00766855935888999,1
bayesfl_observability_v1,vi_sparse_bayesian_keep010_seed42,141,vi,94,7,1,,5,256,17.444565200805663,1.2175215482711792,63.08800423896148,63.08800423896148,,,1.028893030912678,0.0062646083533763885,0.9998241470789051,1.028893030912678,,-0.0,2.3292713582565514,17.444565200805663,63.08800423896148,63.08800423896148,0.0006199076765152941,1.2175215482711792,63.08800423896148,0.00125,54.86367480447419,0.09370716421693707,0.09440485388040543,0.1028880625963211,0.1276102215051651,1.4770821194043255,1.2389038073013408,3.0535180663977304,,,,,,,,,,,,,,,,,,1,update_snr,bayesian,0.1,20,101770,10177,0.1,0.054832233764704946,0.029650552609313,0.028531993422561644,0.05483083650183176,0.029650552609313,0.028531993422561644,0.05483083650183176,0.060837944375634764,0.05957996009812834,0.0676666504734194,0.02618528685749947,0.02544852720490621,0.04832090574702533,0.060837944375634764,0.05957996009812834,0.0676666504734194,0.02618528685749947,0.02544852720490621,0.04832090574702533,0.5471429671135857,0.8713526511113736,0.5317782808075231,0.8468836165975792,0.5317782808075231,814160,203540,81416,122124,0.75,,,,,,,,,0.007668880552780934,1
bayesfl_observability_v1,vi_sparse_bayesian_keep010_seed42,141,vi,114,9,1,,5,256,34.08372311592102,1.8747336864471436,62.29769059937453,62.29769059937453,,,1.022233552582434,0.006270661950111389,0.9998264842714071,1.022233552582434,,-0.0,2.3277319754160017,34.08372311592102,62.29769059937453,62.29769059937453,0.0006121419927225561,1.8747336864471436,62.29769059937453,0.00125,54.87587116919668,0.09370441777490528,0.09439907595515251,0.10289158895611764,0.12875443696975708,1.4774466903199548,1.2392056528871258,3.0531320690972965,,,,,,,,,,,,,,,,,,1,update_snr,bayesian,0.1,20,101770,10177,0.1,0.05460490773083428,0.029413721205642708,0.028214570779523995,0.05460478300185909,0.029413721205642708,0.028214570779523995,0.05460478300185909,0.060558825545752634,0.059295049826732345,0.06730357389901898,0.025953154056741607,0.02514231971458756,0.04814454507226205,0.060558825545752634,0.059295049826732345,0.06730357389901898,0.025953154056741607,0.02514231971458756,0.04814454507226205,0.5455134242118699,0.86450942159698,0.5336485217431552,0.8457063646688168,0.5336485217431552,814160,203540,81416,122124,0.75,,,,,,,,,0.0076686639477821115,1
bayesfl_observability_v1,vi_sparse_bayesian_keep010_seed42,141,vi,223,17,1,,5,256,21.859940481185912,0.3020949959754944,62.61221242224001,62.61221242224001,,,1.0252734062447004,0.006277918815612793,0.9998254329343585,1.0252734062447004,,-0.0,2.311121424016332,21.859940481185912,62.61221242224001,62.61221242224001,0.0006152325088163508,0.3020949959754944,62.61221242224001,0.00125,54.87342923370844,0.093706096533034,0.09440482035279274,0.10289167985320091,0.12797872722148895,1.4774078399085295,1.2388238976334054,3.0517088385393603,,,,,,,,,,,,,,,,,,1,update_snr,bayesian,0.1,20,101770,10177,0.1,0.05461924830156183,0.029519630834082617,0.02837556501137288,0.05461847665194702,0.029519630834082617,0.02837556501137288,0.05461847665194702,0.06060568833848462,0.05938122578405743,0.06744460148732398,0.026065624444704612,0.02528267166340075,0.04832299469297642,0.06060568833848462,0.05938122578405743,0.06744460148732398,0.026065624444704612,0.02528267166340075,0.04832299469297642,0.5455214168565282,0.8680967349918193,0.5320740921727657,0.8466977975869121,0.5320740921727657,814160,203540,81416,122124,0.75,,,,,,,,,0.0076704696905466226,1
bayesfl_observability_v1,vi_sparse_bayesian_keep010_seed42,141,vi,248,19,1,,5,256,30.435908031463622,0.1906936913728714,62.38252400443043,62.38252400443043,,,1.023424198532984,0.006265163421630859,0.9998260587232878,1.023424198532984,,-0.0,2.28098669344155,30.435908031463622,62.38252400443043,62.38252400443043,0.0006129755724126012,0.1906936913728714,62.38252400443043,0.00125,54.872920393017736,0.09370714209057222,0.09440508112311363,0.10290170460939407,0.1277027726173401,1.4773941888335878,1.23849417513805,3.053720453068375,,,,,,,,,,,,,,,,,,1,update_snr,bayesian,0.1,20,101770,10177,0.1,0.054660454703702,0.02944869134808965,0.028295517983215446,0.05466004754554386,0.02944869134808965,0.028295517983215446,0.05466004754554386,0.060611156157958326,0.05944908745969785,0.06725946980361595,0.025986195258104236,0.02522424427443405,0.04809510484406498,0.060611156157958326,0.05944908745969785,0.06725946980361595,0.025986195258104236,0.02522424427443405,0.04809510484406498,0.5461726802512127,0.8655012960649382,0.5336718450024124,0.8456916470272849,0.5336718450024124,814160,203540,81416,122124,0.75,,,,,,,,,0.007668147295481049,1
bayesfl_observability_v1,vi_sparse_bayesian_keep010_seed42,141,vi,260,20,171,,5,256,141.65294494628907,0.10630982382255688,0.3747299596911546,0.3747299596911546,,,1.0372056881619,0.0062598735094070435,0.9998213305941294,1.0372056881619,,-0.0,2.311121424016332,141.65294494628907,64.07882310718743,0.3747299596911546,0.0006296435404066762,0.10630982382255688,0.3747299596911546,0.00125,54.87113340528891,0.0937053306790546,0.09441076591610909,0.10288133397698403,0.12869039177894592,1.477347067293265,1.2394013363472371,3.054292691099104,,,,,,,,,,,,,,,,,,1,update_snr,bayesian,0.1,20,101770,10177,0.1,0.05510209229789115,0.02991033910060501,0.02878914878743867,0.055101700067575914,0.02991033910060501,0.02878914878743867,0.055101700067575914,0.06100053489623477,0.05973929946026886,0.06773857000300892,0.026455872901090593,0.025748282198761574,0.04885317418947082,0.06100053489623477,0.05973929946026886,0.06773857000300892,0.026455872901090593,0.025748282198761574,0.04885317418947082,0.5474357436890751,0.880970911033384,0.5277986323611682,0.8493695330524171,0.5277986323611682,814160,203540,81416,122124,0.75,,,,,,,,,0.007667872419925428,171
bayesfl_observability_v1,vi_sparse_bayesian_keep010_seed42,142,vi,227,18,1,,5,256,23.468208575248717,0.3557076156139374,62.83232477442154,62.83232477442154,,,1.0281462877081373,0.006270948797464371,0.99982449231856,1.0281462877081373,,-0.0,2.3163460082440825,23.468208575248717,62.83232477442154,62.83232477442154,0.0006173953500483594,0.3557076156139374,62.83232477442154,0.00125,54.87868093629529,0.09379840473230525,0.09450817853212357,0.10296306014060974,0.12790945172309875,1.476074718136786,1.238156810620306,3.0520705003165394,,,,,,,,,,,,,,,,,,1,update_snr,bayesian,0.1,20,101770,10177,0.1,0.05471938889844021,0.029586452303268514,0.0284897996046176,0.05471932120404147,0.029586452303268514,0.0284897996046176,0.05471932120404147,0.06064331250214084,0.059360668344803455,0.06745181735142387,0.02613569005894937,0.025353068307206038,0.04828065935122016,0.06064331250214084,0.059360668344803455,0.06745181735142387,0.02613569005894937,0.025353068307206038,0.04828065935122016,0.5470125373675219,0.8705527398674764,0.5320376525279094,0.8467206955617609,0.5320376525279094,814160,203540,81416,122124,0.75,,,,,,,,,0.007657274441894709,1
bayesfl_observability_v1,vi_sparse_bayesian_keep010_seed42,142,vi,232,18,259,,5,256,102.86299259215593,0.016754425307767263,0.49463640571971623,0.49463640571971623,,,1.4660515947975727,0.012035749852657318,0.999643330197659,1.4660515947975727,,-0.0,2.311121424016332,102.86299259215593,128.1108290814065,0.49463640571971623,0.0012588270519937753,0.016754425307767263,0.49463640571971623,0.00125,54.89586642533169,0.09387991699823242,0.09456846863031387,0.10305470079183579,0.12788479030132294,1.4753162345998663,1.2393464782356616,3.050606828397951,,,,,,,,,,,,,,,,,,1,update_snr,bayesian,0.1,20,101770,10177,0.1,0.08078817219444988,0.04092095811550043,0.03690439906056575,0.08078778398616915,0.04092095811550043,0.03690439906056575,0.08078778398616915,0.09457757221549416,0.09199456231114635,0.10980677785695579,0.034959112104390025,0.03294038641310542,0.06742461977081736,0.09457757221549416,0.09199456231114635,0.10980677785695579,0.034959112104390025,0.03294038641310542,0.06742461977081736,0.8706536358847193,1.1795208878732197,0.5938765313405877,0.8045561916503244,0.5938765313405877,814160,203540,81416,122124,0.75,,,,,,,,,0.007671028740604747,259
bayesfl_observability_v1,vi_sparse_bayesian_keep010_seed42,142,vi,216,17,1,,5,256,23.895966482162475,0.0010870745172724128,62.38038343491511,62.38038343491511,,,1.0237895794398602,0.006268441677093506,0.9998259808721919,1.0237895794398602,,-0.0,2.3096097079310103,23.895966482162475,62.38038343491511,62.38038343491511,0.0006129545390086971,0.0010870745172724128,62.38038343491511,0.00125,54.879620669983666,0.0937982341207815,0.09450589120388031,0.10294986739754677,0.12810300290584564,1.4760324991969582,1.2390633131202768,3.0511967506745505,,,,,,,,,,,,,,,,,,1,update_snr,bayesian,0.1,20,101770,10177,0.1,0.0546272898135399,0.029461197050455072,0.02820678160552393,0.054626930112690826,0.029461197050455072,0.02820678160552393,0.054626930112690826,0.06059083651143078,0.05936049730089643,0.06745549127079513,0.026002348221457774,0.025191350221166295,0.048133593482161736,0.06059083651143078,0.05936049730089643,0.06745549127079513,0.026002348221457774,0.025191350221166295,0.048133593482161736,0.5455522666324284,0.8663243199529066,0.53287538532177,0.8461937270614664,0.53287538532177,814160,203540,81416,122124,0.75,,,,,,,,,0.007656380377103,1
bayesfl_observability_v1,vi_sparse_bayesian_keep010_seed42,142,vi,5,0,1,,5,256,22.636539030075074,0.002915182150900364,62.65805312818384,62.65805312818384,,,1.0266969306546292,0.006260707974433899,0.9998250375114746,1.0266969306546292,,-0.0,2.311121424016332,22.636539030075074,62.65805312818384,62.65805312818384,0.0006156829431874211,0.002915182150900364,62.65805312818384,0.00125,54.887345229392764,0.09379856607529795,0.09450115635991096,0.10294181928038597,0.1289394199848175,1.4762872312782211,1.237523741852571,3.0506567301980274,,,,,,,,,,,,,,,,,,1,update_snr,bayesian,0.1,20,101770,10177,0.1,0.05466289468870372,0.029553990198141956,0.028459144259190994,0.05466115775008842,0.029553990198141956,0.028459144259190994,0.05466115775008842,0.060562503658202635,0.059324961525819515,0.06722804048534088,0.026108599813690767,0.025478024587065363,0.048290379528534585,0.060562503658202635,0.059324961525819515,0.06722804048534088,0.026108599813690767,0.025478024587065363,0.048290379528534585,0.5459455636327819,0.8695113736837035,0.5317494845189448,0.8469016977866067,0.5317494845189448,814160,203540,81416,122124,0.75,,,,,,,,,0.0076562717582098015,1
bayesfl_observability_v1,vi_sparse_bayesian_keep010_seed42,142,vi,7,0,80,,5,256,147.8063694000244,0.5421597480773925,0.7940538686376652,0.7940538686376652,,,1.0337784575493363,0.006266072392463684,0.9998226202808792,1.0337784575493363,,-0.0,2.4040642619438994,147.8063694000244,63.52430949101322,0.7940538686376652,0.0006241948461335681,0.5421597480773925,0.7940538686376652,0.00125,54.888018325978244,0.0937977124576594,0.09449588134884834,0.10296319723129273,0.12884677946567535,1.476522614664776,1.2392554517729493,3.0512216377487276,,,,,,,,,,,,,,,,,,1,update_snr,bayesian,0.1,20,101770,10177,0.1,0.055003962559266296,0.029761117827703343,0.02861908697087852,0.055001472989969866,0.029761117827703343,0.02861908697087852,0.055001472989969866,0.060880596302350765,0.05960914073095976,0.06747224526925642,0.02630339799718696,0.02553634486535521,0.04863317148065833,0.060880596302350765,0.05960914073095976,0.06747224526925642,0.02630339799718696,0.02553634486535521,0.04863317148065833,0.5476051639568794,0.87682751080292,0.5297122995337185,0.8481773869437341,0.5297122995337185,814160,203540,81416,122124,0.75,,,,,,,,,0.0076560139822991055,80
bayesfl_observability_v1,vi_sparse_bayesian_keep010_seed42,142,vi,85,6,1,,5,256,30.303052639961244,0.015985310077667236,62.27677798200016,62.27677798200016,,,1.0232924182129342,0.006267264485359192,0.9998261634295633,1.0232924182129342,,-0.0,2.3277319754160017,30.303052639961244,62.27677798200016,62.27677798200016,0.0006119365037044332,0.015985310077667236,62.27677798200016,0.00125,54.88226113204872,0.09379959271014048,0.09449350461363792,0.10295730829238892,0.12790702283382416,1.4760485557503955,1.2382518431243104,3.0528117557993086,,,,,,,,,,,,,,,,,,1,update_snr,bayesian,0.1,20,101770,10177,0.1,0.054584092313005254,0.029418724957424407,0.02830446987209128,0.054583894615243905,0.029418724957424407,0.02830446987209128,0.054583894615243905,0.06047283387386828,0.05927050023644997,0.06720032076312436,0.02596826841115287,0.025213150162809443,0.04816148826054409,0.06047283387386828,0.05927050023644997,0.06720032076312436,0.02596826841115287,0.025213150162809443,0.04816148826054409,0.5450420106453182,0.8660580695333214,0.5326356385960264,0.8463446558568225,0.5326356385960264,814160,203540,81416,122124,0.75,,,,,,,,,0.0076576338325069345,1
bayesfl_observability_v1,vi_sparse_bayesian_keep010_seed42,142,vi,126,10,1,,5,256,20.3098503112793,0.08781436830759048,62.80479850789402,62.80479850789402,,,1.0279450857573997,0.006275646388530731,0.9998246038794546,1.0279450857573997,,-0.0,2.3277319754160017,20.3098503112793,62.80479850789402,62.80479850789402,0.0006171248747950675,0.08781436830759048,62.80479850789402,0.00125,54.88623364111808,0.09379999743578879,0.09449835866689682,0.10296497568488121,0.12871316075325012,1.4762713496208066,1.2392592074550552,3.051698304069204,,,,,,,,,,,,,,,,,,1,update_snr,bayesian,0.1,20,101770,10177,0.1,0.054671316945574894,0.029590897025507587,0.02851972732617921,0.05467128099922499,0.029590897025507587,0.02851972732617921,0.05467128099922499,0.06060328543804706,0.05940859281982837,0.06745357722155226,0.026145076090780976,0.025493938502329783,0.048305389200992234,0.06060328543804706,0.05940859281982837,0.06745357722155226,0.026145076090780976,0.025493938502329783,0.048305389200992234,0.5461333775898222,0.8708670582902543,0.5312865299486557,0.8471921996189039,0.5312865299486557,814160,203540,81416,122124,0.75,,,,,,,,,0.007657620899904097,1
bayesfl_observability_v1,vi_sparse_bayesian_keep010_seed42,142,vi,140,11,2,,5,256,33.716502165794374,1.102408528327942,31.132627732315402,31.132627732315402,,,1.0237836070329682,0.006272554397583008,0.9998260360842772,1.0237836070329682,,-0.0,2.3277319754160017,33.716502165794374,62.265255464630805,31.132627732315402,0.000611823282545257,1.102408528327942,31.132627732315402,0.00125,54.88827448640458,0.09379913037028055,0.09450305998325348,0.10297083631157875,0.1289031207561493,1.476232133207234,1.240235983730087,3.050481494291773,,,,,,,,,,,,,,,,,,1,update_snr,bayesian,0.1,20,101770,10177,0.1,0.054495557875125965,0.029435258222840446,0.028230357663729878,0.05449548708779671,0.029435258222840446,0.028230357663729878,0.05449548708779671,0.06045811068150722,0.05922196605597884,0.06729244804495534,0.02598827461632192,0.025157180702940624,0.04811671090421711,0.06045811068150722,0.05922196605597884,0.06729244804495534,0.02598827461632192,0.025157180702940624,0.04811671090421711,0.5453707646573601,0.866431533986663,0.5327012084496073,0.8463033868042408,0.5327012084496073,814160,203540,81416,122124,0.75,,,,,,,,,0.0076555591951218225,2
bayesfl_observability_v1,vi_sparse_bayesian_keep010_seed42,142,vi,206,16,38,,5,256,82.07282238006592,0.33710038034539475,1.6589360106101183,1.6589360106101183,,,1.0293785834931162,0.006268743425607681,0.9998240984782133,1.0293785834931162,,-0.0,2.3277319754160017,82.07282238006592,63.0395684031845,1.6589360106101183,0.0006194317421949935,0.33710038034539475,1.6589360106101183,0.00125,54.88381497255183,0.09379651480633207,0.09449312463402748,0.1029665432870388,0.12872140109539032,1.476226372995337,1.2390429618252523,3.0511849619536795,,,,,,,,,,,,,,,,,,1,update_snr,bayesian,0.1,20,101770,10177,0.1,0.05486448165605544,0.02962339528347003,0.028557245090600383,0.05486373762908026,0.02962339528347003,0.028557245090600383,0.05486373762908026,0.060814506541713664,0.059621373183896285,0.06740681456001198,0.026157716254776284,0.02544590336576949,0.048449592828391286,0.060814506541713664,0.059621373183896285,0.06740681456001198,0.026157716254776284,0.02544590336576949,0.048449592828391286,0.5472524462468666,0.8718572292704326,0.5316337983152982,0.8469743233940742,0.5316337983152982,814160,203540,81416,122124,0.75,,,,,,,,,0.007655647440690751,38
bayesfl_observability_v1,vi_sparse_bayesian_keep010_seed42,142,vi,66,5,62,,5,256,124.79407978057861,0.39663603997999625,1.0108663184625264,1.0108663184625264,,,1.0260279782762505,0.006274506449699402,0.9998252517973695,1.0260279782762505,,0.5614271145662422,1.826949466466651,124.79407978057861,62.67371174467664,1.0108663184625264,0.0006158368059809043,0.39663603997999625,1.0108663184625264,0.00125,54.88538153610977,0.09379731707558236,0.09449447318911552,0.10297037363052368,0.12857823073863983,1.4763261628784632,1.2402934306991713,3.0485290180396363,,,,,,,,,,,,,,,,,,1,update_snr,bayesian,0.1,20,101770,10177,0.1,0.05489902356963045,0.0295082598908684,0.028328868442293598,0.05489852666074353,0.0295082598908684,0.028328868442293598,0.05489852666074353,0.06086369015673898,0.0595739827029166,0.06756468651900766,0.026024323194660557,0.025247425423519397,0.04825460433794118,0.06086369015673898,0.0595739827029166,0.06756468651900766,0.026024323194660557,0.025247425423519397,0.04825460433794118,0.5474372500242467,0.8677821555503091,0.5335500216514109,0.845768511116239,0.5335500216514109,814160,203540,81416,122124,0.75,,,,,,,,,0.007656631164706493,62
bayesfl_observability_v1,vi_sparse_bayesian_keep010_seed42,142,vi,72,5,1,,5,256,27.38270034790039,0.13239508867263794,62.84210208843548,62.84210208843548,,,1.027626639304502,0.006263509392738342,0.9998247103757026,1.027626639304502,,-0.0,2.28098669344155,27.38270034790039,62.84210208843548,62.84210208843548,0.0006174914227025202,0.13239508867263794,62.84210208843548,0.00125,54.885917789739835,0.09379800697566221,0.09449123218655586,0.10296902433037758,0.1281212866306305,1.4762278436768275,1.2400655164261674,3.0513090714903788,,,,,,,,,,,,,,,,,,1,update_snr,bayesian,0.1,20,101770,10177,0.1,0.05467967915007474,0.029609175235189657,0.028571339622905582,0.054679527419612566,0.029609175235189657,0.028571339622905582,0.054679527419612566,0.060624649466292306,0.05941008258800221,0.0673244752462072,0.026163011431733805,0.0254562005765022,0.0482645030212093,0.060624649466292306,0.05941008258800221,0.0673244752462072,0.026163011431733805,0.0254562005765022,0.0482645030212093,0.5459225813239285,0.8706233657609267,0.5312460386326779,0.8472175909629638,0.5312460386326779,814160,203540,81416,122124,0.75,,,,,,,,,0.007658629599721947,1
bayesfl_observability_v1,vi_sparse_bayesian_keep010_seed42,142,vi,28,2,568,,5,256,245.9377341747284,0.014477842710387538,0.3422245108806895,0.3422245108806895,,,1.806207889671026,0.016979336738586426,0.999458746063591,1.806207889671026,,0.08787175099597194,2.241159561925204,245.9377341747284,194.38352218023164,0.3422245108806895,0.001910027730964249,0.014477842710387538,0.3422245108806895,0.00125,54.904883570697415,0.09392855082794774,0.09462912380695343,0.1031239353120327,0.1285243183374405,1.4745199316920992,1.236956947028224,3.0472297462887514,,,,,,,,,,,,,,,,,,1,update_snr,bayesian,0.1,20,101770,10177,0.1,0.10009603393400551,0.0498048349947304,0.044057972959138894,0.1000954342546682,0.0498048349947304,0.044057972959138894,0.1000954342546682,0.11973220411952629,0.11547284983584269,0.14299612247345264,0.042035127314197514,0.039118568004214094,0.08188670053651562,0.11973220411952629,0.11547284983584269,0.14299612247345264,0.042035127314197514,0.039118568004214094,0.08188670053651562,1.1097769191178695,1.4250551324433427,0.6144236914611191,0.788976252729632,0.6144236914611191,814160,203540,81416,122124,0.75,,,,,,,,,0.007680938198322486,568
bayesfl_observability_v1,vi_sparse_bayesian_keep010_seed42,142,vi,30,2,189,,5,256,293.9360832214355,0.19407877846369667,0.3521852953085071,0.3521852953085071,,,1.0582418372831925,0.0062684714794158936,0.999814105209323,1.0582418372831925,,-0.0,2.4040642619438994,293.9360832214355,66.56302081330784,0.3521852953085071,0.0006540534618581886,0.19407877846369667,0.3521852953085071,0.00125,54.88535761421664,0.09379548534258235,0.09451046213507652,0.10296129509806633,0.1288655698299408,1.4763938832607784,1.2397784342877407,3.0510986791247414,,,,,,,,,,,,,,,,,,1,update_snr,bayesian,0.1,20,101770,10177,0.1,0.05600536747245984,0.03052572480054762,0.029607908896322983,0.056004477945675646,0.03052572480054762,0.029607908896322983,0.056004477945675646,0.061808985057399304,0.060571216186680855,0.06833912003749722,0.027049806994230766,0.02629274431902719,0.04984849446636937,0.061808985057399304,0.060571216186680855,0.06833912003749722,0.027049806994230766,0.02629274431902719,0.04984849446636937,0.5534494761189545,0.9019808554288513,0.5229896008834961,0.8523390624438857,0.5229896008834961,814160,203540,81416,122124,0.75,,,,,,,,,0.007656295780974602,189
bayesfl_observability_v1,vi_sparse_bayesian_keep010_seed42,142,vi,114,9,1,,5,256,25.499188280105592,1.7152135372161865,62.246923993684916,62.246923993684916,,,1.0234859734250068,0.0062606483697891235,0.9998261228181659,1.0234859734250068,,-0.0,2.3277319754160017,25.499188280105592,62.246923993684916,62.246923993684916,0.0006116431560743335,1.7152135372161865,62.246923993684916,0.00125,54.88628564393485,0.09379664476365335,0.09449637308716774,0.10294142216444016,0.1286904364824295,1.4762733171368552,1.2390841809515325,3.0510771791658344,,,,,,,,,,,,,,,,,,1,update_snr,bayesian,0.1,20,101770,10177,0.1,0.05463373730438791,0.029442527033278373,0.028243547148821484,0.054631994529805945,0.029442527033278373,0.028243547148821484,0.054631994529805945,0.06051784674666405,0.0593429970178685,0.06723572768131941,0.025989713731791066,0.025158049469750195,0.048046230081173896,0.06051784674666405,0.0593429970178685,0.06723572768131941,0.025989713731791066,0.025158049469750195,0.048046230081173896,0.5458574621805637,0.8657731624273928,0.5333316492398027,0.845906231162268,0.5333316492398027,814160,203540,81416,122124,0.75,,,,,,,,,0.007656553917103945,1
bayesfl_observability_v1,vi_sparse_bayesian_keep010_seed42,142,vi,117,9,1,,5,256,24.293873532861472,7.033100700937212e-05,62.50156836361776,62.50156836361776,,,1.024526505478611,0.006264597177505493,0.9998257652057617,1.024526505478611,,-0.0,2.3277319754160017,24.293873532861472,62.50156836361776,62.50156836361776,0.0006141453116204948,7.033100700937212e-05,62.50156836361776,0.00125,54.88572313234456,0.09379782235936038,0.09449538215994835,0.10296589806675911,0.12872810661792755,1.4762005770391895,1.238951158360943,3.0522487298319985,,,,,,,,,,,,,,,,,,1,update_snr,bayesian,0.1,20,101770,10177,0.1,0.054732107346050066,0.02947222148049453,0.02833548260770412,0.05473182032884068,0.02947222148049453,0.02833548260770412,0.05473182032884068,0.060645638049137286,0.05945119131864699,0.06726919080339878,0.026008508528423114,0.025295109728706484,0.04815023822086191,0.060645638049137286,0.05945119131864699,0.06726919080339878,0.026008508528423114,0.025295109728706484,0.04815023822086191,0.5456229178669292,0.8671506166327703,0.532561056204241,0.8463915886955778,0.532561056204241,814160,203540,81416,122124,0.75,,,,,,,,,0.0076576084205721056,1
bayesfl_observability_v1,vi_sparse_bayesian_keep010_seed42,143,vi,166,13,9,,5,256,37.999948501586914,0.4212782118055556,6.934203078514955,6.934203078514955,,,1.0255872874017533,0.006269779056310654,0.9998255540412365,1.0255872874017533,,-0.0,2.3277319754160017,37.999948501586914,62.40782770663459,6.934203078514955,0.0006132242085745759,0.4212782118055556,6.934203078514955,0.00125,54.90927607811834,0.09390732900627449,0.0946199893951416,0.10306670367717743,0.12834776937961578,1.4751055226835907,1.237911967324562,3.0500178147075063,,,,,,,,,,,,,,,,,,1,update_snr,bayesian,0.1,20,101770,10177,0.1,0.05449936468441326,0.029479568018879722,0.028443600700282578,0.05449919094205259,0.029479568018879722,0.028443600700282578,0.05449919094205259,0.06048670794798152,0.05929372606085831,0.06722191942454683,0.02603433024897953,0.02532375945164744,0.04811612205347951,0.06048670794798152,0.05929372606085831,0.06722191942454683,0.02603433024897953,0.02532375945164744,0.04811612205347951,0.5463631502660308,0.8679381268912351,0.5327319838862277,0.8462840145865007,0.5327319838862277,814160,203540,81416,122124,0.75,,,,,,,,,0.00764577888304642,9
bayesfl_observability_v1,vi_sparse_bayesian_keep010_seed42,143,vi,282,22,9,,5,256,36.74222464561463,0.14744044674767387,6.89842789161501,6.89842789161501,,,1.0231346188623358,0.006269931793212891,0.9998263653564811,1.0231346188623358,,-0.0,2.185987945410232,36.74222464561463,62.08585102453509,6.89842789161501,0.0006100604404493965,0.14744044674767387,6.89842789161501,0.00125,54.90500006247152,0.09390829743218408,0.0946083664894104,0.10306198075413704,0.12821759283542633,1.474981124559098,1.2387987967882845,3.0509473619098246,,,,,,,,,,,,,,,,,,1,update_snr,bayesian,0.1,20,101770,10177,0.1,0.05451063094058082,0.02936691171312437,0.028201429734198882,0.054510543153168105,0.02936691171312437,0.028201429734198882,0.054510543153168105,0.06045744001392661,0.05927636983834312,0.06723713759506672,0.025912408568590794,0.02515143063715018,0.04807534310266724,0.06045744001392661,0.05927636983834312,0.06723713759506672,0.025912408568590794,0.02515143063715018,0.04807534310266724,0.5459690652091344,0.865287367381058,0.5336238801265655,0.8457219132543923,0.5336238801265655,814160,203540,81416,122124,0.75,,,,,,,,,0.007646296975354636,9
bayesfl_observability_v1,vi_sparse_bayesian_keep010_seed42,143,vi,88,7,140,,5,256,113.30203514099121,0.04936337471008301,0.45029842509732754,0.45029842509732754,,,1.0303579457244187,0.0062636882066726685,0.9998239669032252,1.0303579457244187,,-0.0,2.3155014849272724,113.30203514099121,63.041779513625855,0.45029842509732754,0.0006194534687395682,0.04936337471008301,0.45029842509732754,0.00125,54.91504109291957,0.0939067442482946,0.09460699930787086,0.10303971916437149,0.12878285348415375,1.4753045690689681,1.23951412634458,3.050542682301841,,,,,,,,,,,,,,,,,,1,update_snr,bayesian,0.1,20,101770,10177,0.1,0.05494682183310543,0.02961747114437398,0.028455847864964003,0.0549444178528189,0.02961747114437398,0.028455847864964003,0.0549444178528189,0.0608438495481455,0.05963748477431896,0.0674425584082878,0.026147873543954918,0.025403539973496144,0.048352240820207566,0.0608438495481455,0.05963748477431896,0.0674425584082878,0.026147873543954918,0.025403539973496144,0.048352240820207566,0.5479274453128141,0.8725898297541738,0.5317835880108442,0.8468802840557296,0.5317835880108442,814160,203540,81416,122124,0.75,,,,,,,,,0.0076459606077624795,140
bayesfl_observability_v1,vi_sparse_bayesian_keep010_seed42,143,vi,97,7,1882,,5,256,211.19166464582085,0.009321460498380103,0.16523675758071685,0.16523675758071685,,,2.27686611712062,0.03235617280006409,0.9991411367258634,2.27686611712062,,-0.0,2.3096097079310103,211.19166464582085,310.9755777669091,0.16523675758071685,0.0030556704113875316,0.009321460498380103,0.16523675758071685,0.00125,54.948235401126766,0.09417726871204936,0.09485821798443794,0.10340505540370941,0.12844766676425934,1.4720253587979588,1.2373990082885449,3.0439696848730566,,,,,,,,,,,,,,,,,,1,update_snr,bayesian,0.1,20,101770,10177,0.1,0.1253315913066497,0.060980971113707705,0.051698071512347385,0.12532871263364204,0.060980971113707705,0.051698071512347385,0.12532871263364204,0.157515868344293,0.14910026802194287,0.19691003398911466,0.05025487142142045,0.0456869766345938,0.09993850012025002,0.157515868344293,0.14910026802194287,0.19691003398911466,0.05025487142142045,0.0456869766345938,0.09993850012025002,1.489775842001049,1.7218267206319025,0.6543098124210551,0.7562265992211111,0.6543098124210551,814160,203540,81416,122124,0.75,,,,,,,,,0.007708303453778187,1882
bayesfl_observability_v1,vi_sparse_bayesian_keep010_seed42,143,vi,272,21,1,,5,256,22.940951120853423,0.01782364770770073,62.457949790004086,62.457949790004086,,,1.0259418659851887,0.006266579031944275,0.9998254418749318,1.0259418659851887,,-0.0,2.28098669344155,22.940951120853423,62.457949790004086,62.457949790004086,0.0006137167120959427,0.01782364770770073,62.457949790004086,0.00125,54.910661261581694,0.09390570037264603,0.09462444484233856,0.10305005460977554,0.12812669575214386,1.4750478612050746,1.2398149034974817,3.049153047555653,,,,,,,,,,,,,,,,,,1,update_snr,bayesian,0.1,20,101770,10177,0.1,0.0546306977315925,0.02948613435752436,0.02838368974850309,0.05463068283409456,0.02948613435752436,0.02838368974850309,0.05463068283409456,0.06054976057873453,0.05930590202463365,0.06736876503764734,0.02603462033294546,0.025337623389385083,0.04818033379280021,0.06054976057873453,0.05930590202463365,0.06736876503764734,0.02603462033294546,0.025337623389385083,0.04818033379280021,0.5458596081660818,0.8686737020043505,0.532057055339978,0.8467085034785893,0.532057055339978,814160,203540,81416,122124,0.75,,,,,,,,,0.007643975444718728,1
bayesfl_observability_v1,vi_sparse_bayesian_keep010_seed42,143,vi,58,4,1,,5,256,21.344850921630858,0.00010191874753218144,62.4671638994612,62.4671638994612,,,1.026044023976097,0.006260942667722702,0.9998253948093291,1.026044023976097,,-0.0,2.3292713582565514,21.344850921630858,62.4671638994612,62.4671638994612,0.000613807250657966,0.00010191874753218144,62.4671638994612,0.00125,54.90861755636943,0.09390711759094365,0.09462076053023338,0.10306360200047494,0.12816590070724487,1.4750035754618143,1.2392649761748462,3.0482655425162672,,,,,,,,,,,,,,,,,,1,update_snr,bayesian,0.1,20,101770,10177,0.1,0.05472628367258992,0.029478881456024893,0.02832430307867216,0.05472520157227043,0.029478881456024893,0.02832430307867216,0.05472520157227043,0.06053242410050324,0.05933724559434889,0.06708397072184195,0.026028487828860625,0.02531431978452827,0.0482423067929049,0.06053242410050324,0.05933724559434889,0.06708397072184195,0.026028487828860625,0.02531431978452827,0.0482423067929049,0.5460788376541963,0.8686565732228729,0.5322177459189781,0.846607507011911,0.5322177459189781,814160,203540,81416,122124,0.75,,,,,,,,,0.007645514573084903,1
bayesfl_observability_v1,vi_sparse_bayesian_keep010_seed42,143,vi,10,0,11,,5,256,60.32311277389526,1.3604156320745295,5.678064664961849,5.678064664961849,,,1.026375467407786,0.006264328956604004,0.9998253289179238,1.026375467407786,,-0.0,2.3163460082440825,60.32311277389526,62.45871131458034,5.678064664961849,0.0006137241948961417,1.3604156320745295,5.678064664961849,0.00125,54.91549888308563,0.0939059676252722,0.09460661932826042,0.10305835157632828,0.1281900852918625,1.475302711287917,1.2393308401213932,3.051386634658823,,,,,,,,,,,,,,,,,,1,update_snr,bayesian,0.1,20,101770,10177,0.1,0.05464497310007807,0.029495993580090467,0.02838343965728059,0.0546434476785566,0.029495993580090467,0.02838343965728059,0.0546434476785566,0.060476564204684974,0.05924567639899355,0.06720747573917216,0.026053707955135525,0.02533588580560988,0.04813283300453093,0.060476564204684974,0.05924567639899355,0.06720747573917216,0.026053707955135525,0.02533588580560988,0.04813283300453093,0.5460467400604456,0.8690682123780111,0.5320146061553296,0.8467351763316497,0.5320146061553296,814160,203540,81416,122124,0.75,,,,,,,,,0.007645864500216955,11
bayesfl_observability_v1,vi_sparse_bayesian_keep010_seed42,143,vi,242,19,1,,5,256,18.35465979576111,0.04616213217377663,62.66299202818653,62.66299202818653,,,1.0274199813658222,0.0062698982656002045,0.9998249039695123,1.0274199813658222,,-0.0,2.185987945410232,18.35465979576111,62.66299202818653,62.66299202818653,0.000615731473206117,0.04616213217377663,62.66299202818653,0.00125,54.90412630307657,0.0939083911761476,0.09461599215865135,0.1030620701611042,0.1282985955476761,1.4748645802907066,1.2384821630066434,3.049860441636056,,,,,,,,,,,,,,,,,,1,update_snr,bayesian,0.1,20,101770,10177,0.1,0.05466804206203927,0.029543742640478564,0.028418501208166757,0.05466783397637798,0.029543742640478564,0.028418501208166757,0.05466783397637798,0.06061122994347229,0.05933487903305123,0.06744764348789693,0.026091799606812596,0.025355085326162406,0.04823466899565498,0.06061122994347229,0.05933487903305123,0.06744764348789693,0.026091799606812596,0.025355085326162406,0.04823466899565498,0.5462796870067153,0.8701553434149515,0.5317004700263926,0.8469324708462379,0.5317004700263926,814160,203540,81416,122124,0.75,,,,,,,,,0.007647780594005971,1
bayesfl_observability_v1,vi_sparse_bayesian_keep010_seed42,143,vi,248,19,1,,5,256,23.02334065437317,0.04281935840845108,62.45556201447594,62.45556201447594,,,1.0262942782738513,0.00627213716506958,0.999825317138797,1.0262942782738513,,-0.0,2.28098669344155,23.02334065437317,62.45556201447594,62.45556201447594,0.0006136932496263725,0.04281935840845108,62.45556201447594,0.00125,54.90989353484301,0.09390608170715374,0.09461431577801704,0.10305503755807877,0.12790419161319733,1.4750931950049522,1.238925171198499,3.0474626989483413,,,,,,,,,,,,,,,,,,1,update_snr,bayesian,0.1,20,101770,10177,0.1,0.05456488787972581,0.02949936481365442,0.0284443136278558,0.05456470321060742,0.02949936481365442,0.0284443136278558,0.05456470321060742,0.060462419662720306,0.05924280986751877,0.06708611153559421,0.02605902538598043,0.02533150832080752,0.048154714337576454,0.060462419662720306,0.05924280986751877,0.06708611153559421,0.02605902538598043,0.02533150832080752,0.048154714337576454,0.5459239619374668,0.8690494654506987,0.5319370608356789,0.8467838941013816,0.5319370608356789,814160,203540,81416,122124,0.75,,,,,,,,,0.007644262877865501,1
bayesfl_observability_v1,vi_sparse_bayesian_keep010_seed42,143,vi,217,17,1,,5,256,29.377223873138426,0.15458369255065918,62.40264771079261,62.40264771079261,,,1.0256337579886596,0.006270408630371094,0.999825564116037,1.0256337579886596,,-0.0,2.311121424016332,29.377223873138426,62.40264771079261,62.40264771079261,0.0006131733095292582,0.15458369255065918,62.40264771079261,0.00125,54.91322833148204,0.09390724536814465,0.09461730346083641,0.10305084809660912,0.12889662384986877,1.4752259123139169,1.2393010538020466,3.050585965808072,,,,,,,,,,,,,,,,,,1,update_snr,bayesian,0.1,20,101770,10177,0.1,0.054542126751942185,0.029482821472582098,0.028376072225099337,0.054540649489759056,0.029482821472582098,0.028376072225099337,0.054540649489759056,0.060487264706741824,0.05929786694978364,0.06720518303767309,0.026037883335453243,0.025301367420371076,0.04811889513531104,0.060487264706741824,0.05929786694978364,0.06720518303767309,0.026037883335453243,0.025301367420371076,0.04811889513531104,0.5459783354618112,0.8682351425347232,0.5323326491636872,0.8465352624872584,0.5323326491636872,814160,203540,81416,122124,0.75,,,,,,,,,0.00764471853003255,1
bayesfl_observability_v1,vi_sparse_bayesian_keep010_seed42,143,vi,218,17,1,,5,256,24.28676767349243,0.01741756685078144,62.11374916317271,62.11374916317271,,,1.0233308559116991,0.006272628903388977,0.9998263478317263,1.0233308559116991,,-0.0,2.185987945410232,24.28676767349243,62.11374916317271,62.11374916317271,0.0006103345697472017,0.01741756685078144,62.11374916317271,0.00125,54.91338738178181,0.09390886548232667,0.09462261199951172,0.10304834023118019,0.12877735495567322,1.4751005750249964,1.240233307171482,3.051260969734392,,,,,,,,,,,,,,,,,,1,update_snr,bayesian,0.1,20,101770,10177,0.1,0.05451209557652195,0.029367329571313997,0.028200961338916142,0.0545104415288665,0.029367329571313997,0.028200961338916142,0.0545104415288665,0.060460153330396796,0.059252907214260755,0.06709713232865938,0.025912571375860352,0.025190271011616232,0.04806435655526233,0.060460153330396796,0.059252907214260755,0.06709713232865938,0.025912571375860352,0.025190271011616232,0.04806435655526233,0.5458781075354753,0.8655767628433998,0.5334326668466819,0.8458425325915203,0.5334326668466819,814160,203540,81416,122124,0.75,,,,,,,,,0.007644180331623051,1
bayesfl_observability_v1,vi_sparse_bayesian_keep010_seed42,143,vi,145,11,1,,5,256,20.129601502418517,0.0020129671320319176,62.466128465227655,62.466128465227655,,,1.0259083661045585,0.006272967904806137,0.9998254278750707,1.0259083661045585,,-0.0,2.3096097079310103,20.129601502418517,62.466128465227655,62.466128465227655,0.0006137970763999966,0.0020129671320319176,62.466128465227655,0.00125,54.90612867687367,0.09390780947523383,0.09461956471204758,0.10305781215429306,0.1281084567308426,1.4750280051953613,1.2399450954151243,3.0497283197088842,,,,,,,,,,,,,,,,,,1,update_snr,bayesian,0.1,20,101770,10177,0.1,0.0546702461408559,0.029479646159622633,0.028327656501963783,0.054670130463772906,0.029479646159622633,0.028327656501963783,0.054670130463772906,0.060551796241390045,0.05933375713942872,0.06726638096090762,0.026027185039426255,0.02523885738679614,0.04820580590872447,0.060551796241390045,0.05933375713942872,0.06726638096090762,0.026027185039426255,0.02523885738679614,0.04820580590872447,0.5460929620076753,0.8684874509680659,0.5323018897693819,0.8465546043510395,0.5323018897693819,814160,203540,81416,122124,0.75,,,,,,,,,0.007646490045263023,1
bayesfl_observability_v1,vi_sparse_bayesian_keep010_seed42,143,vi,49,3,3,,5,256,37.52641582489014,0.2916456460952759,20.704158411441632,20.704158411441632,,,1.0233385250005995,0.0062647610902786255,0.9998263167735466,1.0233385250005995,,-0.0,2.3277319754160017,37.52641582489014,62.1124752343249,20.704158411441632,0.0006103220520224516,0.2916456460952759,20.704158411441632,0.00125,54.90902283507182,0.09390763438626036,0.09461744874715805,0.10304303243756294,0.12857592105865479,1.4749271344899528,1.2391452843085569,3.050240385178397,,,,,,,,,,,,,,,,,,1,update_snr,bayesian,0.1,20,101770,10177,0.1,0.05454799767625706,0.029397744292464584,0.028260184913554396,0.054547844436915675,0.029397744292464584,0.028260184913554396,0.054547844436915675,0.06038931476837702,0.05923116658955991,0.0670248537251137,0.02595423646180765,0.025229545369260458,0.0479906922705488,0.06038931476837702,0.05923116658955991,0.0670248537251137,0.02595423646180765,0.025229545369260458,0.0479906922705488,0.5453275788392479,0.8659327736653272,0.5328906960078811,0.846184085236916,0.5328906960078811,814160,203540,81416,122124,0.75,,,,,,,,,0.007645523678337489,3
bayesfl_observability_v1,vi_sparse_bayesian_keep010_seed42,143,vi,28,2,568,,5,256,154.50972708066305,0.007264029496992138,0.3187084737530673,0.3187084737530673,,,1.7445873097041136,0.016685128211975098,0.9994955141978765,1.7445873097041136,,0.08787175099597194,2.241159561925204,154.50972708066305,181.02641309174223,0.3187084737530673,0.0017787797297017021,0.007264029496992138,0.3187084737530673,0.00125,54.929791085422075,0.09404028189910575,0.09474669769406319,0.10321934074163437,0.12780331075191498,1.4735020797429164,1.2366309559432356,3.0457763340893798,,,,,,,,,,,,,,,,,,1,update_snr,bayesian,0.1,20,101770,10177,0.1,0.09657661482268858,0.04793212992127386,0.041996103578870916,0.09657023334205343,0.04793212992127386,0.041996103578870916,0.09657023334205343,0.11598444026614531,0.11186784180684207,0.1387768140365363,0.04037076210517704,0.03746721838929375,0.07891895342516869,0.11598444026614531,0.11186784180684207,0.1387768140365363,0.04037076210517704,0.03746721838929375,0.07891895342516869,1.0799390174351924,1.370152035287234,0.6190226258256761,0.7853731525306207,0.6190226258256761,814160,203540,81416,122124,0.75,,,,,,,,,0.0076712662528787955,568
bayesfl_observability_v1,vi_sparse_bayesian_keep010_seed42,143,vi,177,14,1,,5,256,26.85281720161438,1.3358612060546875,62.51747306536515,62.51747306536515,,,1.0267001334022214,0.006270691752433777,0.999825181306596,1.0267001334022214,,-0.0,2.259365973874069,26.85281720161438,62.51747306536515,62.51747306536515,0.0006143015924669859,1.3358612060546875,62.51747306536515,0.00125,54.910276792075614,0.09390639929805335,0.09461680054664612,0.1030423492193222,0.12829548120498657,1.4749769154692032,1.2387738566818385,3.051071870225818,,,,,,,,,,,,,,,,,,1,update_snr,bayesian,0.1,20,101770,10177,0.1,0.0546817053009272,0.02948542058908302,0.02830924754780103,0.05468148806425771,0.02948542058908302,0.02830924754780103,0.05468148806425771,0.0605806883814282,0.05934752603216045,0.06730670571430357,0.026030390834378,0.02528556337277588,0.04818919704454039,0.0605806883814282,0.05934752603216045,0.06730670571430357,0.026030390834378,0.02528556337277588,0.04818919704454039,0.54618422764363,0.8693652589110469,0.5319802831170531,0.8467567409679718,0.5319802831170531,814160,203540,81416,122124,0.75,,,,,,,,,0.007643794033678765,1
bayesfl_observability_v1,vi_sparse_bayesian_keep010_seed42,144,vi,66,5,62,,5,256,74.26702270507812,0.2598773587134577,1.0105746814852141,1.0105746814852141,,,1.0296273701117789,0.006273765116930008,0.9998244332819851,1.0296273701117789,,0.5614271145662422,1.826949466466651,74.26702270507812,62.65563025208328,1.0105746814852141,0.0006156591358168741,0.2598773587134577,1.0105746814852141,0.00125,54.949287873013425,0.09403745660940316,0.09475858509540558,0.10315987765789032,0.12791456282138824,1.4741859506881623,1.2391597473560316,3.0441530566810724,,,,,,,,,,,,,,,,,,1,update_snr,bayesian,0.1,20,101770,10177,0.1,0.05464229340520602,0.029565034934947425,0.02842827891683214,0.054640322299399594,0.029565034934947425,0.02842827891683214,0.054640322299399594,0.060479933457883855,0.05925416595947607,0.06707801483147013,0.02613004621017671,0.025469921012241388,0.04819016820555802,0.060479933457883855,0.05925416595947607,0.06707801483147013,0.02613004621017671,0.025469921012241388,0.04819016820555802,0.5472578838953345,0.8721475390079934,0.531510621979603,0.8470516269524876,0.531510621979603,814160,203540,81416,122124,0.75,,,,,,,,,0.007634794155897274,62
bayesfl_observability_v1,vi_sparse_bayesian_keep010_seed42,144,vi,237,19,1,,5,256,31.06435079574585,1.4274228811264038,61.84780444191516,61.84780444191516,,,1.022613796653419,0.00626865029335022,0.9998268133339606,1.022613796653419,,-0.0,2.3163460082440825,31.06435079574585,61.84780444191516,61.84780444191516,0.0006077213760628394,1.4274228811264038,61.84780444191516,0.00125,54.94860486257107,0.09403825010776731,0.09475403279066086,0.1031653881072998,0.1289454698562622,1.4741994707496895,1.2382014989152048,3.0465531408873088,,,,,,,,,,,,,,,,,,1,update_snr,bayesian,0.1,20,101770,10177,0.1,0.05438432469467541,0.029328904255652332,0.02816367342740992,0.054383049368497735,0.029328904255652332,0.02816367342740992,0.054383049368497735,0.06030913910170359,0.059183365563561977,0.06690098798916619,0.02588665593942441,0.02507146128977716,0.047937406277189065,0.06030913910170359,0.059183365563561977,0.06690098798916619,0.02588665593942441,0.02507146128977716,0.047937406277189065,0.5454345686175281,0.8650087331714817,0.53337298049616,0.8458801709915202,0.53337298049616,814160,203540,81416,122124,0.75,,,,,,,,,0.0076360155717964786,1
bayesfl_observability_v1,vi_sparse_bayesian_keep010_seed42,144,vi,246,19,85,,5,256,25.189903724193574,0.007307859028086942,0.7341587727669641,0.7341587727669641,,,1.0270353032145918,0.006266437470912933,0.9998253319797735,1.0270353032145918,,-0.0,2.3096097079310103,25.189903724193574,62.40349568519194,0.7341587727669641,0.0006131816417921975,0.007307859028086942,0.7341587727669641,0.00125,54.95188535033752,0.0940385608907602,0.09476437047123909,0.1031631238758564,0.12831710278987885,1.474234936374974,1.2405714490722803,3.047943689685177,,,,,,,,,,,,,,,,,,1,update_snr,bayesian,0.1,20,101770,10177,0.1,0.054560110476633415,0.029473006172928928,0.02838297053556515,0.0545583263631181,0.029473006172928928,0.02838297053556515,0.0545583263631181,0.0605224479958651,0.05927345759866803,0.06713252497834815,0.026023068192602687,0.02534803113123549,0.048122713813753416,0.0605224479958651,0.05927345759866803,0.06713252497834815,0.026023068192602687,0.02534803113123549,0.048122713813753416,0.5465519142396077,0.869530056461598,0.5321646807358184,0.8466408639897706,0.5321646807358184,814160,203540,81416,122124,0.75,,,,,,,,,0.007635652305828734,85
bayesfl_observability_v1,vi_sparse_bayesian_keep010_seed42,144,vi,76,6,70,,5,256,101.13844375610351,0.1408195768083845,0.8944229040401205,0.8944229040401205,,,1.028555240259425,0.006265535950660706,0.9998248133926858,1.028555240259425,,-0.0,2.311121424016332,101.13844375610351,62.609603282808436,0.8944229040401205,0.000615206871207708,0.1408195768083845,0.8944229040401205,0.00125,54.95170611954997,0.09403856625628369,0.09475714713335037,0.10315504893660546,0.12779563665390015,1.4742286462334404,1.238862820768284,3.0462571608704634,,,,,,,,,,,,,,,,,,1,update_snr,bayesian,0.1,20,101770,10177,0.1,0.05467479346524135,0.02951883802862287,0.028410905380547035,0.054674477766451964,0.02951883802862287,0.028410905380547035,0.054674477766451964,0.06059529457860291,0.05934621960442324,0.06730151054444584,0.026065898411958426,0.025296067894064522,0.04828596480334228,0.06059529457860291,0.05934621960442324,0.06730151054444584,0.026065898411958426,0.025296067894064522,0.04828596480334228,0.5472248995368115,0.8709022859035627,0.5320325813505058,0.846723882019114,0.5320325813505058,814160,203540,81416,122124,0.75,,,,,,,,,0.0076354200477363205,70
bayesfl_observability_v1,vi_sparse_bayesian_keep010_seed42,144,vi,79,6,1614,,5,256,318.48687936237883,0.0932126167833879,0.20389233995824002,0.20389233995824002,,,2.3542032865290157,0.027533188462257385,0.9990830183078169,2.3542032865290157,,0.227611568069938,2.10471822493949,318.48687936237883,329.0822366925994,0.20389233995824002,0.0032335878617726185,0.0932126167833879,0.20389233995824002,0.00125,54.98526243003784,0.09427853928672268,0.09499743953347206,0.10348082706332208,0.12841196358203888,1.471568493541828,1.2377679044343308,3.0419295730054614,,,,,,,,,,,,,,,,,,1,update_snr,bayesian,0.1,20,101770,10177,0.1,0.1299025089802847,0.06339386360067795,0.054186535169690464,0.12989335820135073,0.06339386360067795,0.054186535169690464,0.12989335820135073,0.16089257961493456,0.1536481591854413,0.19762985645024816,0.05256067293242721,0.04804939605922474,0.10431796115468586,0.16089257961493456,0.1536481591854413,0.19762985645024816,0.05256067293242721,0.04804939605922474,0.10431796115468586,1.5181778926406702,1.7992801339983646,0.6448796929848133,0.7642840974243914,0.6448796929848133,814160,203540,81416,122124,0.75,,,,,,,,,0.007691864204762295,1614
bayesfl_observability_v1,vi_sparse_bayesian_keep010_seed42,144,vi,86,6,1,,5,256,22.45019624233246,0.00019238528329879045,62.30230353219354,62.30230353219354,,,1.0265421949758906,0.006272583268582821,0.9998254801619747,1.0265421949758906,,-0.0,2.3292713582565514,22.45019624233246,62.30230353219354,62.30230353219354,0.0006121873197621454,0.00019238528329879045,62.30230353219354,0.00125,54.94861312213384,0.09403746724066495,0.09475099667906761,0.10314749479293824,0.12841951847076416,1.474105821399502,1.2402985231939772,3.0488954373313484,,,,,,,,,,,,,,,,,,1,update_snr,bayesian,0.1,20,101770,10177,0.1,0.05461485456414835,0.029454066320356027,0.028331692062018944,0.054614554120006945,0.029454066320356027,0.028331692062018944,0.054614554120006945,0.06048312888416129,0.059218092617257204,0.06719716098371734,0.02600639270215544,0.0252395033476323,0.04805169254224767,0.06048312888416129,0.059218092617257204,0.06719716098371734,0.02600639270215544,0.0252395033476323,0.04805169254224767,0.5470032996822225,0.868663495378205,0.5328600250037159,0.8462033997527071,0.5328600250037159,814160,203540,81416,122124,0.75,,,,,,,,,0.007635737400649394,1
bayesfl_observability_v1,vi_sparse_bayesian_keep010_seed42,144,vi,109,8,1,,5,256,25.07918963432312,0.0017776177264750004,62.16358477250854,62.16358477250854,,,1.0249492319036007,0.006264561787247658,0.9998260306551416,1.0249492319036007,,-0.0,2.28098669344155,25.07918963432312,62.16358477250854,62.16358477250854,0.0006108242583522506,0.0017776177264750004,62.16358477250854,0.00125,54.9502421680284,0.09403896893450486,0.09475915506482124,0.10316379517316819,0.1285010129213333,1.4740654399902486,1.2395529824914444,3.045574677098333,,,,,,,,,,,,,,,,,,1,update_snr,bayesian,0.1,20,101770,10177,0.1,0.05448043189273681,0.029411634093937305,0.028223214159590934,0.05447841164233102,0.029411634093937305,0.028223214159590934,0.05447841164233102,0.060420089996022934,0.05928179480447177,0.06705336292832689,0.025966250104816686,0.025212400570856754,0.04799826213624295,0.060420089996022934,0.05928179480447177,0.06705336292832689,0.025966250104816686,0.025212400570856754,0.04799826213624295,0.5463053788921941,0.8672204800241042,0.5330072572253761,0.8461106687337552,0.5330072572253761,814160,203540,81416,122124,0.75,,,,,,,,,0.00763315299768563,1
bayesfl_observability_v1,vi_sparse_bayesian_keep010_seed42,144,vi,151,12,1,,5,256,27.061021423339845,0.3202533423900604,62.23065632276537,62.23065632276537,,,1.0256277358111516,0.006268883123993874,0.9998258077247049,1.0256277358111516,,-0.0,2.3277319754160017,27.061021423339845,62.23065632276537,62.23065632276537,0.0006114833086642956,0.3202533423900604,62.23065632276537,0.00125,54.95145876147007,0.09403867946711278,0.09477012604475021,0.10318090617656708,0.12780961394309998,1.4743302224334387,1.2396529025243046,3.047641444628386,,,,,,,,,,,,,,,,,,1,update_snr,bayesian,0.1,20,101770,10177,0.1,0.05448917784919094,0.029442888903962357,0.02835714936803272,0.05448829516370092,0.029442888903962357,0.02835714936803272,0.05448829516370092,0.0604424848973734,0.05920249863713685,0.06734642226285224,0.02599848934913891,0.025296197163566972,0.04803671023607556,0.0604424848973734,0.05920249863713685,0.06734642226285224,0.02599848934913891,0.025296197163566972,0.04803671023607556,0.5459513162986552,0.8682450188148938,0.5323094308354206,0.8465498625855837,0.5323094308354206,814160,203540,81416,122124,0.75,,,,,,,,,0.007632553503881565,1
bayesfl_observability_v1,vi_sparse_bayesian_keep010_seed42,144,vi,25,2,1,,5,256,23.748609042167665,0.0015549485106021166,62.19998824780705,62.19998824780705,,,1.0254605794066816,0.006258048117160797,0.9998258373960784,1.0254605794066816,,-0.0,2.4040642619438994,23.748609042167665,62.19998824780705,62.19998824780705,0.0006111819617550068,0.0015549485106021166,62.19998824780705,0.00125,54.94657482111869,0.09403639225721347,0.09475606307387352,0.10315339490771294,0.12835590541362762,1.474114168117586,1.2388385650036722,3.0467181056745853,,,,,,,,,,,,,,,,,,1,update_snr,bayesian,0.1,20,101770,10177,0.1,0.054507528305208455,0.029441481636737956,0.0284076784440513,0.054507046740294864,0.029441481636737956,0.0284076784440513,0.054507046740294864,0.06036137460941742,0.05913268865047188,0.0671144869946948,0.026005937973106904,0.0252787246771396,0.048040801387153165,0.06036137460941742,0.05913268865047188,0.0671144869946948,0.026005937973106904,0.0252787246771396,0.048040801387153165,0.5459161420849973,0.868069677922297,0.5323618996654726,0.8465168679858479,0.5323618996654726,814160,203540,81416,122124,0.75,,,,,,,,,0.0076345314667387275,1
bayesfl_observability_v1,vi_sparse_bayesian_keep010_seed42,144,vi,26,2,1,,5,256,20.083820152282716,0.36124780774116516,62.55603571460288,62.55603571460288,,,1.02812215255255,0.006270244717597961,0.9998249447266374,1.02812215255255,,-0.0,2.3277319754160017,20.083820152282716,62.55603571460288,62.55603571460288,0.0006146805120821743,0.36124780774116516,62.55603571460288,0.00125,54.94901507678088,0.09403945146718058,0.0947495549917221,0.10316710472106934,0.1283678412437439,1.4740130529388258,1.2400769307492088,3.048508516228612,,,,,,,,,,,,,,,,,,1,update_snr,bayesian,0.1,20,101770,10177,0.1,0.05472286117016284,0.029523639036420274,0.028355596323451276,0.054722061795788215,0.029523639036420274,0.028355596323451276,0.054722061795788215,0.060575987576048526,0.059364630050651665,0.0674049830027269,0.026073378087572686,0.02534525174876096,0.04816580994026282,0.060575987576048526,0.059364630050651665,0.0674049830027269,0.026073378087572686,0.02534525174876096,0.04816580994026282,0.5475278762533693,0.8702001983996349,0.532551384963358,0.8463976738942572,0.532551384963358,814160,203540,81416,122124,0.75,,,,,,,,,0.007635727006776534,1
bayesfl_observability_v1,vi_sparse_bayesian_keep010_seed42,144,vi,258,20,11,,5,256,53.90462141036987,1.5505830591375178,5.668018407311512,5.668018407311512,,,1.0260130829843968,0.006262794137001038,0.999825690560453,1.0260130829843968,,-0.0,2.259365973874069,53.90462141036987,62.34820248042663,5.668018407311512,0.000612638326426517,1.5505830591375178,5.668018407311512,0.00125,54.95351276142226,0.09403848837692481,0.09475993365049362,0.10314989313483239,0.12834902107715607,1.474224963141105,1.2401432569454556,3.0462399001756473,,,,,,,,,,,,,,,,,,1,update_snr,bayesian,0.1,20,101770,10177,0.1,0.05462960701649954,0.02943836991478397,0.028290939009915042,0.05462901714638445,0.02943836991478397,0.028290939009915042,0.05462901714638445,0.060627157329525165,0.05943218891950384,0.0675226913654602,0.02597294909092383,0.025221531045572575,0.04812302776034015,0.060627157329525165,0.05943218891950384,0.0675226913654602,0.02597294909092383,0.025221531045572575,0.04812302776034015,0.5469755906281949,0.8680556144119363,0.5331078128528242,0.8460473153880217,0.5331078128528242,814160,203540,81416,122124,0.75,,,,,,,,,0.0076351454918752865,11
bayesfl_observability_v1,vi_sparse_bayesian_keep010_seed42,144,vi,198,15,1,,5,256,21.20193326473236,1.3947389561508317e-05,62.2899950284204,62.2899950284204,,,1.0266846406614278,0.0062723308801651,0.999825462727163,1.0266846406614278,,-0.0,2.3096097079310103,21.20193326473236,62.2899950284204,62.2899950284204,0.0006120663754389348,1.3947389561508317e-05,62.2899950284204,0.00125,54.953576948242315,0.09403814882460249,0.09476062282919884,0.10316858887672424,0.12894663214683533,1.4742884266665723,1.2395538983114651,3.047859653911366,,,,,,,,,,,,,,,,,,1,update_snr,bayesian,0.1,20,101770,10177,0.1,0.05451309040754243,0.029467025013259533,0.028341323447732297,0.05451262754353087,0.029467025013259533,0.028341323447732297,0.05451262754353087,0.06043378611076393,0.0592054968404206,0.06703937050062092,0.026026273780203495,0.025339734169808715,0.04804175058046993,0.06043378611076393,0.0592054968404206,0.06703937050062092,0.026026273780203495,0.025339734169808715,0.04804175058046993,0.5464307389497377,0.8691920379875377,0.5322284149470737,0.8466007998596068,0.5322284149470737,814160,203540,81416,122124,0.75,,,,,,,,,0.007635970261345733,1
bayesfl_observability_v1,vi_sparse_bayesian_keep010_seed42,144,vi,5,0,1,,5,256,28.689336204528807,0.1559552401304245,61.87182160267378,61.87182160267378,,,1.0231437852773506,0.006264769937843084,0.99982666082225,1.0231437852773506,,-0.0,2.311121424016332,28.689336204528807,61.87182160267378,61.87182160267378,0.0006079573705676897,0.1559552401304245,61.87182160267378,0.00125,54.953018467394244,0.09403900562537476,0.09475966542959213,0.10316226035356521,0.12890861928462982,1.4742607071641067,1.2400466570725817,3.048110399567768,,,,,,,,,,,,,,,,,,1,update_snr,bayesian,0.1,20,101770,10177,0.1,0.05440863948108746,0.029340662063562523,0.028155028058439988,0.05440703481792781,0.029340662063562523,0.028155028058439988,0.05440703481792781,0.060342913325601474,0.059151353947176875,0.06699198835952506,0.02589596747889153,0.025066165280758525,0.04792330793378092,0.060342913325601474,0.059151353947176875,0.06699198835952506,0.02589596747889153,0.025066165280758525,0.04792330793378092,0.5458240461679839,0.865389690241614,0.5334773606820312,0.8458143446642027,0.5334773606820312,814160,203540,81416,122124,0.75,,,,,,,,,0.0076347627656054295,1
bayesfl_observability_v1,vi_sparse_bayesian_keep010_seed42,144,vi,273,21,19,,5,256,23.924308037757875,0.09541081127367522,3.2849576590689598,3.2849576590689598,,,1.0268224723971722,0.006267663091421127,0.9998253955779832,1.0268224723971722,,-0.0,2.3096097079310103,23.924308037757875,62.41419552231024,3.2849576590689598,0.0006132867792307187,0.09541081127367522,3.2849576590689598,0.00125,54.95048435869988,0.09403795306705809,0.094754159450531,0.10317065864801407,0.12824931740760803,1.4742611029461457,1.239531550338043,3.0473327568272834,,,,,,,,,,,,,,,,,,1,update_snr,bayesian,0.1,20,101770,10177,0.1,0.054625368775384965,0.029476424964770005,0.02829755824035268,0.05462471938210678,0.029476424964770005,0.02829755824035268,0.05462471938210678,0.06049916862036568,0.059364697309692877,0.06702593199016554,0.02602945344748159,0.02528631186701036,0.0481813143869597,0.06049916862036568,0.059364697309692877,0.06702593199016554,0.02602945344748159,0.02528631186701036,0.0481813143869597,0.546410531633116,0.8693675406525467,0.5321372937597395,0.8466580777327181,0.5321372937597395,814160,203540,81416,122124,0.75,,,,,,,,,0.0076361622637875,19
bayesfl_observability_v1,vi_sparse_bayesian_keep010_seed42,144,vi,182,14,1,,5,256,24.308674764633178,1.1871005296707153,62.45763872897107,62.45763872897107,,,1.0274642411911588,0.006267402321100235,0.999825191220303,1.0274642411911588,,-0.0,2.3277319754160017,24.308674764633178,62.45763872897107,62.45763872897107,0.0006137136555858413,1.1871005296707153,62.45763872897107,0.00125,54.95266589000501,0.09403712742709278,0.09474791586399078,0.10316547453403473,0.12892001867294312,1.4740940729231,1.2384407303474414,3.0452978234672323,,,,,,,,,,,,,,,,,,1,update_snr,bayesian,0.1,20,101770,10177,0.1,0.05450319827536986,0.029525612551666417,0.028423054260105884,0.05450076200139144,0.029525612551666417,0.028423054260105884,0.05450076200139144,0.06046094604016961,0.0592420788326288,0.06726093934694417,0.02608835327516606,0.025406807115190208,0.048146792103498995,0.06046094604016961,0.0592420788326288,0.06726093934694417,0.02608835327516606,0.025406807115190208,0.048146792103498995,0.5462479882888738,0.8702275002646622,0.5316467146881901,0.8469662158322814,0.5316467146881901,814160,203540,81416,122124,0.75,,,,,,,,,0.007633133979215573,1
bayesfl_observability_v1,vi_sparse_bayesian_keep010_seed42,145,vi,244,19,1,,5,256,23.543989610671996,0.26718825101852417,62.310775557797925,62.310775557797925,,,1.0277118868780433,0.00627020001411438,0.9998252666576807,1.0277118868780433,,-0.0,2.28098669344155,23.543989610671996,62.310775557797925,62.310775557797925,0.0006122705665500435,0.26718825101852417,62.310775557797925,0.00125,54.97685529723393,0.09415481542847949,0.09488584473729134,0.10326085686683655,0.12814831733703613,1.4732499291914216,1.2395537641764243,3.044680600287662,,,,,,,,,,,,,,,,,,1,update_snr,bayesian,0.1,20,101770,10177,0.1,0.05451104767840318,0.029470089690632136,0.02841740869402643,0.054510783194048944,0.029470089690632136,0.02841740869402643,0.054510783194048944,0.060355094008392264,0.05912536687550479,0.06694337799977255,0.026038422544214342,0.025344134987311955,0.04806504755328347,0.060355094008392264,0.05912536687550479,0.06694337799977255,0.026038422544214342,0.025344134987311955,0.04806504755328347,0.546563702991421,0.8703216882295501,0.5318258064054879,0.8468537722896161,0.5318258064054879,814160,203540,81416,122124,0.75,,,,,,,,,0.007624740988615151,1
bayesfl_observability_v1,vi_sparse_bayesian_keep010_seed42,145,vi,170,13,1,,5,256,26.96311721801758,0.008171696215867996,62.11391222073829,62.11391222073829,,,1.0261671205062501,0.00627159234136343,0.9998258628894335,1.0261671205062501,,-0.0,2.3096097079310103,26.96311721801758,62.11391222073829,62.11391222073829,0.0006103361719636268,0.008171696215867996,62.11391222073829,0.00125,54.98830121775369,0.09415298057772227,0.09487957134842873,0.10326501727104187,0.12890197336673737,1.4735438163677943,1.238897935816439,3.045318015011545,,,,,,,,,,,,,,,,,,1,update_snr,bayesian,0.1,20,101770,10177,0.1,0.05436481357384056,0.029421145815534126,0.028348402869318723,0.05436469095756642,0.029421145815534126,0.028348402869318723,0.05436469095756642,0.060313453412033334,0.05911133972680753,0.0669481283485487,0.02598866719370088,0.025270577817677203,0.04803362578141668,0.060313453412033334,0.05911133972680753,0.0669481283485487,0.02598866719370088,0.025270577817677203,0.04803362578141668,0.546041566682989,0.8688253948075392,0.5321175817966224,0.8466704666769211,0.5321175817966224,814160,203540,81416,122124,0.75,,,,,,,,,0.007626008144429947,1
bayesfl_observability_v1,vi_sparse_bayesian_keep010_seed42,145,vi,113,9,708,,5,256,266.04748776753746,0.03222021612070375,0.28558376515590883,0.28558376515590883,,,1.851979072117506,0.017305776476860046,0.9994330268663475,1.851979072117506,,-0.0,2.311121424016332,266.04748776753746,202.19330573038346,0.28558376515590883,0.001986767276509614,0.03222021612070375,0.28558376515590883,0.00125,55.00490181695421,0.0942853640298604,0.09501219913363457,0.10340641662478448,0.1290837973356247,1.472067236126601,1.2391499326897286,3.043024710004028,,,,,,,,,,,,,,,,,,1,update_snr,bayesian,0.1,20,101770,10177,0.1,0.1020912732834227,0.050943314891362786,0.04521382016795969,0.10207749956173606,0.050943314891362786,0.04521382016795969,0.10207749956173606,0.12131968574942248,0.11726764863322332,0.14364688193674005,0.043123718129356156,0.040217762727391256,0.08400999898417953,0.12131968574942248,0.11726764863322332,0.14364688193674005,0.043123718129356156,0.040217762727391256,0.08400999898417953,1.1312937416361102,1.4662881550691838,0.6108566552766806,0.7917412119526097,0.6108566552766806,814160,203540,81416,122124,0.75,,,,,,,,,0.007652523404409708,708
bayesfl_observability_v1,vi_sparse_bayesian_keep010_seed42,145,vi,255,20,1,,5,256,25.66685482263565,9.524368942948058e-05,62.10201012536675,62.10201012536675,,,1.0256774243082163,0.006273314356803894,0.9998260341936167,1.0256774243082163,,-0.0,2.28098669344155,25.66685482263565,62.10201012536675,62.10201012536675,0.0006102192210412377,9.524368942948058e-05,62.10201012536675,0.00125,54.98892244828,0.09415419908302483,0.09489386901259422,0.10325594618916512,0.12769919633865356,1.473497917072496,1.2405291787615664,3.0435594993688517,,,,,,,,,,,,,,,,,,1,update_snr,bayesian,0.1,20,101770,10177,0.1,0.05448922459641322,0.029395129465227474,0.028354903267469637,0.0544887031259425,0.029395129465227474,0.028354903267469637,0.0544887031259425,0.060385631305576205,0.059193423202159826,0.06696576704564892,0.02595174037185539,0.025279068453560344,0.04801399055030812,0.060385631305576205,0.059193423202159826,0.06696576704564892,0.02595174037185539,0.025279068453560344,0.04801399055030812,0.5464879529335219,0.8679660684808286,0.5328068454876143,0.8462368849214377,0.5328068454876143,814160,203540,81416,122124,0.75,,,,,,,,,0.007626391741718494,1
bayesfl_observability_v1,vi_sparse_bayesian_keep010_seed42,145,vi,160,12,3221,,5,256,365.6244893550873,0.055727360597200105,0.11664320570844813,0.11664320570844813,,,2.507097381019885,0.04606223106384277,0.9989610496925306,2.507097381019885,,0.6845683881983222,1.6114184451985936,365.6244893550873,375.7077655869114,0.11664320570844813,0.00369173396469403,0.055727360597200105,0.11664320570844813,0.00125,55.01236614494951,0.09447053439382211,0.09516806527972221,0.10371056124567986,0.12735645473003387,1.4693573268379407,1.2366333444121538,3.0328701217947374,,,,,,,,,,,,,,,,,,1,update_snr,bayesian,0.1,20,101770,10177,0.1,0.13740113477367022,0.06653808711710574,0.05594997134584118,0.13739908534173886,0.06653808711710574,0.05594997134584118,0.13739908534173886,0.1737387456364778,0.16433904007790162,0.2184905830494393,0.05462690283717551,0.04939811320761521,0.10925296315150954,0.1737387456364778,0.16433904007790162,0.2184905830494393,0.05462690283717551,0.04939811320761521,0.10925296315150954,1.6561517476451455,1.8822057981763636,0.660585328748349,0.7507509729880073,0.660585328748349,814160,203540,81416,122124,0.75,,,,,,,,,0.007716896989820965,3221
bayesfl_observability_v1,vi_sparse_bayesian_keep010_seed42,145,vi,87,7,14,,5,256,24.004067540168762,0.02279614976474217,4.44765358163104,4.44765358163104,,,1.027226236816221,0.006267935037612915,0.9998254634289232,1.027226236816221,,0.39267446722755217,1.9352627592338563,24.004067540168762,62.26715014283456,4.44765358163104,0.0006118418998018528,0.02279614976474217,4.44765358163104,0.00125,54.98279764301437,0.0941530211765414,0.09488281607627869,0.10325044095516205,0.12773053348064423,1.4734090923388476,1.2402300417796082,3.047443866665163,,,,,,,,,,,,,,,,,,1,update_snr,bayesian,0.1,20,101770,10177,0.1,0.05451721718694073,0.02944229797116858,0.02830777310485054,0.054516714670858266,0.02944229797116858,0.02830777310485054,0.054516714670858266,0.06038861631745459,0.059169667692847,0.06705643135366389,0.026003818154914576,0.025246832309530325,0.048148582012484974,0.06038861631745459,0.059169667692847,0.06705643135366389,0.026003818154914576,0.025246832309530325,0.048148582012484974,0.5463563321642263,0.869878439730328,0.53187536745323,0.8468226458335255,0.53187536745323,814160,203540,81416,122124,0.75,,,,,,,,,0.00762443558649576,14
bayesfl_observability_v1,vi_sparse_bayesian_keep010_seed42,145,vi,99,7,4,,5,256,37.08949904441833,1.5167540311813354,15.50494972385833,15.50494972385833,,,1.0252779653376942,0.006260901689529419,0.9998261400294735,1.0252779653376942,,-0.0,2.311121424016332,37.08949904441833,62.01979889543332,15.50494972385833,0.0006094114070495561,1.5167540311813354,15.50494972385833,0.00125,54.98506156252241,0.09415483125234278,0.09487511590123177,0.10325691848993301,0.1287197768688202,1.4733312431180583,1.2404356800643583,3.0444755920883826,,,,,,,,,,,,,,,,,,1,update_snr,bayesian,0.1,20,101770,10177,0.1,0.05443633687076747,0.029378988438719358,0.028222201903307147,0.05443458670650388,0.029378988438719358,0.028222201903307147,0.05443458670650388,0.06029198270067328,0.05909890196092543,0.06702446782827912,0.025944211298502252,0.025208494316924224,0.04799166208732797,0.06029198270067328,0.05909890196092543,0.06702446782827912,0.025944211298502252,0.025208494316924224,0.04799166208732797,0.5463556259137684,0.8675773373246776,0.5328853680512056,0.8461874405336751,0.5328853680512056,814160,203540,81416,122124,0.75,,,,,,,,,0.007624053054618132,4
bayesfl_observability_v1,vi_sparse_bayesian_keep010_seed42,145,vi,76,6,70,,5,256,87.20739603042603,0.11766790662493025,0.8987515135195959,0.8987515135195959,,,1.0329224021391086,0.006277412176132202,0.9998235757960731,1.0329224021391086,,-0.0,2.311121424016332,87.20739603042603,62.91260594637171,0.8987515135195959,0.0006181841991389575,0.11766790662493025,0.8987515135195959,0.00125,54.989918742594924,0.09415550370677504,0.09488353133201599,0.1032569169998169,0.12842337787151337,1.4734871076022988,1.2408131941054799,3.0460702988998603,,,,,,,,,,,,,,,,,,1,update_snr,bayesian,0.1,20,101770,10177,0.1,0.05469399197520761,0.02964609107083199,0.028624458785851438,0.05469221114723129,0.02964609107083199,0.028624458785851438,0.05469221114723129,0.0605021297038957,0.05924179454150234,0.06725883892452322,0.026217642333824905,0.02560289144347196,0.048324551731633344,0.0605021297038957,0.05924179454150234,0.06725883892452322,0.026217642333824905,0.02560289144347196,0.048324551731633344,0.5475767072010906,0.8758358513852,0.5301237596039144,0.8479202789787563,0.5301237596039144,814160,203540,81416,122124,0.75,,,,,,,,,0.007626083082072773,70
bayesfl_observability_v1,vi_sparse_bayesian_keep010_seed42,145,vi,81,6,9,,5,256,31.09848165512085,0.09795238574345906,6.883379677125146,6.883379677125146,,,1.024443485161881,0.006267748773097992,0.999826473656218,1.024443485161881,,-0.0,2.3155014849272724,31.09848165512085,61.950417094126315,6.883379677125146,0.0006087296560295403,0.09795238574345906,6.883379677125146,0.00125,54.99133586530894,0.09415471931701473,0.09488453716039658,0.10324899032711983,0.128398597240448,1.4736110769873552,1.2400421271357491,3.0475510913801687,,,,,,,,,,,,,,,,,,1,update_snr,bayesian,0.1,20,101770,10177,0.1,0.054431050745977934,0.02935601917517102,0.02821469953854366,0.05443092476311861,0.02935601917517102,0.02821469953854366,0.05443092476311861,0.06035308133259228,0.059114707445410086,0.06703179709944289,0.025911901157679763,0.0252163874216377,0.047936084815597406,0.06035308133259228,0.059114707445410086,0.06703179709944289,0.025911901157679763,0.0252163874216377,0.047936084815597406,0.5460006625814154,0.8668147038158025,0.5329729462773998,0.84613228193728,0.5329729462773998,814160,203540,81416,122124,0.75,,,,,,,,,0.007626208562033168,9
bayesfl_observability_v1,vi_sparse_bayesian_keep010_seed42,145,vi,205,16,1,,5,256,21.705737316608428,0.0005038899253122509,62.04309761143002,62.04309761143002,,,1.0255064501730584,0.006271108984947205,0.9998260268816423,1.0255064501730584,,-0.0,2.3096097079310103,21.705737316608428,62.04309761143002,62.04309761143002,0.000609640342059841,0.0005038899253122509,62.04309761143002,0.00125,54.97920007037559,0.09415364143133625,0.09487934410572052,0.10323849096894265,0.12886124849319458,1.4732131011914757,1.2412677408756214,3.0461908900003833,,,,,,,,,,,,,,,,,,1,update_snr,bayesian,0.1,20,101770,10177,0.1,0.054443031235408244,0.02940247473996291,0.028247696969421823,0.05444297836254079,0.02940247473996291,0.028247696969421823,0.05444297836254079,0.06030759657946787,0.05909425661194244,0.06696489240712532,0.02596857231335125,0.025284878346502924,0.04794074266449566,0.06030759657946787,0.05909425661194244,0.06696489240712532,0.02596857231335125,0.025284878346502924,0.04794074266449566,0.54599487493623,0.8680743492869252,0.5324148617925232,0.8464835585777487,0.5324148617925232,814160,203540,81416,122124,0.75,,,,,,,,,0.007625608277693886,1
bayesfl_observability_v1,vi_sparse_bayesian_keep010_seed42,145,vi,206,16,38,,5,256,40.13744378089905,0.048897272662112586,1.637396849068888,1.637396849068888,,,1.0267304112083984,0.0062721893191337585,0.9998256122607139,1.0267304112083984,,-0.0,2.3277319754160017,40.13744378089905,62.22108026461774,1.637396849068888,0.0006113892135660581,0.048897272662112586,1.637396849068888,0.00125,54.97937894321875,0.09415412539761,0.09489009901881218,0.10326165705919266,0.128687784075737,1.473333531325259,1.2411062731399412,3.047081837067008,,,,,,,,,,,,,,,,,,1,update_snr,bayesian,0.1,20,101770,10177,0.1,0.0544869454060663,0.02944848145401911,0.028312172754227316,0.054486852882322814,0.02944848145401911,0.028312172754227316,0.054486852882322814,0.060382925330591385,0.0591300270098601,0.06715303161499925,0.026011321023288854,0.02529992235157807,0.04799450208899245,0.060382925330591385,0.0591300270098601,0.06715303161499925,0.026011321023288854,0.02529992235157807,0.04799450208899245,0.5464623646920912,0.8692262198503304,0.532235491153845,0.8465963512537871,0.532235491153845,814160,203540,81416,122124,0.75,,,,,,,,,0.0076250687089607595,38
bayesfl_observability_v1,vi_sparse_bayesian_keep010_seed42,145,vi,15,1,1,,5,256,22.972449827194215,0.05941407009959221,62.28430204194997,62.28430204194997,,,1.0279264086054019,0.006267162039875984,0.9998252555974216,1.0279264086054019,,-0.0,2.3277319754160017,22.972449827194215,62.28430204194997,62.28430204194997,0.0006120104357074773,0.05941407009959221,62.28430204194997,0.00125,54.98709627729512,0.09415406414826621,0.09488372132182121,0.1032555103302002,0.1277213841676712,1.473466388516914,1.240817048914078,3.046410532875432,,,,,,,,,,,,,,,,,,1,update_snr,bayesian,0.1,20,101770,10177,0.1,0.05449738184658868,0.02944894906509732,0.02832250880688342,0.05449690631433881,0.02944894906509732,0.02832250880688342,0.05449690631433881,0.06041139263800211,0.05919828361724258,0.06718556957673144,0.02600867755699679,0.025340391051818154,0.04817014853777115,0.06041139263800211,0.05919828361724258,0.06718556957673144,0.02600867755699679,0.025340391051818154,0.04817014853777115,0.5471956501848728,0.8701779254423515,0.5323295963640614,0.8465371821927706,0.5323295963640614,814160,203540,81416,122124,0.75,,,,,,,,,0.0076251208313150255,1
bayesfl_observability_v1,vi_sparse_bayesian_keep010_seed42,145,vi,55,4,1,,5,256,20.948982000350952,0.023122331127524376,62.24732554008233,62.24732554008233,,,1.0271371558687725,0.006266102194786072,0.9998254740648661,1.0271371558687725,,-0.0,2.3292713582565514,20.948982000350952,62.24732554008233,62.24732554008233,0.0006116471017007205,0.023122331127524376,62.24732554008233,0.00125,54.97938002037152,0.09415455641109857,0.09487045183777809,0.1032489463686943,0.12823550403118134,1.473266180188859,1.2399330707220688,3.0447452741921666,,,,,,,,,,,,,,,,,,1,update_snr,bayesian,0.1,20,101770,10177,0.1,0.054518431013572996,0.029452847936134056,0.028436516065811136,0.05451809757286607,0.029452847936134056,0.028436516065811136,0.05451809757286607,0.060385900667536,0.059223542368642204,0.06692514557100228,0.02601584207708939,0.02537249535751943,0.04807474532512123,0.060385900667536,0.059223542368642204,0.06692514557100228,0.02601584207708939,0.02537249535751943,0.04807474532512123,0.5469952100131587,0.8693715990236004,0.5325434942040428,0.8464026386897366,0.5325434942040428,814160,203540,81416,122124,0.75,,,,,,,,,0.00762579374416687,1
bayesfl_observability_v1,vi_sparse_bayesian_keep010_seed42,145,vi,189,15,1,,5,256,21.16641402542591,0.010437780059874058,62.354846398666815,62.354846398666815,,,1.0284341288447276,0.0062588900327682495,0.9998250767195687,1.0284341288447276,,-0.0,2.259365973874069,21.16641402542591,62.354846398666815,62.354846398666815,0.0006127036100881086,0.010437780059874058,62.354846398666815,0.00125,54.98628339521715,0.09415456626644429,0.09488596394658089,0.10325385555624962,0.12876053154468536,1.4733854649247327,1.2406790048266867,3.0456753147482396,,,,,,,,,,,,,,,,,,1,update_snr,bayesian,0.1,20,101770,10177,0.1,0.05451342122711313,0.029501941923321253,0.02844533109519086,0.054513190868808334,0.029501941923321253,0.02844533109519086,0.054513190868808334,0.06035706126800091,0.059165569784987784,0.06688130497347716,0.02607359532946796,0.02545090725698424,0.04809730681058886,0.06035706126800091,0.059165569784987784,0.06688130497347716,0.02607359532946796,0.02545090725698424,0.04809730681058886,0.5463260102631282,0.8713235035752145,0.5312211982665661,0.8472331665558391,0.5312211982665661,814160,203540,81416,122124,0.75,,,,,,,,,0.007626466756099435,1
bayesfl_observability_v1,vi_sparse_bayesian_keep010_seed42,145,vi,195,15,1,,5,256,26.78365797996521,0.3141510486602783,62.12289059195457,62.12289059195457,,,1.0259528617587241,0.006263814866542816,0.9998258940956213,1.0259528617587241,,-0.0,2.185987945410232,26.78365797996521,62.12289059195457,62.12289059195457,0.0006104243941432109,0.3141510486602783,62.12289059195457,0.00125,54.9825064275738,0.09415472825039045,0.09487981721758842,0.10326202809810639,0.1280202865600586,1.473403644189683,1.2393162696315465,3.0471562020030705,,,,,,,,,,,,,,,,,,1,update_snr,bayesian,0.1,20,101770,10177,0.1,0.05439942679785297,0.029397732014753552,0.02831579520029589,0.05439753961759604,0.029397732014753552,0.02831579520029589,0.05439753961759604,0.06040905772370368,0.05914942164462735,0.06726193778245033,0.02595202915820353,0.02528762407988236,0.04799520029746563,0.06040905772370368,0.05914942164462735,0.06726193778245033,0.02595202915820353,0.02528762407988236,0.04799520029746563,0.5465509251291635,0.8682518993882894,0.532725182122156,0.8462882962282514,0.532725182122156,814160,203540,81416,122124,0.75,,,,,,,,,0.007623744285344139,1
bayesfl_observability_v1,vi_sparse_bayesian_keep010_seed42,146,vi,95,7,18,,5,256,31.602100372314453,0.3358858956231011,3.4435164965834266,3.4435164965834266,,,1.025620203721663,0.006276249885559082,0.9998262579357468,1.025620203721663,,-0.0,2.28098669344155,31.602100372314453,61.98329693850168,3.4435164965834266,0.0006090527359585505,0.3358858956231011,3.4435164965834266,0.00125,55.022198569414684,0.09428736846844608,0.09502135962247849,0.10337074473500252,0.128183051943779,1.4725352883770464,1.2395434584940674,3.041376378701931,,,,,,,,,,,,,,,,,,1,update_snr,bayesian,0.1,20,101770,10177,0.1,0.05440711874423049,0.029368114626563323,0.028270377277820717,0.05440601809229817,0.029368114626563323,0.028270377277820717,0.05440601809229817,0.0603192685667802,0.059024354357866245,0.06702346586192974,0.025929097522094796,0.025204617661303937,0.04792248448539271,0.0603192685667802,0.059024354357866245,0.06702346586192974,0.025929097522094796,0.025204617661303937,0.04792248448539271,0.5461331187759395,0.8681217765141777,0.5324906010959894,0.8464359159112003,0.5324906010959894,814160,203540,81416,122124,0.75,,,,,,,,,0.007620374291498248,18
bayesfl_observability_v1,vi_sparse_bayesian_keep010_seed42,146,vi,99,7,4,,5,256,26.590898323059083,0.2923707365989685,15.452452836574114,15.452452836574114,,,1.024784942841564,0.006266973912715912,0.9998265478089533,1.024784942841564,,-0.0,2.311121424016332,26.590898323059083,61.809811346296456,15.452452836574114,0.0006073480529261713,0.2923707365989685,15.452452836574114,0.00125,55.023282613676066,0.09428610149849675,0.09502377733588219,0.10336224511265756,0.1288706660270691,1.4726511548882972,1.2403110797888153,3.039297188776272,,,,,,,,,,,,,,,,,,1,update_snr,bayesian,0.1,20,101770,10177,0.1,0.05442721190659063,0.029307282723286948,0.028132910697324494,0.05442688413706456,0.029307282723286948,0.028132910697324494,0.05442688413706456,0.060212728830819906,0.059016797146183214,0.0668207847667478,0.025873344266894402,0.025070527025797294,0.04800651035188524,0.060212728830819906,0.059016797146183214,0.0668207847667478,0.025873344266894402,0.025070527025797294,0.04800651035188524,0.5461892028437538,0.8670994947361538,0.5329793403572645,0.8461282543162921,0.5329793403572645,814160,203540,81416,122124,0.75,,,,,,,,,0.007619266868884598,4
bayesfl_observability_v1,vi_sparse_bayesian_keep010_seed42,146,vi,157,12,1,,5,256,23.079946911334993,0.00024577934527769685,61.85213852556718,61.85213852556718,,,1.0250816255845108,0.006249532103538513,0.9998264553360904,1.0250816255845108,,-0.0,2.28098669344155,23.079946911334993,61.85213852556718,61.85213852556718,0.0006077639631086487,0.00024577934527769685,61.85213852556718,0.00125,55.02445517878316,0.0942855961483905,0.09501074999570847,0.10334402099251748,0.12842248380184174,1.4726042937717463,1.2376779187900746,3.041551746691267,,,,,,,,,,,,,,,,,,1,update_snr,bayesian,0.1,20,101770,10177,0.1,0.05433942230281894,0.02933739384524432,0.02819671372482848,0.054338537834040794,0.02933739384524432,0.02819671372482848,0.054338537834040794,0.060289518052689534,0.05912263851079069,0.06686620317632966,0.025898268933305962,0.02516772625817496,0.04787113308869153,0.060289518052689534,0.05912263851079069,0.06686620317632966,0.025898268933305962,0.02516772625817496,0.04787113308869153,0.5465051771269852,0.8672510769577553,0.5331333266415375,0.8460312382082167,0.5331333266415375,814160,203540,81416,122124,0.75,,,,,,,,,0.007618274520425643,1
bayesfl_observability_v1,vi_sparse_bayesian_keep010_seed42,146,vi,117,9,1,,5,256,15.235394775867462,0.00014661667228210717,62.28046984952104,62.28046984952104,,,1.0292075090063117,0.006277387961745262,0.9998250695190694,1.0292075090063117,,-0.0,2.3277319754160017,15.235394775867462,62.28046984952104,62.28046984952104,0.0006119727802841804,0.00014661667228210717,62.28046984952104,0.00125,55.02638622211372,0.09428600196845495,0.09501639753580093,0.10335855633020401,0.12847954034805298,1.4725758561423823,1.240834980365374,3.0431664420970383,,,,,,,,,,,,,,,,,,1,update_snr,bayesian,0.1,20,101770,10177,0.1,0.05456598209426001,0.02943817416266385,0.02833853193635973,0.054563247146279796,0.02943817416266385,0.02833853193635973,0.054563247146279796,0.060344751056296685,0.059182645123319354,0.06688309562817309,0.026004110063371316,0.025184384235422748,0.048182208908003565,0.060344751056296685,0.059182645123319354,0.06688309562817309,0.026004110063371316,0.025184384235422748,0.048182208908003565,0.5473904364665012,0.8715685897621545,0.5318562405311252,0.8468346588373069,0.5318562405311252,814160,203540,81416,122124,0.75,,,,,,,,,0.007620220863750927,1
bayesfl_observability_v1,vi_sparse_bayesian_keep010_seed42,146,vi,78,6,1,,5,256,17.280111503601074,0.0,62.302456956482914,62.302456956482914,,,1.0293832527551012,0.0062697529792785645,0.9998250269587406,1.0293832527551012,,-0.0,2.3155014849272724,17.280111503601074,62.302456956482914,62.302456956482914,0.0006121888273212431,0.0,62.302456956482914,0.00125,55.02853040466167,0.09428708804622139,0.09502369537949562,0.10336064547300339,0.12881308794021606,1.472593427027873,1.2405226758049088,3.0413541657766436,,,,,,,,,,,,,,,,,,1,update_snr,bayesian,0.1,20,101770,10177,0.1,0.05443277225014997,0.029478853120229322,0.028480788054220156,0.05443244543675418,0.029478853120229322,0.028480788054220156,0.05443244543675418,0.06025919685935391,0.059090030933947775,0.06679891507687619,0.026058814926993253,0.025378316482347896,0.04803202336000863,0.06025919685935391,0.059090030933947775,0.06679891507687619,0.026058814926993253,0.025378316482347896,0.04803202336000863,0.5467544795679862,0.8721751086364559,0.531147634376818,0.8472792871868817,0.531147634376818,814160,203540,81416,122124,0.75,,,,,,,,,0.007618841455776593,1
bayesfl_observability_v1,vi_sparse_bayesian_keep010_seed42,146,vi,80,6,1188,,5,256,186.05871744155883,0.02387493949145179,0.2117401014115997,0.2117401014115997,,,2.060462450289717,0.023494407534599304,0.9992994428401691,2.060462450289717,,-0.0,2.28098669344155,186.05871744155883,251.54724047698045,0.2117401014115997,0.0024717229092756257,0.02387493949145179,0.2117401014115997,0.00125,55.05578985026144,0.09449309828234811,0.09520974010229111,0.10361161828041077,0.1286919116973877,1.4704082211809757,1.2374807314103298,3.03770149934127,,,,,,,,,,,,,,,,,,1,update_snr,bayesian,0.1,20,101770,10177,0.1,0.11354115892288459,0.05556849155776096,0.04777931400310633,0.1135403184365122,0.05556849155776096,0.04777931400310633,0.1135403184365122,0.13984055797962588,0.13368963157782324,0.1718186864194985,0.04620492862199819,0.04237389156138157,0.09134933710374149,0.13984055797962588,0.13368963157782324,0.1718186864194985,0.04620492862199819,0.04237389156138157,0.09134933710374149,1.3177902909588934,1.5839615709064352,0.6395604495357836,0.7687408089789348,0.6395604495357836,814160,203540,81416,122124,0.75,,,,,,,,,0.007662111125115291,1188
bayesfl_observability_v1,vi_sparse_bayesian_keep010_seed42,146,vi,142,11,17,,5,256,37.38692412376404,0.0733881627812105,3.6373042075881665,3.6373042075881665,,,1.0253676021843545,0.006270259618759155,0.9998263422618386,1.0253676021843545,,-0.0,2.3096097079310103,37.38692412376404,61.83417152899883,3.6373042075881665,0.0006075874179915381,0.0733881627812105,3.6373042075881665,0.00125,55.02199731636131,0.09428704263724974,0.09502143785357475,0.10336101055145264,0.12840768694877625,1.4724004447051717,1.239953856416366,3.0427988439520366,,,,,,,,,,,,,,,,,,1,update_snr,bayesian,0.1,20,101770,10177,0.1,0.054398093082136764,0.0293131884952012,0.028228633633682818,0.054396392061235276,0.0293131884952012,0.028228633633682818,0.054396392061235276,0.060230471773178654,0.05907359663374899,0.06685490119423346,0.02587793479764814,0.0251309173656201,0.047938018094851216,0.060230471773178654,0.05907359663374899,0.06685490119423346,0.02587793479764814,0.0251309173656201,0.047938018094851216,0.5461221470535855,0.867830236916688,0.5326110810310118,0.8463601103330528,0.5326110810310118,814160,203540,81416,122124,0.75,,,,,,,,,0.00761951117382921,17
bayesfl_observability_v1,vi_sparse_bayesian_keep010_seed42,146,vi,218,17,1,,5,256,24.720113506540656,0.051639359444379807,61.9009237793171,61.9009237793171,,,1.0259708291103389,0.006259910762310028,0.9998261172615293,1.0259708291103389,,-0.0,2.185987945410232,24.720113506540656,61.9009237793171,61.9009237793171,0.0006082433308373499,0.051639359444379807,61.9009237793171,0.00125,55.01831118345561,0.09428727765361423,0.09501801058650017,0.10336360409855842,0.12806935608386993,1.472248862471745,1.2387175444528915,3.040985428713884,,,,,,,,,,,,,,,,,,1,update_snr,bayesian,0.1,20,101770,10177,0.1,0.054375953651784215,0.02935063271873152,0.028237097726528777,0.05437578844936399,0.02935063271873152,0.028237097726528777,0.05437578844936399,0.06025764534981551,0.05908784198676272,0.06700852177607149,0.02591652020416663,0.025157885250744583,0.04793475257169408,0.06025764534981551,0.05908784198676272,0.06700852177607149,0.02591652020416663,0.025157885250744583,0.04793475257169408,0.5462311231042511,0.8684743532987174,0.5324041460105746,0.8464902984150211,0.5324041460105746,814160,203540,81416,122124,0.75,,,,,,,,,0.007618180862340714,1
bayesfl_observability_v1,vi_sparse_bayesian_keep010_seed42,146,vi,220,17,1,,5,256,28.0700364112854,0.025264514610171318,61.96492714925197,61.96492714925197,,,1.0264442953914623,0.006268206983804703,0.9998259861050401,1.0264442953914623,,-0.0,2.3096097079310103,28.0700364112854,61.96492714925197,61.96492714925197,0.000608872232968969,0.025264514610171318,61.96492714925197,0.00125,55.02336160220512,0.09428496394759225,0.09501612931489944,0.10335886627435685,0.1286201924085617,1.472492207027122,1.240074095746909,3.0405505729638076,,,,,,,,,,,,,,,,,,1,update_snr,bayesian,0.1,20,101770,10177,0.1,0.05437104125473302,0.029388234488098016,0.02829957196658825,0.054370472010736075,0.029388234488098016,0.02829957196658825,0.054370472010736075,0.06012964281440078,0.05887622540071053,0.06674839024778698,0.025972522451842152,0.02525901320842814,0.04800294802704893,0.06012964281440078,0.05887622540071053,0.06674839024778698,0.025972522451842152,0.02525901320842814,0.04800294802704893,0.5455578812496703,0.869456433496266,0.5315026677035669,0.847056618074608,0.5315026677035669,814160,203540,81416,122124,0.75,,,,,,,,,0.007617898352253009,1
bayesfl_observability_v1,vi_sparse_bayesian_keep010_seed42,146,vi,170,13,1,,5,256,19.57020287513733,0.10963265597820282,62.11593802303152,62.11593802303152,,,1.0276071290340896,0.0062687695026397705,0.9998256174629323,1.0276071290340896,,-0.0,2.3096097079310103,19.57020287513733,62.11593802303152,62.11593802303152,0.0006103560776558074,0.10963265597820282,62.11593802303152,0.00125,55.02693507067695,0.09428646001945407,0.09501882642507553,0.10335834696888924,0.12892790138721466,1.472774196582581,1.2417304856115363,3.041491378535785,,,,,,,,,,,,,,,,,,1,update_snr,bayesian,0.1,20,101770,10177,0.1,0.05448784421919991,0.02940678510118555,0.028332197908145798,0.05448558319315122,0.02940678510118555,0.028332197908145798,0.05448558319315122,0.060420013303006954,0.059182305295239865,0.06734463898197995,0.02596087085653874,0.02532530890020921,0.04798022800210948,0.060420013303006954,0.059182305295239865,0.06734463898197995,0.02596087085653874,0.02532530890020921,0.04798022800210948,0.5471839348114782,0.8698081128190932,0.5324835915899199,0.8464403255324617,0.5324835915899199,814160,203540,81416,122124,0.75,,,,,,,,,0.007618897358397908,1
bayesfl_observability_v1,vi_sparse_bayesian_keep010_seed42,146,vi,72,5,1,,5,256,21.840936946868897,0.006122286897152662,62.2240474540674,62.2240474540674,,,1.0281954900016668,0.0062654027715325356,0.9998253616650397,1.0281954900016668,,-0.0,2.28098669344155,21.840936946868897,62.2240474540674,62.2240474540674,0.0006114183694022541,0.006122286897152662,62.2240474540674,0.00125,55.01817417819491,0.09428732838806352,0.09501536935567856,0.10336651206016541,0.1276259571313858,1.4724259900513248,1.239784152250646,3.0411542807513134,,,,,,,,,,,,,,,,,,1,update_snr,bayesian,0.1,20,101770,10177,0.1,0.05443843172929026,0.029463203232661512,0.028496494162418406,0.05443821439892788,0.029463203232661512,0.028496494162418406,0.05443821439892788,0.06033486685317734,0.05914634423072234,0.06692275957076732,0.026033018385937527,0.025388849924769325,0.04800282803515514,0.06033486685317734,0.05914634423072234,0.06692275957076732,0.026033018385937527,0.025388849924769325,0.04800282803515514,0.5468230979999369,0.8707298462517061,0.5318279483982666,0.8468524271102323,0.5318279483982666,814160,203540,81416,122124,0.75,,,,,,,,,0.0076208669159487565,1
bayesfl_observability_v1,vi_sparse_bayesian_keep010_seed42,146,vi,73,5,1,,5,256,23.658648759126663,0.000876757490914315,62.14671437713711,62.14671437713711,,,1.0278594671676324,0.0062604062259197235,0.999825467937488,1.0278594671676324,,-0.0,2.28098669344155,23.658648759126663,62.14671437713711,62.14671437713711,0.0006106584885244876,0.000876757490914315,62.14671437713711,0.00125,55.01649053299845,0.09428718880081008,0.0950143150985241,0.10336403176188469,0.12824055552482605,1.4722738548221599,1.2394257556973032,3.0421490440381334,,,,,,,,,,,,,,,,,,1,update_snr,bayesian,0.1,20,101770,10177,0.1,0.05443610159603784,0.029409112850256564,0.028346493620137327,0.05443609077099935,0.029409112850256564,0.028346493620137327,0.05443609077099935,0.06021433326901493,0.05908823529594814,0.06678632308601756,0.025986310581505644,0.025220265040973123,0.04810454515118431,0.06021433326901493,0.05908823529594814,0.06678632308601756,0.025986310581505644,0.025220265040973123,0.04810454515118431,0.545962120057551,0.8708733821333583,0.5311641693217101,0.8472689214344985,0.5311641693217101,814160,203540,81416,122124,0.75,,,,,,,,,0.00761967356778231,1
bayesfl_observability_v1,vi_sparse_bayesian_keep010_seed42,146,vi,260,20,171,,5,256,82.0476261138916,0.07724741885536596,0.3650529017672893,0.3650529017672893,,,1.0301797364284988,0.006262600421905518,0.9998247020628136,1.0301797364284988,,-0.0,2.311121424016332,82.0476261138916,62.42404620220647,0.3650529017672893,0.0006133835727837915,0.07724741885536596,0.3650529017672893,0.00125,55.020962357325914,0.09428495017060705,0.09501957520842552,0.10337660163640976,0.12888912856578827,1.4723974189684343,1.2385314090554882,3.04102619903962,,,,,,,,,,,,,,,,,,1,update_snr,bayesian,0.1,20,101770,10177,0.1,0.054555942517003256,0.029519517650868472,0.028540907080002287,0.05455546435570211,0.029519517650868472,0.028540907080002287,0.05455546435570211,0.06036066609382181,0.059146904673666525,0.06698286624734547,0.02609272337942921,0.025434371533997264,0.04806611130093662,0.06036066609382181,0.059146904673666525,0.06698286624734547,0.02609272337942921,0.025434371533997264,0.04806611130093662,0.5464693983614047,0.8732934707201332,0.5304602478941628,0.8477098120253557,0.5304602478941628,814160,203540,81416,122124,0.75,,,,,,,,,0.007619134902680758,171
bayesfl_observability_v1,vi_sparse_bayesian_keep010_seed42,146,vi,243,19,1,,5,256,24.406295013427734,0.0029214818496257067,61.90753491007616,61.90753491007616,,,1.0256099095983962,0.006273239850997925,0.9998263184901577,1.0256099095983962,,-0.0,2.185987945410232,24.406295013427734,61.90753491007616,61.90753491007616,0.0006083082923265811,0.0029214818496257067,61.90753491007616,0.00125,55.02979331834744,0.0942859728560635,0.09501760080456734,0.10336784720420837,0.1279522329568863,1.4727010544384924,1.2396369592530943,3.0402500566120123,,,,,,,,,,,,,,,,,,1,update_snr,bayesian,0.1,20,101770,10177,0.1,0.05439847526067378,0.0293345040988166,0.02824893202950178,0.05439682833749393,0.0293345040988166,0.02824893202950178,0.05439682833749393,0.060262406410805644,0.05908724348184101,0.066827832394044,0.025898070508595602,0.025190591244911926,0.047986534596986534,0.060262406410805644,0.05908724348184101,0.066827832394044,0.025898070508595602,0.025190591244911926,0.047986534596986534,0.5457933395005578,0.8683232792130244,0.532164650899558,0.8466408827436531,0.532164650899558,814160,203540,81416,122124,0.75,,,,,,,,,0.007620951832675103,1
bayesfl_observability_v1,vi_sparse_bayesian_keep010_seed42,146,vi,203,16,1,,5,256,26.483780765533446,0.00019596086349338293,61.81925192592324,61.81925192592324,,,1.0251552990373276,0.0062654707580804825,0.9998264001522693,1.0251552990373276,,-0.0,2.311121424016332,26.483780765533446,61.81925192592324,61.81925192592324,0.0006074408168018398,0.00019596086349338293,61.81925192592324,0.00125,55.01957659322925,0.09428709218580701,0.09502089768648148,0.10336108952760696,0.1280137598514557,1.4724975078872813,1.2390992917239054,3.040669569617861,,,,,,,,,,,,,,,,,,1,update_snr,bayesian,0.1,20,101770,10177,0.1,0.0543563623277595,0.029328685076132698,0.02822503592683162,0.05435629829950088,0.029328685076132698,0.02822503592683162,0.05435629829950088,0.06028344699677043,0.059012848868256765,0.06696795670009707,0.02588926708495073,0.025192558297938848,0.04787653833195154,0.06028344699677043,0.059012848868256765,0.06696795670009707,0.02588926708495073,0.025192558297938848,0.04787653833195154,0.5469414041804996,0.8670631393026557,0.533520535565787,0.8457871115887238,0.533520535565787,814160,203540,81416,122124,0.75,,,,,,,,,0.007619918243096302,1
bayesfl_observability_v1,vi_sparse_bayesian_keep010_seed42,147,vi,115,9,1,,5,256,23.836165711283684,0.007109226193279028,61.56846500890942,61.56846500890942,,,1.0242768277986145,0.006270468235015869,0.9998268440374859,1.0242768277986145,,-0.0,2.185987945410232,23.836165711283684,61.56846500890942,61.56846500890942,0.0006049765648905318,0.007109226193279028,61.56846500890942,0.00125,55.04301874443352,0.09440081371398018,0.09513252601027489,0.10345274731516838,0.12848418951034546,1.4713476806396282,1.2378363937912056,3.038120992303151,,,,,,,,,,,,,,,,,,1,update_snr,bayesian,0.1,20,101770,10177,0.1,0.05428402680023116,0.029239342970447633,0.028141524476600527,0.05428385903071685,0.029239342970447633,0.028141524476600527,0.05428385903071685,0.060135581633994836,0.058981714195659056,0.06678350830350908,0.025806427563386837,0.025160852483766174,0.047844790788014534,0.060135581633994836,0.058981714195659056,0.06678350830350908,0.025806427563386837,0.025160852483766174,0.047844790788014534,0.546166882181761,0.8665129870769667,0.533221944848238,0.8459753882544474,0.533221944848238,814160,203540,81416,122124,0.75,,,,,,,,,0.007608418476929939,1
bayesfl_observability_v1,vi_sparse_bayesian_keep010_seed42,147,vi,66,5,62,,5,256,147.17861557006836,0.6678722750756049,1.0176028243649669,1.0176028243649669,,,1.0369644531094022,0.006271541118621826,0.9998225489601349,1.0369644531094022,,0.5614271145662422,1.826949466466651,147.17861557006836,63.09137511062794,1.0176028243649669,0.0006199407989646059,0.6678722750756049,1.0176028243649669,0.00125,55.046281048524875,0.09440100423964592,0.0951419323682785,0.10344901755452156,0.12831401824951172,1.471480566313129,1.238146664835354,3.0359524763104373,,,,,,,,,,,,,,,,,,1,update_snr,bayesian,0.1,20,101770,10177,0.1,0.054578182650823204,0.0297023173632153,0.028730013290514167,0.05457789272421916,0.0297023173632153,0.028730013290514167,0.05457789272421916,0.06049340833583613,0.05922555188825769,0.0671206786100868,0.026281085032924093,0.025679978073926853,0.04838325794169988,0.06049340833583613,0.05922555188825769,0.0671206786100868,0.026281085032924093,0.025679978073926853,0.04838325794169988,0.5485868297794482,0.8799703217751248,0.5290314707842458,0.8486022053470389,0.5290314707842458,814160,203540,81416,122124,0.75,,,,,,,,,0.007609519751643099,62
bayesfl_observability_v1,vi_sparse_bayesian_keep010_seed42,147,vi,69,5,63,,5,256,157.9311718940735,0.7563624306330605,0.9963212724042525,0.9963212724042525,,,1.033790476817526,0.006267227232456207,0.9998236041932173,1.033790476817526,,0.6915136378174996,1.579280430685095,157.9311718940735,62.76824016146791,0.9963212724042525,0.0006167656496164676,0.7563624306330605,0.9963212724042525,0.00125,55.04162909816186,0.0943996123112998,0.09512846171855927,0.103465224057436,0.12880930304527283,1.4713409986693307,1.2376573659346313,3.0374574741615374,,,,,,,,,,,,,,,,,,1,update_snr,bayesian,0.1,20,101770,10177,0.1,0.05472786957030252,0.02956008488728379,0.02841315264986223,0.05472774259079901,0.02956008488728379,0.02841315264986223,0.05472774259079901,0.06059480035145189,0.0593520937655643,0.06732794231382942,0.026111783169042887,0.025264464269233764,0.048335744199052254,0.06059480035145189,0.0593520937655643,0.06732794231382942,0.026111783169042887,0.025264464269233764,0.048335744199052254,0.5490556441426244,0.8759341582526258,0.531109210671843,0.8473033732610372,0.531109210671843,814160,203540,81416,122124,0.75,,,,,,,,,0.007607995993916414,63
bayesfl_observability_v1,vi_sparse_bayesian_keep010_seed42,147,vi,17,1,202,,5,256,340.2036759376526,0.1257387104600963,0.3221398431049778,0.3221398431049778,,,1.054088325978355,0.0062687695026397705,0.9998166017730867,1.054088325978355,,-0.0,2.3292713582565514,340.2036759376526,65.07224830720551,0.3221398431049778,0.0006394050143186156,0.1257387104600963,0.3221398431049778,0.00125,55.04031318637678,0.09439655529089705,0.09514351561665535,0.10345972105860711,0.1286969780921936,1.4712112476419832,1.2376028890363464,3.0368906936918636,,,,,,,,,,,,,,,,,,1,update_snr,bayesian,0.1,20,101770,10177,0.1,0.05511936481403722,0.030274695349165645,0.02956697800042129,0.05511895507888035,0.030274695349165645,0.02956697800042129,0.05511895507888035,0.06083016835706913,0.05964906989046795,0.06727768246960712,0.02687964279273192,0.026367015816234806,0.04912685508648298,0.06083016835706913,0.05964906989046795,0.06727768246960712,0.02687964279273192,0.026367015816234806,0.04912685508648298,0.5502254069569733,0.8990852020264178,0.5219917471776192,0.8529505354230439,0.5219917471776192,814160,203540,81416,122124,0.75,,,,,,,,,0.007608303181356737,202
bayesfl_observability_v1,vi_sparse_bayesian_keep010_seed42,147,vi,19,1,279,,5,256,170.1873281478882,0.11077282762014738,0.4479014970491644,0.4479014970491644,,,1.457396390904402,0.0122394859790802,0.9996494566219953,1.457396390904402,,0.3705115655529096,1.9463369459516098,170.1873281478882,124.96451767671687,0.4479014970491644,0.0012279111494223924,0.11077282762014738,0.4479014970491644,0.00125,55.04568341731658,0.09448128898303278,0.09520746022462845,0.10355212986469269,0.12730979919433594,1.4701521942710962,1.2378169026171628,3.0324747812122133,,,,,,,,,,,,,,,,,,1,update_snr,bayesian,0.1,20,101770,10177,0.1,0.0797846143623975,0.04035429779439254,0.03647538875117257,0.07978391685574461,0.04035429779439254,0.03647538875117257,0.07978391685574461,0.09365061174112539,0.09085241602128138,0.10949839327145668,0.03443248513364444,0.032387598543765175,0.0664049553624548,0.09365061174112539,0.09085241602128138,0.10949839327145668,0.03443248513364444,0.032387598543765175,0.0664049553624548,0.8699868174739116,1.16924213815736,0.5969459118353054,0.802281483235851,0.5969459118353054,814160,203540,81416,122124,0.75,,,,,,,,,0.0076232081234734695,279
bayesfl_observability_v1,vi_sparse_bayesian_keep010_seed42,147,vi,225,18,45,,5,256,65.00852241516114,0.08599920272827148,1.3815734877521004,1.3815734877521004,,,1.028726866718398,0.0062653422355651855,0.9998253571213592,1.028726866718398,,-0.0,2.311121424016332,65.00852241516114,62.170806948844515,1.3815734877521004,0.0006108952240232339,0.08599920272827148,1.3815734877521004,0.00125,55.04623449490865,0.09440003139236545,0.09513787180185318,0.10345845073461532,0.1279202550649643,1.4714817744386413,1.2384428541340564,3.036455973067449,,,,,,,,,,,,,,,,,,1,update_snr,bayesian,0.1,20,101770,10177,0.1,0.054464763483101454,0.029422707998658284,0.028327854651747957,0.05446431512251391,0.029422707998658284,0.028327854651747957,0.05446431512251391,0.060312749475914675,0.05903122365732001,0.06713807735218483,0.025990481167852016,0.02524078161784674,0.048115130496040055,0.060312749475914675,0.05903122365732001,0.06713807735218483,0.025990481167852016,0.02524078161784674,0.048115130496040055,0.5468072748363743,0.871367184655396,0.5315378576440508,0.847034536421729,0.5315378576440508,814160,203540,81416,122124,0.75,,,,,,,,,0.007608252459884734,45
bayesfl_observability_v1,vi_sparse_bayesian_keep010_seed42,147,vi,254,20,1,,5,256,24.517681455612184,0.0,61.84199544659009,61.84199544659009,,,1.0261044678897262,0.006265465170145035,0.9998262400426391,1.0261044678897262,,-0.0,2.28098669344155,24.517681455612184,61.84199544659009,61.84199544659009,0.0006076642964192797,0.0,61.84199544659009,0.00125,55.04529989810473,0.09439812968170712,0.09513414278626442,0.10344258397817611,0.12810596823692322,1.471534122430944,1.239364957112905,3.0380383144776855,,,,,,,,,,,,,,,,,,1,update_snr,bayesian,0.1,20,101770,10177,0.1,0.05423640770007681,0.029361062696567214,0.028347778369967484,0.054233908869513195,0.029361062696567214,0.028347778369967484,0.054233908869513195,0.06016138341571682,0.058978293065892286,0.06688048792682309,0.02593880483888393,0.025280884946297703,0.04782263549272975,0.06016138341571682,0.058978293065892286,0.06688048792682309,0.02593880483888393,0.025280884946297703,0.04782263549272975,0.5457022319261883,0.8689645867893784,0.5318193702523026,0.8468578141721576,0.5318193702523026,814160,203540,81416,122124,0.75,,,,,,,,,0.007608939156684819,1
bayesfl_observability_v1,vi_sparse_bayesian_keep010_seed42,147,vi,1,0,3,,5,256,27.63210859298706,0.3707207441329956,20.5581967216249,20.5581967216249,,,1.0253683787798789,0.006268113851547241,0.9998264814473928,1.0253683787798789,,-0.0,2.3277319754160017,27.63210859298706,61.674590164874694,20.5581967216249,0.0006060193589945435,0.3707207441329956,20.5581967216249,0.00125,55.04410328743738,0.094400592942852,0.0951303243637085,0.10345772132277489,0.12894590198993683,1.4713643547057258,1.2378244491888886,3.039363860871731,,,,,,,,,,,,,,,,,,1,update_snr,bayesian,0.1,20,101770,10177,0.1,0.054201831103369846,0.029316958762815346,0.028226099647103833,0.054201638180127805,0.029316958762815346,0.028226099647103833,0.054201638180127805,0.06004665301253806,0.058815094279470376,0.0668468076016731,0.025902548290623932,0.02526104525477996,0.04784897269206885,0.06004665301253806,0.058815094279470376,0.0668468076016731,0.025902548290623932,0.02526104525477996,0.04784897269206885,0.5453719363724049,0.8683028061794406,0.5318790277318302,0.8468203468617435,0.5318790277318302,814160,203540,81416,122124,0.75,,,,,,,,,0.007608351881129498,3
bayesfl_observability_v1,vi_sparse_bayesian_keep010_seed42,147,vi,3,0,1,,5,256,23.41688528060913,0.003542815800756216,61.495834211384576,61.495834211384576,,,1.0235061745860112,0.006269186735153198,0.9998271013184565,1.0235061745860112,,-0.0,2.185987945410232,23.41688528060913,61.495834211384576,61.495834211384576,0.0006042628889789188,0.003542815800756216,61.495834211384576,0.00125,55.04247529739446,0.09440070232033285,0.09514186531305313,0.10345891043543816,0.1287936419248581,1.4712806707050041,1.2364253644505416,3.0396279717345873,,,,,,,,,,,,,,,,,,1,update_snr,bayesian,0.1,20,101770,10177,0.1,0.0543862496681952,0.029219055892451856,0.02800214794650998,0.0543858237066141,0.029219055892451856,0.02800214794650998,0.0543858237066141,0.06018619969445018,0.058963921968459766,0.06680702621182134,0.025778262136674265,0.024956764682812528,0.04790300567585225,0.06018619969445018,0.058963921968459766,0.06680702621182134,0.025778262136674265,0.024956764682812528,0.04790300567585225,0.5463905919978823,0.8654606925747088,0.533842008543707,0.8455842417607018,0.533842008543707,814160,203540,81416,122124,0.75,,,,,,,,,0.007608182051027619,1
bayesfl_observability_v1,vi_sparse_bayesian_keep010_seed42,147,vi,4,0,3,,5,256,27.855758285522462,0.0048169298097491264,20.560677077047536,20.560677077047536,,,1.0250290181844532,0.006265707314014435,0.9998265828430141,1.0250290181844532,,0.6365141682948128,1.6763487837974358,27.855758285522462,61.68203123114261,20.560677077047536,0.0006060924754951617,0.0048169298097491264,20.560677077047536,0.00125,55.0418514255422,0.09439972249189423,0.09513315558433533,0.10344093143939972,0.1289472132921219,1.4713753714197408,1.2382944125780302,3.0364412223015687,,,,,,,,,,,,,,,,,,1,update_snr,bayesian,0.1,20,101770,10177,0.1,0.054201870402842606,0.02931673340585473,0.028284593668232258,0.054200743190795965,0.02931673340585473,0.028284593668232258,0.054200743190795965,0.0600649771208382,0.058832511989702234,0.06685642067226659,0.025900261881967684,0.025147255169582126,0.04775044084490608,0.0600649771208382,0.058832511989702234,0.06685642067226659,0.025900261881967684,0.025147255169582126,0.04775044084490608,0.5445021333781672,0.8684479920333799,0.5312065548569518,0.8472423479011237,0.5312065548569518,814160,203540,81416,122124,0.75,,,,,,,,,0.007609348994246586,3
bayesfl_observability_v1,vi_sparse_bayesian_keep010_seed42,147,vi,210,16,633,,5,256,174.7011617819468,0.0510182855253536,0.29123278971976535,0.29123278971976535,,,1.7690524549363866,0.01767653226852417,0.999483705946659,1.7690524549363866,,-0.0,2.311121424016332,174.7011617819468,184.35035589261147,0.29123278971976535,0.0018114410523003977,0.0510182855253536,0.29123278971976535,0.00125,55.05952317350236,0.09453620720089911,0.0952707938849926,0.10363648980855943,0.12873198091983795,1.469689882813852,1.2382507734477035,3.0350905060566378,,,,,,,,,,,,,,,,,,1,update_snr,bayesian,0.1,20,101770,10177,0.1,0.09701419974891472,0.0484046732528829,0.042596248120983435,0.0970083856211926,0.0484046732528829,0.042596248120983435,0.0970083856211926,0.11678203954855111,0.1127325067690343,0.1400922521289999,0.04080718810891977,0.037786613977407034,0.07964709020374341,0.11678203954855111,0.1127325067690343,0.1400922521289999,0.04080718810891977,0.037786613977407034,0.07964709020374341,1.0924762622436992,1.3914173366573,0.6175488234931866,0.7865325489782234,0.6175488234931866,814160,203540,81416,122124,0.75,,,,,,,,,0.007635437105005816,633
bayesfl_observability_v1,vi_sparse_bayesian_keep010_seed42,147,vi,197,15,49,,5,256,200.822318649292,0.787315913609096,1.2833381279616698,1.2833381279616698,,,1.0351806593760084,0.006269365549087524,0.9998231258831975,1.0351806593760084,,-0.0,2.259365973874069,200.822318649292,62.88356827012182,1.2833381279616698,0.0006178988726552208,0.787315913609096,1.2833381279616698,0.00125,55.040981167601515,0.09439877221020193,0.09513885527849197,0.10345488265156746,0.12779739499092102,1.471228881606606,1.237183118873277,3.0384253267953234,,,,,,,,,,,,,,,,,,1,update_snr,bayesian,0.1,20,101770,10177,0.1,0.05474934030778785,0.029605320709990227,0.028433142613268,0.05474884561177189,0.029605320709990227,0.028433142613268,0.05474884561177189,0.06058168628986799,0.05937819756191113,0.06714825390030546,0.02616350231222602,0.02539979751944197,0.048360890231294,0.06058168628986799,0.05937819756191113,0.06714825390030546,0.02616350231222602,0.02539979751944197,0.048360890231294,0.5493292152311682,0.8774032202127238,0.5306602381484752,0.8475846339146342,0.5306602381484752,814160,203540,81416,122124,0.75,,,,,,,,,0.007607354523939296,49
bayesfl_observability_v1,vi_sparse_bayesian_keep010_seed42,147,vi,137,11,1415,,5,256,235.29202909469603,0.024554939025703673,0.2112283705021543,0.2112283705021543,,,2.25250342169301,0.02710951864719391,0.9991630310800649,2.25250342169301,,-0.0,2.185987945410232,235.29202909469603,298.8881442605483,0.2112283705021543,0.0029368983419529164,0.024554939025703673,0.2112283705021543,0.00125,55.06511362423184,0.09462523165805829,0.09534962102770805,0.10377353504300119,0.1281377673149109,1.4684643883900825,1.23482513135035,3.032854674402924,,,,,,,,,,,,,,,,,,1,update_snr,bayesian,0.1,20,101770,10177,0.1,0.12365842205157672,0.06036396504879788,0.051609562454426085,0.12365769343231582,0.06036396504879788,0.051609562454426085,0.12365769343231582,0.15358090851208492,0.1460610995658104,0.18975847621204073,0.05000652688621043,0.04574880344958313,0.09917495761980037,0.15358090851208492,0.1460610995658104,0.18975847621204073,0.05000652688621043,0.04574880344958313,0.09917495761980037,1.4550200921838043,1.7195023105771532,0.6459568843141613,0.7633738950259855,0.6459568843141613,814160,203540,81416,122124,0.75,,,,,,,,,0.007658936200109591,1415
bayesfl_observability_v1,vi_sparse_bayesian_keep010_seed42,147,vi,167,13,726,,5,256,238.812965742747,0.00990377058667585,0.2709154677315356,0.2709154677315356,,,1.830352955546331,0.016998693346977234,0.9994473733672229,1.830352955546331,,-0.0,2.3292713582565514,238.812965742747,196.6846295730948,0.2709154677315356,0.001932638592641199,0.00990377058667585,0.2709154677315356,0.00125,55.063502423592,0.09452976027679863,0.09526441991329193,0.10362148135900498,0.12911619246006012,1.4696837699211307,1.2376230934657402,3.0311943547304274,,,,,,,,,,,,,,,,,,1,update_snr,bayesian,0.1,20,101770,10177,0.1,0.10024386327753179,0.05027161502445558,0.04477656517759489,0.1002382079527337,0.05027161502445558,0.04477656517759489,0.1002382079527337,0.11970357531635016,0.11573827788859474,0.14196154978696135,0.04255695276980063,0.039818273502683764,0.08268579852775555,0.11970357531635016,0.11573827788859474,0.14196154978696135,0.04255695276980063,0.039818273502683764,0.08268579852775555,1.1186015342834552,1.4487658711385671,0.6111397973237193,0.7915226769506507,0.6111397973237193,814160,203540,81416,122124,0.75,,,,,,,,,0.0076356560756107505,726
bayesfl_observability_v1,vi_sparse_bayesian_keep010_seed42,147,vi,269,21,1,,5,256,22.35349274724722,0.01724616065621376,61.93585690677439,61.93585690677439,,,1.0273328139166156,0.006272211670875549,0.9998258274396373,1.0273328139166156,,-0.0,2.185987945410232,22.35349274724722,61.93585690677439,61.93585690677439,0.0006085865864869254,0.01724616065621376,61.93585690677439,0.00125,55.04584165929697,0.09439898204328187,0.09512624144554138,0.10344079807400704,0.12843406200408936,1.471494613477472,1.2384395839049978,3.0383050656275974,,,,,,,,,,,,,,,,,,1,update_snr,bayesian,0.1,20,101770,10177,0.1,0.0543052902249941,0.0293914709579941,0.028381676680212967,0.05430505629842998,0.0293914709579941,0.028381676680212967,0.05430505629842998,0.060144590766464584,0.058960726573871775,0.06669428256384247,0.025974457645941827,0.025347452370818636,0.04796172622444607,0.060144590766464584,0.058960726573871775,0.06669428256384247,0.025974457645941827,0.025347452370818636,0.04796172622444607,0.546339516257693,0.8700148524738772,0.5318038213680938,0.8468675785376917,0.5318038213680938,814160,203540,81416,122124,0.75,,,,,,,,,0.007606385393931794,1
bayesfl_observability_v1,vi_sparse_bayesian_keep010_seed42,148,vi,76,6,70,,5,256,44.883966732025144,0.038509184973580496,0.8827168309297748,0.8827168309297748,,,1.0268844056861066,0.006278038024902344,0.9998262170072132,1.0268844056861066,,-0.0,2.311121424016332,44.883966732025144,61.790178165084235,0.8827168309297748,0.000607155135748101,0.038509184973580496,0.8827168309297748,0.00125,55.083439630171654,0.09453810056320275,0.0952744297683239,0.1035846084356308,0.1282982975244522,1.4703048526867313,1.2359855009835274,3.0326871943528,,,,,,,,,,,,,,,,,,1,update_snr,bayesian,0.1,20,101770,10177,0.1,0.05428630721066819,0.029351144219898474,0.028190796913591196,0.054285930291915564,0.029351144219898474,0.028190796913591196,0.054285930291915564,0.060152650881906376,0.058919390361647554,0.06684192828917303,0.025928754590786484,0.025203405250520453,0.04786646338397856,0.060152650881906376,0.058919390361647554,0.06684192828917303,0.025928754590786484,0.025203405250520453,0.04786646338397856,0.5463865000727072,0.8694557925389919,0.5320817971791502,0.8466929556283117,0.5320817971791502,814160,203540,81416,122124,0.75,,,,,,,,,0.0076015568093170975,70
bayesfl_observability_v1,vi_sparse_bayesian_keep010_seed42,148,vi,237,19,1,,5,256,23.46776466369629,1.7575616836547852,61.75018672492096,61.75018672492096,,,1.026842648954728,0.006265327334403992,0.9998262394474415,1.026842648954728,,-0.0,2.3163460082440825,23.46776466369629,61.75018672492096,61.75018672492096,0.0006067621767212436,1.7575616836547852,61.75018672492096,0.00125,55.08460482573722,0.09453425400806127,0.09527572244405746,0.10356870964169503,0.12757577002048492,1.4702164626927885,1.236755876030842,3.034692229745631,,,,,,,,,,,,,,,,,,1,update_snr,bayesian,0.1,20,101770,10177,0.1,0.054267551210306825,0.02932484663960098,0.02825545434088369,0.054264625833459715,0.02932484663960098,0.02825545434088369,0.054264625833459715,0.060174295419643684,0.059045342653247936,0.06687435522655373,0.025897130108485128,0.02518831803492544,0.047892150948299364,0.060174295419643684,0.059045342653247936,0.06687435522655373,0.025897130108485128,0.02518831803492544,0.047892150948299364,0.5463889669566657,0.8694049243594096,0.5321058367733956,0.846677848104983,0.5321058367733956,814160,203540,81416,122124,0.75,,,,,,,,,0.007600015365391857,1
bayesfl_observability_v1,vi_sparse_bayesian_keep010_seed42,148,vi,73,5,1,,5,256,20.867947220802307,0.0011363723315298557,61.58601232449402,61.58601232449402,,,1.0262512182947852,0.006273599341511726,0.9998264360469349,1.0262512182947852,,-0.0,2.28098669344155,20.867947220802307,61.58601232449402,61.58601232449402,0.0006051489861893881,0.0011363723315298557,61.58601232449402,0.00125,55.08411629023533,0.0945366887504379,0.09527815133333206,0.10356180667877198,0.12768468260765076,1.4702774060424997,1.2373554748580657,3.0338876615840342,,,,,,,,,,,,,,,,,,1,update_snr,bayesian,0.1,20,101770,10177,0.1,0.054215527858874166,0.02927308350217368,0.028134980612991498,0.054214544937472756,0.02927308350217368,0.028134980612991498,0.054214544937472756,0.06007368291692637,0.0588022539743216,0.06678518517340314,0.025850794678312267,0.025083703965862063,0.04781108819647112,0.06007368291692637,0.0588022539743216,0.06678518517340314,0.025850794678312267,0.025083703965862063,0.04781108819647112,0.5465397969621651,0.8686114283084736,0.5325594622633368,0.8463925916226972,0.5325594622633368,814160,203540,81416,122124,0.75,,,,,,,,,0.007600497714141115,1
bayesfl_observability_v1,vi_sparse_bayesian_keep010_seed42,148,vi,143,11,27,,5,256,49.73322448730469,0.17177892614293983,2.2985143986285865,2.2985143986285865,,,1.029762571758189,0.006268367171287537,0.9998252692993537,1.029762571758189,,0.149994923610415,2.1788016114278856,49.73322448730469,62.05988876297184,2.2985143986285865,0.0006098053332315204,0.17177892614293983,2.2985143986285865,0.00125,55.087134408457466,0.09453657277549246,0.09527530148625374,0.10357907935976983,0.1276731789112091,1.4703670203082113,1.237360173546651,3.037494039441749,,,,,,,,,,,,,,,,,,1,update_snr,bayesian,0.1,20,101770,10177,0.1,0.054412570893700336,0.029402190368401016,0.02833209257058355,0.05441247585413735,0.029402190368401016,0.02833209257058355,0.05441247585413735,0.060246545558299315,0.059102327471175525,0.06676759563839314,0.02597503979174565,0.02525819603527832,0.047956488044373434,0.060246545558299315,0.059102327471175525,0.06676759563839314,0.02597503979174565,0.02525819603527832,0.047956488044373434,0.5469439581258748,0.8725040176776502,0.5311359852514714,0.847286589750451,0.5311359852514714,814160,203540,81416,122124,0.75,,,,,,,,,0.007601703004174919,27
bayesfl_observability_v1,vi_sparse_bayesian_keep010_seed42,148,vi,196,15,1,,5,256,20.579587602615355,3.611976353568025e-05,61.784402946607166,61.784402946607166,,,1.0275321564221451,0.006263229995965958,0.999825969971515,1.0275321564221451,,-0.0,2.185987945410232,20.579587602615355,61.784402946607166,61.784402946607166,0.0006070983879984983,3.611976353568025e-05,61.784402946607166,0.00125,55.07897603068066,0.09453602957336926,0.0952780619263649,0.10356437265872956,0.12875305116176605,1.4702168928923094,1.2364511625560883,3.03415804576919,,,,,,,,,,,,,,,,,,1,update_snr,bayesian,0.1,20,101770,10177,0.1,0.054332996462220284,0.029334841804456863,0.028233592266237836,0.05433281925466715,0.029334841804456863,0.028233592266237836,0.05433281925466715,0.06015160401991953,0.05896141282193989,0.06684026881929432,0.0259107571138499,0.025180371640959084,0.04788367788341139,0.06015160401991953,0.05896141282193989,0.06684026881929432,0.0259107571138499,0.025180371640959084,0.04788367788341139,0.5469706487282237,0.869853689945252,0.5323148723955939,0.8465464409153601,0.5323148723955939,814160,203540,81416,122124,0.75,,,,,,,,,0.007599523992204712,1
bayesfl_observability_v1,vi_sparse_bayesian_keep010_seed42,148,vi,130,10,1,,5,256,25.733029770851136,0.0005965837044641376,61.68989464481867,61.68989464481867,,,1.026459665132197,0.006271332502365112,0.999826362219077,1.026459665132197,,-0.0,2.311121424016332,25.733029770851136,61.68989464481867,61.68989464481867,0.0006061697420145295,0.0005965837044641376,61.68989464481867,0.00125,55.08364960984221,0.09453714006769202,0.09528037905693054,0.10356537848711014,0.12886807322502136,1.4703692650275797,1.2368993797569077,3.0350893905099974,,,,,,,,,,,,,,,,,,1,update_snr,bayesian,0.1,20,101770,10177,0.1,0.05424958262726477,0.029303420612409245,0.028188603548674397,0.05424916020831918,0.029303420612409245,0.028188603548674397,0.05424916020831918,0.060123758924231274,0.05897640647503151,0.06678289814066898,0.02587893857776235,0.025091174170247952,0.04791108601665624,0.060123758924231274,0.05897640647503151,0.06678289814066898,0.02587893857776235,0.025091174170247952,0.04791108601665624,0.5465827699898314,0.8688306622659824,0.532493178793769,0.8464342942828506,0.532493178793769,814160,203540,81416,122124,0.75,,,,,,,,,0.007601277655755591,1
bayesfl_observability_v1,vi_sparse_bayesian_keep010_seed42,148,vi,131,10,1,,5,256,28.009042739868164,5.72711181640625,61.69351099175281,61.69351099175281,,,1.0267514656153138,0.006265506148338318,0.9998262456444759,1.0267514656153138,,-0.0,2.259365973874069,28.009042739868164,61.69351099175281,61.69351099175281,0.0006062052765230698,5.72711181640625,61.69351099175281,0.00125,55.08093116091173,0.09453606990954755,0.09528594091534615,0.1035799078643322,0.12822112441062927,1.4702183272178482,1.2369084351005224,3.0338853881396415,,,,,,,,,,,,,,,,,,1,update_snr,bayesian,0.1,20,101770,10177,0.1,0.05425171289637166,0.029300952963675766,0.028239025304934683,0.05425126572257623,0.029300952963675766,0.028239025304934683,0.05425126572257623,0.060071276518643975,0.058836759717826675,0.0665774362773556,0.02588202812423486,0.02522065699270186,0.04787645919838674,0.060071276518643975,0.058836759717826675,0.0665774362773556,0.02588202812423486,0.02522065699270186,0.04787645919838674,0.5464365078404237,0.8692673438260279,0.5321993940500042,0.8466190435921038,0.5321993940500042,814160,203540,81416,122124,0.75,,,,,,,,,0.007600168713517518,1
bayesfl_observability_v1,vi_sparse_bayesian_keep010_seed42,148,vi,286,22,1,,5,256,22.649927501380443,0.0014909114688634872,61.64580989012966,61.64580989012966,,,1.0261735988721277,0.006263911724090576,0.9998264150751945,1.0261735988721277,,-0.0,2.185987945410232,22.649927501380443,61.64580989012966,61.64580989012966,0.0006057365617581769,0.0014909114688634872,61.64580989012966,0.00125,55.0759980899417,0.09453697275050797,0.09528207406401634,0.10357819199562072,0.12830547988414764,1.4700970747380673,1.236596404001316,3.0355567276974864,,,,,,,,,,,,,,,,,,1,update_snr,bayesian,0.1,20,101770,10177,0.1,0.05426799458558884,0.029302917578972677,0.028100184095141697,0.054267301873015004,0.029302917578972677,0.028100184095141697,0.054267301873015004,0.060165112663467676,0.05907809590659224,0.06672078431581657,0.02587378479180657,0.02514865475215234,0.04779216673412697,0.060165112663467676,0.05907809590659224,0.06672078431581657,0.02587378479180657,0.02514865475215234,0.04779216673412697,0.546506827234354,0.8685404669953007,0.5325676160788216,0.84638746109812,0.5325676160788216,814160,203540,81416,122124,0.75,,,,,,,,,0.007599088370458886,1
bayesfl_observability_v1,vi_sparse_bayesian_keep010_seed42,148,vi,44,3,2,,5,256,23.490181398391723,0.00017145347374025732,30.72402228235898,30.72402228235898,,,1.0248330267870898,0.006265774369239807,0.9998268985825924,1.0248330267870898,,-0.0,2.185987945410232,23.490181398391723,61.44804456471796,30.72402228235898,0.0006037933041634859,0.00017145347374025732,30.72402228235898,0.00125,55.081606177683966,0.09453617096257676,0.09526815637946129,0.10357890725135803,0.12810100615024567,1.4702056330728182,1.2366302421300293,3.0351388906912242,,,,,,,,,,,,,,,,,,1,update_snr,bayesian,0.1,20,101770,10177,0.1,0.054223380599077456,0.02922858085683066,0.028053305738371816,0.054223202134794736,0.02922858085683066,0.028053305738371816,0.054223202134794736,0.060064934966748904,0.058890802775652736,0.06658888237029084,0.025802319289061963,0.025047430807941917,0.047864974710792485,0.060064934966748904,0.058890802775652736,0.06658888237029084,0.025802319289061963,0.025047430807941917,0.047864974710792485,0.5463571204962752,0.867050534672926,0.533118182392244,0.8460407812882251,0.533118182392244,814160,203540,81416,122124,0.75,,,,,,,,,0.007600820349199236,2
bayesfl_observability_v1,vi_sparse_bayesian_keep010_seed42,148,vi,255,20,1,,5,256,19.189305305480957,3.576278118089249e-07,61.62985586582094,61.62985586582094,,,1.026535248705415,0.0062687695026397705,0.9998263325365832,1.026535248705415,,-0.0,2.28098669344155,19.189305305480957,61.62985586582094,61.62985586582094,0.0006055797962643308,3.576278118089249e-07,61.62985586582094,0.00125,55.08305492948755,0.09453780537836676,0.09528230875730515,0.10358497500419617,0.12878604233264923,1.4703926982593387,1.2374904111951002,3.0334744207286417,,,,,,,,,,,,,,,,,,1,update_snr,bayesian,0.1,20,101770,10177,0.1,0.05426761216891333,0.02930158455558481,0.02814881288097476,0.05426746687740042,0.02930158455558481,0.02814881288097476,0.05426746687740042,0.06013988197652361,0.05894243175810775,0.06693409654735734,0.025875107064369383,0.02518495423787756,0.047730625828430295,0.06013988197652361,0.05894243175810775,0.06693409654735734,0.025875107064369383,0.02518495423787756,0.047730625828430295,0.5470736570579178,0.8686109777040381,0.5329321693997784,0.8461579656416685,0.5329321693997784,814160,203540,81416,122124,0.75,,,,,,,,,0.00759987450491506,1
bayesfl_observability_v1,vi_sparse_bayesian_keep010_seed42,148,vi,117,9,1,,5,256,18.200686579942705,0.0008033862104639411,61.766720637232694,61.766720637232694,,,1.0273736690585844,0.006267115473747253,0.9998260494109398,1.0273736690585844,,-0.0,2.3277319754160017,18.200686579942705,61.766720637232694,61.766720637232694,0.0006069246402400775,0.0008033862104639411,61.766720637232694,0.00125,55.083158643383946,0.09453782434400013,0.09527307376265526,0.10357206538319588,0.12802518904209137,1.4702483829796347,1.2367907328462784,3.034698875214102,,,,,,,,,,,,,,,,,,1,update_snr,bayesian,0.1,20,101770,10177,0.1,0.05429640859298844,0.0293133659781889,0.02815654766207406,0.05429520736566213,0.0293133659781889,0.02815654766207406,0.05429520736566213,0.06011789371129941,0.058932460029947654,0.06676814189224926,0.02589064067450995,0.025151117534175583,0.04799434685230788,0.06011789371129941,0.058932460029947654,0.06676814189224926,0.02589064067450995,0.025151117534175583,0.04799434685230788,0.5470745436961211,0.8696011151755613,0.532498116481244,0.8464311879556002,0.532498116481244,814160,203540,81416,122124,0.75,,,,,,,,,0.0076014335539960785,1
bayesfl_observability_v1,vi_sparse_bayesian_keep010_seed42,148,vi,119,9,1,,5,256,22.57498507499695,0.09626136720180511,61.29915898657244,61.29915898657244,,,1.0234935877309066,0.006268540397286415,0.9998273365042653,1.0234935877309066,,-0.0,2.3163460082440825,22.57498507499695,61.29915898657244,61.29915898657244,0.0006023303427981964,0.09626136720180511,61.29915898657244,0.00125,55.07918719960606,0.09453636053157097,0.09527542814612389,0.1035648800432682,0.1285030096769333,1.4701534072704896,1.2374915874741896,3.0335609368946717,,,,,,,,,,,,,,,,,,1,update_snr,bayesian,0.1,20,101770,10177,0.1,0.054080861170536065,0.029201974794281185,0.028130465454946407,0.05407981274035997,0.029201974794281185,0.028130465454946407,0.05407981274035997,0.05992724496294623,0.05872541114628555,0.06654252891112197,0.025788055886651725,0.025059473468353504,0.04771075281662187,0.05992724496294623,0.05872541114628555,0.06654252891112197,0.025788055886651725,0.025059473468353504,0.04771075281662187,0.5454682263978547,0.8660274465146367,0.5329473803613779,0.846148385193723,0.5329473803613779,814160,203540,81416,122124,0.75,,,,,,,,,0.007598789911942569,1
bayesfl_observability_v1,vi_sparse_bayesian_keep010_seed42,148,vi,33,2,1,,5,256,25.24144344329834,0.18429048359394073,61.33149384756728,61.33149384756728,,,1.0235380561169332,0.006276816129684448,0.9998273235350698,1.0235380561169332,,-0.0,2.3096097079310103,25.24144344329834,61.33149384756728,61.33149384756728,0.0006026480676777762,0.18429048359394073,61.33149384756728,0.00125,55.0795523081249,0.09453616124962447,0.09528224542737007,0.10357563719153405,0.12788060307502747,1.4702369440584109,1.237660491918185,3.035611842427774,,,,,,,,,,,,,,,,,,1,update_snr,bayesian,0.1,20,101770,10177,0.1,0.054086592949996,0.029215264106444767,0.028025611088929595,0.05408605434383239,0.029215264106444767,0.028025611088929595,0.05408605434383239,0.060051235002731386,0.05888141834533398,0.06651514405120197,0.02578904511796848,0.02504040412041727,0.04759269132980252,0.060051235002731386,0.05888141834533398,0.06651514405120197,0.02578904511796848,0.02504040412041727,0.04759269132980252,0.5462968957338628,0.865557539410972,0.5337338386873342,0.8456525228721805,0.5337338386873342,814160,203540,81416,122124,0.75,,,,,,,,,0.007600959821211825,1
bayesfl_observability_v1,vi_sparse_bayesian_keep010_seed42,148,vi,22,1,18,,5,256,63.80453431606293,1.13841798570421,3.4371953959637747,3.4371953959637747,,,1.028547633931285,0.0062696486711502075,0.9998256588566509,1.028547633931285,,-0.0,2.3277319754160017,63.80453431606293,61.86951712734795,3.4371953959637747,0.0006079347266124393,1.13841798570421,3.4371953959637747,0.00125,55.084192428604055,0.09453570609129844,0.09528159350156784,0.10355425402522087,0.12870538234710693,1.470404257644393,1.2372153622137574,3.0349073986567117,,,,,,,,,,,,,,,,,,1,update_snr,bayesian,0.1,20,101770,10177,0.1,0.05429212057980315,0.029357098650618096,0.028315013973553873,0.054291632041739785,0.029357098650618096,0.028315013973553873,0.054291632041739785,0.06017844532927568,0.05900585127369219,0.06677120666563399,0.025932504575211696,0.025323709253088782,0.047864571995849405,0.06017844532927568,0.05900585127369219,0.06677120666563399,0.025932504575211696,0.025323709253088782,0.047864571995849405,0.5470792635544017,0.8709847958801684,0.5318949220303694,0.8468103636105949,0.5318949220303694,814160,203540,81416,122124,0.75,,,,,,,,,0.007599924726645081,18
bayesfl_observability_v1,vi_sparse_bayesian_keep010_seed42,148,vi,229,18,46,,5,256,75.55613117218017,0.1872560044993525,1.3382136198403962,1.3382136198403962,,,1.0256020054690498,0.006264571100473404,0.9998266749838697,1.0256020054690498,,0.22371807606583377,2.084207925130502,75.55613117218017,61.557826512658224,1.3382136198403962,0.0006048720301921807,0.1872560044993525,1.3382136198403962,0.00125,55.08667549084082,0.09453698657101652,0.09528221935033798,0.10357005298137664,0.1287086009979248,1.470322334433062,1.2360938187671864,3.0366592882361285,,,,,,,,,,,,,,,,,,1,update_snr,bayesian,0.1,20,101770,10177,0.1,0.05430785755731821,0.029258524305505084,0.0280274436795419,0.054307746690196945,0.029258524305505084,0.0280274436795419,0.054307746690196945,0.060165251700456786,0.05890884674406995,0.06693933976789411,0.025824443483843783,0.025003194966966676,0.047853851376017185,0.060165251700456786,0.05890884674406995,0.06693933976789411,0.025824443483843783,0.025003194966966676,0.047853851376017185,0.5471767902155,0.8674428130266572,0.5335176679624897,0.845788920459394,0.5335176679624897,814160,203540,81416,122124,0.75,,,,,,,,,0.007601416759388869,46
bayesfl_observability_v1,vi_sparse_bayesian_keep010_seed42,149,vi,226,18,1,,5,256,23.941342306137084,0.0013830630341544747,61.248001689756364,61.248001689756364,,,1.0242838362939168,0.006272807717323303,0.9998272179468879,1.0242838362939168,,-0.0,2.259365973874069,23.941342306137084,61.248001689756364,61.248001689756364,0.0006018276671883302,0.0013830630341544747,61.248001689756364,0.00125,55.10279621292281,0.09462941444006816,0.09537852182984352,0.10364603325724601,0.1283896416425705,1.4693257323356146,1.2362852864572855,3.0347440718660175,,,,,,,,,,,,,,,,,,1,update_snr,bayesian,0.1,20,101770,10177,0.1,0.054213692511851014,0.029183901659297577,0.028012908649523417,0.054213299437276624,0.029183901659297577,0.028012908649523417,0.054213299437276624,0.05997246689345689,0.058791567530487324,0.06642478513280924,0.025762949966613206,0.024993923357316764,0.04773245861638849,0.05997246689345689,0.058791567530487324,0.06642478513280924,0.025762949966613206,0.024993923357316764,0.04773245861638849,0.5461340748472389,0.8665419491194494,0.5331862668293893,0.8459978752127807,0.5331862668293893,814160,203540,81416,122124,0.75,,,,,,,,,0.007589896469204704,1
bayesfl_observability_v1,vi_sparse_bayesian_keep010_seed42,149,vi,253,20,1,,5,256,26.856910848617552,0.04963694140315056,61.168998025520054,61.168998025520054,,,1.0236742853380223,0.006265461444854736,0.9998274423499219,1.0236742853380223,,-0.0,2.259365973874069,26.856910848617552,61.168998025520054,61.168998025520054,0.0006010513709887005,0.04963694140315056,61.168998025520054,0.00125,55.10592404092844,0.09462921880266136,0.09536528214812279,0.1036451019346714,0.12875701487064362,1.469462109658239,1.2361890678003844,3.035565554816686,,,,,,,,,,,,,,,,,,1,update_snr,bayesian,0.1,20,101770,10177,0.1,0.05410030152920446,0.029159220747583706,0.028033305193004968,0.054099573523111684,0.029159220747583706,0.028033305193004968,0.054099573523111684,0.05999534002754562,0.05881244710682092,0.06666639629688775,0.025732985272032393,0.02494983170023483,0.047677585158032096,0.05999534002754562,0.05881244710682092,0.06666639629688775,0.025732985272032393,0.02494983170023483,0.047677585158032096,0.5464490473385224,0.8656225973974642,0.5338114429220836,0.8456035379570284,0.5338114429220836,814160,203540,81416,122124,0.75,,,,,,,,,0.00758987686811457,1
bayesfl_observability_v1,vi_sparse_bayesian_keep010_seed42,149,vi,143,11,27,,5,256,46.94835453033447,0.22724469502766928,2.2736526014142897,2.2736526014142897,,,1.0250343115878926,0.006271079182624817,0.9998269617087583,1.0250343115878926,,0.149994923610415,2.1788016114278856,46.94835453033447,61.38862023818582,2.2736526014142897,0.0006032093960713945,0.22724469502766928,2.2736526014142897,0.00125,55.10225279386461,0.09462944127647087,0.09537575766444206,0.1036484107375145,0.12837852537631989,1.4692465820339062,1.2367043390378556,3.0345025744020053,,,,,,,,,,,,,,,,,,1,update_snr,bayesian,0.1,20,101770,10177,0.1,0.05419352670268121,0.029183696283171086,0.027970226795361177,0.054193272087839084,0.029183696283171086,0.027970226795361177,0.054193272087839084,0.060101900216008995,0.05885352381210894,0.06676711071932062,0.025748340290633543,0.02491679324407181,0.04782695062984688,0.060101900216008995,0.05885352381210894,0.06676711071932062,0.025748340290633543,0.02491679324407181,0.04782695062984688,0.5472884818972507,0.8667010196804134,0.5339221094457216,0.8455336664172701,0.5339221094457216,814160,203540,81416,122124,0.75,,,,,,,,,0.007591220295764503,27
bayesfl_observability_v1,vi_sparse_bayesian_keep010_seed42,149,vi,198,15,1,,5,256,26.643779754638672,0.042527731508016586,61.224984747748046,61.224984747748046,,,1.023995469305574,0.006274610757827759,0.999827325061536,1.023995469305574,,-0.0,2.3096097079310103,26.643779754638672,61.224984747748046,61.224984747748046,0.0006016015009113496,0.042527731508016586,61.224984747748046,0.00125,55.10449787566316,0.09463024464431025,0.09537782520055771,0.10363304764032365,0.12801896035671234,1.4692571986463334,1.2361232862775986,3.0338557464910783,,,,,,,,,,,,,,,,,,1,update_snr,bayesian,0.1,20,101770,10177,0.1,0.05410264364028529,0.029185109058598335,0.02802120753222243,0.05410222763948737,0.029185109058598335,0.02802120753222243,0.05410222763948737,0.059975249418811945,0.058824473741298344,0.06661203522359262,0.025763982351907938,0.024985203673216272,0.04762881339385623,0.059975249418811945,0.058824473741298344,0.06661203522359262,0.025763982351907938,0.024985203673216272,0.04762881339385623,0.5464221796940664,0.8660193546894484,0.5336177708526625,0.8457257679828821,0.5336177708526625,814160,203540,81416,122124,0.75,,,,,,,,,0.0075904689390719395,1
bayesfl_observability_v1,vi_sparse_bayesian_keep010_seed42,149,vi,209,16,1,,5,256,23.88437123298645,1.919381856918335,61.54881519517312,61.54881519517312,,,1.0264488683802035,0.0062683820724487305,0.9998265134695001,1.0264488683802035,,-0.0,2.259365973874069,23.88437123298645,61.54881519517312,61.54881519517312,0.0006047834842799756,1.919381856918335,61.54881519517312,0.00125,55.107094783166914,0.09463062725874821,0.0953814759850502,0.10364867746829987,0.12817637622356415,1.4693707056245304,1.235914336363257,3.0321543758268277,,,,,,,,,,,,,,,,,,1,update_snr,bayesian,0.1,20,101770,10177,0.1,0.054276749858713835,0.0292684811033995,0.0282360501793106,0.05427624455375119,0.0292684811033995,0.0282360501793106,0.05427624455375119,0.0600511072762787,0.05888137476783533,0.06649897691558149,0.02584818930641293,0.025089501845920143,0.04781538904496137,0.0600511072762787,0.05888137476783533,0.06649897691558149,0.02584818930641293,0.025089501845920143,0.04781538904496137,0.5464005071762663,0.868932543501807,0.5323212134653316,0.8465424535691033,0.5323212134653316,814160,203540,81416,122124,0.75,,,,,,,,,0.007590110968871803,1
bayesfl_observability_v1,vi_sparse_bayesian_keep010_seed42,149,vi,93,7,45,,5,256,76.92647209167481,0.5308378431532118,1.3665631978254165,1.3665631978254165,,,1.02594088889091,0.00625745952129364,0.9998266925235268,1.02594088889091,,-0.0,2.3096097079310103,76.92647209167481,61.495343902143745,1.3665631978254165,0.0006042580711618723,0.5308378431532118,1.3665631978254165,0.00125,55.108131888899266,0.09462992620395515,0.0953797735273838,0.1036480911076069,0.12865766882896423,1.469541289146723,1.2371333303685002,3.0341482099353914,,,,,,,,,,,,,,,,,,1,update_snr,bayesian,0.1,20,101770,10177,0.1,0.05424918447162189,0.02922325793751696,0.028152618285480616,0.05424781556238029,0.02922325793751696,0.028152618285480616,0.05424781556238029,0.06017902662717472,0.058922575447276554,0.0668598811822408,0.025783728083110545,0.02514724571542366,0.04776856663617499,0.06017902662717472,0.058922575447276554,0.0668598811822408,0.025783728083110545,0.02514724571542366,0.04776856663617499,0.5476558807516305,0.8675412058089386,0.5338084159445795,0.8456054488156634,0.5338084159445795,814160,203540,81416,122124,0.75,,,,,,,,,0.0075908026845063845,45
bayesfl_observability_v1,vi_sparse_bayesian_keep010_seed42,149,vi,240,19,1,,5,256,27.82720000743866,0.0015048381173983216,61.19402427561197,61.19402427561197,,,1.0238528681908683,0.006262257695198059,0.9998273786393436,1.0238528681908683,,-0.0,2.3096097079310103,27.82720000743866,61.19402427561197,61.19402427561197,0.0006012972808844647,0.0015048381173983216,61.19402427561197,0.00125,55.10538167239621,0.09462899589014098,0.09537603706121445,0.1036469005048275,0.12863348424434662,1.4695579972335215,1.2371399823812066,3.032596839052075,,,,,,,,,,,,,,,,,,1,update_snr,bayesian,0.1,20,101770,10177,0.1,0.05418643596800716,0.029172029688117617,0.0280033284946465,0.05418538152385993,0.029172029688117617,0.0280033284946465,0.05418538152385993,0.05989308518314715,0.05866083881316903,0.06650060061296649,0.025758579077558783,0.02498899264918635,0.04766256619473519,0.05989308518314715,0.05866083881316903,0.06650060061296649,0.025758579077558783,0.02498899264918635,0.04766256619473519,0.5454593989077293,0.8664575811001288,0.5327517418313702,0.8462715767267865,0.5327517418313702,814160,203540,81416,122124,0.75,,,,,,,,,0.007589995616132386,1
bayesfl_observability_v1,vi_sparse_bayesian_keep010_seed42,149,vi,243,19,1,,5,256,25.194955819845198,5.686121585313231e-05,61.37778949099356,61.37778949099356,,,1.0258250337088024,0.006269983947277069,0.9998267089741265,1.0258250337088024,,-0.0,2.185987945410232,25.194955819845198,61.37778949099356,61.37778949099356,0.0006031029723002217,5.686121585313231e-05,61.37778949099356,0.00125,55.10475045340319,0.09463013900207626,0.09538454934954643,0.10366140305995941,0.12885944545269012,1.4693910872770626,1.2362100662452287,3.0325870697969473,,,,,,,,,,,,,,,,,,1,update_snr,bayesian,0.1,20,101770,10177,0.1,0.05412203872550043,0.029240793375727745,0.028126951873092457,0.05412197727842316,0.029240793375727745,0.028126951873092457,0.05412197727842316,0.0599236971217779,0.05876509049188778,0.06643172761696957,0.025831581848388834,0.025061418626342417,0.04766726264087474,0.0599236971217779,0.05876509049188778,0.06643172761696957,0.025831581848388834,0.025061418626342417,0.04766726264087474,0.546330163145122,0.8682398013345682,0.5325763606780988,0.8463819587200995,0.5325763606780988,814160,203540,81416,122124,0.75,,,,,,,,,0.007587872513442736,1
bayesfl_observability_v1,vi_sparse_bayesian_keep010_seed42,149,vi,116,9,1,,5,256,29.021734142303465,0.8817389011383057,61.41286172252525,61.41286172252525,,,1.0254158380990372,0.006266847252845764,0.9998268674559,1.0254158380990372,,-0.0,2.3292713582565514,29.021734142303465,61.41286172252525,61.41286172252525,0.0006034475947973395,0.8817389011383057,61.41286172252525,0.00125,55.107793814870945,0.094630038177389,0.09537506476044655,0.10364176481962203,0.12782995402812958,1.4695398964306168,1.236795602777364,3.035314745579061,,,,,,,,,,,,,,,,,,1,update_snr,bayesian,0.1,20,101770,10177,0.1,0.05425622175324441,0.02923142147865309,0.02807617568627367,0.054255244553356084,0.02923142147865309,0.02807617568627367,0.054255244553356084,0.06000683219896153,0.05882587469713527,0.06649282004541819,0.02581193139861882,0.025031096293711367,0.04783121985707604,0.06000683219896153,0.05882587469713527,0.06649282004541819,0.02581193139861882,0.025031096293711367,0.04783121985707604,0.546595303659459,0.8675893124294324,0.5330474558231539,0.8460853443007171,0.5330474558231539,814160,203540,81416,122124,0.75,,,,,,,,,0.007590156089335762,1
bayesfl_observability_v1,vi_sparse_bayesian_keep010_seed42,149,vi,119,9,1,,5,256,16.932027339935303,0.046609506011009216,61.75064833756244,61.75064833756244,,,1.0282552275992671,0.006267234683036804,0.9998259317633011,1.0282552275992671,,-0.0,2.3163460082440825,16.932027339935303,61.75064833756244,61.75064833756244,0.0006067667125632547,0.046609506011009216,61.75064833756244,0.00125,55.11098756616582,0.09463043888439461,0.0953742079436779,0.10364180952310562,0.12886999547481537,1.4695241584404963,1.234729252253906,3.0374148459054306,,,,,,,,,,,,,,,,,,1,update_snr,bayesian,0.1,20,101770,10177,0.1,0.0542402127006948,0.029367676992016062,0.028251798627402108,0.05423973797385502,0.029367676992016062,0.028251798627402108,0.05423973797385502,0.06006472234481855,0.05889042704431043,0.06660923496748641,0.02595689417503801,0.025247048094917873,0.04783429648647268,0.06006472234481855,0.05889042704431043,0.06660923496748641,0.02595689417503801,0.025247048094917873,0.04783429648647268,0.5467924224499371,0.8708196482834726,0.5317672186569555,0.8468905626831877,0.5317672186569555,814160,203540,81416,122124,0.75,,,,,,,,,0.007589972274391191,1
bayesfl_observability_v1,vi_sparse_bayesian_keep010_seed42,149,vi,123,9,387,,5,256,253.02395577430724,0.08802745631806919,0.35355648725867944,0.35355648725867944,,,1.5314032831598285,0.012520402669906616,0.9996140698622944,1.5314032831598285,,-0.0,2.3277319754160017,253.02395577430724,136.82636056910894,0.35355648725867944,0.0013444665477951158,0.08802745631806919,0.35355648725867944,0.00125,55.12578651332932,0.09471094522859846,0.09544919803738594,0.10374445989727975,0.12947839498519897,1.468680405271372,1.2350477820296661,3.0338462241533857,,,,,,,,,,,,,,,,,,1,update_snr,bayesian,0.1,20,101770,10177,0.1,0.08347036231564012,0.04244312932947834,0.03866844819179466,0.08346143834572126,0.04244312932947834,0.03866844819179466,0.08346143834572126,0.09714334399975275,0.09458892481453843,0.11243430976528072,0.03636532769944785,0.034428764930477786,0.06990554393661749,0.09714334399975275,0.09458892481453843,0.11243430976528072,0.03636532769944785,0.034428764930477786,0.06990554393661749,0.9047434589618978,1.2355708353382118,0.5907937307637808,0.8068226370710075,0.5907937307637808,814160,203540,81416,122124,0.75,,,,,,,,,0.007604097531794224,387
bayesfl_observability_v1,vi_sparse_bayesian_keep010_seed42,149,vi,79,6,1614,,5,256,297.2825645855495,0.09328827450266558,0.19893626082670468,0.19893626082670468,,,2.33725375000872,0.03188104182481766,0.9991013024009848,2.33725375000872,,0.227611568069938,2.10471822493949,297.2825645855495,321.08312497430137,0.19893626082670468,0.0031549879628014286,0.09328827450266558,0.19893626082670468,0.00125,55.14183734230048,0.09487854600764596,0.09559697657823563,0.10399705842137337,0.12727969884872437,1.4670101918504233,1.2361876656845145,3.027129508212511,,,,,,,,,,,,,,,,,,1,update_snr,bayesian,0.1,20,101770,10177,0.1,0.1283177254224072,0.06228619024131485,0.0528495545868328,0.12831584239550725,0.06228619024131485,0.0528495545868328,0.12831584239550725,0.15988766381855637,0.15165676356521843,0.19894086789297105,0.05144158206606578,0.04689727824096926,0.10239018450541013,0.15988766381855637,0.15165676356521843,0.19894086789297105,0.05144158206606578,0.04689727824096926,0.10239018450541013,1.5194275839327234,1.7759771702119957,0.6500909813181622,0.7598563785405713,0.6500909813181622,814160,203540,81416,122124,0.75,,,,,,,,,0.007645945603382374,1614
bayesfl_observability_v1,vi_sparse_bayesian_keep010_seed42,149,vi,219,17,1,,5,256,29.718731498718263,1.2427903413772583,61.2251011493365,61.2251011493365,,,1.0242639041098607,0.006272956728935242,0.999827294519405,1.0242639041098607,,-0.0,2.259365973874069,29.718731498718263,61.2251011493365,61.2251011493365,0.000601602644682485,1.2427903413772583,61.2251011493365,0.00125,55.11261003646288,0.09462942897807121,0.09537454321980476,0.1036513052880764,0.12871550023555756,1.4695141816772421,1.2363268186199674,3.033203239865695,,,,,,,,,,,,,,,,,,1,update_snr,bayesian,0.1,20,101770,10177,0.1,0.053948336296279556,0.02920670761287916,0.028050068990158425,0.05394791715610394,0.02920670761287916,0.028050068990158425,0.05394791715610394,0.059842628071631,0.05862440107076212,0.0665650475082664,0.025802716450795616,0.025039405336715927,0.04764302155228006,0.059842628071631,0.05862440107076212,0.0665650475082664,0.025802716450795616,0.025039405336715927,0.04764302155228006,0.5453415874804797,0.8670173575117425,0.5324229285951556,0.8464784847272601,0.5324229285951556,814160,203540,81416,122124,0.75,,,,,,,,,0.007589088704067121,1
bayesfl_observability_v1,vi_sparse_bayesian_keep010_seed42,149,vi,298,23,35,,5,256,49.423818016052245,0.12607364654541015,1.758831964360357,1.758831964360357,,,1.0265646600602716,0.006271183490753174,0.9998264349393816,1.0265646600602716,,-0.0,2.3096097079310103,49.423818016052245,61.55911875261249,1.758831964360357,0.0006048847278432985,0.12607364654541015,1.758831964360357,0.00125,55.10032474917409,0.09463138500523377,0.09537393227219582,0.10363958179950714,0.12825462222099304,1.4691932742735614,1.2355945724597885,3.0320557664086154,,,,,,,,,,,,,,,,,,1,update_snr,bayesian,0.1,20,101770,10177,0.1,0.05410948665876613,0.029280171932479594,0.028204534767403297,0.05410828719919434,0.029280171932479594,0.028204534767403297,0.05410828719919434,0.05999518314779152,0.058836543471610527,0.06654777159659446,0.025867392908556046,0.025118301844469577,0.047816161684046475,0.05999518314779152,0.058836543471610527,0.06654777159659446,0.025867392908556046,0.025118301844469577,0.047816161684046475,0.546352141012357,0.8690997292002081,0.5322140555474407,0.8466098269437616,0.5322140555474407,814160,203540,81416,122124,0.75,,,,,,,,,0.0075898013105932345,35
bayesfl_observability_v1,vi_sparse_bayesian_keep010_seed42,149,vi,2,0,48,,5,256,28.016429662704468,0.03773780167102814,1.2837137508833936,1.2837137508833936,,,1.0275221024831487,0.006270855665206909,0.9998261757649264,1.0275221024831487,,-0.0,2.185987945410232,28.016429662704468,61.618260042402895,1.2837137508833936,0.0006054658547941721,0.03773780167102814,1.2837137508833936,0.00125,55.11047369151738,0.094629877509246,0.09537873789668083,0.10364405512809753,0.12872307002544403,1.469562559230944,1.2363249481512848,3.0327919610401977,,,,,,,,,,,,,,,,,,1,update_snr,bayesian,0.1,20,101770,10177,0.1,0.054254805543535255,0.029283734649948705,0.028166965429799892,0.054254280339228696,0.029283734649948705,0.028166965429799892,0.054254280339228696,0.06003273889054433,0.05886916515326117,0.06666793565163762,0.025867178623215865,0.025080371484007255,0.047872679304947076,0.06003273889054433,0.05886916515326117,0.06666793565163762,0.025867178623215865,0.025080371484007255,0.047872679304947076,0.5471548530954895,0.8697259555891407,0.5324993513747436,0.8464304110707965,0.5324993513747436,814160,203540,81416,122124,0.75,,,,,,,,,0.007587647370349825,48
bayesfl_observability_v1,vi_sparse_bayesian_keep010_seed42,150,vi,250,20,1,,5,256,25.787952041625978,0.8929206132888794,61.00574483800821,61.00574483800821,,,1.0238606776496773,0.006264060735702515,0.9998276567401997,1.0238606776496773,,-0.0,2.311121424016332,25.787952041625978,61.00574483800821,61.00574483800821,0.000599447232367183,0.8929206132888794,61.00574483800821,0.00125,55.150225214482155,0.09475257932111933,0.09549472853541374,0.10376245006918908,0.12782761454582214,1.4688248828942967,1.23622223058481,3.0321677060264554,,,,,,,,,,,,,,,,,,1,update_snr,bayesian,0.1,20,101770,10177,0.1,0.05402998865466344,0.02913919092843135,0.028009859704079904,0.05402991385335558,0.02913919092843135,0.028009859704079904,0.05402991385335558,0.05980348997831005,0.05854485044196813,0.06646685731736944,0.02573204658955595,0.024980943939776713,0.047567560471347504,0.05980348997831005,0.05854485044196813,0.06646685731736944,0.02573204658955595,0.024980943939776713,0.047567560471347504,0.5460394313649222,0.8661013951218006,0.5333141933122997,0.8459172366204932,0.5333141933122997,814160,203540,81416,122124,0.75,,,,,,,,,0.007582983180410635,1
bayesfl_observability_v1,vi_sparse_bayesian_keep010_seed42,150,vi,131,10,1,,5,256,23.887749481201173,4.742425918579102,61.587291746785894,61.587291746785894,,,1.0283062074732232,0.00626412034034729,0.9998261672073356,1.0283062074732232,,-0.0,2.259365973874069,23.887749481201173,61.587291746785894,61.587291746785894,0.0006051615578931502,4.742425918579102,61.587291746785894,0.00125,55.15176574978122,0.09475227284979215,0.09550412371754646,0.10375293269753456,0.1289263218641281,1.4688559323228216,1.2363532135811828,3.033776675354745,,,,,,,,,,,,,,,,,,1,update_snr,bayesian,0.1,20,101770,10177,0.1,0.0542533863239842,0.02925803470398984,0.028147380988649624,0.054253020320564095,0.02925803470398984,0.028147380988649624,0.054253020320564095,0.060092767014639004,0.05893349852726222,0.06664435990977637,0.025831953336139933,0.025093302892401498,0.04777975326108061,0.060092767014639004,0.05893349852726222,0.06664435990977637,0.025831953336139933,0.025093302892401498,0.04777975326108061,0.5476860119595394,0.8703181536839385,0.5326098471245502,0.8463608868242696,0.5326098471245502,814160,203540,81416,122124,0.75,,,,,,,,,0.0075807658485372645,1
bayesfl_observability_v1,vi_sparse_bayesian_keep010_seed42,150,vi,181,14,2031,,5,256,328.07878348231316,0.12679387031078104,0.15613778631074657,0.15613778631074657,,,2.322561729590453,0.03206785023212433,0.9991140079505036,2.322561729590453,,1.0649000763602765,1.25432875177699,328.07878348231316,317.11584399712626,0.15613778631074657,0.00311600514883685,0.12679387031078104,0.15613778631074657,0.00125,55.186565991218544,0.09501692386269218,0.09574377164244652,0.10412207618355751,0.12806367874145508,1.465738697530879,1.2336235869504182,3.0268424464524166,,,,,,,,,,,,,,,,,,1,update_snr,bayesian,0.1,20,101770,10177,0.1,0.1268796316613428,0.06174388291609906,0.05224349535348709,0.12687606931829973,0.06174388291609906,0.05224349535348709,0.12687606931829973,0.15911582857442533,0.15117960769515615,0.19888629613976597,0.050924777842951685,0.04640521984796312,0.10126343887591287,0.15911582857442533,0.15117960769515615,0.19888629613976597,0.050924777842951685,0.04640521984796312,0.10126343887591287,1.51613473173769,1.7594398151050512,0.6527855481391388,0.7575427566419518,0.6527855481391388,814160,203540,81416,122124,0.75,,,,,,,,,0.007646674242744618,2031
bayesfl_observability_v1,vi_sparse_bayesian_keep010_seed42,150,vi,186,14,12,,5,256,27.247355580329895,0.029113585750261944,5.137380123876832,5.137380123876832,,,1.029068453635669,0.006267264485359192,0.9998258656781555,1.029068453635669,,-0.0,2.3277319754160017,27.247355580329895,61.648561486521984,5.137380123876832,0.0006057635991600863,0.029113585750261944,5.137380123876832,0.00125,55.14426341795648,0.09475283010365763,0.09549272805452347,0.1037692591547966,0.12861576676368713,1.468723402061161,1.237553444939099,3.0313310791181527,,,,,,,,,,,,,,,,,,1,update_snr,bayesian,0.1,20,101770,10177,0.1,0.05427264747901691,0.029299498838254393,0.028283201686220786,0.054272251561932064,0.029299498838254393,0.028283201686220786,0.054272251561932064,0.05998538086956322,0.058850935029519,0.0663018623754324,0.025889956390331193,0.02524076334751858,0.047866507570952954,0.05998538086956322,0.058850935029519,0.0663018623754324,0.025889956390331193,0.02524076334751858,0.047866507570952954,0.5471744759900519,0.8715400020039927,0.5317182487296159,0.8469213091946092,0.5317182487296159,814160,203540,81416,122124,0.75,,,,,,,,,0.007583475163848741,12
bayesfl_observability_v1,vi_sparse_bayesian_keep010_seed42,150,vi,269,21,1,,5,256,23.710038888454438,0.002334252465516329,61.07585894391252,61.07585894391252,,,1.023875520934156,0.006265571340918541,0.9998276095859239,1.023875520934156,,-0.0,2.185987945410232,23.710038888454438,61.07585894391252,61.07585894391252,0.0006001361790695934,0.002334252465516329,61.07585894391252,0.00125,55.14208803949532,0.09475227710673338,0.09550229460000992,0.10375694483518601,0.12791647017002106,1.4686099281293665,1.2372309836772448,3.0319480778748003,,,,,,,,,,,,,,,,,,1,update_snr,bayesian,0.1,20,101770,10177,0.1,0.05394606547418335,0.029175914889507226,0.028105476255911387,0.05394595310163417,0.029175914889507226,0.028105476255911387,0.05394595310163417,0.059871966904098524,0.058675154490054296,0.06638791750429962,0.025765242443441524,0.02511960487175139,0.04756683538929331,0.059871966904098524,0.058675154490054296,0.06638791750429962,0.025765242443441524,0.02511960487175139,0.04756683538929331,0.5456398037066057,0.8663707560734066,0.5329161529409151,0.8461680530099536,0.5329161529409151,814160,203540,81416,122124,0.75,,,,,,,,,0.007581368309196849,1
bayesfl_observability_v1,vi_sparse_bayesian_keep010_seed42,150,vi,242,19,1,,5,256,20.039656400680542,0.015053128823637962,61.514012073389665,61.514012073389665,,,1.0274307383587582,0.0062732994556427,0.9998264303957151,1.0274307383587582,,-0.0,2.185987945410232,20.039656400680542,61.514012073389665,61.514012073389665,0.0006044415060763454,0.015053128823637962,61.514012073389665,0.00125,55.14646776658181,0.09475521454304806,0.09549707919359207,0.10375672429800034,0.1279831975698471,1.4687022086896895,1.2357071578871515,3.0324606796268463,,,,,,,,,,,,,,,,,,1,update_snr,bayesian,0.1,20,101770,10177,0.1,0.05423312385538606,0.0292663717835688,0.02811122359112518,0.05423266018121801,0.0292663717835688,0.02811122359112518,0.05423266018121801,0.06005408159940744,0.05887975334993715,0.06666757880327369,0.02584551513736451,0.025132145747705708,0.04779446938079532,0.06005408159940744,0.05887975334993715,0.06666757880327369,0.02584551513736451,0.025132145747705708,0.04779446938079532,0.5463952451328116,0.8700954879900703,0.53180737614064,0.8468653462519343,0.53180737614064,814160,203540,81416,122124,0.75,,,,,,,,,0.007581073708958769,1
bayesfl_observability_v1,vi_sparse_bayesian_keep010_seed42,150,vi,244,19,1,,5,256,19.098202061653136,0.008704221807420254,61.61771124937626,61.61771124937626,,,1.0288148474796381,0.006263852119445801,0.9998259902474653,1.0288148474796381,,-0.0,2.28098669344155,19.098202061653136,61.61771124937626,61.61771124937626,0.0006054604623108604,0.008704221807420254,61.61771124937626,0.00125,55.15105577035048,0.09475245215251296,0.09550698474049568,0.10375772044062614,0.12872660160064697,1.4688564934917274,1.2377880547383056,3.0306482303574462,,,,,,,,,,,,,,,,,,1,update_snr,bayesian,0.1,20,101770,10177,0.1,0.054112149609414156,0.02932433211845982,0.028260868237718503,0.05411144363751817,0.02932433211845982,0.028260868237718503,0.05411144363751817,0.05993658294935434,0.05878007177925596,0.06657275323968873,0.0259229709150271,0.02524746532778634,0.047870758239723546,0.05993658294935434,0.05878007177925596,0.06657275323968873,0.0259229709150271,0.02524746532778634,0.047870758239723546,0.5466527484520918,0.8715679910393257,0.5313422038875765,0.8471572831345393,0.5313422038875765,814160,203540,81416,122124,0.75,,,,,,,,,0.007583499985391471,1
bayesfl_observability_v1,vi_sparse_bayesian_keep010_seed42,150,vi,248,19,1,,5,256,24.006265449523926,0.05494290217757225,61.480415628873466,61.480415628873466,,,1.027217889226183,0.0062683261930942535,0.9998265209261851,1.027217889226183,,-0.0,2.28098669344155,24.006265449523926,61.480415628873466,61.480415628873466,0.0006041113847781612,0.05494290217757225,61.480415628873466,0.00125,55.14966233484297,0.09475132317504727,0.09550352767109871,0.10375385880470275,0.12865036725997925,1.4688795441155618,1.2355136061686631,3.0305070992837972,,,,,,,,,,,,,,,,,,1,update_snr,bayesian,0.1,20,101770,10177,0.1,0.05413104644974133,0.02928608896269984,0.028177841763676006,0.05413098701544174,0.02928608896269984,0.028177841763676006,0.05413098701544174,0.059988395252048195,0.05885418912175648,0.06658612652146538,0.025874721597216682,0.025188224854569386,0.047630005325352213,0.059988395252048195,0.05885418912175648,0.06658612652146538,0.025874721597216682,0.025188224854569386,0.047630005325352213,0.5465187917711108,0.8697665216524146,0.5320378446512558,0.8467205748408659,0.5320378446512558,814160,203540,81416,122124,0.75,,,,,,,,,0.007582031542952839,1
bayesfl_observability_v1,vi_sparse_bayesian_keep010_seed42,150,vi,94,7,1,,5,256,25.779512786865233,0.3774036169052124,61.22606609914177,61.22606609914177,,,1.0250454611741353,0.006262913346290588,0.9998272463277049,1.0250454611741353,,-0.0,2.3292713582565514,25.779512786865233,61.22606609914177,61.22606609914177,0.0006016121263549354,0.3774036169052124,61.22606609914177,0.00125,55.14841398095865,0.09475319380004871,0.0954970084130764,0.10375642627477646,0.12835454940795898,1.4687443809294332,1.236363123566799,3.0296137310234634,,,,,,,,,,,,,,,,,,1,update_snr,bayesian,0.1,20,101770,10177,0.1,0.054129570017066815,0.029186501276439285,0.027970149601295128,0.054128190161289676,0.029186501276439285,0.027970149601295128,0.054128190161289676,0.05995657294885127,0.05876994743805396,0.06657481966823024,0.02576760442394906,0.024954629528443937,0.047709264476884214,0.05995657294885127,0.05876994743805396,0.06657481966823024,0.02576760442394906,0.024954629528443937,0.047709264476884214,0.5463215646797926,0.8673240141028722,0.5329730098546168,0.8461322418904216,0.5329730098546168,814160,203540,81416,122124,0.75,,,,,,,,,0.007581413005968279,1
bayesfl_observability_v1,vi_sparse_bayesian_keep010_seed42,150,vi,46,3,2,,5,256,26.668564081192017,0.09964567422866821,30.582759913364104,30.582759913364104,,,1.0249675387318085,0.006263419985771179,0.9998272945392949,1.0249675387318085,,-0.0,2.4040642619438994,26.668564081192017,61.16551982672821,30.582759913364104,0.000601017193934639,0.09964567422866821,30.582759913364104,0.00125,55.15179787490722,0.09475159799579266,0.09550086036324501,0.10375679731369018,0.1283113807439804,1.4688613801022032,1.2362998940911414,3.0327763234637417,,,,,,,,,,,,,,,,,,1,update_snr,bayesian,0.1,20,101770,10177,0.1,0.0539433208150123,0.029203459227094428,0.028079799920130485,0.05394068842051394,0.029203459227094428,0.028079799920130485,0.05394068842051394,0.05979027700441707,0.05860436239434039,0.0663012320432358,0.025804923918503024,0.025127793534155996,0.04756415441825821,0.05979027700441707,0.05860436239434039,0.0663012320432358,0.025804923918503024,0.025127793534155996,0.04756415441825821,0.5452416816749066,0.8679112650601224,0.5319599509946761,0.8467695144121231,0.5319599509946761,814160,203540,81416,122124,0.75,,,,,,,,,0.007580085037672131,2
bayesfl_observability_v1,vi_sparse_bayesian_keep010_seed42,150,vi,12,1,1,,5,256,18.7797700881958,3.2305197237292305e-05,61.32540967178083,61.32540967178083,,,1.026475670071747,0.006272748112678528,0.9998267441995395,1.026475670071747,,-0.0,2.3277319754160017,18.7797700881958,61.32540967178083,61.32540967178083,0.0006025882840894255,3.2305197237292305e-05,61.32540967178083,0.00125,55.14472210847807,0.09475220598224059,0.09548748284578323,0.10375358164310455,0.12886376678943634,1.4687453990826256,1.2358958462480205,3.033035456499688,,,,,,,,,,,,,,,,,,1,update_snr,bayesian,0.1,20,101770,10177,0.1,0.05418338743079553,0.029206334161515718,0.028077286297475183,0.05418302109638878,0.029206334161515718,0.028077286297475183,0.05418302109638878,0.059926571863561526,0.05875410163449904,0.06639598659765059,0.025792974416843962,0.025058891304574282,0.04778183651644737,0.059926571863561526,0.05875410163449904,0.06639598659765059,0.025792974416843962,0.025058891304574282,0.04778183651644737,0.5466355846291302,0.8688163435769447,0.5325363284946855,0.8464071472012752,0.5325363284946855,814160,203540,81416,122124,0.75,,,,,,,,,0.007581090853396777,1
bayesfl_observability_v1,vi_sparse_bayesian_keep010_seed42,150,vi,139,11,6,,5,256,32.25840940475464,0.42341546217600506,10.246773409055619,10.246773409055619,,,1.0273663947079512,0.006270915269851685,0.9998264868734573,1.0273663947079512,,-0.0,2.28098669344155,32.25840940475464,61.48064045433371,10.246773409055619,0.0006041135939307626,0.42341546217600506,10.246773409055619,0.00125,55.15205095022691,0.09475357127909877,0.09550881385803223,0.10375933200120926,0.12800052762031555,1.4688648863544411,1.23739401098497,3.0319979371888115,,,,,,,,,,,,,,,,,,1,update_snr,bayesian,0.1,20,101770,10177,0.1,0.05415266559558939,0.029282150737854947,0.028169143717749746,0.05415239629072056,0.029282150737854947,0.028169143717749746,0.05415239629072056,0.059961620416127265,0.058778095249906785,0.0666401621999824,0.025873320773602472,0.02512386963435095,0.047683368716412676,0.059961620416127265,0.058778095249906785,0.0666401621999824,0.025873320773602472,0.02512386963435095,0.047683368716412676,0.5469078532934627,0.869697366318394,0.53233963667746,0.8465308684401949,0.53233963667746,814160,203540,81416,122124,0.75,,,,,,,,,0.0075817260529015724,6
bayesfl_observability_v1,vi_sparse_bayesian_keep010_seed42,150,vi,228,18,5,,5,256,37.21698732376099,1.2220949172973632,12.22710247338957,12.22710247338957,,,1.0244761599840233,0.006262538023293018,0.9998274201693776,1.0244761599840233,,0.6730116670092565,1.5651195035345156,37.21698732376099,61.13551236694785,12.22710247338957,0.0006007223382818891,1.2220949172973632,12.22710247338957,0.00125,55.14506380558177,0.09475291596352761,0.09550192579627037,0.10376139804720878,0.1283380389213562,1.4687925400854345,1.2363572297565009,3.030222415164582,,,,,,,,,,,,,,,,,,1,update_snr,bayesian,0.1,20,101770,10177,0.1,0.05402791719452289,0.02919008044140986,0.02809125933315144,0.054027320341334215,0.02919008044140986,0.02809125933315144,0.054027320341334215,0.05982689804632554,0.05868867184023896,0.06629528817828423,0.025785989596419232,0.025061168983407312,0.04762051082663905,0.05982689804632554,0.05868867184023896,0.06629528817828423,0.025785989596419232,0.025061168983407312,0.04762051082663905,0.5458436518496262,0.8669521959779992,0.5328026880177853,0.8462395025292919,0.5328026880177853,814160,203540,81416,122124,0.75,,,,,,,,,0.007581534110292782,5
bayesfl_observability_v1,vi_sparse_bayesian_keep010_seed42,150,vi,275,22,35,,5,256,81.89732971191407,0.5722751072474889,1.761582008689335,1.761582008689335,,,1.0283977649756115,0.0062623657286167145,0.9998261040175761,1.0283977649756115,,-0.0,2.28098669344155,81.89732971191407,61.65537030412673,1.761582008689335,0.0006058305031357642,0.5722751072474889,1.761582008689335,0.00125,55.14656526486602,0.09475283820954085,0.09550022706389427,0.10375950485467911,0.12806189060211182,1.4687136579688644,1.2343876374037575,3.0342581999222147,,,,,,,,,,,,,,,,,,1,update_snr,bayesian,0.1,20,101770,10177,0.1,0.05423200530275968,0.029299906747078525,0.028136064287530203,0.05423197758016861,0.029299906747078525,0.028136064287530203,0.05423197758016861,0.06011211610332296,0.058864054520294286,0.0668212164924734,0.025876327929718026,0.0251619890869119,0.04784329530348091,0.06011211610332296,0.058864054520294286,0.0668212164924734,0.025876327929718026,0.0251619890869119,0.04784329530348091,0.5468534885656755,0.8709496110857299,0.531752894833104,0.8468995565216777,0.531752894833104,814160,203540,81416,122124,0.75,,,,,,,,,0.007582961336537689,35
bayesfl_observability_v1,vi_sparse_bayesian_keep010_seed42,150,vi,278,22,193,,5,256,148.17642345428467,0.14152133526579705,0.3270949694687265,0.3270949694687265,,,1.041698003160538,0.006273772567510605,0.9998216111662678,1.041698003160538,,-0.0,2.185987945410232,148.17642345428467,63.129329107464216,0.3270949694687265,0.000620313737913572,0.14152133526579705,0.3270949694687265,0.00125,55.15200994876157,0.09474917905568239,0.09549600258469582,0.10375239253044129,0.12824563682079315,1.4689458972694638,1.236584514083526,3.032546522086811,,,,,,,,,,,,,,,,,,1,update_snr,bayesian,0.1,20,101770,10177,0.1,0.05463870446040374,0.029715714545772563,0.028759416054398204,0.05463687796828487,0.029715714545772563,0.028759416054398204,0.05463687796828487,0.06031337810560059,0.05906965952266267,0.06687053802726613,0.02631597415023612,0.025670217286689792,0.048503934636974916,0.06031337810560059,0.05906965952266267,0.06687053802726613,0.02631597415023612,0.025670217286689792,0.048503934636974916,0.548635061170374,0.8855135794798592,0.5266738147772208,0.8500674636921532,0.5266738147772208,814160,203540,81416,122124,0.75,,,,,,,,,0.007580607558247823,193
bayesfl_observability_v1,vi_sparse_bayesian_keep010_seed42,151,vi,25,2,1,,5,256,22.33088376522064,0.24731332063674927,60.92877564453204,60.92877564453204,,,1.0245624430881104,0.006268404424190521,0.9998276141594028,1.0245624430881104,,-0.0,2.4040642619438994,22.33088376522064,60.92877564453204,60.92877564453204,0.0005986909270367695,0.24731332063674927,60.92877564453204,0.00125,55.18095100819971,0.09487325230537762,0.09562738239765167,0.10387369096279145,0.12777218222618103,1.467950768113567,1.2361210532278393,3.030815041967661,,,,,,,,,,,,,,,,,,1,update_snr,bayesian,0.1,20,101770,10177,0.1,0.053911116138452946,0.029112930753279236,0.027978343653412882,0.05391082762963141,0.029112930753279236,0.027978343653412882,0.05391082762963141,0.05968072144249651,0.05853056609324398,0.06619396466240593,0.02571650956558843,0.024952832097260524,0.04768070627556266,0.05968072144249651,0.05853056609324398,0.06619396466240593,0.02571650956558843,0.024952832097260524,0.04768070627556266,0.5461694766686888,0.8668489502457327,0.5330758318863336,0.8460674662570912,0.5330758318863336,814160,203540,81416,122124,0.75,,,,,,,,,0.007574492150504405,1
bayesfl_observability_v1,vi_sparse_bayesian_keep010_seed42,151,vi,237,19,1,,5,256,33.98405618667603,1.3498897552490234,60.64599719916483,60.64599719916483,,,1.0219474664400128,0.006269320845603943,0.9998284556771848,1.0219474664400128,,-0.0,2.3163460082440825,33.98405618667603,60.64599719916483,60.64599719916483,0.000595912323859338,1.3498897552490234,60.64599719916483,0.00125,55.17503110310952,0.09487399248618783,0.095632404088974,0.10385889485478401,0.1288185566663742,1.467663418699197,1.2354842589445525,3.028941779286969,,,,,,,,,,,,,,,,,,1,update_snr,bayesian,0.1,20,101770,10177,0.1,0.053855264964295955,0.02901255109000286,0.027790541524611044,0.05385451255822734,0.02901255109000286,0.027790541524611044,0.05385451255822734,0.059697133066419966,0.05850162360499597,0.06630974488086898,0.025603153092623177,0.024822625880585637,0.047552956687638204,0.059697133066419966,0.05850162360499597,0.06630974488086898,0.025603153092623177,0.024822625880585637,0.047552956687638204,0.5456227255558672,0.864102115215643,0.5339048664179987,0.8455445544826006,0.5339048664179987,814160,203540,81416,122124,0.75,,,,,,,,,0.007575189388210668,1
bayesfl_observability_v1,vi_sparse_bayesian_keep010_seed42,151,vi,248,19,1,,5,256,24.432085227966308,0.0020217709243297577,61.24435503041855,61.24435503041855,,,1.0270200470899922,0.006264865398406982,0.9998267467272106,1.0270200470899922,,-0.0,2.28098669344155,24.432085227966308,61.24435503041855,61.24435503041855,0.0006017918348277346,0.0020217709243297577,61.24435503041855,0.00125,55.174716479593684,0.09487276109768422,0.09563114121556282,0.10386408045887947,0.12845933437347412,1.4675536317065463,1.2356040223112819,3.029069215831672,,,,,,,,,,,,,,,,,,1,update_snr,bayesian,0.1,20,101770,10177,0.1,0.0540162854961988,0.029205529165591992,0.02815910818214898,0.0540160357464125,0.029205529165591992,0.02815910818214898,0.0540160357464125,0.059834145164667826,0.0586609002657565,0.06645760069045203,0.025802349610139115,0.025185360498881516,0.04768147408612106,0.059834145164667826,0.0586609002657565,0.06645760069045203,0.025802349610139115,0.025185360498881516,0.04768147408612106,0.5465057408992532,0.8695410584261611,0.5321276273503607,0.8466641531389387,0.5321276273503607,814160,203540,81416,122124,0.75,,,,,,,,,0.007572900694518959,1
bayesfl_observability_v1,vi_sparse_bayesian_keep010_seed42,151,vi,49,3,3,,5,256,21.68405156135559,0.0051906950150926905,20.384611258986663,20.384611258986663,,,1.0258720981447098,0.00626683235168457,0.999827156984516,1.0258720981447098,,-0.0,2.3277319754160017,21.68405156135559,61.153833776959985,20.384611258986663,0.0006009023658932886,0.0051906950150926905,20.384611258986663,0.00125,55.178628840899194,0.0948721736952497,0.09563033282756805,0.10386584997177124,0.127858966588974,1.4678751740109803,1.23586846381613,3.0273868216655715,,,,,,,,,,,,,,,,,,1,update_snr,bayesian,0.1,20,101770,10177,0.1,0.054072115443871305,0.029177887270940735,0.02809443346364531,0.05407194144284114,0.029177887270940735,0.02809443346364531,0.05407194144284114,0.05986731155789783,0.05864774261838672,0.06645850210812206,0.0257679512390566,0.025060755506744217,0.04761560825360918,0.05986731155789783,0.05864774261838672,0.06645850210812206,0.0257679512390566,0.025060755506744217,0.04761560825360918,0.5465219329662953,0.8681747165971916,0.532738860872306,0.8462796855156564,0.532738860872306,814160,203540,81416,122124,0.75,,,,,,,,,0.007573640971213353,3
bayesfl_observability_v1,vi_sparse_bayesian_keep010_seed42,151,vi,167,13,726,,5,256,128.72914762496947,0.013425057256188932,0.24120479680894094,0.24120479680894094,,,1.731842873482419,0.016817329451441765,0.9995075562580494,1.731842873482419,,-0.0,2.3292713582565514,128.72914762496947,175.11468248329112,0.24120479680894094,0.0017206906011918161,0.013425057256188932,0.24120479680894094,0.00125,55.19086190808926,0.09500932491377949,0.09574596211314201,0.10404033958911896,0.1282808482646942,1.4660406860890849,1.2354355253722606,3.0268091303012095,,,,,,,,,,,,,,,,,,1,update_snr,bayesian,0.1,20,101770,10177,0.1,0.09483921832955367,0.04703613902780922,0.04118813159746215,0.09483871327607656,0.04703613902780922,0.04118813159746215,0.09483871327607656,0.1142531639703944,0.11008575590645583,0.13723287348841037,0.039567580700855316,0.036598798944141565,0.07735676928342451,0.1142531639703944,0.11008575590645583,0.13723287348841037,0.039567580700855316,0.036598798944141565,0.07735676928342451,1.0735703507171013,1.3589431336494564,0.6199005505380218,0.7846803855345552,0.6199005505380218,814160,203540,81416,122124,0.75,,,,,,,,,0.007600640372252307,726
bayesfl_observability_v1,vi_sparse_bayesian_keep010_seed42,151,vi,273,21,19,,5,256,56.84810914993286,1.1066423717298006,3.2130605890675112,3.2130605890675112,,,1.0249733445240683,0.006275594234466553,0.9998274315417823,1.0249733445240683,,-0.0,2.3096097079310103,56.84810914993286,61.04815119228271,3.2130605890675112,0.0005998639205294557,1.1066423717298006,3.2130605890675112,0.00125,55.173725171897104,0.09487370599745398,0.09562905132770538,0.10385434702038765,0.12791578471660614,1.4677127945208914,1.2363369288143413,3.0288348029305556,,,,,,,,,,,,,,,,,,1,update_snr,bayesian,0.1,20,101770,10177,0.1,0.05397057799675825,0.029157839886839364,0.02800814970883824,0.053969601347713864,0.029157839886839364,0.02800814970883824,0.053969601347713864,0.05982854442081931,0.058608140569286565,0.06643655745168496,0.02574998382750826,0.025020956750260042,0.047565264939113665,0.05982854442081931,0.058608140569286565,0.06643655745168496,0.02574998382750826,0.025020956750260042,0.047565264939113665,0.5464099481929219,0.8671830980252461,0.5330967396490096,0.8460542926878846,0.5330967396490096,814160,203540,81416,122124,0.75,,,,,,,,,0.007574455783366132,19
bayesfl_observability_v1,vi_sparse_bayesian_keep010_seed42,151,vi,217,17,1,,5,256,18.666282987594606,0.22907835245132446,61.57904693127441,61.57904693127441,,,1.0295695440339938,0.006263211369514465,0.9998259083374696,1.0295695440339938,,-0.0,2.311121424016332,18.666282987594606,61.57904693127441,61.57904693127441,0.000605080543689441,0.22907835245132446,61.57904693127441,0.00125,55.17857531485673,0.09487297733788279,0.09562240913510323,0.10387113019824028,0.12883292138576508,1.467773479472048,1.2358001510894168,3.0303198455500584,,,,,,,,,,,,,,,,,,1,update_snr,bayesian,0.1,20,101770,10177,0.1,0.0541679260143959,0.029304354794043395,0.02821896454757277,0.05416779623702471,0.029304354794043395,0.02821896454757277,0.05416779623702471,0.05995126863961744,0.0587948303426265,0.06650069577439863,0.02589914214453517,0.025163699595680458,0.04780955700389947,0.05995126863961744,0.0587948303426265,0.06650069577439863,0.02589914214453517,0.025163699595680458,0.04780955700389947,0.5474462309770223,0.8719610485517224,0.5317234121281923,0.8469180674626992,0.5317234121281923,814160,203540,81416,122124,0.75,,,,,,,,,0.007572830649848902,1
bayesfl_observability_v1,vi_sparse_bayesian_keep010_seed42,151,vi,117,9,1,,5,256,18.62855291366577,5.960462772236497e-07,61.13099692110682,61.13099692110682,,,1.025917713303767,0.006269201636314392,0.9998271381022489,1.025917713303767,,-0.0,2.3277319754160017,18.62855291366577,61.13099692110682,61.13099692110682,0.0006006779691569895,5.960462772236497e-07,61.13099692110682,0.00125,55.17808649745888,0.09487494369944063,0.09562448784708977,0.10386073589324951,0.1289362609386444,1.4677324391626034,1.2355724882684171,3.03083778402442,,,,,,,,,,,,,,,,,,1,update_snr,bayesian,0.1,20,101770,10177,0.1,0.054039994901133585,0.029182988668104565,0.02797485793951122,0.054039345569851016,0.029182988668104565,0.02797485793951122,0.054039345569851016,0.05983287018420371,0.058691624827207745,0.0663915148585021,0.02577744627742688,0.025003726799581984,0.047652155357607404,0.05983287018420371,0.058691624827207745,0.0663915148585021,0.02577744627742688,0.025003726799581984,0.047652155357607404,0.5465590625603344,0.8682052439392424,0.5327513654094616,0.8462718136948406,0.5327513654094616,814160,203540,81416,122124,0.75,,,,,,,,,0.007573740304791842,1
bayesfl_observability_v1,vi_sparse_bayesian_keep010_seed42,151,vi,298,23,35,,5,256,53.883033466339114,0.1424440792628697,1.7519454822838032,1.7519454822838032,,,1.0270419802419912,0.006272628903388977,0.9998267673367416,1.0270419802419912,,-0.0,2.3096097079310103,53.883033466339114,61.318091879933114,1.7519454822838032,0.0006025163788929264,0.1424440792628697,1.7519454822838032,0.00125,55.17935139755241,0.09487300674596938,0.09561881050467491,0.10386872664093971,0.12887591123580933,1.4677666924962627,1.2363739533157045,3.0294109249241417,,,,,,,,,,,,,,,,,,1,update_snr,bayesian,0.1,20,101770,10177,0.1,0.0540349205421301,0.02920952223335489,0.028139367401935476,0.054034093980959624,0.02920952223335489,0.028139367401935476,0.054034093980959624,0.059869387357673845,0.058605717660360025,0.06649906960601724,0.025802870552875008,0.02511022022491904,0.04772107040888005,0.059869387357673845,0.058605717660360025,0.06649906960601724,0.025802870552875008,0.02511022022491904,0.04772107040888005,0.5467772358841073,0.8693962752958667,0.5323806099486565,0.8465051010777767,0.5323806099486565,814160,203540,81416,122124,0.75,,,,,,,,,0.007573738463251371,35
bayesfl_observability_v1,vi_sparse_bayesian_keep010_seed42,151,vi,4,0,3,,5,256,22.746948224306106,0.0022236586858828864,20.417897805885406,20.417897805885406,,,1.026819214953748,0.006270453333854675,0.9998268367798177,1.026819214953748,,0.6365141682948128,1.6763487837974358,22.746948224306106,61.25369341765622,20.417897805885406,0.0006018835945529746,0.0022236586858828864,20.417897805885406,0.00125,55.17849491907491,0.09487379244871424,0.09563114866614342,0.10385908335447311,0.12816977500915527,1.4678612988696795,1.2360316236144295,3.032781724751713,,,,,,,,,,,,,,,,,,1,update_snr,bayesian,0.1,20,101770,10177,0.1,0.05407650804209413,0.02920269524091138,0.028056082899057207,0.054076071474675275,0.02920269524091138,0.028056082899057207,0.054076071474675275,0.059882244637627514,0.05865744788304456,0.06651479638641705,0.025793856419054028,0.025073050477298048,0.04771315528449186,0.059882244637627514,0.05865744788304456,0.06651479638641705,0.025793856419054028,0.025073050477298048,0.04771315528449186,0.546394832031072,0.8693735605181289,0.532123692344113,0.8466666262739239,0.532123692344113,814160,203540,81416,122124,0.75,,,,,,,,,0.007574366045248953,3
bayesfl_observability_v1,vi_sparse_bayesian_keep010_seed42,151,vi,7,0,80,,5,256,192.3695280075073,0.842005729675293,0.776786793572152,0.776786793572152,,,1.0340781688973442,0.006263419985771179,0.9998244032697403,1.0340781688973442,,-0.0,2.4040642619438994,192.3695280075073,62.14294348577216,0.776786793572152,0.0006106214354502521,0.842005729675293,0.776786793572152,0.00125,55.18182651948922,0.09487294713799355,0.09562290832400322,0.10386504605412483,0.12875692546367645,1.467890079436034,1.236700287304266,3.0318548617419236,,,,,,,,,,,,,,,,,,1,update_snr,bayesian,0.1,20,101770,10177,0.1,0.05445548184685454,0.029414692659645806,0.028298449862744657,0.05445504901728101,0.029414692659645806,0.028298449862744657,0.05445504901728101,0.060288060832177755,0.05904922502507968,0.0668973784434657,0.025984318418253372,0.025240071494512472,0.04813074236870971,0.060288060832177755,0.05904922502507968,0.0668973784434657,0.025984318418253372,0.025240071494512472,0.04813074236870971,0.5499020199372853,0.8757427863585168,0.5317799335456965,0.8468825788018877,0.5317799335456965,814160,203540,81416,122124,0.75,,,,,,,,,0.007573594644683235,80
bayesfl_observability_v1,vi_sparse_bayesian_keep010_seed42,151,vi,66,5,62,,5,256,119.64640941619874,0.4813765864218435,0.9984006189669569,0.9984006189669569,,,1.0322452784111171,0.0062670111656188965,0.9998249800872772,1.0322452784111171,,0.5614271145662422,1.826949466466651,119.64640941619874,61.900838375951324,0.9984006189669569,0.0006082424916571812,0.4813765864218435,0.9984006189669569,0.00125,55.174877155764,0.09487309294893798,0.0956285186111927,0.10386048033833503,0.12879902124404907,1.4677100309363897,1.2360037516454687,3.030989414500451,,,,,,,,,,,,,,,,,,1,update_snr,bayesian,0.1,20,101770,10177,0.1,0.05425432424647227,0.02936481927111594,0.028298933443710227,0.05425337737265257,0.02936481927111594,0.028298933443710227,0.05425337737265257,0.0600934302541879,0.0588106139312608,0.06692239104697394,0.02595052916188572,0.025263718787629272,0.0478719168569815,0.0600934302541879,0.0588106139312608,0.06692239104697394,0.02595052916188572,0.025263718787629272,0.0478719168569815,0.5479508702929569,0.874802925547941,0.5308339807922298,0.8474758314172004,0.5308339807922298,814160,203540,81416,122124,0.75,,,,,,,,,0.007574788077682437,62
bayesfl_observability_v1,vi_sparse_bayesian_keep010_seed42,151,vi,143,11,27,,5,256,39.25094203948974,0.24865749147203234,2.2587269662403497,2.2587269662403497,,,1.0246882677139348,0.0062680840492248535,0.9998275544608997,1.0246882677139348,,0.149994923610415,2.1788016114278856,39.25094203948974,60.98562808848944,2.2587269662403497,0.0005992495636090149,0.24865749147203234,2.2587269662403497,0.00125,55.178437525151615,0.09487343755575116,0.09563099592924118,0.10385470241308212,0.1281212419271469,1.4677353964607505,1.2378537924873356,3.0296771033305596,,,,,,,,,,,,,,,,,,1,update_snr,bayesian,0.1,20,101770,10177,0.1,0.053998489240359514,0.029123690492801724,0.02800691754692273,0.05399774939221768,0.029123690492801724,0.02800691754692273,0.05399774939221768,0.05977869979396084,0.05854647410608128,0.06640742729104133,0.02571757834822849,0.024949670823320357,0.04758418108543968,0.05977869979396084,0.05854647410608128,0.06640742729104133,0.02571757834822849,0.024949670823320357,0.04758418108543968,0.5467431474181829,0.866636011680708,0.5335702229107777,0.8457557668871928,0.5335702229107777,814160,203540,81416,122124,0.75,,,,,,,,,0.007574149095846463,27
bayesfl_observability_v1,vi_sparse_bayesian_keep010_seed42,151,vi,178,14,1,,5,256,29.03850965499878,6.23150634765625,61.01077343651921,61.01077343651921,,,1.0247872459693115,0.006265699863433838,0.9998274945110156,1.0247872459693115,,-0.0,2.28098669344155,29.03850965499878,61.01077343651921,61.01077343651921,0.0005994966437704551,6.23150634765625,61.01077343651921,0.00125,55.17378746580528,0.09487348706137078,0.09562494233250618,0.10387209504842758,0.12824609875679016,1.4677151544531077,1.2359231581897143,3.0296242703079947,,,,,,,,,,,,,,,,,,1,update_snr,bayesian,0.1,20,101770,10177,0.1,0.053974169715867604,0.029139672690712277,0.028062276224107653,0.05397396433357465,0.029139672690712277,0.028062276224107653,0.05397396433357465,0.05982050350918668,0.05868899098667479,0.0663252400708209,0.02573069148865957,0.02503128555488584,0.04756076009653611,0.05982050350918668,0.05868899098667479,0.0663252400708209,0.02573069148865957,0.02503128555488584,0.04756076009653611,0.5460340935468503,0.8671999009374,0.5328267849687914,0.8462243303166259,0.5328267849687914,814160,203540,81416,122124,0.75,,,,,,,,,0.007573357792526228,1
bayesfl_observability_v1,vi_sparse_bayesian_keep010_seed42,151,vi,110,8,1,,5,256,28.617646980285645,2.4788265228271484,61.12517527875587,61.12517527875587,,,1.0262186673536793,0.0062688738107681274,0.9998270538837714,1.0262186673536793,,-0.0,2.3096097079310103,28.617646980285645,61.12517527875587,61.12517527875587,0.0006006207652427618,2.4788265228271484,61.12517527875587,0.00125,55.18061964967012,0.09487084632175159,0.0956256128847599,0.10385983213782311,0.12892179191112518,1.467849153509877,1.2367222505760291,3.0280010147841487,,,,,,,,,,,,,,,,,,1,update_snr,bayesian,0.1,20,101770,10177,0.1,0.05405543144432328,0.02921716377453929,0.028089501419756503,0.054054026703895794,0.02921716377453929,0.028089501419756503,0.054054026703895794,0.059824209450841874,0.0586364578504272,0.06639702181550404,0.02581638092161679,0.025138220684837974,0.04760062020937816,0.059824209450841874,0.0586364578504272,0.06639702181550404,0.02581638092161679,0.025138220684837974,0.04760062020937816,0.5464191877260831,0.8686488499445155,0.5324588268649799,0.8464559041636899,0.5324588268649799,814160,203540,81416,122124,0.75,,,,,,,,,0.007572547292430871,1
bayesfl_observability_v1,vi_sparse_bayesian_keep010_seed42,152,vi,285,22,3,,5,256,25.511969685554504,0.025963537395000458,20.368453676198506,20.368453676198506,,,1.026708152943316,0.006257861852645874,0.9998269713429765,1.026708152943316,,-0.0,2.259365973874069,25.511969685554504,61.10536102859552,20.368453676198506,0.0006004260688670091,0.025963537395000458,20.368453676198506,0.00125,55.19395134921444,0.09497918741999183,0.09574442356824875,0.10394376143813133,0.12849710881710052,1.46649062023376,1.2344841809043408,3.029871659642724,,,,,,,,,,,,,,,,,,1,update_snr,bayesian,0.1,20,101770,10177,0.1,0.05407504401623983,0.029156227423557914,0.0280879378781755,0.054074944683490084,0.029156227423557914,0.0280879378781755,0.054074944683490084,0.059864623641460446,0.05870121897026397,0.06652698778326627,0.02574418339934652,0.025067509887885024,0.04762912649101504,0.059864623641460446,0.05870121897026397,0.06652698778326627,0.02574418339934652,0.025067509887885024,0.04762912649101504,0.5472777979240918,0.8686867348012363,0.5330412506759423,0.8460892536120691,0.5330412506759423,814160,203540,81416,122124,0.75,,,,,,,,,0.007560820281237296,3
bayesfl_observability_v1,vi_sparse_bayesian_keep010_seed42,152,vi,0,0,1,,5,256,15.73986177444458,7.271740287251305e-06,61.38694319327346,61.38694319327346,,,1.0290859045718885,0.006274670362472534,0.9998261744540964,1.0290859045718885,,-0.0,2.28098669344155,15.73986177444458,61.38694319327346,61.38694319327346,0.000603192917296585,7.271740287251305e-06,61.38694319327346,0.00125,55.194865923548605,0.09497914518024402,0.09572963789105415,0.10395413041114807,0.12820805609226227,1.4663957431233305,1.2340244570002277,3.028806591478937,,,,,,,,,,,,,,,,,,1,update_snr,bayesian,0.1,20,101770,10177,0.1,0.05413725941604977,0.02924336132081389,0.028115894562266954,0.054136965965695616,0.02924336132081389,0.028115894562266954,0.054136965965695616,0.0599307738208356,0.05874443354049846,0.06642899999283333,0.025833648820811482,0.025031266428728004,0.04773680731634397,0.0599307738208356,0.05874443354049846,0.06642899999283333,0.025833648820811482,0.025031266428728004,0.04773680731634397,0.548087754459027,0.8709865741793061,0.532596697733449,0.8463691615148946,0.532596697733449,814160,203540,81416,122124,0.75,,,,,,,,,0.00756282481273227,1
bayesfl_observability_v1,vi_sparse_bayesian_keep010_seed42,152,vi,10,0,11,,5,256,74.20596904754639,1.3039705103093928,5.561650275454136,5.561650275454136,,,1.0271764484366042,0.006272867321968079,0.9998268187926688,1.0271764484366042,,-0.0,2.3163460082440825,74.20596904754639,61.1781530299955,5.561650275454136,0.0006011413287805395,1.3039705103093928,5.561650275454136,0.00125,55.19483717490221,0.09497791222856071,0.09573937207460403,0.10394188836216926,0.12859895825386047,1.466486186763998,1.2346178103660894,3.0304031972024292,,,,,,,,,,,,,,,,,,1,update_snr,bayesian,0.1,20,101770,10177,0.1,0.05405469140668978,0.02919040044424059,0.028094418064364093,0.05405442173342983,0.02919040044424059,0.028094418064364093,0.05405442173342983,0.059866848056396624,0.05863076220860961,0.06647611365236436,0.025781906265112137,0.025068785062572124,0.04760736809914872,0.059866848056396624,0.05863076220860961,0.06647611365236436,0.025781906265112137,0.025068785062572124,0.04760736809914872,0.5472706772102588,0.8692446503077607,0.5327913018675832,0.8462466712810435,0.5327913018675832,814160,203540,81416,122124,0.75,,,,,,,,,0.0075627068588904915,11
bayesfl_observability_v1,vi_sparse_bayesian_keep010_seed42,152,vi,50,4,1,,5,256,22.805790901184082,0.9320482611656189,60.8794292298433,60.8794292298433,,,1.0247961858907615,0.0062644630670547485,0.9998276529715374,1.0247961858907615,,-0.0,2.3163460082440825,22.805790901184082,60.8794292298433,60.8794292298433,0.0005982060452966818,0.9320482611656189,60.8794292298433,0.00125,55.19951960992717,0.09497945442154435,0.0957443155348301,0.10394833981990814,0.12825210392475128,1.4665079572752313,1.2342453094501797,3.0306090455331987,,,,,,,,,,,,,,,,,,1,update_snr,bayesian,0.1,20,101770,10177,0.1,0.053912886876629096,0.029114734442682394,0.027970655296319313,0.05391286661490025,0.029114734442682394,0.027970655296319313,0.05391286661490025,0.059721137755978,0.05855155232626973,0.06633969739266224,0.025714022963427324,0.024945036207549932,0.04746778632655061,0.059721137755978,0.05855155232626973,0.06633969739266224,0.025714022963427324,0.024945036207549932,0.04746778632655061,0.5460451964722817,0.8672034744082844,0.532832971072833,0.8462204351926854,0.532832971072833,814160,203540,81416,122124,0.75,,,,,,,,,0.007561343527162795,1
bayesfl_observability_v1,vi_sparse_bayesian_keep010_seed42,152,vi,59,4,1,,5,256,23.846854591369627,0.0,60.87244235987897,60.87244235987897,,,1.0249434148468197,0.006267622113227844,0.999827557008132,1.0249434148468197,,-0.0,2.3155014849272724,23.846854591369627,60.87244235987897,60.87244235987897,0.000598137391764557,0.0,60.87244235987897,0.00125,55.192405440641096,0.09497884832966114,0.09573652222752571,0.10394005030393601,0.12853030860424042,1.4664111096532104,1.2339110203447556,3.0291172311777497,,,,,,,,,,,,,,,,,,1,update_snr,bayesian,0.1,20,101770,10177,0.1,0.0538926169785735,0.02911678284613406,0.028067857986451828,0.053891613305596955,0.02911678284613406,0.028067857986451828,0.053891613305596955,0.05967851279682018,0.058480776214429625,0.06625452537715291,0.025721035073835607,0.025032889526571688,0.04748153357375291,0.05967851279682018,0.058480776214429625,0.06625452537715291,0.025721035073835607,0.025032889526571688,0.04748153357375291,0.5458200609855662,0.8675191436870852,0.5325367752786044,0.8464068660968352,0.5325367752786044,814160,203540,81416,122124,0.75,,,,,,,,,0.007562127578596242,1
bayesfl_observability_v1,vi_sparse_bayesian_keep010_seed42,152,vi,169,13,456,,5,256,282.68491063117983,0.031033350187435485,0.31409480585120403,0.31409480585120403,,,1.5743936770634113,0.012137815356254578,0.9995933672885466,1.5743936770634113,,-0.0,2.3163460082440825,282.68491063117983,143.22723146814903,0.31409480585120403,0.0014073620071548495,0.031033350187435485,0.31409480585120403,0.00125,55.21275259891811,0.09505333734254003,0.09580940008163452,0.10404934883117677,0.12764056026935577,1.4657938041964675,1.2322532658657857,3.02611562785706,,,,,,,,,,,,,,,,,,1,update_snr,bayesian,0.1,20,101770,10177,0.1,0.08431843933878437,0.04397245075410142,0.04092139221267346,0.08431705240380977,0.04397245075410142,0.04092139221267346,0.08431705240380977,0.09663960286195201,0.0942369256771152,0.1106521541422666,0.038120544964340246,0.03662548404221828,0.07181741576043231,0.09663960286195201,0.0942369256771152,0.1106521541422666,0.038120544964340246,0.03662548404221828,0.07181741576043231,0.8994148283251647,1.2921951930594948,0.5712769566013313,0.8207573568700566,0.5712769566013313,814160,203540,81416,122124,0.75,,,,,,,,,0.007574897260209278,456
bayesfl_observability_v1,vi_sparse_bayesian_keep010_seed42,152,vi,171,13,11,,5,256,32.97104835510254,0.26785156943581323,5.562031322236228,5.562031322236228,,,1.027583087980362,0.006272837519645691,0.9998266643745732,1.027583087980362,,0.6791932659915256,1.6161745905690754,32.97104835510254,61.18234454459851,5.562031322236228,0.0006011825149316941,0.26785156943581323,5.562031322236228,0.00125,55.191795094942165,0.09497925138732967,0.09573573619127274,0.10395600199699402,0.12765465676784515,1.4663631597985685,1.2352028955255165,3.0295969147026045,,,,,,,,,,,,,,,,,,1,update_snr,bayesian,0.1,20,101770,10177,0.1,0.053982331577299154,0.029205019863524195,0.028208633438590477,0.053982309518716236,0.029205019863524195,0.028208633438590477,0.053982309518716236,0.05973091834772847,0.058609974992827184,0.06614606267133083,0.025813253365279277,0.02517688564895038,0.04757697075700401,0.05973091834772847,0.058609974992827184,0.06614606267133083,0.025813253365279277,0.02517688564895038,0.04757697075700401,0.5465981033026793,0.8701479852123835,0.531925943212025,0.8467908779255938,0.531925943212025,814160,203540,81416,122124,0.75,,,,,,,,,0.007561057483598788,11
bayesfl_observability_v1,vi_sparse_bayesian_keep010_seed42,152,vi,173,13,1,,5,256,17.820911502838136,3.7788631743751466e-05,61.031921868980554,61.031921868980554,,,1.0260803024398806,0.006262749433517456,0.9998271865603471,1.0260803024398806,,-0.0,2.3292713582565514,17.820911502838136,61.031921868980554,61.031921868980554,0.0005997044499261134,3.7788631743751466e-05,61.031921868980554,0.00125,55.194561991566026,0.09497801423039139,0.09575085714459419,0.10394360572099685,0.12834206223487854,1.4663951696038284,1.2345144109919108,3.0299123303660704,,,,,,,,,,,,,,,,,,1,update_snr,bayesian,0.1,20,101770,10177,0.1,0.053975108759901226,0.029155885006571597,0.02807990331084367,0.053973719253191235,0.029155885006571597,0.02807990331084367,0.053973719253191235,0.05972962080159676,0.058495658508340626,0.06610118168215404,0.025758803251568804,0.02503399809363539,0.04762708145314628,0.05972962080159676,0.058495658508340626,0.06610118168215404,0.025758803251568804,0.02503399809363539,0.04762708145314628,0.5461112573390322,0.8686790441024227,0.5322305242976142,0.8465994737807763,0.5322305242976142,814160,203540,81416,122124,0.75,,,,,,,,,0.007561235193233161,1
bayesfl_observability_v1,vi_sparse_bayesian_keep010_seed42,152,vi,121,9,1,,5,256,17.87181897163391,0.0010027624666690826,61.45314415930374,61.45314415930374,,,1.0297319994571064,0.006270378828048706,0.9998259722096534,1.0297319994571064,,-0.0,2.28098669344155,17.87181897163391,61.45314415930374,61.45314415930374,0.0006038434131797558,0.0010027624666690826,61.45314415930374,0.00125,55.197307964162405,0.09497962266230901,0.09574827924370766,0.10396229028701783,0.12759611010551453,1.4666092580734416,1.2346362857421067,3.030613565768794,,,,,,,,,,,,,,,,,,1,update_snr,bayesian,0.1,20,101770,10177,0.1,0.05406856547510619,0.029267280287370648,0.02822842405983405,0.054068442427404,0.029267280287370648,0.02822842405983405,0.054068442427404,0.05986839381164032,0.058677632192826686,0.06650077898632227,0.02586715656245179,0.025209893053180048,0.04777884289835722,0.05986839381164032,0.058677632192826686,0.06650077898632227,0.02586715656245179,0.025209893053180048,0.04777884289835722,0.5474179878453813,0.872170589557596,0.5316120972583062,0.8469879444529453,0.5316120972583062,814160,203540,81416,122124,0.75,,,,,,,,,0.007563482330474955,1
bayesfl_observability_v1,vi_sparse_bayesian_keep010_seed42,152,vi,159,12,1,,5,256,20.505055087804795,0.00020251607929822057,61.120206231861694,61.120206231861694,,,1.0269646300023276,0.006274551153182983,0.9998269165371708,1.0269646300023276,,-0.0,2.185987945410232,20.505055087804795,61.120206231861694,61.120206231861694,0.0006005719389983462,0.00020251607929822057,61.120206231861694,0.00125,55.19870561974465,0.09498027623218797,0.09573760628700256,0.10395655483007431,0.1289408951997757,1.4665080858714217,1.2332857953398597,3.03028950175657,,,,,,,,,,,,,,,,,,1,update_snr,bayesian,0.1,20,101770,10177,0.1,0.05404292109355771,0.029159765874262722,0.028063359016082257,0.054042276643730645,0.029159765874262722,0.028063359016082257,0.054042276643730645,0.059820085069579795,0.05870624890703707,0.06630882093834099,0.025753063741449724,0.025050549858377673,0.047587774723134475,0.059820085069579795,0.05870624890703707,0.06630882093834099,0.025753063741449724,0.025050549858377673,0.047587774723134475,0.5469180622544055,0.869216304757167,0.5325578372189566,0.8463936141161911,0.5325578372189566,814160,203540,81416,122124,0.75,,,,,,,,,0.007563092300056322,1
bayesfl_observability_v1,vi_sparse_bayesian_keep010_seed42,152,vi,22,1,18,,5,256,44.51005086898804,0.45346466700236004,3.3843491060166873,3.3843491060166873,,,1.0250392408136475,0.006265729665756226,0.999827518306975,1.0250392408136475,,-0.0,2.3277319754160017,44.51005086898804,60.918283908300374,3.3843491060166873,0.0005985878344138781,0.45346466700236004,3.3843491060166873,0.00125,55.191153437276135,0.09497847744781944,0.09573626890778542,0.10396296381950379,0.12880410254001617,1.4663187739473589,1.2352112218762858,3.028461481406018,,,,,,,,,,,,,,,,,,1,update_snr,bayesian,0.1,20,101770,10177,0.1,0.05396346611664558,0.029104361475202456,0.027980513797970057,0.05396072407772927,0.029104361475202456,0.027980513797970057,0.05396072407772927,0.05970422804882288,0.058546585342067727,0.06618091898991701,0.025704376300355738,0.024984462262509204,0.04763336038089039,0.05970422804882288,0.058546585342067727,0.06618091898991701,0.025704376300355738,0.024984462262509204,0.04763336038089039,0.5454829369975278,0.8678443470187327,0.5321581021274255,0.8466449990049767,0.5321581021274255,814160,203540,81416,122124,0.75,,,,,,,,,0.007561839824935211,18
bayesfl_observability_v1,vi_sparse_bayesian_keep010_seed42,152,vi,217,17,1,,5,256,28.363142013549805,0.895550012588501,61.07289794852871,61.07289794852871,,,1.0264213198234178,0.006269246339797974,0.9998270913808566,1.0264213198234178,,-0.0,2.311121424016332,28.363142013549805,61.07289794852871,61.07289794852871,0.0006001070840967743,0.895550012588501,61.07289794852871,0.00125,55.1975638608783,0.09498005920132152,0.095746710896492,0.10393467545509338,0.12890031933784485,1.4665617045167567,1.2339562956139245,3.0315606354329026,,,,,,,,,,,,,,,,,,1,update_snr,bayesian,0.1,20,101770,10177,0.1,0.05394543747775331,0.029161248104716687,0.028101411674470597,0.05394433956332499,0.029161248104716687,0.028101411674470597,0.05394433956332499,0.05982759946174377,0.05863401807157019,0.06647263442971241,0.02575387573171367,0.025071443696665696,0.04753928043967842,0.05982759946174377,0.05863401807157019,0.06647263442971241,0.02575387573171367,0.025071443696665696,0.04753928043967842,0.5471761723023114,0.8684117469568444,0.5330911992323443,0.8460577836655255,0.5330911992323443,814160,203540,81416,122124,0.75,,,,,,,,,0.007560913380961304,1
bayesfl_observability_v1,vi_sparse_bayesian_keep010_seed42,152,vi,218,17,1,,5,256,25.206641840934754,0.00048720886115916073,60.86304653360374,60.86304653360374,,,1.0246145164070308,0.006261974573135376,0.9998276843792472,1.0246145164070308,,-0.0,2.185987945410232,25.206641840934754,60.86304653360374,60.86304653360374,0.0005980450676388301,0.00048720886115916073,60.86304653360374,0.00125,55.195273089769145,0.09497992441279986,0.09575420990586281,0.10394274443387985,0.1283789724111557,1.4665595612446085,1.2345016033378893,3.0294609006220994,,,,,,,,,,,,,,,,,,1,update_snr,bayesian,0.1,20,101770,10177,0.1,0.053975490588620445,0.02910027637275354,0.027975082003584614,0.05397425726156194,0.02910027637275354,0.027975082003584614,0.05397425726156194,0.05978826824647791,0.05860055693235633,0.0664358560719249,0.025690499497895272,0.025030535187048338,0.04748216280037304,0.05978826824647791,0.05860055693235633,0.0664358560719249,0.025690499497895272,0.025030535187048338,0.04748216280037304,0.5469106374210607,0.8664431094467215,0.5337720954207124,0.8456283759135467,0.5337720954207124,814160,203540,81416,122124,0.75,,,,,,,,,0.007561318714226207,1
bayesfl_observability_v1,vi_sparse_bayesian_keep010_seed42,152,vi,264,21,1,,5,256,22.19742202758789,0.00014590153296012431,61.13667077647302,61.13667077647302,,,1.027428118164186,0.006264969706535339,0.9998267113792589,1.027428118164186,,-0.0,2.259365973874069,22.19742202758789,61.13667077647302,61.13667077647302,0.0006007337209047167,0.00014590153296012431,61.13667077647302,0.00125,55.19074039681944,0.09497911496355309,0.09574096277356148,0.10395012646913529,0.1277576982975006,1.466300960588944,1.2347338010457531,3.029391964348893,,,,,,,,,,,,,,,,,,1,update_snr,bayesian,0.1,20,101770,10177,0.1,0.054039974080385876,0.029181265819176155,0.028141572192853518,0.05403704525034483,0.029181265819176155,0.028141572192853518,0.05403704525034483,0.05979997489873851,0.05865297098197292,0.06617571579331369,0.025779187032558114,0.025092307989457278,0.047627845959168524,0.05979997489873851,0.05865297098197292,0.06617571579331369,0.025779187032558114,0.025092307989457278,0.047627845959168524,0.547374628564638,0.869476597728844,0.5327619702901356,0.8462651375382148,0.5327619702901356,814160,203540,81416,122124,0.75,,,,,,,,,0.007561553564057417,1
bayesfl_observability_v1,vi_sparse_bayesian_keep010_seed42,152,vi,270,21,1,,5,256,25.486494874954225,0.004805207252502441,60.864617184535895,60.864617184535895,,,1.0247613915375493,0.006268121302127838,0.9998276209716848,1.0247613915375493,,-0.0,2.185987945410232,25.486494874954225,60.864617184535895,60.864617184535895,0.0005980605009780475,0.004805207252502441,60.864617184535895,0.00125,55.192904831279826,0.09497883383898835,0.09574061259627342,0.1039422370493412,0.1279887557029724,1.4662830052178821,1.2355261823209904,3.0284684860099826,,,,,,,,,,,,,,,,,,1,update_snr,bayesian,0.1,20,101770,10177,0.1,0.05398300999253862,0.029097466190694542,0.02804133377102734,0.05398045230984879,0.029097466190694542,0.02804133377102734,0.05398045230984879,0.0597621878812485,0.05858642594393173,0.06634127173974691,0.025690274891744105,0.02502870620583021,0.0474664197598285,0.0597621878812485,0.05858642594393173,0.06634127173974691,0.025690274891744105,0.02502870620583021,0.0474664197598285,0.5464913726788485,0.8668812428317749,0.5332864578932802,0.8459347219659676,0.5332864578932802,814160,203540,81416,122124,0.75,,,,,,,,,0.007560836742158533,1
bayesfl_observability_v1,vi_sparse_bayesian_keep010_seed42,153,vi,180,14,4,,5,256,23.48747047483921,0.0053191217593848705,15.193124599021548,15.193124599021548,,,1.0249430867141889,0.006270304322242737,0.9998277603307971,1.0249430867141889,,-0.0,2.3163460082440825,23.48747047483921,60.77249839608619,15.193124599021548,0.0005971553345395126,0.0053191217593848705,15.193124599021548,0.00125,55.22474945461156,0.09507827536040349,0.09583931043744087,0.10402155071496963,0.1286337822675705,1.465604393226156,1.2344038637497645,3.0250538146160606,,,,,,,,,,,,,,,,,,1,update_snr,bayesian,0.1,20,101770,10177,0.1,0.05389943673477228,0.029086240165855808,0.027981987403362982,0.05389932540167226,0.029086240165855808,0.027981987403362982,0.05389932540167226,0.05964051360847231,0.05847170380881882,0.06617561275691086,0.025691320894453976,0.02496516376828768,0.04752720363493692,0.05964051360847231,0.05847170380881882,0.06617561275691086,0.025691320894453976,0.02496516376828768,0.04752720363493692,0.5471017042546411,0.866711056930092,0.5337873988774984,0.8456187159704988,0.5337873988774984,814160,203540,81416,122124,0.75,,,,,,,,,0.007550837613439773,4
bayesfl_observability_v1,vi_sparse_bayesian_keep010_seed42,153,vi,225,18,45,,5,256,77.74648313522339,0.17253506978352864,1.359432929944236,1.359432929944236,,,1.0288136169390256,0.006266199052333832,0.999826421760108,1.0288136169390256,,-0.0,2.311121424016332,77.74648313522339,61.17448184749062,1.359432929944236,0.0006011052554533813,0.17253506978352864,1.359432929944236,0.00125,55.21950201294011,0.09507814290856166,0.09584906324744225,0.10402550771832467,0.12851199507713318,1.4654826484490406,1.2328767842162542,3.0253939180953093,,,,,,,,,,,,,,,,,,1,update_snr,bayesian,0.1,20,101770,10177,0.1,0.05406409025413779,0.029164773742424037,0.028021932530985054,0.054063944097663644,0.029164773742424037,0.028021932530985054,0.054063944097663644,0.05981700778864346,0.05863130238183624,0.06632315166282227,0.02575896995951076,0.024968138462738296,0.04773829089477207,0.05981700778864346,0.05863130238183624,0.06632315166282227,0.02575896995951076,0.024968138462738296,0.04773829089477207,0.5480082743353916,0.870714872767835,0.532660401566079,0.8463290711085518,0.532660401566079,814160,203540,81416,122124,0.75,,,,,,,,,0.00755049405915004,45
bayesfl_observability_v1,vi_sparse_bayesian_keep010_seed42,153,vi,233,18,90,,5,256,142.18741874694825,0.3015571594238281,0.6886414432255037,0.6886414432255037,,,1.0351942117101112,0.0062728822231292725,0.999824267465759,1.0351942117101112,,-0.0,2.3096097079310103,142.18741874694825,61.977729890295336,0.6886414432255037,0.000608998033706351,0.3015571594238281,0.6886414432255037,0.00125,55.2204255765852,0.09507894917742007,0.0958496741950512,0.104029331356287,0.1275663524866104,1.4654914815181812,1.2336271773197796,3.0258920497689052,,,,,,,,,,,,,,,,,,1,update_snr,bayesian,0.1,20,101770,10177,0.1,0.05418415765843098,0.02941777193945023,0.028505496682267366,0.054184154982356174,0.02941777193945023,0.028505496682267366,0.054184154982356174,0.06007855717341287,0.05880615118465236,0.06658346491226622,0.026011018024565492,0.025432824333656432,0.047872286116422254,0.06007855717341287,0.05880615118465236,0.06658346491226622,0.026011018024565492,0.025432824333656432,0.047872286116422254,0.5490013972473043,0.8776243625712694,0.5303366180345713,0.8477871617166977,0.5303366180345713,814160,203540,81416,122124,0.75,,,,,,,,,0.007551070354094782,90
bayesfl_observability_v1,vi_sparse_bayesian_keep010_seed42,153,vi,12,1,1,,5,256,25.343745040893555,0.04053112119436264,60.58353398291757,60.58353398291757,,,1.0236566486189327,0.006265353411436081,0.9998281588828986,1.0236566486189327,,-0.0,2.3277319754160017,25.343745040893555,60.58353398291757,60.58353398291757,0.0005952985553986202,0.04053112119436264,60.58353398291757,0.00125,55.21971514668029,0.09507861234898521,0.09584793448448181,0.1040276162326336,0.12834295630455017,1.4655423927846898,1.2334557874636167,3.0225135053122982,,,,,,,,,,,,,,,,,,1,update_snr,bayesian,0.1,20,101770,10177,0.1,0.05379115579090375,0.029026124218578486,0.02793897293783803,0.053789494175059197,0.029026124218578486,0.02793897293783803,0.053789494175059197,0.059635878175094775,0.05840209300747008,0.06632273629598454,0.025625040445632234,0.02491431501772864,0.047451246220895596,0.059635878175094775,0.05840209300747008,0.06632273629598454,0.025625040445632234,0.02491431501772864,0.047451246220895596,0.5462785915780372,0.8657093245687386,0.5336541234944836,0.8457028298860865,0.5336541234944836,814160,203540,81416,122124,0.75,,,,,,,,,0.007551460938276691,1
bayesfl_observability_v1,vi_sparse_bayesian_keep010_seed42,153,vi,23,1,73,,5,256,48.30782890319824,0.0465363280413902,0.8393188589379731,0.8393188589379731,,,1.029120761349291,0.006262525916099548,0.9998263211433895,1.029120761349291,,-0.0,2.185987945410232,48.30782890319824,61.27027670247204,0.8393188589379731,0.0006020465432099051,0.0465363280413902,0.8393188589379731,0.00125,55.22001825620646,0.09507726325056924,0.09583485126495361,0.10402556359767914,0.1285109519958496,1.4655252435574413,1.2335593166408945,3.0268912880997174,,,,,,,,,,,,,,,,,,1,update_snr,bayesian,0.1,20,101770,10177,0.1,0.05406604279605167,0.029206306025328223,0.028103695680346687,0.0540658316957486,0.029206306025328223,0.028103695680346687,0.0540658316957486,0.05982311188057244,0.058615833966541964,0.0664322395314104,0.025804438708078865,0.02511626238297417,0.04771395425404628,0.05982311188057244,0.058615833966541964,0.0664322395314104,0.025804438708078865,0.02511626238297417,0.04771395425404628,0.547140622961406,0.8716230149241986,0.5316583276816262,0.846958926162761,0.5316583276816262,814160,203540,81416,122124,0.75,,,,,,,,,0.00755107163186116,73
bayesfl_observability_v1,vi_sparse_bayesian_keep010_seed42,153,vi,41,3,6,,5,256,23.19084300994873,0.8589761257171631,10.18010716415977,10.18010716415977,,,1.027651763637151,0.006277218461036682,0.9998267812077691,1.027651763637151,,-0.0,2.4040642619438994,23.19084300994873,61.080642984958615,10.18010716415977,0.0006001831874320391,0.8589761257171631,10.18010716415977,0.00125,55.21256258804352,0.0950795234485449,0.09585975483059883,0.10402387157082557,0.12810207903385162,1.4652228079513039,1.2329084673671673,3.024689147219595,,,,,,,,,,,,,,,,,,1,update_snr,bayesian,0.1,20,101770,10177,0.1,0.05398856443837423,0.029168504026259444,0.02809845094749665,0.05398849421791314,0.029168504026259444,0.02809845094749665,0.05398849421791314,0.05972911633669291,0.0585600085153125,0.06616621027367597,0.02577288043621128,0.025096118231496406,0.04765207726674234,0.05972911633669291,0.0585600085153125,0.06616621027367597,0.02577288043621128,0.025096118231496406,0.04765207726674234,0.5467267228276679,0.8701482849794429,0.5320155544643324,0.8467345804961609,0.5320155544643324,814160,203540,81416,122124,0.75,,,,,,,,,0.0075512548426575725,6
bayesfl_observability_v1,vi_sparse_bayesian_keep010_seed42,153,vi,43,3,1,,5,256,23.981091117858888,0.19600889086723328,61.061000548272695,61.061000548272695,,,1.0269845184222022,0.006267815828323364,0.9998270318040122,1.0269845184222022,,-0.0,2.311121424016332,23.981091117858888,61.061000548272695,61.061000548272695,0.0005999901793089584,0.19600889086723328,61.061000548272695,0.00125,55.21831713785685,0.09507844993240464,0.09584477916359901,0.10402760207653046,0.1277366429567337,1.4654873208077195,1.2324990324740428,3.024792452212172,,,,,,,,,,,,,,,,,,1,update_snr,bayesian,0.1,20,101770,10177,0.1,0.05409424151067672,0.02916505961712199,0.028083668375623948,0.054093401034841,0.02916505961712199,0.028083668375623948,0.054093401034841,0.059786562140075064,0.058592696966178935,0.06631254483936357,0.025762670447904985,0.025034493125126105,0.047593545679626335,0.059786562140075064,0.058592696966178935,0.06631254483936357,0.025762670447904985,0.025034493125126105,0.047593545679626335,0.5466025167649927,0.8694382610312584,0.5322402694100591,0.846593347256112,0.5322402694100591,814160,203540,81416,122124,0.75,,,,,,,,,0.007550901430157241,1
bayesfl_observability_v1,vi_sparse_bayesian_keep010_seed42,153,vi,128,10,1025,,5,256,156.00153111934662,0.01613457400624345,0.2373152741961475,0.2373152741961475,,,2.043750430289535,0.023583009839057922,0.999315784681393,2.043750430289535,,0.10892171136653514,2.2170760364031934,156.00153111934662,243.24815605105118,0.2373152741961475,0.0023901754549577594,0.01613457400624345,0.2373152741961475,0.00125,55.257031742431955,0.09528943300477803,0.09605399891734123,0.10430681705474854,0.1278153955936432,1.463347918059085,1.2321735666340459,3.0215066535880464,,,,,,,,,,,,,,,,,,1,update_snr,bayesian,0.1,20,101770,10177,0.1,0.11151820898180909,0.05459848570026901,0.046767186312182886,0.1115162719508006,0.05459848570026901,0.046767186312182886,0.1115162719508006,0.137755704603341,0.1316603824061849,0.16947966772253883,0.04535879471103879,0.041528514243523676,0.08954221796067767,0.137755704603341,0.1316603824061849,0.16947966772253883,0.04535879471103879,0.041528514243523676,0.08954221796067767,1.312382469070367,1.5667061231084245,0.6421441921773412,0.7665838743757337,0.6421441921773412,814160,203540,81416,122124,0.75,,,,,,,,,0.007593662786215697,1025
bayesfl_observability_v1,vi_sparse_bayesian_keep010_seed42,153,vi,89,7,4,,5,256,28.3443172454834,0.378233402967453,15.217259455045987,15.217259455045987,,,1.0255075594173662,0.0062694549560546875,0.9998275953977427,1.0255075594173662,,-0.0,2.185987945410232,28.3443172454834,60.86903782018395,15.217259455045987,0.0005981039384905566,0.378233402967453,15.217259455045987,0.00125,55.22784960819387,0.09507850013447086,0.0958443321287632,0.10403142869472504,0.12845450639724731,1.4657340964866235,1.2335505832227573,3.0261789674698876,,,,,,,,,,,,,,,,,,1,update_snr,bayesian,0.1,20,101770,10177,0.1,0.053944291777041006,0.029083311006817793,0.02795439888307323,0.05394419389778561,0.029083311006817793,0.02795439888307323,0.05394419389778561,0.05975593244939613,0.058630387400060296,0.06641854653430632,0.02567524195764242,0.02489410899370116,0.047571927095621844,0.05975593244939613,0.058630387400060296,0.06641854653430632,0.02567524195764242,0.02489410899370116,0.047571927095621844,0.5467107054280156,0.8676250105849673,0.5331123114671381,0.8460444807231859,0.5331123114671381,814160,203540,81416,122124,0.75,,,,,,,,,0.007551009219370211,4
bayesfl_observability_v1,vi_sparse_bayesian_keep010_seed42,153,vi,94,7,1,,5,256,21.766341400146484,0.01451704278588295,60.976802442898396,60.976802442898396,,,1.026906493915552,0.006266355514526367,0.9998270571088728,1.026906493915552,,-0.0,2.3292713582565514,21.766341400146484,60.976802442898396,60.976802442898396,0.0005991628421233997,0.01451704278588295,60.976802442898396,0.00125,55.218135564010126,0.09507994599196717,0.09584905952215195,0.10403144285082817,0.12832370400428772,1.4654665589799294,1.2337207445729637,3.0257359447281282,,,,,,,,,,,,,,,,,,1,update_snr,bayesian,0.1,20,101770,10177,0.1,0.05388674228192739,0.029169296107970102,0.02807008482116906,0.053884274388976396,0.029169296107970102,0.02807008482116906,0.053884274388976396,0.059639790690793254,0.0584636991481894,0.06626661689050989,0.02578368559876753,0.025049185662705534,0.047522832094606546,0.059639790690793254,0.0584636991481894,0.06626661689050989,0.02578368559876753,0.025049185662705534,0.047522832094606546,0.5468718335766367,0.8691767052138822,0.532542969410425,0.8464029688815652,0.532542969410425,814160,203540,81416,122124,0.75,,,,,,,,,0.00755107548052755,1
bayesfl_observability_v1,vi_sparse_bayesian_keep010_seed42,153,vi,243,19,1,,5,256,29.88281307518482,0.0003567297535482794,60.60941493525739,60.60941493525739,,,1.0231105607382895,0.006264731287956238,0.9998283323529524,1.0231105607382895,,-0.0,2.185987945410232,29.88281307518482,60.60941493525739,60.60941493525739,0.0005955528636656912,0.0003567297535482794,60.60941493525739,0.00125,55.217945725324476,0.09507854692129111,0.09584619849920273,0.10402529165148736,0.12874388694763184,1.465411511428696,1.2325270087300881,3.0251668595465127,,,,,,,,,,,,,,,,,,1,update_snr,bayesian,0.1,20,101770,10177,0.1,0.053854111680258485,0.029026309502148958,0.027849796269907273,0.05385380307810708,0.029026309502148958,0.027849796269907273,0.05385380307810708,0.05969692362531081,0.05850791243168795,0.06631352643295507,0.025618463488464305,0.0248291458847004,0.047405409422535065,0.05969692362531081,0.05850791243168795,0.06631352643295507,0.025618463488464305,0.0248291458847004,0.047405409422535065,0.5459128540196181,0.8652943865011334,0.53358148666326,0.8457486607085025,0.53358148666326,814160,203540,81416,122124,0.75,,,,,,,,,0.007550204569862771,1
bayesfl_observability_v1,vi_sparse_bayesian_keep010_seed42,153,vi,223,17,1,,5,256,20.798385858535767,0.38493725657463074,61.0855415806379,61.0855415806379,,,1.0273471972698847,0.006269192323088646,0.9998269443372507,1.0273471972698847,,-0.0,2.311121424016332,20.798385858535767,61.0855415806379,61.0855415806379,0.000600231321417293,0.38493725657463074,61.0855415806379,0.00125,55.22381403194039,0.09507871413645703,0.09584421291947365,0.10403393432497979,0.1283572018146515,1.4654950170488528,1.2338141651921575,3.0258003738425585,,,,,,,,,,,,,,,,,,1,update_snr,bayesian,0.1,20,101770,10177,0.1,0.05403590136711428,0.029156337519352104,0.028059758405230242,0.05403556856684568,0.029156337519352104,0.028059758405230242,0.05403556856684568,0.05979598223277999,0.0586382076441364,0.0662919722611746,0.025751932551193457,0.025018092004691194,0.04765066282422487,0.05979598223277999,0.0586382076441364,0.0662919722611746,0.025751932551193457,0.025018092004691194,0.04765066282422487,0.5468889433335324,0.869686579980294,0.5323311776066143,0.8465361878549291,0.5323311776066143,814160,203540,81416,122124,0.75,,,,,,,,,0.007551638526305686,1
bayesfl_observability_v1,vi_sparse_bayesian_keep010_seed42,153,vi,251,20,1,,5,256,24.294453263282776,0.00455710431560874,60.93724962035241,60.93724962035241,,,1.0265364598596085,0.006267435848712921,0.9998272380067806,1.0265364598596085,,-0.0,2.3163460082440825,24.294453263282776,60.93724962035241,60.93724962035241,0.0005987741929876428,0.00455710431560874,60.93724962035241,0.00125,55.226505416640514,0.09507721169463067,0.09585248678922653,0.1040271833539009,0.12819665670394897,1.4657147761570233,1.2327090313719395,3.0254722021252163,,,,,,,,,,,,,,,,,,1,update_snr,bayesian,0.1,20,101770,10177,0.1,0.05397812793419795,0.02911850022075049,0.02809990392504485,0.05397703507776184,0.02911850022075049,0.02809990392504485,0.05397703507776184,0.059709226295156535,0.05856339105517799,0.06603976082374777,0.025719530656927586,0.02500600962166239,0.047620893134940286,0.059709226295156535,0.05856339105517799,0.06603976082374777,0.025719530656927586,0.02500600962166239,0.047620893134940286,0.5465647846823433,0.8689327014022673,0.5324358228416872,0.8464703742925064,0.5324358228416872,814160,203540,81416,122124,0.75,,,,,,,,,0.007549174149724562,1
bayesfl_observability_v1,vi_sparse_bayesian_keep010_seed42,153,vi,200,16,2,,5,256,23.505448269844056,0.9790658950805664,30.458145054460463,30.458145054460463,,,1.0261017967026649,0.006268724799156189,0.9998273379071666,1.0261017967026649,,0.6931471805599453,1.5546516461106756,23.505448269844056,60.916290108920926,30.458145054460463,0.0005985682431848377,0.9790658950805664,30.458145054460463,0.00125,55.21988357916275,0.0950790459709091,0.09584372490644455,0.1040328286588192,0.12869277596473694,1.4654662202779491,1.2336352040911533,3.024143148531887,,,,,,,,,,,,,,,,,,1,update_snr,bayesian,0.1,20,101770,10177,0.1,0.05391996755558935,0.029116729093985806,0.02798595739464127,0.05391949343598609,0.029116729093985806,0.02798595739464127,0.05391949343598609,0.059675443613780736,0.05842386508314493,0.06643172593389358,0.025721316369564144,0.02493057296566346,0.047682955120981425,0.059675443613780736,0.05842386508314493,0.06643172593389358,0.025721316369564144,0.02493057296566346,0.047682955120981425,0.5464555097830964,0.868487923361133,0.5325548708121439,0.8463954805965476,0.5325548708121439,814160,203540,81416,122124,0.75,,,,,,,,,0.0075513261390722525,2
bayesfl_observability_v1,vi_sparse_bayesian_keep010_seed42,153,vi,208,16,1492,,5,256,238.53376779556274,0.030358760030915206,0.19510796110625528,0.19510796110625528,,,2.2343353441022256,0.029452890157699585,0.999181949697465,2.2343353441022256,,0.2345060748432112,2.0889349747065498,238.53376779556274,291.10107797053286,0.19510796110625528,0.0028603820179869594,0.030358760030915206,0.19510796110625528,0.00125,55.24973035553563,0.09531243450275641,0.09606317803263664,0.10432806983590126,0.13138574361801147,1.462738502797285,1.231686047037029,3.021518961664821,,,,,,,,,,,,,,,,,,1,update_snr,bayesian,0.1,20,101770,10177,0.1,0.12138875863365349,0.05945837320346272,0.0507962595372376,0.1213876586448947,0.05945837320346272,0.0507962595372376,0.1213876586448947,0.15168683198628088,0.1439747597356129,0.18763211535210836,0.049210766672038476,0.045151751231582694,0.09757748735590202,0.15168683198628088,0.1439747597356129,0.18763211535210836,0.049210766672038476,0.045151751231582694,0.09757748735590202,1.445867314880157,1.7034441985770088,0.647112940632069,0.7623941513853046,0.647112940632069,814160,203540,81416,122124,0.75,,,,,,,,,0.00760338712372871,1492
bayesfl_observability_v1,vi_sparse_bayesian_keep010_seed42,154,vi,39,3,5,,5,256,36.49522647857666,1.8907787322998046,12.184609854995673,12.184609854995673,,,1.0279903675798643,0.006271809339523315,0.9998269421737902,1.0279903675798643,,-0.0,2.4040642619438994,36.49522647857666,60.92304927497836,12.184609854995673,0.0005986346592805184,1.8907787322998046,12.184609854995673,0.00125,55.25824682590879,0.09521223379979349,0.09599290043115616,0.10414975434541703,0.12877504527568817,1.4644361498085785,1.234245275843326,3.02422176729422,,,,,,,,,,,,,,,,,,1,update_snr,bayesian,0.1,20,101770,10177,0.1,0.05384041143628821,0.029152912186683786,0.028087304963497234,0.05383991256755628,0.029152912186683786,0.028087304963497234,0.05383991256755628,0.05960480317206638,0.05842557413635105,0.06629234169713946,0.025769368743863492,0.025085895212216023,0.04755698204864042,0.05960480317206638,0.05842557413635105,0.06629234169713946,0.025769368743863492,0.025085895212216023,0.04755698204864042,0.5463026602008574,0.8708143311260166,0.5314278007166398,0.847103590256514,0.5314278007166398,814160,203540,81416,122124,0.75,,,,,,,,,0.007541839558234228,5
bayesfl_observability_v1,vi_sparse_bayesian_keep010_seed42,154,vi,46,3,2,,5,256,23.007242298126222,0.6750985383987427,30.311873094964795,30.311873094964795,,,1.0256085611957246,0.006270051002502441,0.9998277274953051,1.0256085611957246,,-0.0,2.4040642619438994,23.007242298126222,60.62374618992959,30.311873094964795,0.0005956936836978441,0.6750985383987427,30.311873094964795,0.00125,55.25564899969147,0.0952111542649868,0.09598778188228607,0.10413118451833725,0.12797364592552185,1.4643948705663041,1.2331422363882734,3.0280765701094796,,,,,,,,,,,,,,,,,,1,update_snr,bayesian,0.1,20,101770,10177,0.1,0.05390070280419103,0.029059231591136492,0.02791298196024581,0.053900357318404125,0.029059231591136492,0.02791298196024581,0.053900357318404125,0.059578155444283944,0.05841860849966358,0.06603942894476317,0.025668240051897887,0.024922272262712986,0.047467823552252666,0.059578155444283944,0.05841860849966358,0.06603942894476317,0.025668240051897887,0.024922272262712986,0.047467823552252666,0.546782204197294,0.8676993384641444,0.5331295241527799,0.8460336343648702,0.5331295241527799,814160,203540,81416,122124,0.75,,,,,,,,,0.007541246063408341,2
bayesfl_observability_v1,vi_sparse_bayesian_keep010_seed42,154,vi,218,17,1,,5,256,20.872191190719604,0.0011561383726075292,60.78007428836193,60.78007428836193,,,1.0268001039626071,0.006271034479141235,0.9998273647151693,1.0268001039626071,,-0.0,2.185987945410232,20.872191190719604,60.78007428836193,60.78007428836193,0.0005972297758510556,0.0011561383726075292,60.78007428836193,0.00125,55.261380987266556,0.09521185500263418,0.09599225968122482,0.10415538772940636,0.1279316246509552,1.4644892534672342,1.2334073265080236,3.0243863590119124,,,,,,,,,,,,,,,,,,1,update_snr,bayesian,0.1,20,101770,10177,0.1,0.05392770352884235,0.029075610013182956,0.02800328064990933,0.05392767530894683,0.029075610013182956,0.02800328064990933,0.05392767530894683,0.05961781825738596,0.05848981837684506,0.06611447272421937,0.02568203131938263,0.024917764669416812,0.04751258449001298,0.05961781825738596,0.05848981837684506,0.06611447272421937,0.02568203131938263,0.024917764669416812,0.04751258449001298,0.5466988158777281,0.8691598576875899,0.5324296460118367,0.8464742595305015,0.5324296460118367,814160,203540,81416,122124,0.75,,,,,,,,,0.007541875544320401,1
bayesfl_observability_v1,vi_sparse_bayesian_keep010_seed42,154,vi,219,17,1,,5,256,22.10028467178345,0.02508259005844593,60.56512254365615,60.56512254365615,,,1.0249370373992877,0.0062604546546936035,0.9998279805485096,1.0249370373992877,,-0.0,2.259365973874069,22.10028467178345,60.56512254365615,60.56512254365615,0.0005951176431527577,0.02508259005844593,60.56512254365615,0.00125,55.25998413948875,0.09521223105189315,0.09598920866847038,0.10415511354804038,0.12891562283039093,1.4644286391486334,1.2332734200618893,3.0246403986211563,,,,,,,,,,,,,,,,,,1,update_snr,bayesian,0.1,20,101770,10177,0.1,0.053778758257541096,0.02903087999006105,0.027905334104776608,0.05377856486998033,0.02903087999006105,0.027905334104776608,0.05377856486998033,0.059571565816804936,0.05846736560675221,0.06612933292433526,0.025637470453756167,0.02493785459187895,0.04744988392987695,0.059571565816804936,0.05846736560675221,0.06612933292433526,0.025637470453756167,0.02493785459187895,0.04744988392987695,0.5467722701446956,0.8669117690016932,0.533469130486391,0.8458195356091595,0.533469130486391,814160,203540,81416,122124,0.75,,,,,,,,,0.007541842664064689,1
bayesfl_observability_v1,vi_sparse_bayesian_keep010_seed42,154,vi,224,17,73,,5,256,189.13933944702148,0.623398924527103,0.8456636904218159,0.8456636904218159,,,1.0353100088487188,0.006272345781326294,0.9998244782973863,1.0353100088487188,,0.6276116833595444,1.622881584788002,189.13933944702148,61.73344940079256,0.8456636904218159,0.0006065977144619491,0.623398924527103,0.8456636904218159,0.00125,55.259662933389144,0.09521012345146451,0.09598260000348091,0.10413194373250008,0.1288510411977768,1.464428287328802,1.2338807559954237,3.0255677694357224,,,,,,,,,,,,,,,,,,1,update_snr,bayesian,0.1,20,101770,10177,0.1,0.05404404704421657,0.029373037157566534,0.028427143755561025,0.05404264724456713,0.029373037157566534,0.028427143755561025,0.05404264724456713,0.05977542508256867,0.058514605762183175,0.06637576150091508,0.02599499405478852,0.02535025474299418,0.04789285499407468,0.05977542508256867,0.058514605762183175,0.06637576150091508,0.02599499405478852,0.02535025474299418,0.04789285499407468,0.5484421597339878,0.8781104781567375,0.5297371367479237,0.8481618748506162,0.5297371367479237,814160,203540,81416,122124,0.75,,,,,,,,,0.007541545993207215,73
bayesfl_observability_v1,vi_sparse_bayesian_keep010_seed42,154,vi,193,15,1,,5,256,19.306727355718614,0.002283824374899268,60.816933122943134,60.816933122943134,,,1.026747700004662,0.006274670362472534,0.9998273521301526,1.026747700004662,,-0.0,2.3163460082440825,19.306727355718614,60.816933122943134,60.816933122943134,0.0005975919536498293,0.002283824374899268,60.816933122943134,0.00125,55.25693782266612,0.09521188772976885,0.09597671404480934,0.10413636416196823,0.12880972027778625,1.4642821889522086,1.2334463163465328,3.0233949292444082,,,,,,,,,,,,,,,,,,1,update_snr,bayesian,0.1,20,101770,10177,0.1,0.053911378161367214,0.02910845923546901,0.0280381118906746,0.05391063566221125,0.02910845923546901,0.0280381118906746,0.05391063566221125,0.05969523551263258,0.058547685263137694,0.0663226908955895,0.025709928538006393,0.025005657211707992,0.04745013816357098,0.05969523551263258,0.058547685263137694,0.0663226908955895,0.025709928538006393,0.025005657211707992,0.04745013816357098,0.5469862879122531,0.8689170502993011,0.5327368037053012,0.846280980512891,0.5327368037053012,814160,203540,81416,122124,0.75,,,,,,,,,0.007541332977676415,1
bayesfl_observability_v1,vi_sparse_bayesian_keep010_seed42,154,vi,139,11,6,,5,256,36.92137174606323,0.5077441136042277,10.120382665668862,10.120382665668862,,,1.025756721930973,0.006268635392189026,0.9998276909867875,1.025756721930973,,-0.0,2.28098669344155,36.92137174606323,60.72229599401317,10.120382665668862,0.000596662041800267,0.5077441136042277,10.120382665668862,0.00125,55.257858836657356,0.09521149307854714,0.09598949924111366,0.1041436493396759,0.12781551480293274,1.4643443149542892,1.2344589871473204,3.0264434707498022,,,,,,,,,,,,,,,,,,1,update_snr,bayesian,0.1,20,101770,10177,0.1,0.05388137213344086,0.029056152905741584,0.027941838162773534,0.053879416967902376,0.029056152905741584,0.027941838162773534,0.053879416967902376,0.059654471675396906,0.05844534790017399,0.0663527292091026,0.02565633970911321,0.02491883771901865,0.04747441574867624,0.059654471675396906,0.05844534790017399,0.0663527292091026,0.02565633970911321,0.02491883771901865,0.04747441574867624,0.5471618162368549,0.8676351764647178,0.5334225986906821,0.8458488820150323,0.5334225986906821,814160,203540,81416,122124,0.75,,,,,,,,,0.0075426053164525135,6
bayesfl_observability_v1,vi_sparse_bayesian_keep010_seed42,154,vi,156,12,71,,5,256,119.52176055908203,0.44186170336226344,0.8692764173658327,0.8692764173658327,,,1.0346126059074505,0.006274819374084473,0.9998247197304906,1.0346126059074505,,-0.0,2.3096097079310103,119.52176055908203,61.718625632974124,0.8692764173658327,0.0006064520549570023,0.44186170336226344,0.8692764173658327,0.00125,55.26036638590833,0.09521174942284831,0.09598884359002113,0.10414878726005554,0.12828990817070007,1.464463009543584,1.2337309938427874,3.025189060797052,,,,,,,,,,,,,,,,,,1,update_snr,bayesian,0.1,20,101770,10177,0.1,0.054142409088872585,0.02933136107967411,0.02831934516526964,0.05414195310920525,0.02933136107967411,0.02831934516526964,0.05414195310920525,0.059922278243484374,0.0586610124805562,0.0663909434576168,0.025932370283695196,0.02527279340374365,0.04783916466169722,0.059922278243484374,0.0586610124805562,0.0663909434576168,0.025932370283695196,0.02527279340374365,0.04783916466169722,0.5488634579469773,0.8770245999019028,0.5305014213175699,0.8476840460808724,0.5305014213175699,814160,203540,81416,122124,0.75,,,,,,,,,0.007543783559785503,71
bayesfl_observability_v1,vi_sparse_bayesian_keep010_seed42,154,vi,208,16,1492,,5,256,187.3908790310224,0.021032955267793692,0.18154976922289284,0.18154976922289284,,,2.1566309499834113,0.02689984440803528,0.9992389597467941,2.1566309499834113,,0.2345060748432112,2.0889349747065498,187.3908790310224,270.8722556805561,0.18154976922289284,0.002661612023981096,0.021032955267793692,0.18154976922289284,0.00125,55.2891136908068,0.0954450898620288,0.09619879722595215,0.10446535572409629,0.13032543659210205,1.4617021822597382,1.2307092887800357,3.017906307407496,,,,,,,,,,,,,,,,,,1,update_snr,bayesian,0.1,20,101770,10177,0.1,0.11717101431911928,0.057384008174153484,0.04910149595665854,0.11716765301378279,0.057384008174153484,0.04910149595665854,0.11716765301378279,0.1457556886714955,0.13872855436967335,0.1796906343612057,0.04756493256333771,0.04358820931517515,0.09430075067455063,0.1457556886714955,0.13872855436967335,0.1796906343612057,0.04756493256333771,0.04358820931517515,0.09430075067455063,1.391663003819699,1.6475227276811373,0.6452949234686647,0.7639335453726146,0.6452949234686647,814160,203540,81416,122124,0.75,,,,,,,,,0.007593947352005939,1492
bayesfl_observability_v1,vi_sparse_bayesian_keep010_seed42,154,vi,282,22,9,,5,256,30.21643810272217,0.4197800424363878,6.749909945196938,6.749909945196938,,,1.0261404896790571,0.006270937621593475,0.9998275801586168,1.0261404896790571,,-0.0,2.185987945410232,30.21643810272217,60.749189506772446,6.749909945196938,0.0005969262995654165,0.4197800424363878,6.749909945196938,0.00125,55.26052427357891,0.09521291702341515,0.09598768875002861,0.10413835570216179,0.12894447147846222,1.4645544445500585,1.2323244480762967,3.024423237135037,,,,,,,,,,,,,,,,,,1,update_snr,bayesian,0.1,20,101770,10177,0.1,0.053686517352039,0.029087937483950683,0.028040238161919882,0.053685870474124986,0.029087937483950683,0.028040238161919882,0.053685870474124986,0.05953366618238377,0.058304530804379404,0.06614741129425991,0.025705078739680344,0.025097737771369075,0.047407701237874085,0.05953366618238377,0.058304530804379404,0.06614741129425991,0.025705078739680344,0.025097737771369075,0.047407701237874085,0.5455203195436913,0.8691213295758682,0.531623422943102,0.846980835779807,0.531623422943102,814160,203540,81416,122124,0.75,,,,,,,,,0.007543981420440249,9
bayesfl_observability_v1,vi_sparse_bayesian_keep010_seed42,154,vi,172,13,1,,5,256,27.19131007194519,0.005974411033093929,60.799210419568624,60.799210419568624,,,1.0268455217340238,0.006269633769989014,0.9998273422635024,1.0268455217340238,,-0.0,2.185987945410232,27.19131007194519,60.799210419568624,60.799210419568624,0.0005974178089767969,0.005974411033093929,60.799210419568624,0.00125,55.26040686830335,0.09521201736467333,0.09599293023347855,0.10414053797721863,0.12878234684467316,1.464446249115776,1.2339957425955144,3.0237457176409883,,,,,,,,,,,,,,,,,,1,update_snr,bayesian,0.1,20,101770,10177,0.1,0.05382606984210333,0.029097427636878444,0.028087141491236763,0.05382545050976014,0.029097427636878444,0.028087141491236763,0.05382545050976014,0.059525525832180175,0.05835061237755422,0.06607620868921706,0.025716527837400478,0.02501671144944177,0.04755432080493295,0.059525525832180175,0.05835061237755422,0.06607620868921706,0.025716527837400478,0.02501671144944177,0.04755432080493295,0.5463064315223434,0.8694601821719863,0.532023970460329,0.8467292925461053,0.532023970460329,814160,203540,81416,122124,0.75,,,,,,,,,0.007543102378170888,1
bayesfl_observability_v1,vi_sparse_bayesian_keep010_seed42,154,vi,81,6,9,,5,256,23.582016488909723,0.004897570444477929,6.747626301800902,6.747626301800902,,,1.025827414955821,0.006263647228479385,0.9998276533637258,1.025827414955821,,-0.0,2.3155014849272724,23.582016488909723,60.728636716208115,6.747626301800902,0.0005967243462337439,0.004897570444477929,6.747626301800902,0.00125,55.25554283054194,0.0952122441147149,0.09598655253648758,0.1041508622467518,0.12848031520843506,1.4643453580488741,1.233931800399335,3.0271605408009457,,,,,,,,,,,,,,,,,,1,update_snr,bayesian,0.1,20,101770,10177,0.1,0.05395613561328096,0.029056078375213217,0.02793197831424305,0.053955860682986356,0.029056078375213217,0.02793197831424305,0.053955860682986356,0.05972265074850097,0.05865915318054856,0.06617056816501475,0.025648681444847908,0.024916615756295085,0.047492099283199925,0.05972265074850097,0.05865915318054856,0.06617056816501475,0.025648681444847908,0.024916615756295085,0.047492099283199925,0.5473491761056559,0.867600579005917,0.5335684815259382,0.845756865489193,0.5335684815259382,814160,203540,81416,122124,0.75,,,,,,,,,0.007541650665164078,9
bayesfl_observability_v1,vi_sparse_bayesian_keep010_seed42,154,vi,84,6,12,,5,256,31.409253787994384,0.27223388353983563,5.046186391229306,5.046186391229306,,,1.0246807097117012,0.00626143254339695,0.9998280386002802,1.0246807097117012,,-0.0,2.3277319754160017,31.409253787994384,60.55423669475167,5.046186391229306,0.00059501067794784,0.27223388353983563,5.046186391229306,0.00125,55.255564364498994,0.09521069809043292,0.0959896594285965,0.1041326679289341,0.12878195941448212,1.4642423734550907,1.2323559370672696,3.0265020251178143,,,,,,,,,,,,,,,,,,1,update_snr,bayesian,0.1,20,101770,10177,0.1,0.05388223834250777,0.029013429152719036,0.02788979999401023,0.05388184578640213,0.029013429152719036,0.02788979999401023,0.05388184578640213,0.05964701897469338,0.05845569415385086,0.06619582719816593,0.02560969695027744,0.024857273367291665,0.047445823435978356,0.05964701897469338,0.05845569415385086,0.06619582719816593,0.02560969695027744,0.024857273367291665,0.047445823435978356,0.5470472892148065,0.8664351217592737,0.5338709746655823,0.845565953908754,0.5338709746655823,814160,203540,81416,122124,0.75,,,,,,,,,0.007541254491201376,12
bayesfl_observability_v1,vi_sparse_bayesian_keep010_seed42,154,vi,3,0,1,,5,256,26.566661262512206,0.0002494739310350269,60.469962805114534,60.469962805114534,,,1.0240023536987293,0.006273514591157436,0.9998282654312549,1.0240023536987293,,-0.0,2.185987945410232,26.566661262512206,60.469962805114534,60.469962805114534,0.0005941825961001723,0.0002494739310350269,60.469962805114534,0.00125,55.25542302860608,0.09521128257369232,0.0959940105676651,0.10414688214659691,0.12855300307273865,1.4643884366746738,1.2326557800717126,3.025218284175166,,,,,,,,,,,,,,,,,,1,update_snr,bayesian,0.1,20,101770,10177,0.1,0.05377582635073467,0.028996734345940564,0.027872127834245752,0.05377548133059517,0.028996734345940564,0.027872127834245752,0.05377548133059517,0.059545512628699344,0.058399084098085405,0.06606134952336108,0.025602425647856263,0.024797379333269108,0.04738129591326431,0.059545512628699344,0.058399084098085405,0.06606134952336108,0.025602425647856263,0.024797379333269108,0.04738129591326431,0.5463318824818262,0.8660844615650383,0.5335260026585465,0.8457836629346734,0.5335260026585465,814160,203540,81416,122124,0.75,,,,,,,,,0.0075419605886981,1
bayesfl_observability_v1,vi_sparse_bayesian_keep010_seed42,154,vi,7,0,80,,5,256,270.97450971603394,0.9785591125488281,0.7845808585767295,0.7845808585767295,,,1.0432907784843786,0.006268095225095749,0.9998217389907174,1.0432907784843786,,-0.0,2.4040642619438994,270.97450971603394,62.76646868613837,0.7845808585767295,0.0006167482429609744,0.9785591125488281,0.7845808585767295,0.00125,55.25620363770691,0.09521038584986574,0.09599758312106133,0.10414748042821885,0.12851767241954803,1.4644871535144568,1.2333681885863221,3.023857347945232,,,,,,,,,,,,,,,,,,1,update_snr,bayesian,0.1,20,101770,10177,0.1,0.054472268056628824,0.029636087264050138,0.028681130341785696,0.0544722658345169,0.029636087264050138,0.028681130341785696,0.0544722658345169,0.06032108799669045,0.05911552166866473,0.0669349175582324,0.02622664273820121,0.025539543071374696,0.0482408379072239,0.06032108799669045,0.05911552166866473,0.0669349175582324,0.02622664273820121,0.025539543071374696,0.0482408379072239,0.5515548244265014,0.8855749116378536,0.5286683595802145,0.8488284665223977,0.5286683595802145,814160,203540,81416,122124,0.75,,,,,,,,,0.007543092578315734,80
bayesfl_observability_v1,vi_sparse_bayesian_keep010_seed42,155,vi,138,11,1,,5,256,21.21019947528839,2.264974000354414e-06,60.51336602113782,60.51336602113782,,,1.0258365705095047,0.006270229816436768,0.9998278442767926,1.0258365705095047,,-0.0,2.3277319754160017,21.21019947528839,60.51336602113782,60.51336602113782,0.0005946090795041546,2.264974000354414e-06,60.51336602113782,0.00125,55.28673413655027,0.09532843067165155,0.09610442072153091,0.10424214825034142,0.12782499194145203,1.4635019677580894,1.2321907314303022,3.0208033192846875,,,,,,,,,,,,,,,,,,1,update_snr,bayesian,0.1,20,101770,10177,0.1,0.053762827340982464,0.0290060245216449,0.02794433363244008,0.05376046222581193,0.0290060245216449,0.02794433363244008,0.05376046222581193,0.059519377329524725,0.058420071311644235,0.0658496815261979,0.025615651987436025,0.024885354921083916,0.04739756518295746,0.059519377329524725,0.058420071311644235,0.0658496815261979,0.025615651987436025,0.024885354921083916,0.04739756518295746,0.5464614512689994,0.8681708078896007,0.532698352718686,0.8463051843222982,0.532698352718686,814160,203540,81416,122124,0.75,,,,,,,,,0.007532571599508702,1
bayesfl_observability_v1,vi_sparse_bayesian_keep010_seed42,155,vi,162,13,1,,5,256,21.164641642570494,1.3246557712554932,60.92982666546855,60.92982666546855,,,1.0290168977304286,0.006276927888393402,0.9998267487798312,1.0290168977304286,,-0.0,2.185987945410232,21.164641642570494,60.92982666546855,60.92982666546855,0.0005987012544509046,1.3246557712554932,60.92982666546855,0.00125,55.28222984252817,0.09532825127258637,0.09611005336046219,0.10424822419881821,0.12831003963947296,1.4632433584807618,1.2312399156347407,3.0224575526038255,,,,,,,,,,,,,,,,,,1,update_snr,bayesian,0.1,20,101770,10177,0.1,0.053879165858709416,0.0291693871396109,0.028079076913451607,0.05387903556088994,0.0291693871396109,0.028079076913451607,0.05387903556088994,0.05960262937409898,0.05839486348971655,0.0660209671331806,0.025787915780223335,0.025115878011111377,0.047518188786099376,0.05960262937409898,0.05839486348971655,0.0660209671331806,0.025787915780223335,0.025115878011111377,0.047518188786099376,0.5470059068147815,0.8715849434934584,0.5315810731789173,0.8470074159285452,0.5315810731789173,814160,203540,81416,122124,0.75,,,,,,,,,0.007532968180647204,1
bayesfl_observability_v1,vi_sparse_bayesian_keep010_seed42,155,vi,7,0,80,,5,256,263.49524688720703,1.0618505477905273,0.7848166559164514,0.7848166559164514,,,1.0446849664299351,0.0062721045687794685,0.9998214636203892,1.0446849664299351,,-0.0,2.4040642619438994,263.49524688720703,62.78533247331612,0.7848166559164514,0.0006169336000129323,1.0618505477905273,0.7848166559164514,0.00125,55.28738385080359,0.0953293305320503,0.09612322971224785,0.10423944666981697,0.1280941516160965,1.463495744485698,1.2341074980145805,3.018231578796629,,,,,,,,,,,,,,,,,,1,update_snr,bayesian,0.1,20,101770,10177,0.1,0.05442218275637864,0.02963621239541726,0.02878000302874761,0.05442209737959813,0.02963621239541726,0.02878000302874761,0.05442209737959813,0.060187527763130994,0.05894003856680623,0.06679975869134629,0.026241621799004626,0.025604757417156985,0.048278220392701916,0.060187527763130994,0.05894003856680623,0.06679975869134629,0.026241621799004626,0.025604757417156985,0.048278220392701916,0.5509704356331923,0.8875800009818188,0.5274034310229013,0.8496149839458295,0.5274034310229013,814160,203540,81416,122124,0.75,,,,,,,,,0.007534232405845255,80
bayesfl_observability_v1,vi_sparse_bayesian_keep010_seed42,155,vi,9,0,1,,5,256,19.784098434448243,0.00015186110977083445,60.625006949317005,60.625006949317005,,,1.0265613241968157,0.006269706878811121,0.9998276059943104,1.0265613241968157,,-0.0,2.3292713582565514,19.784098434448243,60.625006949317005,60.625006949317005,0.0005957060720184436,0.00015186110977083445,60.625006949317005,0.00125,55.28749517466259,0.09532766238109729,0.09610285609960556,0.10426229760050773,0.12863467633724213,1.4634650821641135,1.2313919742147332,3.020269759752809,,,,,,,,,,,,,,,,,,1,update_snr,bayesian,0.1,20,101770,10177,0.1,0.053821903608483136,0.02906023037179933,0.027993764930659054,0.053820588524165186,0.02906023037179933,0.027993764930659054,0.053820588524165186,0.05958647789578616,0.05843362312296206,0.06612835979036148,0.025668425091356344,0.024981350194950964,0.04742940816080088,0.05958647789578616,0.05843362312296206,0.06612835979036148,0.025668425091356344,0.024981350194950964,0.04742940816080088,0.5470827764095858,0.8686360504219817,0.5329275158867152,0.8461608965266686,0.5329275158867152,814160,203540,81416,122124,0.75,,,,,,,,,0.007534740271679035,1
bayesfl_observability_v1,vi_sparse_bayesian_keep010_seed42,155,vi,270,21,1,,5,256,18.002891981601714,0.043136704713106155,60.91975487421845,60.91975487421845,,,1.0290755077451026,0.006271466612815857,0.9998267552175101,1.0290755077451026,,-0.0,2.185987945410232,18.002891981601714,60.91975487421845,60.91975487421845,0.0005986022882403306,0.043136704713106155,60.91975487421845,0.00125,55.286716941498604,0.09532774207500234,0.09610534459352493,0.10426129400730133,0.1280527412891388,1.4634787755181813,1.2318982687805893,3.01988716612903,,,,,,,,,,,,,,,,,,1,update_snr,bayesian,0.1,20,101770,10177,0.1,0.053934736109501634,0.02911253303171825,0.028046568911239293,0.05393445547762166,0.02911253303171825,0.028046568911239293,0.05393445547762166,0.05969090303272139,0.058486219877533746,0.06618123208439898,0.025714936364940107,0.025007685628421348,0.04760287045846463,0.05969090303272139,0.058486219877533746,0.06618123208439898,0.025714936364940107,0.025007685628421348,0.04760287045846463,0.5482303188123377,0.8708845607632297,0.5327406149366174,0.846278581317615,0.5327406149366174,814160,203540,81416,122124,0.75,,,,,,,,,0.007534885240838575,1
bayesfl_observability_v1,vi_sparse_bayesian_keep010_seed42,155,vi,93,7,45,,5,256,145.23128519058227,0.6302638583713107,1.3700445302321884,1.3700445302321884,,,1.0346012284469015,0.006274867802858353,0.9998248870770179,1.0346012284469015,,-0.0,2.3096097079310103,145.23128519058227,61.65200386044848,1.3700445302321884,0.0006057974241962118,0.6302638583713107,1.3700445302321884,0.00125,55.286343511104974,0.09532786159400676,0.09610721096396446,0.10426164045929909,0.12877345085144043,1.4634765759366988,1.2320952658228876,3.0194806065932425,,,,,,,,,,,,,,,,,,1,update_snr,bayesian,0.1,20,101770,10177,0.1,0.05418641507077575,0.029318719284116754,0.02824141604903621,0.05418524680822134,0.029318719284116754,0.02824141604903621,0.05418524680822134,0.05997185071223675,0.05878339068001046,0.06649281337649046,0.02591281579210342,0.025207661615863762,0.04784009401905171,0.05997185071223675,0.05878339068001046,0.06649281337649046,0.02591281579210342,0.025207661615863762,0.04784009401905171,0.5493648373111194,0.8766971982560259,0.5309918664370833,0.8473769160047159,0.5309918664370833,814160,203540,81416,122124,0.75,,,,,,,,,0.007532597957416355,45
bayesfl_observability_v1,vi_sparse_bayesian_keep010_seed42,155,vi,203,16,1,,5,256,25.245887184143065,1.572695016860962,60.749342012848075,60.749342012848075,,,1.0270666448474657,0.00627368688583374,0.9998274392146722,1.0270666448474657,,-0.0,2.311121424016332,25.245887184143065,60.749342012848075,60.749342012848075,0.000596927798102074,1.572695016860962,60.749342012848075,0.00125,55.28793163457058,0.09533011043784519,0.09612185508012772,0.10425580516457558,0.12772667407989502,1.463453593333969,1.2316185756515883,3.020563739930347,,,,,,,,,,,,,,,,,,1,update_snr,bayesian,0.1,20,101770,10177,0.1,0.05385001048225898,0.02909483692902269,0.02804029943607695,0.05384941968967485,0.02909483692902269,0.02804029943607695,0.05384941968967485,0.059571896745643865,0.058426646823423585,0.06608275725550894,0.02570849694939812,0.024991108608834658,0.047509796004589995,0.059571896745643865,0.058426646823423585,0.06608275725550894,0.02570849694939812,0.024991108608834658,0.047509796004589995,0.5465175744899595,0.8695886577755265,0.5321150065886185,0.846672085144653,0.5321150065886185,814160,203540,81416,122124,0.75,,,,,,,,,0.0075333574487888785,1
bayesfl_observability_v1,vi_sparse_bayesian_keep010_seed42,155,vi,131,10,1,,5,256,25.251519775390626,2.408785343170166,60.55013270543665,60.55013270543665,,,1.0261492028261279,0.006274376064538956,0.9998277501439401,1.0261492028261279,,-0.0,2.259365973874069,25.251519775390626,60.55013270543665,60.55013270543665,0.0005949703518270281,2.408785343170166,60.55013270543665,0.00125,55.288322788579876,0.09533027509523713,0.09612059593200684,0.10425142347812652,0.12893961369991302,1.4634665678862806,1.2310110454156127,3.020509326441364,,,,,,,,,,,,,,,,,,1,update_snr,bayesian,0.1,20,101770,10177,0.1,0.05381889040743578,0.02901160017065261,0.02788976652768132,0.05381882391828798,0.02901160017065261,0.02788976652768132,0.05381882391828798,0.05959938232590903,0.05850512127983819,0.06588699010118804,0.02561295770895745,0.024857566656605375,0.04743731444591816,0.05959938232590903,0.05850512127983819,0.06588699010118804,0.02561295770895745,0.024857566656605375,0.04743731444591816,0.5472969431369669,0.8680139644577327,0.5333502590360649,0.8458944976686886,0.5333502590360649,814160,203540,81416,122124,0.75,,,,,,,,,0.007533508274440853,1
bayesfl_observability_v1,vi_sparse_bayesian_keep010_seed42,155,vi,101,8,1,,5,256,21.51433653831482,1.0187311172485352,60.688097003163904,60.688097003163904,,,1.0272276372769678,0.006257534027099609,0.999827381116467,1.0272276372769678,,-0.0,2.185987945410232,21.51433653831482,60.688097003163904,60.688097003163904,0.0005963259998345672,1.0187311172485352,60.688097003163904,0.00125,55.28734993092947,0.09532925575163365,0.09610535949468613,0.1042489156126976,0.12860950827598572,1.4634729700579414,1.2309093868425829,3.0215338519934107,,,,,,,,,,,,,,,,,,1,update_snr,bayesian,0.1,20,101770,10177,0.1,0.053805272613230246,0.02905033966921969,0.028064990862536297,0.05380298558258679,0.02905033966921969,0.028064990862536297,0.05380298558258679,0.05957747203259069,0.05839136438358481,0.06619796810092834,0.025658436073289576,0.025012982579494625,0.04741123674676241,0.05957747203259069,0.05839136438358481,0.06619796810092834,0.025658436073289576,0.025012982579494625,0.04741123674676241,0.5473085963989869,0.8692812658129663,0.5328016658993161,0.8462401460666552,0.5328016658993161,814160,203540,81416,122124,0.75,,,,,,,,,0.007532849609935038,1
bayesfl_observability_v1,vi_sparse_bayesian_keep010_seed42,155,vi,80,6,1188,,5,256,339.7856841278076,0.02394900016913109,0.2514142500157946,0.2514142500157946,,,2.280360866118586,0.023868486285209656,0.9991500180107581,2.280360866118586,,-0.0,2.28098669344155,339.7856841278076,298.680129018764,0.2514142500157946,0.0029348543678762305,0.02394900016913109,0.2514142500157946,0.00125,55.31912690813584,0.09552273837703261,0.09629163146018982,0.10450826063752175,0.13013482093811035,1.46138488018153,1.229065686330524,3.014179632791766,,,,,,,,,,,,,,,,,,1,update_snr,bayesian,0.1,20,101770,10177,0.1,0.12423090810978785,0.06134118861572585,0.05361378364588132,0.12422805259426893,0.06134118861572585,0.05361378364588132,0.12422805259426893,0.1496501830897871,0.14415691896339816,0.17961153710147515,0.05152907811860792,0.04751047653142321,0.10128867743381521,0.1496501830897871,0.14415691896339816,0.17961153710147515,0.05152907811860792,0.04751047653142321,0.10128867743381521,1.422371189952773,1.7823876900712303,0.6237482896177736,0.7816252754350418,0.6237482896177736,814160,203540,81416,122124,0.75,,,,,,,,,0.007579200965428178,1188
bayesfl_observability_v1,vi_sparse_bayesian_keep010_seed42,155,vi,85,6,1,,5,256,20.03829183578491,2.145764938177308e-06,60.563663421847856,60.563663421847856,,,1.0262453009610626,0.006267189979553223,0.9998277307530962,1.0262453009610626,,-0.0,2.3277319754160017,20.03829183578491,60.563663421847856,60.563663421847856,0.0005951033057074566,2.145764938177308e-06,60.563663421847856,0.00125,55.29007222745077,0.09532842247941715,0.09611232951283455,0.10426170080900192,0.12796422839164734,1.4635496480003298,1.2319948838505816,3.0195626068496537,,,,,,,,,,,,,,,,,,1,update_snr,bayesian,0.1,20,101770,10177,0.1,0.053802075526137194,0.02903865439732103,0.02803747051549421,0.05380192495746913,0.02903865439732103,0.02803747051549421,0.05380192495746913,0.059539538143027745,0.05839459996083664,0.06599073237224647,0.02564966731446473,0.024999640374846647,0.047335941806629867,0.059539538143027745,0.05839459996083664,0.06599073237224647,0.02564966731446473,0.024999640374846647,0.047335941806629867,0.5471906088194423,0.8681945953324465,0.5331967009320353,0.8459912990777116,0.5331967009320353,814160,203540,81416,122124,0.75,,,,,,,,,0.007533958052672954,1
bayesfl_observability_v1,vi_sparse_bayesian_keep010_seed42,155,vi,189,15,1,,5,256,23.743431437015534,9.417489309271332e-06,60.5068292149034,60.5068292149034,,,1.0253031317571566,0.006271198391914368,0.9998279912142931,1.0253031317571566,,-0.0,2.259365973874069,23.743431437015534,60.5068292149034,60.5068292149034,0.0005945448483335305,9.417489309271332e-06,60.5068292149034,0.00125,55.28102193333401,0.09532846825377984,0.09611502289772034,0.10424308478832245,0.12818145751953125,1.4633763726867504,1.231585163328233,3.0193777267004176,,,,,,,,,,,,,,,,,,1,update_snr,bayesian,0.1,20,101770,10177,0.1,0.05372447603129582,0.029019611140259638,0.027877303938529042,0.0537227512224287,0.029019611140259638,0.027877303938529042,0.0537227512224287,0.059502652974989315,0.05835679089232701,0.06592857543518524,0.02563260649195634,0.024908709913890492,0.04738305363507678,0.059502652974989315,0.05835679089232701,0.06592857543518524,0.02563260649195634,0.024908709913890492,0.04738305363507678,0.5460815939204621,0.8677795830580026,0.5326050189514117,0.8463639251455408,0.5326050189514117,814160,203540,81416,122124,0.75,,,,,,,,,0.007534766342965022,1
bayesfl_observability_v1,vi_sparse_bayesian_keep010_seed42,155,vi,288,23,3,,5,256,23.995026564598085,0.2520996729532878,20.151726747826316,20.151726747826316,,,1.0248069774976958,0.006272129714488983,0.9998282015221343,1.0248069774976958,,-0.0,2.185987945410232,23.995026564598085,60.45518024347895,20.151726747826316,0.0005940373414904093,0.2520996729532878,20.151726747826316,0.00125,55.288463460599765,0.09532873467364239,0.09611151367425919,0.10425075143575668,0.12860926985740662,1.4634424821749215,1.2323475303206604,3.0227659872143375,,,,,,,,,,,,,,,,,,1,update_snr,bayesian,0.1,20,101770,10177,0.1,0.0537609620162112,0.02900077849744181,0.02785022557173574,0.05376074569232878,0.02900077849744181,0.02785022557173574,0.05376074569232878,0.05948784768048622,0.058317878060039414,0.06580978296290751,0.025613326365992437,0.024856928795791707,0.04742355757911713,0.05948784768048622,0.058317878060039414,0.06580978296290751,0.025613326365992437,0.024856928795791707,0.04742355757911713,0.5459689243063822,0.867264247400811,0.5327529342544994,0.846270826061741,0.5327529342544994,814160,203540,81416,122124,0.75,,,,,,,,,0.007534596766628571,3
bayesfl_observability_v1,vi_sparse_bayesian_keep010_seed42,155,vi,14,1,7,,5,256,25.906441259384156,0.47384119033813477,8.654287170066393,8.654287170066393,,,1.0259717288561838,0.006268665194511414,0.9998277674320093,1.0259717288561838,,0.410116318288409,1.9178355689619568,25.906441259384156,60.58001019046475,8.654287170066393,0.0005952639303376707,0.47384119033813477,8.654287170066393,0.00125,55.281155465832455,0.09532956630115988,0.09610691294074059,0.10425916090607644,0.12873707711696625,1.463274523183537,1.2310001624593767,3.0192963164275057,,,,,,,,,,,,,,,,,,1,update_snr,bayesian,0.1,20,101770,10177,0.1,0.053789097146695504,0.02904058901337542,0.02792925888643753,0.05378773039790044,0.02904058901337542,0.02792925888643753,0.05378773039790044,0.05953173584380243,0.058363817090345875,0.06612467674710124,0.02565268380999464,0.024987459920318034,0.04745675547983613,0.05953173584380243,0.058363817090345875,0.06612467674710124,0.02565268380999464,0.024987459920318034,0.04745675547983613,0.5463364338568142,0.8684091716770193,0.5325063239957923,0.8464260244725993,0.5325063239957923,814160,203540,81416,122124,0.75,,,,,,,,,0.0075351754603934255,7
bayesfl_observability_v1,vi_sparse_bayesian_keep010_seed42,155,vi,45,3,1,,5,256,27.8070387840271,1.090601921081543,60.34522980920216,60.34522980920216,,,1.024129921178543,0.0062752366065979,0.9998284207911221,1.024129921178543,,-0.0,2.28098669344155,27.8070387840271,60.34522980920216,60.34522980920216,0.0005929569599017605,1.090601921081543,60.34522980920216,0.00125,55.28735299091035,0.09532893892442405,0.09611013159155846,0.10424568653106689,0.12836137413978577,1.4635254441967076,1.2336756220288347,3.018467192658737,,,,,,,,,,,,,,,,,,1,update_snr,bayesian,0.1,20,101770,10177,0.1,0.05366501007588406,0.028984069480073427,0.027875224541585024,0.053664390886997426,0.028984069480073427,0.027875224541585024,0.053664390886997426,0.059486744915770405,0.05830529279525949,0.06611188643794569,0.025594883320551536,0.02489246648806509,0.04723030209047278,0.059486744915770405,0.05830529279525949,0.06611188643794569,0.025594883320551536,0.02489246648806509,0.04723030209047278,0.5460457307283063,0.8664156943445561,0.5331801360709494,0.8460017390640306,0.5331801360709494,814160,203540,81416,122124,0.75,,,,,,,,,0.00753376699529555,1
bayesfl_observability_v1,vi_sparse_bayesian_keep010_seed42,156,vi,81,6,9,,5,256,23.219784530997277,0.010057210094398923,6.708235750302374,6.708235750302374,,,1.0253142601518817,0.006266079843044281,0.9998282254594245,1.0253142601518817,,-0.0,2.3155014849272724,23.219784530997277,60.374121752721365,6.708235750302374,0.0005932408544042583,0.010057210094398923,6.708235750302374,0.00125,55.319777549390274,0.0954399942350599,0.0962233692407608,0.10434602722525597,0.1288527548313141,1.462649454122366,1.2301172836004337,3.0195519479434054,,,,,,,,,,,,,,,,,,1,update_snr,bayesian,0.1,20,101770,10177,0.1,0.05375614187517461,0.028986049709421195,0.02790482726018594,0.053754671524991006,0.028986049709421195,0.02790482726018594,0.053754671524991006,0.05947494395750284,0.05832122362428104,0.06597207743295831,0.02559839479296768,0.024896740358964286,0.04734112019698387,0.05947494395750284,0.05832122362428104,0.06597207743295831,0.02559839479296768,0.024896740358964286,0.04734112019698387,0.5464007707216475,0.8675917990769565,0.5329105348058928,0.8461715912821095,0.5329105348058928,814160,203540,81416,122124,0.75,,,,,,,,,0.007527784326895698,9
bayesfl_observability_v1,vi_sparse_bayesian_keep010_seed42,156,vi,84,6,12,,5,256,32.2272611618042,0.54279092947642,5.04048037267322,5.04048037267322,,,1.0266060134057398,0.006269879639148712,0.999827770794154,1.0266060134057398,,-0.0,2.3277319754160017,32.2272611618042,60.485764472078635,5.04048037267322,0.0005943378645188036,0.54279092947642,5.04048037267322,0.00125,55.31637173251009,0.09543899062431971,0.096223846077919,0.10433777049183846,0.12867261469364166,1.462478530856732,1.2311808551346197,3.016533045573188,,,,,,,,,,,,,,,,,,1,update_snr,bayesian,0.1,20,101770,10177,0.1,0.05370202992758721,0.02902919919396351,0.027972631812442278,0.05370091140100705,0.02902919919396351,0.027972631812442278,0.05370091140100705,0.05947323559849611,0.05829066212274183,0.06601211893794619,0.025646528482348777,0.024951073738671427,0.047349454136231234,0.05947323559849611,0.05829066212274183,0.06601211893794619,0.025646528482348777,0.024951073738671427,0.047349454136231234,0.5469332838438838,0.8687829934941015,0.5327586987625821,0.8462671971031376,0.5327586987625821,814160,203540,81416,122124,0.75,,,,,,,,,0.007526175361719275,12
bayesfl_observability_v1,vi_sparse_bayesian_keep010_seed42,156,vi,144,11,1,,5,256,25.896485018730164,0.07458079606294632,60.23014293244835,60.23014293244835,,,1.024142506793033,0.006270062178373337,0.9998286249380295,1.024142506793033,,-0.0,2.185987945410232,25.896485018730164,60.23014293244835,60.23014293244835,0.0005918261072265732,0.07458079606294632,60.23014293244835,0.00125,55.320779794235904,0.095438197739016,0.0962182953953743,0.10434702411293983,0.12818773090839386,1.4625916251901325,1.230050465489919,3.019930197991582,,,,,,,,,,,,,,,,,,1,update_snr,bayesian,0.1,20,101770,10177,0.1,0.053571124769803385,0.028945990717327178,0.027857357113738733,0.05357102362672795,0.028945990717327178,0.027857357113738733,0.05357102362672795,0.05944053877162039,0.0582967511057644,0.06607947706031733,0.02555770760018349,0.02479154969593152,0.04731258189548978,0.05944053877162039,0.0582967511057644,0.06607947706031733,0.02555770760018349,0.02479154969593152,0.04731258189548978,0.5463334899543768,0.8662491512114682,0.5334545596248592,0.8458287254612769,0.5334545596248592,814160,203540,81416,122124,0.75,,,,,,,,,0.007525723944714102,1
bayesfl_observability_v1,vi_sparse_bayesian_keep010_seed42,156,vi,27,2,1,,5,256,23.840686989575623,0.103605717420578,60.16571135355337,60.16571135355337,,,1.0232123910774182,0.006275355815887451,0.9998289273069098,1.0232123910774182,,-0.0,2.3163460082440825,23.840686989575623,60.16571135355337,60.16571135355337,0.0005911929974801353,0.103605717420578,60.16571135355337,0.00125,55.319515210587426,0.0954380364310543,0.0962178036570549,0.10435170605778694,0.12886445224285126,1.4625475125774854,1.2305013941543042,3.0177119243241055,,,,,,,,,,,,,,,,,,1,update_snr,bayesian,0.1,20,101770,10177,0.1,0.053710479685930276,0.028905684768031268,0.027798541197224025,0.05371040281866951,0.028905684768031268,0.027798541197224025,0.05371040281866951,0.05945761591855471,0.058223686373020736,0.06604706333965193,0.025511025751306447,0.02481012931047495,0.047264268568819656,0.05945761591855471,0.058223686373020736,0.06604706333965193,0.025511025751306447,0.02481012931047495,0.047264268568819656,0.5456955007331095,0.8655518573338106,0.5333159620540806,0.8459161215027948,0.5333159620540806,814160,203540,81416,122124,0.75,,,,,,,,,0.007525101770222813,1
bayesfl_observability_v1,vi_sparse_bayesian_keep010_seed42,156,vi,216,17,1,,5,256,24.321250101923944,0.2899026572704315,60.295604564163845,60.295604564163845,,,1.025068324962119,0.00626116618514061,0.9998283164415864,1.025068324962119,,-0.0,2.3096097079310103,24.321250101923944,60.295604564163845,60.295604564163845,0.000592469338352794,0.2899026572704315,60.295604564163845,0.00125,55.320992055160986,0.09543950751206402,0.09622829779982567,0.10435134023427964,0.12787535786628723,1.462498959526347,1.2306017778064378,3.0182900344263723,,,,,,,,,,,,,,,,,,1,update_snr,bayesian,0.1,20,101770,10177,0.1,0.05371986614565279,0.028965520663407494,0.027807542475869525,0.05371888683178446,0.028965520663407494,0.027807542475869525,0.05371888683178446,0.059471060381123104,0.05828714048102473,0.06589377793629533,0.025576016250327977,0.02480340537396962,0.0472932520443015,0.059471060381123104,0.05828714048102473,0.06589377793629533,0.025576016250327977,0.02480340537396962,0.0472932520443015,0.547013352329409,0.8669149111729403,0.5336359918736379,0.8457142710023516,0.5336359918736379,814160,203540,81416,122124,0.75,,,,,,,,,0.007526375578457529,1
bayesfl_observability_v1,vi_sparse_bayesian_keep010_seed42,156,vi,166,13,9,,5,256,35.70242900848389,0.6362724304199219,6.694456582764671,6.694456582764671,,,1.02541210298138,0.00627242773771286,0.9998281902402105,1.02541210298138,,-0.0,2.3277319754160017,35.70242900848389,60.25010924488204,6.694456582764671,0.0005920222977781472,0.6362724304199219,6.694456582764671,0.00125,55.31942064830796,0.09543780760788884,0.09622683376073837,0.10435001477599144,0.1282382309436798,1.4625009748084925,1.2307797871696846,3.015663252853027,,,,,,,,,,,,,,,,,,1,update_snr,bayesian,0.1,20,101770,10177,0.1,0.05361956932031631,0.028968228763858652,0.027937945715860744,0.0536193824616615,0.028968228763858652,0.027937945715860744,0.0536193824616615,0.05932555082170828,0.05815060897807219,0.06591624995913833,0.02559519297965315,0.024873638928109287,0.04729647733640799,0.05932555082170828,0.05815060897807219,0.06591624995913833,0.02559519297965315,0.024873638928109287,0.04729647733640799,0.546567939461848,0.8676021372110183,0.5330227114276346,0.8461009331647928,0.5330227114276346,814160,203540,81416,122124,0.75,,,,,,,,,0.0075260374277074825,9
bayesfl_observability_v1,vi_sparse_bayesian_keep010_seed42,156,vi,189,15,1,,5,256,25.46405110359192,1.8954096958623268e-05,60.420332019136566,60.420332019136566,,,1.0261676716349761,0.006247229874134064,0.9998279842639952,1.0261676716349761,,-0.0,2.259365973874069,25.46405110359192,60.420332019136566,60.420332019136566,0.0005936949201054984,1.8954096958623268e-05,60.420332019136566,0.00125,55.3255283134163,0.09543792944248859,0.09622527286410332,0.1043445609509945,0.1286933422088623,1.462674844703508,1.2303352096849713,3.019556984088743,,,,,,,,,,,,,,,,,,1,update_snr,bayesian,0.1,20,101770,10177,0.1,0.053630472592362935,0.029007734079717927,0.027937684849195482,0.05363042991089912,0.029007734079717927,0.027937684849195482,0.05363042991089912,0.059419017608189746,0.058267438787389964,0.06592632894502219,0.025628702576554387,0.02494490746223619,0.047347388102259816,0.059419017608189746,0.058267438787389964,0.06592632894502219,0.025628702576554387,0.02494490746223619,0.047347388102259816,0.5465412998725616,0.8685117718501918,0.5326042858101019,0.8463643865007033,0.5326042858101019,814160,203540,81416,122124,0.75,,,,,,,,,0.007524242762530348,1
bayesfl_observability_v1,vi_sparse_bayesian_keep010_seed42,156,vi,197,15,49,,5,256,75.2154179573059,0.26214140288683835,1.2302478690858445,1.2302478690858445,,,1.0249766921364856,0.006265521049499512,0.9998282945608832,1.0249766921364856,,-0.0,2.259365973874069,75.2154179573059,60.28214558520638,1.2302478690858445,0.0005923370893702111,0.26214140288683835,1.2302478690858445,0.00125,55.31188322016876,0.09543868979400522,0.09622956439852715,0.10435233488678933,0.12866631150245667,1.4624082017840532,1.23015090546843,3.01685213571612,,,,,,,,,,,,,,,,,,1,update_snr,bayesian,0.1,20,101770,10177,0.1,0.05373651351954787,0.028948810851959855,0.02784040892329235,0.05373571078784303,0.028948810851959855,0.02784040892329235,0.05373571078784303,0.059400757784825155,0.05822288062446274,0.06579202639495235,0.025565261192752604,0.02482285784664729,0.047351081449473156,0.059400757784825155,0.05822288062446274,0.06579202639495235,0.025565261192752604,0.02482285784664729,0.047351081449473156,0.5465987670932642,0.8670680522514805,0.5332792162853195,0.8459392871111473,0.5332792162853195,814160,203540,81416,122124,0.75,,,,,,,,,0.007527961076962167,49
bayesfl_observability_v1,vi_sparse_bayesian_keep010_seed42,156,vi,241,19,265,,5,256,140.8181294232607,0.028871204015218987,0.46592093232019544,0.46592093232019544,,,1.4652478522586503,0.012236669659614563,0.9996492550068662,1.4652478522586503,,-0.0,2.259365973874069,140.8181294232607,123.4690470648518,0.46592093232019544,0.0012132165379272063,0.028871204015218987,0.46592093232019544,0.00125,55.3271645603471,0.09551879405569759,0.09629349038004875,0.10443444326519967,0.12815065681934357,1.4615189277038414,1.2300305010920338,3.0184196604231595,,,,,,,,,,,,,,,,,,1,update_snr,bayesian,0.1,20,101770,10177,0.1,0.07938170427064695,0.04014392112333843,0.03610347505495312,0.07938120862256084,0.04014392112333843,0.03610347505495312,0.07938120862256084,0.0928049676523104,0.09016099024545918,0.1080950786308681,0.03429269373123043,0.03217100478210611,0.06614130191859413,0.0928049676523104,0.09016099024545918,0.1080950786308681,0.03429269373123043,0.03217100478210611,0.06614130191859413,0.8730320328693927,1.1767609519917486,0.5958254990946625,0.8031139238169127,0.5958254990946625,814160,203540,81416,122124,0.75,,,,,,,,,0.007538036308380951,265
bayesfl_observability_v1,vi_sparse_bayesian_keep010_seed42,156,vi,74,5,1,,5,256,21.536320519447326,1.1920922133867862e-06,60.564974964086126,60.564974964086126,,,1.0275279471323382,0.006262205541133881,0.9998274419948862,1.0275279471323382,,-0.0,2.259365973874069,21.536320519447326,60.564974964086126,60.564974964086126,0.0005951161930243306,1.1920922133867862e-06,60.564974964086126,0.00125,55.31262679022251,0.09543757855213525,0.09621410071849823,0.10435206517577171,0.1282372772693634,1.4623968275455062,1.2312357894782109,3.0176518573376794,,,,,,,,,,,,,,,,,,1,update_snr,bayesian,0.1,20,101770,10177,0.1,0.05357193181003786,0.0290681948969145,0.028074710250787432,0.053569662606120706,0.0290681948969145,0.028074710250787432,0.053569662606120706,0.05942371364677931,0.058218417604671974,0.06586951705208223,0.02569535948026285,0.024984773552670075,0.047372331358732485,0.05942371364677931,0.058218417604671974,0.06586951705208223,0.02569535948026285,0.024984773552670075,0.047372331358732485,0.5467097153774954,0.8700127408549,0.5320631102086054,0.8467046986731239,0.5320631102086054,814160,203540,81416,122124,0.75,,,,,,,,,0.0075251071046987215,1
bayesfl_observability_v1,vi_sparse_bayesian_keep010_seed42,156,vi,100,8,22,,5,256,55.11126945614815,0.07765384695746681,2.751371867608871,2.751371867608871,,,1.0267204979515856,0.0062681324779987335,0.9998277414004674,1.0267204979515856,,-0.0,2.3163460082440825,55.11126945614815,60.53018108739517,2.751371867608871,0.0005947743056637042,0.07765384695746681,2.751371867608871,0.00125,55.31787405408322,0.09543787650796932,0.09622333571314812,0.10433582738041877,0.1286180168390274,1.462575805465089,1.2290015621579045,3.019191820279064,,,,,,,,,,,,,,,,,,1,update_snr,bayesian,0.1,20,101770,10177,0.1,0.05376509809902641,0.02905387767799611,0.027979614477437968,0.053764815222025,0.02905387767799611,0.027979614477437968,0.053764815222025,0.0595066996301685,0.05831162222600663,0.06611194771883752,0.0256702307944214,0.02508900323574979,0.047332967323439036,0.0595066996301685,0.05831162222600663,0.06611194771883752,0.0256702307944214,0.02508900323574979,0.047332967323439036,0.5464491729936105,0.8692228035714157,0.5322277816444042,0.8466011979945913,0.5322277816444042,814160,203540,81416,122124,0.75,,,,,,,,,0.007525071599660959,22
bayesfl_observability_v1,vi_sparse_bayesian_keep010_seed42,156,vi,276,22,1,,5,256,27.83242177963257,2.7784411907196045,60.53136546895625,60.53136546895625,,,1.0268612814647664,0.006268329918384552,0.9998276946669569,1.0268612814647664,,-0.0,2.311121424016332,27.83242177963257,60.53136546895625,60.53136546895625,0.0005947859434897931,2.7784411907196045,60.53136546895625,0.00125,55.31795606757176,0.09543591296547192,0.09621414169669151,0.1043445259332657,0.12815503776073456,1.4625732811177108,1.2310839815647492,3.0191358203544674,,,,,,,,,,,,,,,,,,1,update_snr,bayesian,0.1,20,101770,10177,0.1,0.05375098902017376,0.029041297232246757,0.02797314949629639,0.05375057832986474,0.029041297232246757,0.02797314949629639,0.05375057832986474,0.059474996235452965,0.0583248528471837,0.0659937140772244,0.025659775120779393,0.024969219580275315,0.04726543709972799,0.059474996235452965,0.0583248528471837,0.0659937140772244,0.025659775120779393,0.024969219580275315,0.04726543709972799,0.5469517589218799,0.8690729916317297,0.5326442517549016,0.8463392352198151,0.5326442517549016,814160,203540,81416,122124,0.75,,,,,,,,,0.007525817531071329,1
bayesfl_observability_v1,vi_sparse_bayesian_keep010_seed42,156,vi,283,22,9,,5,256,28.210172885656355,0.046916842460632324,6.7193188038949305,6.7193188038949305,,,1.0264959539050218,0.006268709897994995,0.9998278508381399,1.0264959539050218,,-0.0,2.185987945410232,28.210172885656355,60.47386923505437,6.7193188038949305,0.0005942209809870725,0.046916842460632324,6.7193188038949305,0.00125,55.322715931292876,0.09543914053937952,0.09622176736593246,0.10434212014079094,0.1284549981355667,1.462695891003029,1.2312419967770751,3.0180720180543545,,,,,,,,,,,,,,,,,,1,update_snr,bayesian,0.1,20,101770,10177,0.1,0.05364752258268971,0.029020792065885506,0.027985757495268465,0.05364720322307972,0.029020792065885506,0.027985757495268465,0.05364720322307972,0.05944196265751291,0.05832836917118944,0.0658148873079846,0.02564066200014912,0.02502766665138801,0.04731709867180136,0.05944196265751291,0.05832836917118944,0.0658148873079846,0.02564066200014912,0.02502766665138801,0.04731709867180136,0.5464827046142033,0.8689364746291448,0.5323768715651144,0.846507452195515,0.5323768715651144,814160,203540,81416,122124,0.75,,,,,,,,,0.007525036890587897,9
bayesfl_observability_v1,vi_sparse_bayesian_keep010_seed42,156,vi,45,3,1,,5,256,26.36968469619751,0.00018225439998786896,60.42079862508385,60.42079862508385,,,1.025580537286767,0.006267189979553223,0.999828131479866,1.025580537286767,,-0.0,2.28098669344155,26.36968469619751,60.42079862508385,60.42079862508385,0.0005936995050121239,0.00018225439998786896,60.42079862508385,0.00125,55.31907615421581,0.09543952783790238,0.09622102603316307,0.10433844849467278,0.12809476256370544,1.462582006396091,1.2299104240745389,3.019505592935374,,,,,,,,,,,,,,,,,,1,update_snr,bayesian,0.1,20,101770,10177,0.1,0.05378873302581892,0.028995990235110146,0.02780639032784201,0.053788616038939516,0.028995990235110146,0.02780639032784201,0.053788616038939516,0.05951836265918191,0.05837574180524611,0.06604503267807173,0.0256046155213244,0.02481964704100651,0.04738394577557812,0.05951836265918191,0.05837574180524611,0.06604503267807173,0.0256046155213244,0.02481964704100651,0.04738394577557812,0.5468431722948236,0.8676277908042986,0.5332035392769143,0.8459869890858679,0.5332035392769143,814160,203540,81416,122124,0.75,,,,,,,,,0.007526399054876081,1
bayesfl_observability_v1,vi_sparse_bayesian_keep010_seed42,156,vi,98,7,50,,5,256,46.923321437835696,0.03364601612091064,1.2129727772983108,1.2129727772983108,,,1.0279906618658938,0.006271809339523315,0.9998273346264808,1.0279906618658938,,-0.0,2.185987945410232,46.923321437835696,60.64863886491554,1.2129727772983108,0.0005959382810741431,0.03364601612091064,1.2129727772983108,0.00125,55.32080250848547,0.09543782785641745,0.09622286632657051,0.104342719912529,0.12851986289024353,1.4627600910240097,1.2299121269302429,3.017934800214971,,,,,,,,,,,,,,,,,,1,update_snr,bayesian,0.1,20,101770,10177,0.1,0.05372627039946094,0.029083699819885678,0.027968970602526108,0.05372610183333721,0.029083699819885678,0.027968970602526108,0.05372610183333721,0.05948143970070894,0.05831408842064661,0.06583962486258248,0.02570617316646087,0.025009272984391668,0.04740259213237326,0.05948143970070894,0.05831408842064661,0.06583962486258248,0.02570617316646087,0.025009272984391668,0.04740259213237326,0.5467717553051382,0.8705202171598411,0.5318839709231397,0.8468172420747189,0.5318839709231397,814160,203540,81416,122124,0.75,,,,,,,,,0.007526357974616347,50
bayesfl_observability_v1,vi_sparse_bayesian_keep010_seed42,157,vi,241,19,265,,5,256,107.27812563478946,0.012625425646327577,0.462467335760757,0.462467335760757,,,1.4598621932935483,0.012312248349189758,0.9996519966427307,1.4598621932935483,,-0.0,2.259365973874069,107.27812563478946,122.5538439766006,0.462467335760757,0.001204223680619049,0.012625425646327577,0.462467335760757,0.00125,55.34008009979313,0.09562297939655354,0.0964135006070137,0.10451781824231147,0.12918809056282043,1.4604530416878132,1.228390376255979,3.012550898253415,,,,,,,,,,,,,,,,,,1,update_snr,bayesian,0.1,20,101770,10177,0.1,0.07909437426877704,0.039951680268353544,0.03599103891204488,0.07909303204210413,0.039951680268353544,0.03599103891204488,0.07909303204210413,0.09254850657553088,0.08980091674303012,0.10802521179484924,0.034107588456444946,0.03198106739525474,0.06596323905047415,0.09254850657553088,0.08980091674303012,0.10802521179484924,0.034107588456444946,0.03198106739525474,0.06596323905047415,0.8689481957821282,1.173084249512726,0.595226179411991,0.8035582090568208,0.595226179411991,814160,203540,81416,122124,0.75,,,,,,,,,0.0075279029583997445,265
bayesfl_observability_v1,vi_sparse_bayesian_keep010_seed42,157,vi,207,16,1,,5,256,26.755858659744263,1.1927552223205566,60.307204292203956,60.307204292203956,,,1.026123537700786,0.006270639598369598,0.9998280668985522,1.026123537700786,,-0.0,2.259365973874069,26.755858659744263,60.307204292203956,60.307204292203956,0.0005925833181900752,1.1927552223205566,60.307204292203956,0.00125,55.337908035214575,0.09554125497397117,0.09633869677782059,0.10441608652472496,0.12792931497097015,1.4614536872595723,1.229678363822572,3.0114997321187507,,,,,,,,,,,,,,,,,,1,update_snr,bayesian,0.1,20,101770,10177,0.1,0.053606882211291784,0.028973641624709945,0.027860878302878672,0.05360638389956949,0.028973641624709945,0.027860878302878672,0.05360638389956949,0.05938168723047188,0.058272794439584254,0.06583784297422324,0.025594969890736397,0.02484502603167109,0.047293974427940394,0.05938168723047188,0.058272794439584254,0.06583784297422324,0.025594969890736397,0.02484502603167109,0.047293974427940394,0.5464998337257923,0.8684857202978401,0.5325867828257046,0.8463754006109617,0.5325867828257046,814160,203540,81416,122124,0.75,,,,,,,,,0.007513623662185797,1
bayesfl_observability_v1,vi_sparse_bayesian_keep010_seed42,157,vi,211,16,21,,5,256,90.28208255767822,1.5532713390531994,2.881794042536344,2.881794042536344,,,1.027624132543771,0.006266489624977112,0.9998275438957426,1.027624132543771,,-0.0,2.311121424016332,90.28208255767822,60.51767489326322,2.881794042536344,0.0005946514188195266,1.5532713390531994,2.881794042536344,0.00125,55.33481775416802,0.09553995041091204,0.09633199870586395,0.10441884398460388,0.12890197336673737,1.4614667085322166,1.2282067497684337,3.0124582247631646,,,,,,,,,,,,,,,,,,1,update_snr,bayesian,0.1,20,101770,10177,0.1,0.05373599977634158,0.029016667414649068,0.027907346574378114,0.05373508196274963,0.029016667414649068,0.027907346574378114,0.05373508196274963,0.05956778909613039,0.05839330808012087,0.06612932439008438,0.025622098338928923,0.02493724895090373,0.0473939937973272,0.05956778909613039,0.05839330808012087,0.06612932439008438,0.025622098338928923,0.02493724895090373,0.0473939937973272,0.5480436967498208,0.8692867560472374,0.5333114310902749,0.8459189780755861,0.5333114310902749,814160,203540,81416,122124,0.75,,,,,,,,,0.007513894811429787,21
bayesfl_observability_v1,vi_sparse_bayesian_keep010_seed42,157,vi,276,22,1,,5,256,35.86500968933105,2.8977742195129395,60.04258038134019,60.04258038134019,,,1.0237181761642768,0.0062728151679039,0.9998288540663532,1.0237181761642768,,-0.0,2.311121424016332,35.86500968933105,60.04258038134019,60.04258038134019,0.0005899831028922097,2.8977742195129395,60.04258038134019,0.00125,55.335085419871135,0.09554024458146024,0.09632894769310951,0.10442544296383859,0.12782399356365204,1.4614797279052818,1.228704888348267,3.014421133478309,,,,,,,,,,,,,,,,,,1,update_snr,bayesian,0.1,20,101770,10177,0.1,0.053605850490761026,0.02890084756162023,0.027840913198400492,0.053605396892180406,0.02890084756162023,0.027840913198400492,0.053605396892180406,0.05932097426547627,0.05821006482923359,0.06583878016341504,0.025520833483414003,0.024773596442146634,0.0471911174680897,0.05932097426547627,0.05821006482923359,0.06583878016341504,0.025520833483414003,0.024773596442146634,0.0471911174680897,0.5461956918119648,0.865834378189711,0.5335410707060811,0.8457741577216754,0.5335410707060811,814160,203540,81416,122124,0.75,,,,,,,,,0.007514116028514527,1
bayesfl_observability_v1,vi_sparse_bayesian_keep010_seed42,157,vi,10,0,11,,5,256,43.93643455505371,0.47572825171730737,5.493917607188347,5.493917607188347,,,1.0270097542056085,0.006276488304138184,0.9998277586594453,1.0270097542056085,,-0.0,2.3163460082440825,43.93643455505371,60.433093679071824,5.493917607188347,0.0005938203171766908,0.47572825171730737,5.493917607188347,0.00125,55.33622816788177,0.09554043958318471,0.09632749855518341,0.10442141965031623,0.12820786237716675,1.4614833929422866,1.2285764248168465,3.0136617126329974,,,,,,,,,,,,,,,,,,1,update_snr,bayesian,0.1,20,101770,10177,0.1,0.05368403361505767,0.02900280485308594,0.02796182570059435,0.05368398351054229,0.02900280485308594,0.02796182570059435,0.05368398351054229,0.05941300148944051,0.05822500005215079,0.06593285893724168,0.02562389411571321,0.02486374471896365,0.047298068109635466,0.05941300148944051,0.05822500005215079,0.06593285893724168,0.02562389411571321,0.02486374471896365,0.047298068109635466,0.5466709223462798,0.8694250616899264,0.5322937977050953,0.8465596924757801,0.5322937977050953,814160,203540,81416,122124,0.75,,,,,,,,,0.0075141900628164365,11
bayesfl_observability_v1,vi_sparse_bayesian_keep010_seed42,157,vi,41,3,6,,5,256,47.26239767074585,2.646033445994059,10.013649136779849,10.013649136779849,,,1.023756917222334,0.006268426775932312,0.9998288677975901,1.023756917222334,,-0.0,2.4040642619438994,47.26239767074585,60.08189482067909,10.013649136779849,0.0005903694096558818,2.646033445994059,10.013649136779849,0.00125,55.33913111705588,0.09554067708268561,0.09634511172771454,0.10442125052213669,0.12883247435092926,1.4616234343963168,1.2281734668227489,3.013775283967272,,,,,,,,,,,,,,,,,,1,update_snr,bayesian,0.1,20,101770,10177,0.1,0.053602521357383186,0.028901763331958617,0.027789794855122597,0.05360220514382391,0.028901763331958617,0.027789794855122597,0.05360220514382391,0.05937147677533669,0.05822704339981713,0.06586738600246367,0.02551623961602772,0.024840829222375977,0.04721475192869391,0.05937147677533669,0.05822704339981713,0.06586738600246367,0.02551623961602772,0.024840829222375977,0.04721475192869391,0.5462328557739139,0.8658567392090055,0.5335571819685063,0.845763994013594,0.5335571819685063,814160,203540,81416,122124,0.75,,,,,,,,,0.007515447340654831,6
bayesfl_observability_v1,vi_sparse_bayesian_keep010_seed42,157,vi,139,11,6,,5,256,22.53999443054199,0.008540775006016096,10.054509271415201,10.054509271415201,,,1.026461776790077,0.006265707314014435,0.999827908742181,1.026461776790077,,-0.0,2.28098669344155,22.53999443054199,60.32705562849121,10.054509271415201,0.0005927783789770189,0.008540775006016096,10.054509271415201,0.00125,55.32985333688939,0.09554051816718974,0.09633824974298477,0.10442311242222786,0.12838472425937653,1.4613603006854436,1.2300074473254836,3.014163156461413,,,,,,,,,,,,,,,,,,1,update_snr,bayesian,0.1,20,101770,10177,0.1,0.05365149439266338,0.028984447678388002,0.02788041683758124,0.05365116485213007,0.028984447678388002,0.02788041683758124,0.05365116485213007,0.05941765094388664,0.05826464018656772,0.06591002556930393,0.02560298064888815,0.024955607484042405,0.04737164429664745,0.05941765094388664,0.05826464018656772,0.06591002556930393,0.02560298064888815,0.024955607484042405,0.04737164429664745,0.5475659645093175,0.8682138525282945,0.5334499314934558,0.8458316443534303,0.5334499314934558,814160,203540,81416,122124,0.75,,,,,,,,,0.007514901389736569,6
bayesfl_observability_v1,vi_sparse_bayesian_keep010_seed42,157,vi,145,11,1,,5,256,27.88339009284973,0.5268546342849731,60.20246177665172,60.20246177665172,,,1.0251623910877032,0.006272035650908947,0.999828380204019,1.0251623910877032,,-0.0,2.3096097079310103,27.88339009284973,60.20246177665172,60.20246177665172,0.0005915541100191777,0.5268546342849731,60.20246177665172,0.00125,55.33660393608053,0.09554130953975543,0.09632773324847221,0.1044140636920929,0.12808910012245178,1.461550176597208,1.2285055280026702,3.014645409834531,,,,,,,,,,,,,,,,,,1,update_snr,bayesian,0.1,20,101770,10177,0.1,0.053603429213839655,0.028943930238219274,0.027818854099454636,0.053603045111142736,0.028943930238219274,0.027818854099454636,0.053603045111142736,0.059394548653411657,0.058229877834973465,0.06590128992389768,0.025560528192086783,0.02487688253390734,0.047271421382187845,0.059394548653411657,0.058229877834973465,0.06590128992389768,0.025560528192086783,0.02487688253390734,0.047271421382187845,0.5463091349955965,0.8674700324051663,0.5329000944093933,0.8461781664510494,0.5329000944093933,814160,203540,81416,122124,0.75,,,,,,,,,0.0075146836647164384,1
bayesfl_observability_v1,vi_sparse_bayesian_keep010_seed42,157,vi,18,1,9,,5,256,38.01787776947022,0.353210899564955,6.715216957962913,6.715216957962913,,,1.026632299807139,0.006272070109844208,0.9998279050926507,1.026632299807139,,-0.0,2.3096097079310103,38.01787776947022,60.43695262166622,6.715216957962913,0.0005938582354492112,0.353210899564955,6.715216957962913,0.00125,55.33914456633268,0.09553968020195669,0.09633228182792664,0.10441765934228897,0.1288800835609436,1.461584036756986,1.2289447922202892,3.015924538949438,,,,,,,,,,,,,,,,,,1,update_snr,bayesian,0.1,20,101770,10177,0.1,0.053737460955932764,0.02900924010817308,0.02796693317935187,0.05373646707889748,0.02900924010817308,0.02796693317935187,0.05373646707889748,0.059497506697876255,0.05830955637285655,0.06603221905679788,0.025621654931539388,0.024912594668927566,0.04734488153163547,0.059497506697876255,0.05830955637285655,0.06603221905679788,0.025621654931539388,0.024912594668927566,0.04734488153163547,0.5467189955450562,0.8689489161725796,0.532536328389202,0.8464071472676424,0.532536328389202,814160,203540,81416,122124,0.75,,,,,,,,,0.007514637232684932,9
bayesfl_observability_v1,vi_sparse_bayesian_keep010_seed42,157,vi,21,1,1,,5,256,25.618867683410645,0.002389316214248538,60.23928564671307,60.23928564671307,,,1.0253124123832047,0.006272085011005402,0.9998283023403519,1.0253124123832047,,-0.0,2.3277319754160017,25.618867683410645,60.23928564671307,60.23928564671307,0.0005919159442538378,0.002389316214248538,60.23928564671307,0.00125,55.33170727994605,0.09554190613106853,0.09633122012019157,0.10442841276526452,0.12883208692073822,1.461451423189627,1.2286682404878928,3.0151107348308117,,,,,,,,,,,,,,,,,,1,update_snr,bayesian,0.1,20,101770,10177,0.1,0.053668824898258825,0.028947535942715923,0.027866803953819443,0.05366873037752281,0.028947535942715923,0.027866803953819443,0.05366873037752281,0.05943820082557517,0.058265716535134716,0.06595973991303532,0.0255596842890649,0.02483211332881243,0.04726850186100066,0.05943820082557517,0.058265716535134716,0.06595973991303532,0.0255596842890649,0.02483211332881243,0.04726850186100066,0.5467200166151922,0.8673884749172953,0.5332228596983557,0.8459748116197717,0.5332228596983557,814160,203540,81416,122124,0.75,,,,,,,,,0.007514250869465539,1
bayesfl_observability_v1,vi_sparse_bayesian_keep010_seed42,157,vi,120,9,935,,5,256,152.76387310028076,0.03085847053935821,0.2304275628940349,0.2304275628940349,,,1.9328164835098491,0.02205789089202881,0.9993904513670603,1.9328164835098491,,0.007653727565891914,2.2517606506762466,152.76387310028076,215.44977130592264,0.2304275628940349,0.0021170263467222426,0.03085847053935821,0.2304275628940349,0.00125,55.365112908055686,0.09571250377306538,0.09648624062538147,0.10462535917758942,0.1297452449798584,1.459619722407216,1.2269126535207546,3.0125391693951085,,,,,,,,,,,,,,,,,,1,update_snr,bayesian,0.1,20,101770,10177,0.1,0.10500182556872671,0.05169305349069059,0.04474200134911914,0.10500100031834854,0.05169305349069059,0.04474200134911914,0.10500100031834854,0.12855441826958083,0.12297082532448478,0.1569776719582012,0.04315290184859169,0.03975656199582075,0.08519524485236933,0.12855441826958083,0.12297082532448478,0.1569776719582012,0.04315290184859169,0.03975656199582075,0.08519524485236933,1.2235701349541774,1.496213782778249,0.633050341505918,0.7741106284758279,0.633050341505918,814160,203540,81416,122124,0.75,,,,,,,,,0.00755023672687459,935
bayesfl_observability_v1,vi_sparse_bayesian_keep010_seed42,157,vi,109,8,1,,5,256,23.363280630111696,1.1801649634435307e-05,60.27652696241297,60.27652696241297,,,1.0259901839453824,0.006266586482524872,0.9998281197940774,1.0259901839453824,,-0.0,2.28098669344155,23.363280630111696,60.27652696241297,60.27652696241297,0.000592281880342075,1.1801649634435307e-05,60.27652696241297,0.00125,55.33907007652514,0.09554254540321962,0.09633427858352661,0.10442684590816498,0.12851482629776,1.4616576927032077,1.2289525984975387,3.0173154103128206,,,,,,,,,,,,,,,,,,1,update_snr,bayesian,0.1,20,101770,10177,0.1,0.053604191546782635,0.02894137716193658,0.02788110609365067,0.05360351858433807,0.02894137716193658,0.02788110609365067,0.05360351858433807,0.059409243109235205,0.058291631751943,0.06585314020044136,0.025556058723347836,0.024901063372175083,0.04729388862376879,0.059409243109235205,0.058291631751943,0.06585314020044136,0.025556058723347836,0.024901063372175083,0.04729388862376879,0.5469901831494668,0.8680193529469218,0.5331339341338038,0.8460308553918191,0.5331339341338038,814160,203540,81416,122124,0.75,,,,,,,,,0.0075146843228338775,1
bayesfl_observability_v1,vi_sparse_bayesian_keep010_seed42,157,vi,26,2,1,,5,256,26.74411549568176,4.994744449504651e-05,60.175207650156764,60.175207650156764,,,1.025368249557001,0.006270378828048706,0.9998282964111821,1.025368249557001,,-0.0,2.3277319754160017,26.74411549568176,60.175207650156764,60.175207650156764,0.0005912863088351849,4.994744449504651e-05,60.175207650156764,0.00125,55.33414451949116,0.0955413584360849,0.09633183851838112,0.10442060977220535,0.12797045707702637,1.461459238887171,1.228369807638113,3.01374810536093,,,,,,,,,,,,,,,,,,1,update_snr,bayesian,0.1,20,101770,10177,0.1,0.053637365927175454,0.028926955279267762,0.027842789105992163,0.05363694277291921,0.028926955279267762,0.027842789105992163,0.05363694277291921,0.05930623816331145,0.058138579821907614,0.0655907680155077,0.025551479403262904,0.024808528362135585,0.0473371492112771,0.05930623816331145,0.058138579821907614,0.0655907680155077,0.025551479403262904,0.024808528362135585,0.0473371492112771,0.54657471479909,0.8675460381685124,0.5330521157010972,0.8460824084842944,0.5330521157010972,814160,203540,81416,122124,0.75,,,,,,,,,0.007514361994349888,1
bayesfl_observability_v1,vi_sparse_bayesian_keep010_seed42,157,vi,33,2,1,,5,256,22.899010705947877,0.7559269070625305,60.41681958344262,60.41681958344262,,,1.0271333828816298,0.006274387240409851,0.9998277036796777,1.0271333828816298,,-0.0,2.3096097079310103,22.899010705947877,60.41681958344262,60.41681958344262,0.0005936604066369522,0.7559269070625305,60.41681958344262,0.00125,55.33396192543421,0.09554035287184595,0.09632695093750954,0.10442830771207809,0.12799111008644104,1.4614039409711255,1.2283982670118394,3.013023210962908,,,,,,,,,,,,,,,,,,1,update_snr,bayesian,0.1,20,101770,10177,0.1,0.05368523933267325,0.02900393063903657,0.027983229931684898,0.053684794359406915,0.02900393063903657,0.027983229931684898,0.053684794359406915,0.05939617235974972,0.058186293726453606,0.06598789245927084,0.025627014892290665,0.024895644667723583,0.0473647295140551,0.05939617235974972,0.058186293726453606,0.06598789245927084,0.025627014892290665,0.024895644667723583,0.0473647295140551,0.5470041968105456,0.8693614868980057,0.5325541998020953,0.8463959027979463,0.5325541998020953,814160,203540,81416,122124,0.75,,,,,,,,,0.00751510716407759,1
bayesfl_observability_v1,vi_sparse_bayesian_keep010_seed42,157,vi,256,20,1979,,5,256,317.78714403510094,0.04943999755015091,0.1699419971778972,0.1699419971778972,,,2.412815018061952,0.033945292234420776,0.9990506688930231,2.412815018061952,,1.070915936878561,1.1916887974754844,317.78714403510094,336.31521241505857,0.1699419971778972,0.0033046596483743596,0.04943999755015091,0.1699419971778972,0.00125,55.38616979801831,0.0958111599877651,0.09659725055098534,0.10480333715677262,0.12872999906539917,1.4586674266310222,1.2274301350174852,3.009962950812582,,,,,,,,,,,,,,,,,,1,update_snr,bayesian,0.1,20,101770,10177,0.1,0.13072278171898802,0.06344442663838042,0.053719936600365926,0.13071713475801403,0.06344442663838042,0.053719936600365926,0.13071713475801403,0.16454155430114373,0.1556836321124427,0.20522439624756175,0.05221141245362894,0.04751813957491413,0.10411291497639066,0.16454155430114373,0.1556836321124427,0.20522439624756175,0.05221141245362894,0.04751813957491413,0.10411291497639066,1.5817619039790212,1.822005924937123,0.6555670004282141,0.7551370127000514,0.6555670004282141,814160,203540,81416,122124,0.75,,,,,,,,,0.007582231732759506,1979
bayesfl_observability_v1,vi_sparse_bayesian_keep010_seed42,158,vi,2,0,48,,5,256,33.70451073646545,0.05251710116863251,1.2592617466752383,1.2592617466752383,,,1.0288693393721913,0.006269216537475586,0.9998275103632606,1.0288693393721913,,-0.0,2.185987945410232,33.70451073646545,60.44456384041143,1.2592617466752383,0.0005939330238814133,0.05251710116863251,1.2592617466752383,0.00125,55.39644513225103,0.09568088643440999,0.0964815728366375,0.10456511825323105,0.12824353575706482,1.4607736612151632,1.2269798723156446,3.0128074084837073,,,,,,,,,,,,,,,,,,1,update_snr,bayesian,0.1,20,101770,10177,0.1,0.05363245575681943,0.029014912265067992,0.027941903259932753,0.05363182751289934,0.029014912265067992,0.027941903259932753,0.05363182751289934,0.059421620149819214,0.058194442287674675,0.06601886525546337,0.025636389166762297,0.024921096179968533,0.047425362207784566,0.059421620149819214,0.058194442287674675,0.06601886525546337,0.025636389166762297,0.024921096179968533,0.047425362207784566,0.547645000954868,0.871009225226296,0.5322784730751497,0.8465693279943395,0.5322784730751497,814160,203540,81416,122124,0.75,,,,,,,,,0.007505143954799481,48
bayesfl_observability_v1,vi_sparse_bayesian_keep010_seed42,158,vi,97,7,1882,,5,256,270.7385595858097,0.01733251085443527,0.17242197918462007,0.17242197918462007,,,2.373564676334237,0.030950456857681274,0.999083548319,2.373564676334237,,-0.0,2.3096097079310103,270.7385595858097,324.498164825455,0.17242197918462007,0.00318854441215933,0.01733251085443527,0.17242197918462007,0.00125,55.452419439218495,0.09594503654419814,0.09671410173177719,0.10494178757071496,0.12989084422588348,1.458255076005767,1.2262551449565344,3.0121195360115283,,,,,,,,,,,,,,,,,,1,update_snr,bayesian,0.1,20,101770,10177,0.1,0.12802285832756174,0.06251943932996014,0.05306119814756134,0.12802250513438793,0.06251943932996014,0.05306119814756134,0.12802250513438793,0.1605779819708079,0.15248657630696735,0.20001675670412128,0.051624045703199284,0.04703668927547774,0.10258704021935731,0.1605779819708079,0.15248657630696735,0.20001675670412128,0.051624045703199284,0.04703668927547774,0.10258704021935731,1.5459299477320392,1.8010857473887476,0.6513114907488398,0.7588104783267869,0.6513114907488398,814160,203540,81416,122124,0.75,,,,,,,,,0.007573510255256099,1882
bayesfl_observability_v1,vi_sparse_bayesian_keep010_seed42,158,vi,199,15,1,,5,256,22.485834670066833,0.45804962515830994,60.182717969654064,60.182717969654064,,,1.0273543023017393,0.006271913647651672,0.9998280263255112,1.0273543023017393,,-0.0,2.3277319754160017,22.485834670066833,60.182717969654064,60.182717969654064,0.0005913601058234653,0.45804962515830994,60.182717969654064,0.00125,55.39763729060084,0.09567968295004017,0.09646882861852646,0.10456684529781342,0.1288641393184662,1.460890601315281,1.226448510911463,3.014486152363512,,,,,,,,,,,,,,,,,,1,update_snr,bayesian,0.1,20,101770,10177,0.1,0.053454866529607056,0.028980176932223822,0.02794866105708366,0.053454856623360046,0.028980176932223822,0.02794866105708366,0.053454856623360046,0.05918767010041828,0.058045712081388805,0.06560002621033795,0.025623788802424437,0.02495465972817885,0.04727562327236658,0.05918767010041828,0.058045712081388805,0.06560002621033795,0.025623788802424437,0.02495465972817885,0.04727562327236658,0.5474703214569437,0.8693291146520545,0.5328933944505436,0.8461823858666512,0.5328933944505436,814160,203540,81416,122124,0.75,,,,,,,,,0.0075045641898867105,1
bayesfl_observability_v1,vi_sparse_bayesian_keep010_seed42,158,vi,173,13,1,,5,256,20.612159252166748,0.16955097019672394,60.35705946337887,60.35705946337887,,,1.0276569052966726,0.006259426474571228,0.999827916150521,1.0276569052966726,,-0.0,2.3292713582565514,20.612159252166748,60.35705946337887,60.35705946337887,0.0005930731990112888,0.16955097019672394,60.35705946337887,0.00125,55.396363610621584,0.09568308077213032,0.0964830182492733,0.10456612259149552,0.12844617664813995,1.4607722056065684,1.227261194169319,3.014419376257087,,,,,,,,,,,,,,,,,,1,update_snr,bayesian,0.1,20,101770,10177,0.1,0.053605850991676696,0.028988450431493,0.027896980311464713,0.05360582579219312,0.028988450431493,0.027896980311464713,0.05360582579219312,0.05940153410229258,0.05825778267030656,0.06583166501303006,0.025609218912515268,0.024972870889411303,0.04734702871292378,0.05940153410229258,0.05825778267030656,0.06583166501303006,0.025609218912515268,0.024972870889411303,0.04734702871292378,0.547007298613862,0.8699780056226136,0.5322859174054275,0.8465646473435228,0.5322859174054275,814160,203540,81416,122124,0.75,,,,,,,,,0.007503895835700703,1
bayesfl_observability_v1,vi_sparse_bayesian_keep010_seed42,158,vi,116,9,1,,5,256,25.454083156585693,2.6083478927612305,60.22999414685761,60.22999414685761,,,1.0268225523403507,0.006273142993450165,0.9998281934904023,1.0268225523403507,,-0.0,2.3292713582565514,25.454083156585693,60.22999414685761,60.22999414685761,0.0005918246452476919,2.6083478927612305,60.22999414685761,0.00125,55.39606277656689,0.09567980459810088,0.09648041799664497,0.10455123856663703,0.12890532612800598,1.46077636334154,1.2280584596584916,3.0148449395640418,,,,,,,,,,,,,,,,,,1,update_snr,bayesian,0.1,20,101770,10177,0.1,0.05355176572614704,0.028986935742259357,0.02798148588977331,0.05355153763905563,0.028986935742259357,0.02798148588977331,0.05355153763905563,0.059268040359092486,0.05807081057439873,0.06578752072491124,0.02562236856261123,0.02499489985769138,0.04728957452854487,0.059268040359092486,0.05807081057439873,0.06578752072491124,0.02562236856261123,0.02499489985769138,0.04728957452854487,0.5463989122871798,0.8693749378985683,0.5321259365036525,0.846665215832156,0.5321259365036525,814160,203540,81416,122124,0.75,,,,,,,,,0.00750382342760358,1
bayesfl_observability_v1,vi_sparse_bayesian_keep010_seed42,158,vi,252,20,1,,5,256,22.805656003952027,4.768370445162873e-07,60.242455276752366,60.242455276752366,,,1.0273803311934504,0.006271481513977051,0.999828005162211,1.0273803311934504,,-0.0,2.28098669344155,22.805656003952027,60.242455276752366,60.242455276752366,0.0005919470892871413,4.768370445162873e-07,60.242455276752366,0.00125,55.395819556475,0.09568112461212823,0.09646971896290779,0.10455608665943146,0.128213569521904,1.4607567357051074,1.2280006668839705,3.0140838241376424,,,,,,,,,,,,,,,,,,1,update_snr,bayesian,0.1,20,101770,10177,0.1,0.05356670889758979,0.02897064866986127,0.027951816766170652,0.05356663508583278,0.02897064866986127,0.027951816766170652,0.05356663508583278,0.05931275648096713,0.058138469525105124,0.06582168602812884,0.025599303357516177,0.02492632910980442,0.04728829675049432,0.05931275648096713,0.058138469525105124,0.06582168602812884,0.025599303357516177,0.02492632910980442,0.04728829675049432,0.5474320204603231,0.869383993352703,0.5328426132359395,0.8462143638109054,0.5328426132359395,814160,203540,81416,122124,0.75,,,,,,,,,0.007503805466972492,1
bayesfl_observability_v1,vi_sparse_bayesian_keep010_seed42,158,vi,39,3,5,,5,256,42.293767070770265,0.9231565475463868,11.996737911543573,11.996737911543573,,,1.024490542293867,0.006273224949836731,0.9998289466127562,1.024490542293867,,-0.0,2.4040642619438994,42.293767070770265,59.98368955771787,11.996737911543573,0.0005894044370415433,0.9231565475463868,11.996737911543573,0.00125,55.39156440666107,0.09568192220040503,0.09646846726536751,0.10457317009568215,0.12840524315834045,1.4606502989175831,1.2274004073639226,3.0157358873193876,,,,,,,,,,,,,,,,,,1,update_snr,bayesian,0.1,20,101770,10177,0.1,0.05361777483346001,0.02886041815808638,0.027679371108281715,0.05361702645047452,0.02886041815808638,0.027679371108281715,0.05361702645047452,0.05940114080389013,0.058223277246054056,0.06599091164613044,0.02546700453077486,0.02471322894460454,0.04719331133471961,0.05940114080389013,0.058223277246054056,0.06599091164613044,0.02546700453077486,0.02471322894460454,0.04719331133471961,0.5470562508525139,0.8662045541630301,0.5339788199778179,0.8454978532291478,0.5339788199778179,814160,203540,81416,122124,0.75,,,,,,,,,0.007503214833873685,5
bayesfl_observability_v1,vi_sparse_bayesian_keep010_seed42,158,vi,46,3,2,,5,256,20.621234130859374,0.8769149780273438,30.13065521799323,30.13065521799323,,,1.0274101027145572,0.006274133920669556,0.9998279779197432,1.0274101027145572,,-0.0,2.4040642619438994,20.621234130859374,60.26131043598646,30.13065521799323,0.0005921323615602482,0.8769149780273438,30.13065521799323,0.00125,55.39298334779469,0.09568028675363535,0.09646307304501534,0.10455624610185624,0.12861493229866028,1.460721784268003,1.2276019055368947,3.0132598377529405,,,,,,,,,,,,,,,,,,1,update_snr,bayesian,0.1,20,101770,10177,0.1,0.053626124448557716,0.028984649310298823,0.02796531704560485,0.05362526850622435,0.028984649310298823,0.02796531704560485,0.05362526850622435,0.05931550442198832,0.05816377943036115,0.06573257306923608,0.025614554297888885,0.02494692152540718,0.047247879496693894,0.05931550442198832,0.05816377943036115,0.06573257306923608,0.025614554297888885,0.02494692152540718,0.047247879496693894,0.546959168193067,0.8697167283026617,0.5323669358009294,0.8465137008140681,0.5323669358009294,814160,203540,81416,122124,0.75,,,,,,,,,0.007504608539076832,2
bayesfl_observability_v1,vi_sparse_bayesian_keep010_seed42,158,vi,107,8,1372,,5,256,199.99040114482244,0.011166463842284228,0.20183220142338615,0.20183220142338615,,,2.1962595649935857,0.027383610606193542,0.9992151841555985,2.1962595649935857,,-0.0,2.3155014849272724,199.99040114482244,276.9137803528858,0.20183220142338615,0.0027209765191400785,0.011166463842284228,0.20183220142338615,0.00125,55.44454164362133,0.09591128656616306,0.09668576717376709,0.10487182438373566,0.12893076241016388,1.4585390189522383,1.2271318617623612,3.0080034168812158,,,,,,,,,,,,,,,,,,1,update_snr,bayesian,0.1,20,101770,10177,0.1,0.11870335888851634,0.05818776601023677,0.04982224393734973,0.11870269077490438,0.05818776601023677,0.04982224393734973,0.11870269077490438,0.1470883986869999,0.14038435992219644,0.18203535821219974,0.048309917935040865,0.04428222144776377,0.0955080518108523,0.1470883986869999,0.14038435992219644,0.18203535821219974,0.048309917935040865,0.04428222144776377,0.0955080518108523,1.4120316874844179,1.682177930649946,0.6429256860122277,0.7659285621164086,0.6429256860122277,814160,203540,81416,122124,0.75,,,,,,,,,0.007558132418168931,1372
bayesfl_observability_v1,vi_sparse_bayesian_keep010_seed42,158,vi,110,8,1,,5,256,29.0781042098999,0.2744547724723816,60.1092724491041,60.1092724491041,,,1.0257020378390163,0.006270602345466614,0.9998285492419281,1.0257020378390163,,-0.0,2.3096097079310103,29.0781042098999,60.1092724491041,60.1092724491041,0.0005906384243795234,0.2744547724723816,60.1092724491041,0.00125,55.39294650669953,0.09568253461203073,0.09647867828607559,0.10456973910331727,0.1284693032503128,1.460709610950242,1.2264209628275675,3.0127184863063188,,,,,,,,,,,,,,,,,,1,update_snr,bayesian,0.1,20,101770,10177,0.1,0.05359178359644397,0.02891350621771201,0.027828709310329762,0.05359103197515508,0.02891350621771201,0.027828709310329762,0.05359103197515508,0.0593293508256111,0.058214098886322924,0.06567076556711236,0.025533967927945447,0.024847716594427013,0.04726022107701923,0.0593293508256111,0.058214098886322924,0.06567076556711236,0.025533967927945447,0.024847716594427013,0.04726022107701923,0.5473466095089939,0.867453952372182,0.533631200209139,0.8457172944686386,0.533631200209139,814160,203540,81416,122124,0.75,,,,,,,,,0.007506016610508771,1
bayesfl_observability_v1,vi_sparse_bayesian_keep010_seed42,158,vi,80,6,1188,,5,256,198.48809268951416,0.027473418098507507,0.21351493197116994,0.21351493197116994,,,2.1004408966188906,0.025765523314476013,0.9992816986516608,2.1004408966188906,,-0.0,2.28098669344155,198.48809268951416,253.65573918174988,0.21351493197116994,0.002492441182880514,0.027473418098507507,0.21351493197116994,0.00125,55.426821742481444,0.09588944894261933,0.09666912257671356,0.10484085157513619,0.12835827469825745,1.4585828685229807,1.2262156126617192,3.005030080169438,,,,,,,,,,,,,,,,,,1,update_snr,bayesian,0.1,20,101770,10177,0.1,0.11366645373113467,0.05577229712497267,0.04792522764732974,0.11366314034478986,0.05577229712497267,0.04792522764732974,0.11366314034478986,0.14078199585938928,0.1339421879820149,0.17359440036984014,0.04632677504337083,0.042568682928004066,0.091498318445039,0.14078199585938928,0.1339421879820149,0.17359440036984014,0.04632677504337083,0.042568682928004066,0.091498318445039,1.3478317389899757,1.6109629305357815,0.6416899143220833,0.7669641802961328,0.6416899143220833,814160,203540,81416,122124,0.75,,,,,,,,,0.007549322633820114,1188
bayesfl_observability_v1,vi_sparse_bayesian_keep010_seed42,158,vi,212,17,1,,5,256,18.11131070256233,0.00015162272029556334,60.222406028272516,60.222406028272516,,,1.026263393006876,0.006273031234741211,0.9998283690447718,1.026263393006876,,-0.0,2.185987945410232,18.11131070256233,60.222406028272516,60.222406028272516,0.0005917500837994745,0.00015162272029556334,60.222406028272516,0.00125,55.39424045734118,0.09568196690246102,0.09646761789917946,0.10457133278250694,0.12770770490169525,1.4606577049058647,1.2272883328059603,3.0133894103405336,,,,,,,,,,,,,,,,,,1,update_snr,bayesian,0.1,20,101770,10177,0.1,0.05372014358368916,0.028929898941320684,0.02777906369787044,0.05371960172351428,0.028929898941320684,0.02777906369787044,0.05371960172351428,0.059461944856227314,0.05828550860427308,0.06592585777477074,0.02553744939521994,0.024807549187577382,0.0473068319652259,0.059461944856227314,0.05828550860427308,0.06592585777477074,0.02553744939521994,0.024807549187577382,0.0473068319652259,0.5479158466233992,0.8677584784056851,0.533893979223059,0.8455514289204223,0.533893979223059,814160,203540,81416,122124,0.75,,,,,,,,,0.007504371755543091,1
bayesfl_observability_v1,vi_sparse_bayesian_keep010_seed42,158,vi,215,17,2060,,5,256,221.7436160236597,0.022375299311378626,0.15160662600389282,0.15160662600389282,,,2.326238959826773,0.03124012053012848,0.9991195087936643,2.326238959826773,,-0.0,2.185987945410232,221.7436160236597,312.3096495680192,0.15160662600389282,0.003068779105512619,0.022375299311378626,0.15160662600389282,0.00125,55.445600687230865,0.09597271107747775,0.0967354066669941,0.10493115708231926,0.12769748270511627,1.4577648676673216,1.2234197813166687,3.007287251294951,,,,,,,,,,,,,,,,,,1,update_snr,bayesian,0.1,20,101770,10177,0.1,0.12532373487819382,0.061141002184179005,0.05195751803537272,0.1253184431966921,0.061141002184179005,0.05195751803537272,0.1253184431966921,0.15749203411671325,0.1495347437105187,0.19701219824476324,0.05043533196945297,0.04603544146089857,0.10020777905808462,0.15749203411671325,0.1495347437105187,0.19701219824476324,0.05043533196945297,0.04603544146089857,0.10020777905808462,1.5216030908342877,1.7595771458448504,0.6541043792627376,0.7564042973366244,0.6541043792627376,814160,203540,81416,122124,0.75,,,,,,,,,0.00757722694594069,2060
bayesfl_observability_v1,vi_sparse_bayesian_keep010_seed42,158,vi,284,22,369,,5,256,218.10269842147827,0.1359026218817486,0.35201532006907593,0.35201532006907593,,,1.507764097479378,0.012118518352508545,0.9996296392895304,1.507764097479378,,-0.0,2.3096097079310103,218.10269842147827,129.89365310548902,0.35201532006907593,0.001276345220649396,0.1359026218817486,0.35201532006907593,0.00125,55.40462727132604,0.09576088617270004,0.09654206782579422,0.10465820878744125,0.12939423322677612,1.4598572289202418,1.228765579896454,3.010685066464723,,,,,,,,,,,,,,,,,,1,update_snr,bayesian,0.1,20,101770,10177,0.1,0.08113524153055567,0.041363389117155945,0.037552145466101555,0.08113511633415911,0.041363389117155945,0.037552145466101555,0.08113511633415911,0.09448581654161965,0.09194714964026666,0.10912299499869414,0.035460897181104414,0.03354670204794268,0.06784036114062048,0.09448581654161965,0.09194714964026666,0.10912299499869414,0.035460897181104414,0.03354670204794268,0.06784036114062048,0.889214030545448,1.2176415652928925,0.589756734513046,0.8075809520391809,0.589756734513046,814160,203540,81416,122124,0.75,,,,,,,,,0.007520274691881298,369
bayesfl_observability_v1,vi_sparse_bayesian_keep010_seed42,158,vi,176,14,41,,5,256,50.22213306427002,0.2934869673193955,1.45817186340563,1.45817186340563,,,1.0233470976513759,0.006270647048950195,0.9998293553456021,1.0233470976513759,,-0.0,2.185987945410232,50.22213306427002,59.78504639963083,1.45817186340563,0.0005874525537941518,0.2934869673193955,1.45817186340563,0.00125,55.396165156088834,0.09568178877853083,0.09647753462195396,0.10456444695591928,0.12826253473758698,1.4606643696439146,1.2280288356376872,3.013170797795598,,,,,,,,,,,,,,,,,,1,update_snr,bayesian,0.1,20,101770,10177,0.1,0.05353280619935454,0.028816464868968952,0.0277021914972421,0.05353220303619105,0.028816464868968952,0.0277021914972421,0.05353220303619105,0.05926539618674432,0.058115176827461736,0.06572157130334658,0.025433250278105026,0.024714919064624998,0.047109238739092486,0.05926539618674432,0.058115176827461736,0.06572157130334658,0.025433250278105026,0.024714919064624998,0.047109238739092486,0.546982294277992,0.8648986368458902,0.5345031959667831,0.8451664531329287,0.5345031959667831,814160,203540,81416,122124,0.75,,,,,,,,,0.007504875154484422,41
bayesfl_observability_v1,vi_sparse_bayesian_keep010_seed42,159,vi,98,7,50,,5,256,35.52973875701427,0.0016717495024204255,1.19444000306539,1.19444000306539,,,1.0243921134502894,0.0062749385833740234,0.9998295107957874,1.0243921134502894,,-0.0,2.185987945410232,35.52973875701427,59.722000153269505,1.19444000306539,0.0005868330564338165,0.0016717495024204255,1.19444000306539,0.00125,55.4780469885559,0.09586277937567268,0.09665489941835403,0.10476156324148178,0.12841692566871643,1.4598264736120437,1.2256088897765887,3.0131294781380378,,,,,,,,,,,,,,,,,,1,update_snr,bayesian,0.1,20,101770,10177,0.1,0.053484765549422726,0.028822776016706346,0.027692838297830265,0.05348461764313708,0.028822776016706346,0.027692838297830265,0.05348461764313708,0.05920185028107642,0.05805718456925345,0.06570419522866447,0.02544732332066522,0.024749403235532375,0.04713339349414248,0.05920185028107642,0.05805718456925345,0.06570419522866447,0.02544732332066522,0.024749403235532375,0.04713339349414248,0.547452937521793,0.8658374462322074,0.5344173684409756,0.8452207263837197,0.5344173684409756,814160,203540,81416,122124,0.75,,,,,,,,,0.007506264915402263,50
bayesfl_observability_v1,vi_sparse_bayesian_keep010_seed42,159,vi,99,7,4,,5,256,34.493256664276124,0.5241559743881226,14.97584981876002,14.97584981876002,,,1.0263912392116479,0.006270736455917358,0.9998288272092875,1.0263912392116479,,-0.0,2.311121424016332,34.493256664276124,59.90339927504008,14.97584981876002,0.0005886154984282212,0.5241559743881226,14.97584981876002,0.00125,55.4747946271601,0.0958612856309368,0.0966472215950489,0.10473740547895431,0.1278436928987503,1.4597072389058925,1.226955991978525,3.012306193003985,,,,,,,,,,,,,,,,,,1,update_snr,bayesian,0.1,20,101770,10177,0.1,0.05346912514002967,0.028902938911121927,0.02783576564345165,0.05346814279307275,0.028902938911121927,0.02783576564345165,0.05346814279307275,0.05911157703037254,0.05799921047779571,0.06545152889764522,0.025546423564538526,0.024838773765007774,0.04708039913490279,0.05911157703037254,0.05799921047779571,0.06545152889764522,0.025546423564538526,0.024838773765007774,0.04708039913490279,0.546734644065453,0.8686542493472562,0.5326766472455374,0.8463188462271497,0.5326766472455374,814160,203540,81416,122124,0.75,,,,,,,,,0.007506238601819246,4
bayesfl_observability_v1,vi_sparse_bayesian_keep010_seed42,159,vi,266,21,1,,5,256,20.436881160736085,0.061330314725637436,60.26166500414812,60.26166500414812,,,1.0292672222203647,0.006274685263633728,0.999827902860403,1.0292672222203647,,-0.0,2.185987945410232,20.436881160736085,60.26166500414812,60.26166500414812,0.0005921358455748071,0.061330314725637436,60.26166500414812,0.00125,55.48098336426696,0.09586148942078836,0.09664516523480415,0.10474014207720757,0.12795878946781158,1.4597848150839194,1.227383805881318,3.0126700313755737,,,,,,,,,,,,,,,,,,1,update_snr,bayesian,0.1,20,101770,10177,0.1,0.053558021981547535,0.028984363394327733,0.028024814151597816,0.053557659145146604,0.028984363394327733,0.028024814151597816,0.053557659145146604,0.05924200984439232,0.058135012333761685,0.06561459353375151,0.025622402677653894,0.02495395966602696,0.047292666457386105,0.05924200984439232,0.058135012333761685,0.06561459353375151,0.025622402677653894,0.02495395966602696,0.047292666457386105,0.5473179021401644,0.8716846498213189,0.5317549129364817,0.8468982893877606,0.5317549129364817,814160,203540,81416,122124,0.75,,,,,,,,,0.007505774225997969,1
bayesfl_observability_v1,vi_sparse_bayesian_keep010_seed42,159,vi,53,4,1,,5,256,21.75930497646332,1.4543427823809907e-05,59.941815131584086,59.941815131584086,,,1.0265356030581114,0.006267726421356201,0.9998288223213134,1.0265356030581114,,-0.0,2.3155014849272724,21.75930497646332,59.941815131584086,59.941815131584086,0.0005889929756468908,1.4543427823809907e-05,59.941815131584086,0.00125,55.481993201257104,0.09586349426532344,0.09664740040898323,0.10473546534776687,0.12883047759532928,1.459932653983604,1.2274385496213456,3.0129549282048798,,,,,,,,,,,,,,,,,,1,update_snr,bayesian,0.1,20,101770,10177,0.1,0.05353057339834051,0.028882371655834488,0.027780866382260176,0.05352853971426634,0.028882371655834488,0.027780866382260176,0.05352853971426634,0.059199278361803775,0.05806401904328272,0.06558925324727126,0.02551382646628235,0.024805242294384935,0.04723032277715377,0.059199278361803775,0.05806401904328272,0.06558925324727126,0.02551382646628235,0.024805242294384935,0.04723032277715377,0.5473243765834921,0.8684534363702944,0.5331762239448683,0.8460042046112373,0.5331762239448683,814160,203540,81416,122124,0.75,,,,,,,,,0.007506623156326307,1
bayesfl_observability_v1,vi_sparse_bayesian_keep010_seed42,159,vi,4,0,3,,5,256,15.859775876998901,0.009649663542707762,20.10447088331521,20.10447088331521,,,1.0297043933088803,0.006271034479141235,0.9998277485924315,1.0297043933088803,,0.6365141682948128,1.6763487837974358,15.859775876998901,60.313412649945626,20.10447088331521,0.0005926443220000552,0.009649663542707762,20.10447088331521,0.00125,55.479781159421066,0.09586352086778362,0.09665614739060402,0.1047389529645443,0.1286357194185257,1.4597910756389376,1.2271182482017915,3.010436228334766,,,,,,,,,,,,,,,,,,1,update_snr,bayesian,0.1,20,101770,10177,0.1,0.0535637396299796,0.028990554571665182,0.027984002697849238,0.05356311450978161,0.028990554571665182,0.027984002697849238,0.05356311450978161,0.05921614294158654,0.058007811532799,0.0655100935482698,0.025632155863896142,0.024919558670457462,0.04734495657756403,0.05921614294158654,0.058007811532799,0.0655100935482698,0.025632155863896142,0.024919558670457462,0.04734495657756403,0.5472516926108855,0.8722423530958187,0.5314648516282735,0.8470803453532243,0.5314648516282735,814160,203540,81416,122124,0.75,,,,,,,,,0.007507275265638243,3
bayesfl_observability_v1,vi_sparse_bayesian_keep010_seed42,159,vi,225,18,45,,5,256,64.09538593292237,0.08611789279513889,1.3347905567339404,1.3347905567339404,,,1.0275142636970662,0.0062673017382621765,0.9998284818034394,1.0275142636970662,,-0.0,2.311121424016332,64.09538593292237,60.065575053027324,1.3347905567339404,0.0005902090503392682,0.08611789279513889,1.3347905567339404,0.00125,55.47996211295702,0.09586351397945574,0.09665382653474808,0.10475099086761475,0.1284879446029663,1.459740910385641,1.227190733960926,3.0152495855763877,,,,,,,,,,,,,,,,,,1,update_snr,bayesian,0.1,20,101770,10177,0.1,0.05348791405916806,0.0289147034563375,0.027844441580186535,0.05348702180410283,0.0289147034563375,0.027844441580186535,0.05348702180410283,0.059328010862038816,0.05818503831281626,0.06581338439193478,0.02553544707792624,0.024894042302886218,0.04714480132590654,0.059328010862038816,0.05818503831281626,0.06581338439193478,0.02553544707792624,0.024894042302886218,0.04714480132590654,0.5475564948392072,0.8694638848510763,0.5328943005317139,0.8461818152506089,0.5328943005317139,814160,203540,81416,122124,0.75,,,,,,,,,0.007506468890672942,45
bayesfl_observability_v1,vi_sparse_bayesian_keep010_seed42,159,vi,122,9,1,,5,256,18.91748390197754,1.3589766240329482e-05,60.26741291232096,60.26741291232096,,,1.0294583534522672,0.006275013089179993,0.9998277895284091,1.0294583534522672,,-0.0,2.3163460082440825,18.91748390197754,60.26741291232096,60.26741291232096,0.0005921923249712189,1.3589766240329482e-05,60.26741291232096,0.00125,55.47179638556248,0.09585928186119756,0.0966612659394741,0.10474000945687294,0.128203883767128,1.4596107501411701,1.2276090988410502,3.0112098889355527,,,,,,,,,,,,,,,,,,1,update_snr,bayesian,0.1,20,101770,10177,0.1,0.05353949967931804,0.028991659719648833,0.02788805477961735,0.05353874384681064,0.028991659719648833,0.02788805477961735,0.05353874384681064,0.05928401400715101,0.0581260085833249,0.06581323032002981,0.02562584257659303,0.024861706842080007,0.047334681354486076,0.05928401400715101,0.0581260085833249,0.06581323032002981,0.02562584257659303,0.024861706842080007,0.047334681354486076,0.5479938745471254,0.8714856366868492,0.5323128154814999,0.8465477343151767,0.5323128154814999,814160,203540,81416,122124,0.75,,,,,,,,,0.007507044745128661,1
bayesfl_observability_v1,vi_sparse_bayesian_keep010_seed42,159,vi,123,9,387,,5,256,310.50326743125913,0.10234279287569899,0.35368362492661914,0.35368362492661914,,,1.5519548344968521,0.012021094560623169,0.9996088625601466,1.5519548344968521,,-0.0,2.3277319754160017,310.50326743125913,136.8755628466016,0.35368362492661914,0.001344950013231813,0.10234279287569899,0.35368362492661914,0.00125,55.493405538200754,0.0959396805306751,0.09673432633280754,0.10484866574406623,0.12870058417320251,1.4589491086246171,1.2270665459844992,3.010510952636799,,,,,,,,,,,,,,,,,,1,update_snr,bayesian,0.1,20,101770,10177,0.1,0.08305184672699775,0.04264453604648056,0.03919987285356167,0.08305143593716709,0.04264453604648056,0.03919987285356167,0.08305143593716709,0.09573859431601664,0.09320636382229117,0.10995686555868422,0.03674519623875434,0.03487652472775223,0.07022988069222698,0.09573859431601664,0.09320636382229117,0.10995686555868422,0.03674519623875434,0.03487652472775223,0.07022988069222698,0.8999553986190527,1.264374979511449,0.5798850447286507,0.8146983091304733,0.5798850447286507,814160,203540,81416,122124,0.75,,,,,,,,,0.007518301313294836,387
bayesfl_observability_v1,vi_sparse_bayesian_keep010_seed42,159,vi,196,15,1,,5,256,22.355519020557402,0.0002978596603497863,59.965704905996425,59.965704905996425,,,1.0268559168084934,0.006257332861423492,0.9998286946192513,1.0268559168084934,,-0.0,2.185987945410232,22.355519020557402,59.965704905996425,59.965704905996425,0.0005892277184435141,0.0002978596603497863,59.965704905996425,0.00125,55.478870380239684,0.09586277017676433,0.09664730727672577,0.10473698154091836,0.1277085840702057,1.4596712277333088,1.2273405758042433,3.011625106909323,,,,,,,,,,,,,,,,,,1,update_snr,bayesian,0.1,20,101770,10177,0.1,0.05349830725343439,0.028893743073845044,0.027798012532873676,0.05349769430970259,0.028893743073845044,0.027798012532873676,0.05349769430970259,0.0591862193395892,0.058016806796088824,0.0656006880736863,0.025527912377651247,0.02485111548695753,0.04720954339669572,0.0591862193395892,0.058016806796088824,0.0656006880736863,0.025527912377651247,0.02485111548695753,0.04720954339669572,0.5474043849686715,0.8687816257274796,0.5330878227492956,0.8460599111389312,0.5330878227492956,814160,203540,81416,122124,0.75,,,,,,,,,0.007506964008899567,1
bayesfl_observability_v1,vi_sparse_bayesian_keep010_seed42,159,vi,290,23,1103,,5,256,171.8079604923725,0.00786526480914243,0.22328974138618968,0.22328974138618968,,,2.0715260267446407,0.024003151804208755,0.9993037410893364,2.0715260267446407,,-0.0,2.3096097079310103,171.8079604923725,246.28858474896722,0.22328974138618968,0.002420050945749899,0.00786526480914243,0.22328974138618968,0.00125,55.520984229777675,0.0960702870605947,0.09684860706329346,0.10501720681786537,0.12683361768722534,1.4576590511479357,1.2249180576512333,3.0082335243130505,,,,,,,,,,,,,,,,,,1,update_snr,bayesian,0.1,20,101770,10177,0.1,0.11222022086995814,0.054936150174795834,0.047258521174854934,0.11221809559207245,0.054936150174795834,0.047258521174854934,0.11221809559207245,0.13851452574604423,0.13224802137488656,0.1695870064842272,0.04564966400021268,0.04198024956405832,0.09013427969930145,0.13851452574604423,0.13224802137488656,0.1695870064842272,0.04564966400021268,0.04198024956405832,0.09013427969930145,1.3266475730721747,1.5909828083113124,0.6404204224056858,0.768024532528567,0.6404204224056858,814160,203540,81416,122124,0.75,,,,,,,,,0.007556005841596465,1103
bayesfl_observability_v1,vi_sparse_bayesian_keep010_seed42,159,vi,161,12,1,,5,256,23.254020619392396,0.00755287753418088,59.73179350082887,59.73179350082887,,,1.0248697544330823,0.006262766197323799,0.9998293491654447,1.0248697544330823,,-0.0,2.3163460082440825,23.254020619392396,59.73179350082887,59.73179350082887,0.0005869292866348518,0.00755287753418088,59.73179350082887,0.00125,55.47760082733209,0.09586284391763573,0.09665512666106224,0.10473806187510491,0.12782089412212372,1.4598338048354709,1.227752101585061,3.010188420525056,,,,,,,,,,,,,,,,,,1,update_snr,bayesian,0.1,20,101770,10177,0.1,0.05343760643633013,0.02880945548407802,0.027619928956434878,0.05343720928414687,0.02880945548407802,0.027619928956434878,0.05343720928414687,0.0591267330071864,0.05799785436264422,0.06534997798058845,0.02544086909262153,0.024671832006019852,0.047162612951905554,0.0591267330071864,0.05799785436264422,0.06534997798058845,0.02544086909262153,0.024671832006019852,0.047162612951905554,0.5465843698125324,0.8669507138403911,0.5333208121795744,0.8459130636750563,0.5333208121795744,814160,203540,81416,122124,0.75,,,,,,,,,0.007506994958403726,1
bayesfl_observability_v1,vi_sparse_bayesian_keep010_seed42,159,vi,127,10,1062,,5,256,187.52628315925597,0.029422525355062693,0.234241321024603,0.234241321024603,,,2.082915308174563,0.023093774914741516,0.9992962440486571,2.082915308174563,,-0.0,2.28098669344155,187.52628315925597,248.76428292812838,0.234241321024603,0.0024443773501830438,0.029422525355062693,0.234241321024603,0.00125,55.52706215477081,0.09607544614338326,0.09685825929045677,0.1050234280526638,0.128017395734787,1.4578934246568618,1.2256980152968278,3.0050362880578607,,,,,,,,,,,,,,,,,,1,update_snr,bayesian,0.1,20,101770,10177,0.1,0.11277631425166214,0.05520623249654507,0.047360912509068376,0.11277280362925342,0.05520623249654507,0.047360912509068376,0.11277280362925342,0.13941623841420792,0.13278770331017364,0.17218059312584855,0.04584956517236029,0.04202034107031098,0.09045767476746178,0.13941623841420792,0.13278770331017364,0.17218059312584855,0.04584956517236029,0.04202034107031098,0.09045767476746178,1.3361828833704412,1.5978584052461577,0.6414965016227436,0.767125959934731,0.6414965016227436,814160,203540,81416,122124,0.75,,,,,,,,,0.007549414735464926,1062
bayesfl_observability_v1,vi_sparse_bayesian_keep010_seed42,159,vi,13,1,2367,,5,256,351.7133852434158,0.01622828850809864,0.15596739121855122,0.15596739121855122,,,2.54002194178472,0.03260539844632149,0.9989533858852241,2.54002194178472,,0.003375492055621423,2.400659735165369,351.7133852434158,369.17481501431075,0.15596739121855122,0.0036275406801052445,0.01622828850809864,0.15596739121855122,0.00125,55.53185817960231,0.09615164285177383,0.09690508246421814,0.10512759014964104,0.12808652222156525,1.4569917766347102,1.2256499403553125,3.004549783044994,,,,,,,,,,,,,,,,,,1,update_snr,bayesian,0.1,20,101770,10177,0.1,0.13711715465390126,0.06680229334732243,0.05668118196482175,0.13711620467747607,0.06680229334732243,0.05668118196482175,0.13711620467747607,0.1707213400976121,0.16259655054985742,0.21093638920690025,0.05525573259729025,0.05040540210983532,0.10985075841746585,0.1707213400976121,0.16259655054985742,0.21093638920690025,0.05525573259729025,0.05040540210983532,0.10985075841746585,1.6492910228515574,1.931722181549176,0.6493215651880158,0.7605139742186131,0.6493215651880158,814160,203540,81416,122124,0.75,,,,,,,,,0.007579720032059686,2367
bayesfl_observability_v1,vi_sparse_bayesian_keep010_seed42,159,vi,16,1,1,,5,256,20.893657875061034,0.0003424296446610242,60.10407765810467,60.10407765810467,,,1.0283827638219425,0.006265074014663696,0.999828150048466,1.0283827638219425,,-0.0,2.311121424016332,20.893657875061034,60.10407765810467,60.10407765810467,0.0005905873799558286,0.0003424296446610242,60.10407765810467,0.00125,55.47201385354805,0.09586273035129893,0.09663979709148407,0.10473083257675171,0.1285824477672577,1.4596008417091142,1.226718218512726,3.0149345377901833,,,,,,,,,,,,,,,,,,1,update_snr,bayesian,0.1,20,101770,10177,0.1,0.05348826368617196,0.02895600881539177,0.027910608372574516,0.05348825111590694,0.02895600881539177,0.027910608372574516,0.05348825111590694,0.05916855573068082,0.057982566561727344,0.06559444253268477,0.025599059158137434,0.02493157925170369,0.0471857806910621,0.05916855573068082,0.057982566561727344,0.06559444253268477,0.025599059158137434,0.02493157925170369,0.0471857806910621,0.5466768927428388,0.8710427566239746,0.5315889297007823,0.8470024851318781,0.5315889297007823,814160,203540,81416,122124,0.75,,,,,,,,,0.007507429141912831,1
bayesfl_observability_v1,vi_sparse_bayesian_keep010_seed42,159,vi,178,14,1,,5,256,24.69071741104126,1.3908734321594238,59.75827870580701,59.75827870580701,,,1.0251945745192643,0.006268569268286228,0.999829233894732,1.0251945745192643,,-0.0,2.28098669344155,24.69071741104126,59.75827870580701,59.75827870580701,0.0005871895323357277,1.3908734321594238,59.75827870580701,0.00125,55.476323174075794,0.09586233597776271,0.09664960205554962,0.104743842035532,0.1282675564289093,1.4597983346966803,1.226870964278174,3.0126840480500174,,,,,,,,,,,,,,,,,,1,update_snr,bayesian,0.1,20,101770,10177,0.1,0.05347633484258482,0.02882396612703039,0.02769814385037697,0.05347633076489407,0.02882396612703039,0.02769814385037697,0.05347633076489407,0.059094525738264125,0.05792659596515488,0.06546642072986476,0.025460570614671087,0.024659984733590854,0.04716239897025785,0.059094525738264125,0.05792659596515488,0.06546642072986476,0.025460570614671087,0.024659984733590854,0.04716239897025785,0.5470181054170721,0.8670611904413974,0.5335749125219285,0.8457528082881056,0.5335749125219285,814160,203540,81416,122124,0.75,,,,,,,,,0.007506911531701326,1
bayesfl_observability_v1,vi_sparse_bayesian_keep010_seed42,160,vi,230,18,1,,5,256,4.81293556690216,1.4424220353248529e-05,15.160790671421859,15.160790671421859,,,0.5171398960333864,0.0031321048736572266,0.9999566717620323,0.5171398960333864,,-0.0,2.28098669344155,4.81293556690216,15.160790671421859,15.160790671421859,0.00014897111792691223,1.4424220353248529e-05,15.160790671421859,0.000625,55.5532934250332,0.0959456893746196,0.09673621878027916,0.10479224547743797,0.12821578979492188,1.46019528755242,1.2272318185934399,3.010994402561998,,,,,,,,,,,,,,,,,,1,update_snr,bayesian,0.1,20,101770,10177,0.1,0.026859989653715683,0.014561363623535176,0.014068133381255656,0.0268598710599628,0.014561363623535176,0.014068133381255656,0.0268598710599628,0.029665530939092428,0.02908703484183503,0.03281431855549678,0.012883122810695482,0.012525551792655963,0.023728120049612715,0.029665530939092428,0.02908703484183503,0.03281431855549678,0.012883122810695482,0.012525551792655963,0.023728120049612715,0.2742841386429892,0.43840835229075553,0.5303867304511378,0.8477558116352563,0.5303867304511378,814160,203540,81416,122124,0.75,,,,,,,,,0.007492137538558806,1
bayesfl_observability_v1,vi_sparse_bayesian_keep010_seed42,160,vi,39,3,5,,5,256,7.41219722032547,0.017034918069839478,3.0292474480522844,3.0292474480522844,,,0.5169359734451161,0.0031340420246124268,0.9999567001645785,0.5169359734451161,,-0.0,2.4040642619438994,7.41219722032547,15.146237240261422,3.0292474480522844,0.00014882811477116462,0.017034918069839478,3.0292474480522844,0.000625,55.54943715285287,0.09594618550250013,0.09674292057752609,0.10479065775871277,0.12836210429668427,1.4600421128617898,1.2263993098749686,3.012532122065935,,,,,,,,,,,,,,,,,,1,update_snr,bayesian,0.1,20,101770,10177,0.1,0.026888173111565505,0.014546793293586482,0.014048515696582317,0.02688817046018045,0.014546793293586482,0.014048515696582317,0.02688817046018045,0.029697605226213154,0.029124565909946665,0.03287785220738809,0.012863369745516847,0.01253040426890368,0.023745906375651025,0.029697605226213154,0.029124565909946665,0.03287785220738809,0.012863369745516847,0.01253040426890368,0.023745906375651025,0.2747224220445667,0.4378931279063612,0.5314438076609006,0.8470935481390965,0.5314438076609006,814160,203540,81416,122124,0.75,,,,,,,,,0.00749238905278908,5
bayesfl_observability_v1,vi_sparse_bayesian_keep010_seed42,160,vi,42,3,1,,5,256,5.0966421365737915,1.0847986231965479e-05,15.160785067421479,15.160785067421479,,,0.517303223971941,0.003137916326522827,0.9999566400212411,0.517303223971941,,-0.0,2.3163460082440825,5.0966421365737915,15.160785067421479,15.160785067421479,0.0001489710628615651,1.0847986231965479e-05,15.160785067421479,0.000625,55.55073404629268,0.0959448340167064,0.09674125909805298,0.1048060491681099,0.12850737571716309,1.4601390033156525,1.226839702251363,3.0115012070288665,,,,,,,,,,,,,,,,,,1,update_snr,bayesian,0.1,20,101770,10177,0.1,0.026847318166131662,0.014563701391559252,0.014071426396079903,0.026847088653707555,0.014563701391559252,0.014071426396079903,0.026847088653707555,0.02969095708995609,0.02911966941125501,0.032869260548485914,0.01288289520284849,0.012566170135606652,0.023742460652969862,0.02969095708995609,0.02911966941125501,0.032869260548485914,0.01288289520284849,0.012566170135606652,0.023742460652969862,0.27461702580449915,0.4383926489689981,0.5308627765664082,0.8474577939084659,0.5308627765664082,814160,203540,81416,122124,0.75,,,,,,,,,0.007491648669770017,1
bayesfl_observability_v1,vi_sparse_bayesian_keep010_seed42,160,vi,46,3,2,,5,256,7.35609278678894,0.00011532405187608674,7.5632379164124215,7.5632379164124215,,,0.5167511381456596,0.0031380653381347656,0.9999567337947985,0.5167511381456596,,-0.0,2.4040642619438994,7.35609278678894,15.126475832824843,7.5632379164124215,0.0001486339376321592,0.00011532405187608674,7.5632379164124215,0.000625,55.55162096415801,0.09594572511833525,0.09674807637929916,0.10479043051600456,0.12836526334285736,1.4601355460613097,1.227276784326139,3.0118364693316444,,,,,,,,,,,,,,,,,,1,update_snr,bayesian,0.1,20,101770,10177,0.1,0.02689891306259861,0.014531127639590866,0.013989441737777279,0.026898884579191366,0.014531127639590866,0.013989441737777279,0.026898884579191366,0.029704397539320113,0.029122659547968548,0.032839708475563424,0.01284520876184317,0.012524937035292234,0.02373612557317675,0.029704397539320113,0.029122659547968548,0.032839708475563424,0.01284520876184317,0.012524937035292234,0.02373612557317675,0.27469749801539206,0.43769055662524675,0.5315856661702436,0.8470045333540657,0.5315856661702436,814160,203540,81416,122124,0.75,,,,,,,,,0.007491269861104574,2
bayesfl_observability_v1,vi_sparse_bayesian_keep010_seed42,160,vi,241,19,265,,5,256,143.19157327413558,0.13388752037624144,0.12270966461105742,0.12270966461105742,,,0.7569161445479136,0.006057292222976685,0.9999071873566643,0.7569161445479136,,-0.0,2.259365973874069,143.19157327413558,32.51806112193022,0.12270966461105742,0.00031952501839373307,0.13388752037624144,0.12270966461105742,0.000625,55.556770328502395,0.095986892728592,0.09677666053175926,0.10484467819333076,0.12806656956672668,1.4596321869784137,1.2259410302007625,3.011084767833856,,,,,,,,,,,,,,,,,,1,update_snr,bayesian,0.1,20,101770,10177,0.1,0.040737705605365715,0.020728096585559127,0.01888719669940066,0.04073748639139629,0.020728096585559127,0.01888719669940066,0.04073748639139629,0.04722278661338393,0.045994835551359796,0.054569930035239037,0.01778424213802304,0.01678942667182222,0.03410492738690249,0.04722278661338393,0.045994835551359796,0.054569930035239037,0.01778424213802304,0.01678942667182222,0.03410492738690249,0.4453945582572873,0.6120014194036433,0.5884331592944287,0.8085458657632093,0.5884331592944287,814160,203540,81416,122124,0.75,,,,,,,,,0.007497217796036412,265
bayesfl_observability_v1,vi_sparse_bayesian_keep010_seed42,160,vi,243,19,1,,5,256,5.239473950862885,0.0008685392094776034,15.188309614082916,15.188309614082916,,,0.5176383943726031,0.003135859966278076,0.9999565827335736,0.5176383943726031,,-0.0,2.185987945410232,5.239473950862885,15.188309614082916,15.188309614082916,0.00014924152121531805,0.0008685392094776034,15.188309614082916,0.000625,55.54978404322739,0.09594584308437278,0.09672888740897179,0.1047927238047123,0.12836284935474396,1.4600722114601874,1.227341536071739,3.0123423407613035,,,,,,,,,,,,,,,,,,1,update_snr,bayesian,0.1,20,101770,10177,0.1,0.02687071578109386,0.014564125947757717,0.014074384272971419,0.026870332144267102,0.014564125947757717,0.014074384272971419,0.026870332144267102,0.029705878916483477,0.029119106906744553,0.03292240741147908,0.012881708951232631,0.012548480204252635,0.023753908484133123,0.029705878916483477,0.029119106906744553,0.03292240741147908,0.012881708951232631,0.012548480204252635,0.023753908484133123,0.27453552709356666,0.4388390954462743,0.5303616000631366,0.8477715335976258,0.5303616000631366,814160,203540,81416,122124,0.75,,,,,,,,,0.007491416206442983,1
bayesfl_observability_v1,vi_sparse_bayesian_keep010_seed42,160,vi,244,19,1,,5,256,5.797294068336487,0.0007073761080391705,15.179330718992423,15.179330718992423,,,0.5175917346132894,0.0031334012746810913,0.9999565944529663,0.5175917346132894,,-0.0,2.28098669344155,5.797294068336487,15.179330718992423,15.179330718992423,0.00014915329388810478,0.0007073761080391705,15.179330718992423,0.000625,55.55251288693186,0.09594569033670867,0.09673928841948509,0.10478747934103012,0.12809497117996216,1.4601570136673105,1.2266760395832146,3.010086524333891,,,,,,,,,,,,,,,,,,1,update_snr,bayesian,0.1,20,101770,10177,0.1,0.02684723533405019,0.014570707728653457,0.014130359565228304,0.026846882335316312,0.014570707728653457,0.014130359565228304,0.026846882335316312,0.029643280381000794,0.02904724195262548,0.032801808092366116,0.0128959774339482,0.0125961039483869,0.023741190534962448,0.029643280381000794,0.02904724195262548,0.032801808092366116,0.0128959774339482,0.0125961039483869,0.023741190534962448,0.2744605057872771,0.4388309862612097,0.5302644679833151,0.847832291195831,0.5302644679833151,814160,203540,81416,122124,0.75,,,,,,,,,0.007491636171770996,1
bayesfl_observability_v1,vi_sparse_bayesian_keep010_seed42,160,vi,247,19,83,,5,256,159.44374780654908,0.3497687879815159,0.188706676949352,0.188706676949352,,,0.5256525673075634,0.0031367093324661255,0.9999552267088536,0.5256525673075634,,0.37911466974801067,1.93024026923342,159.44374780654908,15.662654186796216,0.188706676949352,0.00015390246818115571,0.3497687879815159,0.188706676949352,0.000625,55.548125644908204,0.09594481159479284,0.09673193842172623,0.10479898899793626,0.1282566338777542,1.4600653455880503,1.2266650178724547,3.011162013726473,,,,,,,,,,,,,,,,,,1,update_snr,bayesian,0.1,20,101770,10177,0.1,0.027168029437644882,0.014827888858441688,0.014409413286120155,0.027167533923951555,0.014827888858441688,0.014409413286120155,0.027167533923951555,0.03000833014926921,0.029398360345700526,0.03321749469639446,0.013141173159460858,0.012805128652595952,0.02413682182029084,0.03000833014926921,0.029398360345700526,0.03321749469639446,0.013141173159460858,0.012805128652595952,0.02413682182029084,0.2765874816359018,0.44700110348783506,0.5261792652371244,0.8503736712966367,0.5261792652371244,814160,203540,81416,122124,0.75,,,,,,,,,0.007492739981160373,83
bayesfl_observability_v1,vi_sparse_bayesian_keep010_seed42,160,vi,176,14,41,,5,256,35.34489660263061,0.405869367646008,0.3711545527167951,0.3711545527167951,,,0.5180368593608731,0.0031328387558460236,0.9999565168312858,0.5180368593608731,,-0.0,2.185987945410232,35.34489660263061,15.217336661388599,0.3711545527167951,0.00014952674325821556,0.405869367646008,0.3711545527167951,0.000625,55.550643306293814,0.0959453871247268,0.09673019498586655,0.10478633716702461,0.128478541970253,1.4601003532397203,1.2267356249371324,3.0117359265427406,,,,,,,,,,,,,,,,,,1,update_snr,bayesian,0.1,20,101770,10177,0.1,0.026889223295555008,0.014594265356512811,0.014110530369154824,0.026888277398634933,0.014594265356512811,0.014110530369154824,0.026888277398634933,0.029720835685708356,0.02911771490013768,0.03298991166405607,0.012913535319935525,0.012599603781692451,0.02378059308085406,0.029720835685708356,0.02911771490013768,0.03298991166405607,0.012913535319935525,0.012599603781692451,0.02378059308085406,0.2744101071243664,0.4393873925870777,0.5297115488324892,0.848177855778778,0.5297115488324892,814160,203540,81416,122124,0.75,,,,,,,,,0.007492293504461158,41
bayesfl_observability_v1,vi_sparse_bayesian_keep010_seed42,160,vi,179,14,604,,5,256,265.25068238576256,0.08527690685348005,0.09152517070696198,0.09152517070696198,,,0.9884752613511183,0.008650250732898712,0.9998417344349728,0.9884752613511183,,-0.0,2.311121424016332,265.25068238576256,55.281203107005034,0.09152517070696198,0.0005431974364449743,0.08527690685348005,0.09152517070696198,0.000625,55.5612875438552,0.09601160596792228,0.09680138528347015,0.10486224442720413,0.12855452299118042,1.4593427804854122,1.2255988969145615,3.0098401791677527,,,,,,,,,,,,,,,,,,1,update_snr,bayesian,0.1,20,101770,10177,0.1,0.05322676020427643,0.026895990099096278,0.02415500152920163,0.05322555379239935,0.026895990099096278,0.02415500152920163,0.05322555379239935,0.06252816871129546,0.06058474960501951,0.07328098452388507,0.022936859142185254,0.02148879267457788,0.044283586098623345,0.06252816871129546,0.06058474960501951,0.07328098452388507,0.022936859142185254,0.02148879267457788,0.044283586098623345,0.5914638827089397,0.7919935717883241,0.598359823290352,0.8012275094328318,0.598359823290352,814160,203540,81416,122124,0.75,,,,,,,,,0.007500865465579984,604
bayesfl_observability_v1,vi_sparse_bayesian_keep010_seed42,160,vi,183,14,1,,5,256,7.657218098640442,0.0007290565990842879,15.13493316426394,15.13493316426394,,,0.5165976773926517,0.0031369030475616455,0.9999567608209006,0.5165976773926517,,-0.0,2.28098669344155,7.657218098640442,15.13493316426394,15.13493316426394,0.00014871704003403694,0.0007290565990842879,15.13493316426394,0.000625,55.552402799007176,0.09594552683171517,0.09673478826880455,0.10478969812393188,0.12835554778575897,1.4601529330474452,1.2266851718122904,3.0110628793158214,,,,,,,,,,,,,,,,,,1,update_snr,bayesian,0.1,20,101770,10177,0.1,0.02684514615505726,0.014542035670800747,0.0140570848981344,0.02684498092884474,0.014542035670800747,0.0140570848981344,0.02684498092884474,0.029656640422217398,0.029124435542713784,0.03285343019385773,0.012862635142865567,0.012540813406704794,0.02375811741402594,0.029656640422217398,0.029124435542713784,0.03285343019385773,0.012862635142865567,0.012540813406704794,0.02375811741402594,0.27411527585796613,0.437874383617943,0.5306165471774249,0.847611986619767,0.5306165471774249,814160,203540,81416,122124,0.75,,,,,,,,,0.007492134856316398,1
bayesfl_observability_v1,vi_sparse_bayesian_keep010_seed42,160,vi,158,12,58,,5,256,117.98337688446045,0.411187796757139,0.26494536036470195,0.26494536036470195,,,0.5204533417290577,0.0031362324953079224,0.9999561080392588,0.5204533417290577,,-0.0,2.3292713582565514,117.98337688446045,15.366830901152712,0.26494536036470195,0.00015099568538029588,0.411187796757139,0.26494536036470195,0.000625,55.54813152430572,0.09594563371533435,0.09673631191253662,0.1048018015921116,0.1285424530506134,1.4600259130336877,1.2270455644474654,3.0104368546444396,,,,,,,,,,,,,,,,,,1,update_snr,bayesian,0.1,20,101770,10177,0.1,0.02698361896874276,0.014681097300321456,0.014231710350566338,0.026983042355959826,0.014681097300321456,0.014231710350566338,0.026983042355959826,0.029788962230013215,0.029207145492474215,0.03298656650782382,0.013002445641466812,0.01268435281376371,0.02385200688672871,0.029788962230013215,0.029207145492474215,0.03298656650782382,0.013002445641466812,0.01268435281376371,0.02385200688672871,0.2748341916176326,0.44197041533888415,0.5280669170161815,0.8492027620969127,0.5280669170161815,814160,203540,81416,122124,0.75,,,,,,,,,0.007491429232289795,58
bayesfl_observability_v1,vi_sparse_bayesian_keep010_seed42,160,vi,196,15,1,,5,256,3.224421262741089,0.0008164886385202408,15.175671370128356,15.175671370128356,,,0.5172949167680864,0.0031310468912124634,0.9999566406430762,0.5172949167680864,,-0.0,2.185987945410232,3.224421262741089,15.175671370128356,15.175671370128356,0.00014911733683922921,0.0008164886385202408,15.175671370128356,0.000625,55.55008413030073,0.09594563770677957,0.09674123674631119,0.10478696152567864,0.12851247191429138,1.460107755471028,1.2273549998055289,3.0107480920663945,,,,,,,,,,,,,,,,,,1,update_snr,bayesian,0.1,20,101770,10177,0.1,0.02688008651145329,0.014576883687111492,0.014051227617676859,0.0268797801220334,0.014576883687111492,0.014051227617676859,0.0268797801220334,0.02972491312082906,0.029178405257189965,0.03293082210575496,0.012893769305587317,0.012554578454244422,0.023758991518279947,0.02972491312082906,0.029178405257189965,0.03293082210575496,0.012893769305587317,0.012554578454244422,0.023758991518279947,0.2744960565423945,0.4384586022155068,0.5306374519536533,0.8475988995887941,0.5306374519536533,814160,203540,81416,122124,0.75,,,,,,,,,0.007491097831531849,1
bayesfl_observability_v1,vi_sparse_bayesian_keep010_seed42,160,vi,286,22,1,,5,256,6.321076261997223,0.008505665697157383,15.16044690618688,15.16044690618688,,,0.5169239091552589,0.003136962652206421,0.9999567070187603,0.5169239091552589,,-0.0,2.185987945410232,6.321076261997223,15.16044690618688,15.16044690618688,0.000148967740062758,0.008505665697157383,15.16044690618688,0.000625,55.55283847620868,0.09594528542649797,0.09673015773296356,0.10479853302240372,0.12854832410812378,1.4601689886448337,1.2268977185121728,3.0097615640443887,,,,,,,,,,,,,,,,,,1,update_snr,bayesian,0.1,20,101770,10177,0.1,0.02686066310668007,0.014556689687847539,0.01406694010822024,0.026860570644311736,0.014556689687847539,0.01406694010822024,0.026860570644311736,0.029727620635808805,0.029148686743113134,0.03297271564461267,0.012871030693629621,0.012551641342653573,0.023675969913517156,0.029727620635808805,0.029148686743113134,0.03297271564461267,0.012871030693629621,0.012551641342653573,0.023675969913517156,0.2741955974435029,0.43820897092478023,0.5304370577317364,0.8477243229876672,0.5304370577317364,814160,203540,81416,122124,0.75,,,,,,,,,0.007492675089145033,1
bayesfl_observability_v1,vi_sparse_bayesian_keep010_seed42,160,vi,18,1,9,,5,256,5.191239659488201,0.007830584214793311,1.6920010137435737,1.6920010137435737,,,0.5181941453855999,0.003136575222015381,0.9999564919419834,0.5181941453855999,,-0.0,2.3096097079310103,5.191239659488201,15.228009123692164,1.6920010137435737,0.00014963161170966066,0.007830584214793311,1.6920010137435737,0.000625,55.55170150834966,0.09594588140691031,0.09674155339598656,0.10478338897228241,0.12800949811935425,1.4601751027921457,1.2264928225296652,3.012267046956209,,,,,,,,,,,,,,,,,,1,update_snr,bayesian,0.1,20,101770,10177,0.1,0.026913210046916707,0.014589373486638073,0.014145904245614419,0.02691306363278784,0.014589373486638073,0.014145904245614419,0.02691306363278784,0.029724999419796682,0.029130933174117135,0.03293498868840079,0.012907637271842671,0.012620401127446603,0.023823288247443765,0.029724999419796682,0.029130933174117135,0.03293498868840079,0.012907637271842671,0.012620401127446603,0.023823288247443765,0.2747529351674145,0.4393586199550465,0.5302123492016002,0.8478648859070183,0.5302123492016002,814160,203540,81416,122124,0.75,,,,,,,,,0.007491470934297518,9
bayesfl_observability_v1,vi_sparse_bayesian_keep010_seed42,161,vi,102,8,341,,5,256,156.99824953079224,0.08332616632634943,0.09705144317466646,0.09705144317466646,,,0.764118324965262,0.00601457804441452,0.9999054352223077,0.764118324965262,,-0.0,2.4040642619438994,156.99824953079224,33.094542122561265,0.09705144317466646,0.00032518956590902296,0.08332616632634943,0.09705144317466646,0.000625,55.56333545135545,0.09604167175519773,0.09683945402503014,0.10487857311964036,0.1285131722688675,1.4588732508106856,1.2265190195876903,3.0108847606338287,,,,,,,,,,,,,,,,,,1,update_snr,bayesian,0.1,20,101770,10177,0.1,0.041114059814158194,0.020895715908860923,0.018935860224161303,0.04111384948535566,0.020895715908860923,0.018935860224161303,0.04111384948535566,0.047772563244815706,0.04653131658771729,0.05536148040060806,0.017909399538199276,0.01688470614443325,0.034414904029683516,0.047772563244815706,0.04653131658771729,0.05536148040060806,0.017909399538199276,0.01688470614443325,0.034414904029683516,0.4503636823240605,0.6172919634915318,0.5893899774547806,0.8078486581506795,0.5893899774547806,814160,203540,81416,122124,0.75,,,,,,,,,0.007489512205061109,341
bayesfl_observability_v1,vi_sparse_bayesian_keep010_seed42,161,vi,105,8,1,,5,256,10.852544975280761,3.4221363067626953,15.173156003721205,15.173156003721205,,,0.5176093620641484,0.0031325221061706543,0.9999565972171679,0.5176093620641484,,-0.0,2.3096097079310103,10.852544975280761,15.173156003721205,15.173156003721205,0.00014909262065167735,3.4221363067626953,15.173156003721205,0.000625,55.55594038451426,0.09600210995187784,0.09680137410759926,0.10484079942107201,0.12838147580623627,1.4593295793401047,1.2253935556554933,3.0107760829609083,,,,,,,,,,,,,,,,,,1,update_snr,bayesian,0.1,20,101770,10177,0.1,0.02687736927692364,0.014564645475601748,0.014043708819186498,0.02687713398022241,0.014564645475601748,0.014043708819186498,0.02687713398022241,0.029717440432988563,0.02913805264491555,0.03292304662082048,0.012881001591447661,0.012545764366595439,0.023774133339421185,0.029717440432988563,0.02913805264491555,0.03292304662082048,0.012881001591447661,0.012545764366595439,0.023774133339421185,0.27452490256121137,0.43881149662493135,0.5303708214751899,0.8477657646589254,0.5303708214751899,814160,203540,81416,122124,0.75,,,,,,,,,0.007485071281616027,1
bayesfl_observability_v1,vi_sparse_bayesian_keep010_seed42,161,vi,108,8,1,,5,256,4.437783908843994,0.20610089600086212,15.179597325848414,15.179597325848414,,,0.517881129756066,0.0031337812542915344,0.9999565531506168,0.517881129756066,,-0.0,2.3163460082440825,4.437783908843994,15.179597325848414,15.179597325848414,0.00014915591358797696,0.20610089600086212,15.179597325848414,0.000625,55.55721388279591,0.09600228769786145,0.09679554402828217,0.10483796373009682,0.1279800534248352,1.4594229372870393,1.2260532418784842,3.011497250923619,,,,,,,,,,,,,,,,,,1,update_snr,bayesian,0.1,20,101770,10177,0.1,0.026844701709268365,0.014569536524279864,0.014115870301479774,0.026844362182035147,0.014569536524279864,0.014115870301479774,0.026844362182035147,0.02968270497166834,0.029106756342609695,0.032919425575709156,0.012890295585681145,0.012574953358287866,0.02375215888318948,0.02968270497166834,0.029106756342609695,0.032919425575709156,0.012890295585681145,0.012574953358287866,0.02375215888318948,0.2745444291601165,0.43911982530348725,0.5301302043761148,0.8479162496426985,0.5301302043761148,814160,203540,81416,122124,0.75,,,,,,,,,0.007485541550758748,1
bayesfl_observability_v1,vi_sparse_bayesian_keep010_seed42,161,vi,87,7,14,,5,256,37.21586484909058,0.639965466090611,1.0875110771332113,1.0875110771332113,,,0.5185446418707742,0.0031359419226646423,0.9999564431299787,0.5185446418707742,,0.39267446722755217,1.9352627592338563,37.21586484909058,15.225155079864958,1.0875110771332113,0.00014960356765122293,0.639965466090611,1.0875110771332113,0.000625,55.55810588522325,0.09600193891829852,0.09679220244288445,0.10483456924557685,0.12837554514408112,1.4594402022082618,1.2257069030117622,3.0133584584655866,,,,,,,,,,,,,,,,,,1,update_snr,bayesian,0.1,20,101770,10177,0.1,0.02690239568195253,0.01460263864150456,0.014134296802133314,0.02690228443162475,0.01460263864150456,0.014134296802133314,0.02690228443162475,0.02970564961478831,0.029123959576465144,0.03285895402614885,0.012924526311139701,0.012628606017723936,0.02377248175995076,0.02970564961478831,0.029123959576465144,0.03285895402614885,0.012924526311139701,0.012628606017723936,0.02377248175995076,0.2746049855620058,0.43986435126909307,0.5295686492320169,0.848267083972128,0.5295686492320169,814160,203540,81416,122124,0.75,,,,,,,,,0.007484581710280631,14
bayesfl_observability_v1,vi_sparse_bayesian_keep010_seed42,161,vi,94,7,1,,5,256,10.053020763397218,3.100865364074707,15.190565481867631,15.190565481867631,,,0.5179631194077292,0.003133803606033325,0.9999565391174577,0.5179631194077292,,-0.0,2.3292713582565514,10.053020763397218,15.190565481867631,15.190565481867631,0.00014926368754905798,3.100865364074707,15.190565481867631,0.000625,55.55701298511142,0.0960021049759047,0.09679103270173073,0.10483304783701897,0.12831461429595947,1.4593548851809077,1.226426092802892,3.01138992446665,,,,,,,,,,,,,,,,,,1,update_snr,bayesian,0.1,20,101770,10177,0.1,0.026866782662742113,0.014587331556308843,0.014096136773170967,0.026865777145961257,0.014587331556308843,0.014096136773170967,0.026865777145961257,0.02966987640262466,0.02908251671494445,0.03284206636232509,0.01291149324005153,0.012585850931464616,0.023764575294734414,0.02966987640262466,0.02908251671494445,0.03284206636232509,0.01291149324005153,0.012585850931464616,0.023764575294734414,0.27409895608845414,0.43949465905492563,0.5291862409081861,0.848505699705938,0.5291862409081861,814160,203540,81416,122124,0.75,,,,,,,,,0.007485130955922874,1
bayesfl_observability_v1,vi_sparse_bayesian_keep010_seed42,161,vi,36,2,1,,5,256,5.086096251010895,0.0015586382942274213,15.106530717879098,15.106530717879098,,,0.5163929415495409,0.003137916326522827,0.9999568015843778,0.5163929415495409,,-0.0,2.185987945410232,5.086096251010895,15.106530717879098,15.106530717879098,0.00014843795536876385,0.0015586382942274213,15.106530717879098,0.000625,55.55650460679165,0.09600168023775676,0.0967945083975792,0.10482417494058609,0.12840159237384796,1.4593569773453468,1.22616476787239,3.01112886807831,,,,,,,,,,,,,,,,,,1,update_snr,bayesian,0.1,20,101770,10177,0.1,0.026851375043817485,0.014520229205496926,0.014009152130310912,0.02685132455539574,0.014520229205496926,0.014009152130310912,0.02685132455539574,0.029692668841974624,0.029102255123876403,0.032950650954269634,0.012834402579221627,0.012494237845366072,0.023675197189217165,0.029692668841974624,0.029102255123876403,0.032950650954269634,0.012834402579221627,0.012494237845366072,0.023675197189217165,0.2744954308761425,0.43739447700023437,0.5315630962198356,0.8470186979855773,0.5315630962198356,814160,203540,81416,122124,0.75,,,,,,,,,0.007484232293285743,1
bayesfl_observability_v1,vi_sparse_bayesian_keep010_seed42,161,vi,200,16,2,,5,256,4.964544296264648,0.0040449341759085655,7.570859863626909,7.570859863626909,,,0.516980433257633,0.003137053921818733,0.9999567031229017,0.516980433257633,,0.6931471805599453,1.5546516461106756,4.964544296264648,15.141719727253818,7.570859863626909,0.00014878372533412419,0.0040449341759085655,7.570859863626909,0.000625,55.55640681196939,0.09600283985206552,0.09679744765162468,0.10483472123742103,0.1279953271150589,1.4593916724371812,1.225899398808004,3.0117715443890822,,,,,,,,,,,,,,,,,,1,update_snr,bayesian,0.1,20,101770,10177,0.1,0.026878755751423927,0.014537360480775143,0.01403240018113791,0.02687772706847171,0.014537360480775143,0.01403240018113791,0.02687772706847171,0.029689095405666548,0.029133283442242693,0.032804580613424394,0.012853834378009427,0.012525058728175659,0.023735289203534876,0.029689095405666548,0.029133283442242693,0.032804580613424394,0.012853834378009427,0.012525058728175659,0.023735289203534876,0.27441295084098827,0.43813959052109336,0.5307994910210398,0.8474974338201888,0.5307994910210398,814160,203540,81416,122124,0.75,,,,,,,,,0.007484696678567742,2
bayesfl_observability_v1,vi_sparse_bayesian_keep010_seed42,161,vi,290,23,1103,,5,256,101.70470308303832,0.028101634892786186,0.06618383364642873,0.06618383364642873,,,1.1321917407135829,0.013413593173027039,0.999792431196018,1.1321917407135829,,-0.0,2.3096097079310103,101.70470308303832,73.0007685120109,0.06618383364642873,0.0007173112755429979,0.028101634892786186,0.06618383364642873,0.000625,55.570489242721564,0.09611026236597642,0.09689642488956451,0.10498112663626671,0.12822739779949188,1.4580770778823329,1.2247239415740425,3.0128595623904944,,,,,,,,,,,,,,,,,,1,update_snr,bayesian,0.1,20,101770,10177,0.1,0.06119128717304264,0.030102048683824968,0.0259864617541651,0.06118989854233857,0.030102048683824968,0.0259864617541651,0.06118989854233857,0.07529095756735217,0.07201419760086146,0.09161842982193778,0.025081058807877504,0.023088965076703133,0.04955515885583547,0.07529095756735217,0.07201419760086146,0.09161842982193778,0.025081058807877504,0.023088965076703133,0.04955515885583547,0.7204685134676637,0.8733746383092138,0.6363484978379866,0.7714017042367354,0.6363484978379866,814160,203540,81416,122124,0.75,,,,,,,,,0.007501119777589603,1103
bayesfl_observability_v1,vi_sparse_bayesian_keep010_seed42,161,vi,167,13,726,,5,256,357.45132341384885,0.07724124078251442,0.07792365115894119,0.07792365115894119,,,1.0010359371575963,0.008793945424258709,0.9998377181196233,1.0010359371575963,,-0.0,2.3292713582565514,357.45132341384885,56.5725707413913,0.07792365115894119,0.0005558865160793093,0.07724124078251442,0.07792365115894119,0.000625,55.5668622988894,0.09606947445650987,0.09686529636383057,0.10492109581828117,0.1286170333623886,1.4585425410980013,1.225064118327797,3.0108774600959864,,,,,,,,,,,,,,,,,,1,update_snr,bayesian,0.1,20,101770,10177,0.1,0.05412345038361672,0.027037820157053884,0.02401267365793275,0.05412101193831273,0.027037820157053884,0.02401267365793275,0.05412101193831273,0.06418512698040521,0.06203954966155696,0.07575947829027871,0.022910341621125964,0.02134133525793594,0.04448524538412134,0.06418512698040521,0.06203954966155696,0.07575947829027871,0.022910341621125964,0.02134133525793594,0.04448524538412134,0.6105883890747871,0.7932558014966193,0.609956512459013,0.7924348887503871,0.609956512459013,814160,203540,81416,122124,0.75,,,,,,,,,0.007494534907511595,726
bayesfl_observability_v1,vi_sparse_bayesian_keep010_seed42,161,vi,174,13,3,,5,256,9.836435794830322,0.24484801292419434,5.019686249329754,5.019686249329754,,,0.515667648798929,0.003135114908218384,0.9999569219181712,0.515667648798929,,-0.0,2.28098669344155,9.836435794830322,15.059058747989262,5.019686249329754,0.0001479714920702492,0.24484801292419434,5.019686249329754,0.000625,55.555591150223556,0.0960026725043163,0.09679915383458138,0.10483221635222435,0.12855176627635956,1.4593101685098122,1.2258596569633862,3.012498833953982,,,,,,,,,,,,,,,,,,1,update_snr,bayesian,0.1,20,101770,10177,0.1,0.02679373239129912,0.01450740712409461,0.014003476854266252,0.026793576135577923,0.01450740712409461,0.014003476854266252,0.026793576135577923,0.029600396822206422,0.02901339404706898,0.03277502284348467,0.012830408268748856,0.01250011107987606,0.023664053028792778,0.029600396822206422,0.02901339404706898,0.03277502284348467,0.012830408268748856,0.01250011107987606,0.023664053028792778,0.27381576360319904,0.4369645885197251,0.5309927125367647,0.8473763858126145,0.5309927125367647,814160,203540,81416,122124,0.75,,,,,,,,,0.007483898259433198,3
bayesfl_observability_v1,vi_sparse_bayesian_keep010_seed42,161,vi,24,1,142,,5,256,77.8052848815918,0.06692097220622317,0.1078584776000978,0.1078584776000978,,,0.5202069173049529,0.0031310617923736572,0.9999561619206953,0.5202069173049529,,0.40519466481919386,1.9096930536110042,77.8052848815918,15.315903819213888,0.1078584776000978,0.00015049527187986528,0.06692097220622317,0.1078584776000978,0.000625,55.557133990296656,0.09600185839843836,0.09680086746811867,0.10483810603618622,0.12856511771678925,1.4593710959661448,1.2255469902511598,3.0117454314294902,,,,,,,,,,,,,,,,,,1,update_snr,bayesian,0.1,20,101770,10177,0.1,0.02694257237465326,0.014658231513847729,0.014181179592726325,0.026942456355962256,0.014658231513847729,0.014181179592726325,0.026942456355962256,0.029744937734120545,0.029183725564774228,0.032835530267415744,0.012981930822706305,0.0126356654405991,0.0238620976707494,0.029744937734120545,0.029183725564774228,0.032835530267415744,0.012981930822706305,0.0126356654405991,0.0238620976707494,0.2749624215855834,0.44160038895783854,0.5285635627647689,0.8488937272223274,0.5285635627647689,814160,203540,81416,122124,0.75,,,,,,,,,0.007485368392440059,142
bayesfl_observability_v1,vi_sparse_bayesian_keep010_seed42,161,vi,218,17,1,,5,256,7.821843826770783,0.0013368725776672363,15.10385422809277,15.10385422809277,,,0.5164871193230521,0.0031363964080810547,0.9999567892231684,0.5164871193230521,,-0.0,2.185987945410232,7.821843826770783,15.10385422809277,15.10385422809277,0.0001484116559702542,0.0013368725776672363,15.10385422809277,0.000625,55.55872815045878,0.096002647088224,0.09679535031318665,0.10483696386218071,0.12815101444721222,1.4593956841580396,1.2262986669935834,3.0116623687358848,,,,,,,,,,,,,,,,,,1,update_snr,bayesian,0.1,20,101770,10177,0.1,0.026801921620518306,0.014527580753628148,0.014044003041224926,0.02680155825057137,0.014527580753628148,0.014044003041224926,0.02680155825057137,0.029676660640386456,0.029081415189844046,0.032902137915376474,0.012844349655099447,0.012523994172118294,0.023670110858865626,0.029676660640386456,0.029081415189844046,0.032902137915376474,0.012844349655099447,0.012523994172118294,0.023670110858865626,0.2744933731314995,0.4375069514116504,0.5314621853324663,0.8470820182022754,0.5314621853324663,814160,203540,81416,122124,0.75,,,,,,,,,0.007485075410375171,1
bayesfl_observability_v1,vi_sparse_bayesian_keep010_seed42,161,vi,221,17,1,,5,256,6.8463547706604,0.030651431530714035,15.13046342506075,15.13046342506075,,,0.5168013586688371,0.0031317733228206635,0.9999567312462785,0.5168013586688371,,-0.0,2.311121424016332,6.8463547706604,15.13046342506075,15.13046342506075,0.00014867312002614475,0.030651431530714035,15.13046342506075,0.000625,55.55378780047999,0.09600278345464056,0.09680038690567017,0.10483655780553817,0.12853862345218658,1.4592886339043682,1.2252707067914856,3.012102960446179,,,,,,,,,,,,,,,,,,1,update_snr,bayesian,0.1,20,101770,10177,0.1,0.026819198248296105,0.014543402889769491,0.014063413095930795,0.02681894245611348,0.014543402889769491,0.014063413095930795,0.02681894245611348,0.029653901208003597,0.029048932305011772,0.03291330954315518,0.012864458632187927,0.012533814454633573,0.023682361734378824,0.029653901208003597,0.029048932305011772,0.03291330954315518,0.012864458632187927,0.012533814454633573,0.023682361734378824,0.2741622111047794,0.43808529571773414,0.5304982398091193,0.847686037138413,0.5304982398091193,814160,203540,81416,122124,0.75,,,,,,,,,0.007484702467493054,1
bayesfl_observability_v1,vi_sparse_bayesian_keep010_seed42,161,vi,4,0,3,,5,256,3.8166420459747314,0.0015807393938302994,5.051280723059454,5.051280723059454,,,0.517340919565104,0.0031353486701846123,0.9999566467607164,0.517340919565104,,0.6365141682948128,1.6763487837974358,3.8166420459747314,15.153842169178363,5.051280723059454,0.00014890284139902095,0.0015807393938302994,5.051280723059454,0.000625,55.558999358302145,0.09600313457256715,0.09679652005434036,0.10482779741287232,0.12837614119052887,1.459380177249456,1.2258859135160565,3.010077675130069,,,,,,,,,,,,,,,,,,1,update_snr,bayesian,0.1,20,101770,10177,0.1,0.026864951158924386,0.014562959286096846,0.014069269974624043,0.026864904983142472,0.014562959286096846,0.014069269974624043,0.026864904983142472,0.029660507701271453,0.029086996577926814,0.03284996399559955,0.012885453906633003,0.012571852508669766,0.02372408461611182,0.029660507701271453,0.029086996577926814,0.03284996399559955,0.012885453906633003,0.012571852508669766,0.02372408461611182,0.27429527907072876,0.43863849230998697,0.5302021717155325,0.8478712503134738,0.5302021717155325,814160,203540,81416,122124,0.75,,,,,,,,,0.007484959728097603,3
bayesfl_observability_v1,vi_sparse_bayesian_keep010_seed42,161,vi,10,0,11,,5,256,33.748840713500975,0.9862244345925071,1.376546830786962,1.376546830786962,,,0.5170780502428114,0.003131300210952759,0.9999566876144541,0.5170780502428114,,-0.0,2.3163460082440825,33.748840713500975,15.14201513865658,1.376546830786962,0.00014878662806973157,0.9862244345925071,1.376546830786962,0.000625,55.557083412020134,0.09600294189771237,0.09679553657770157,0.10483700260519982,0.1285250037908554,1.4594150840471116,1.2259960219162667,3.0123526091542505,,,,,,,,,,,,,,,,,,1,update_snr,bayesian,0.1,20,101770,10177,0.1,0.026871056428711862,0.014537674385003857,0.014023619850705726,0.02686968874935815,0.014537674385003857,0.014023619850705726,0.02686968874935815,0.029707964962830524,0.029098062924574942,0.032922995346153894,0.012852086543023116,0.012531650656429137,0.023761551892396385,0.029707964962830524,0.029098062924574942,0.032922995346153894,0.012852086543023116,0.012531650656429137,0.023761551892396385,0.2745964841581661,0.4381397961049436,0.5310542267830168,0.8473378359402421,0.5310542267830168,814160,203540,81416,122124,0.75,,,,,,,,,0.0074855702248461,11
bayesfl_observability_v1,vi_sparse_bayesian_keep010_seed42,162,vi,287,23,1,,5,256,4.045181739330292,0.0011623300379142165,15.116585340971088,15.116585340971088,,,0.5170437744612155,0.003130018711090088,0.999956724535081,0.5170437744612155,,-0.0,2.259365973874069,4.045181739330292,15.116585340971088,15.116585340971088,0.00014853675288366993,0.0011623300379142165,15.116585340971088,0.000625,55.577133439878985,0.09607021987157807,0.09685762971639633,0.10490272343158723,0.12825657427310944,1.458807697726861,1.224556883352758,3.01275446179159,,,,,,,,,,,,,,,,,,1,update_snr,bayesian,0.1,20,101770,10177,0.1,0.026834976426300363,0.014535972525558216,0.014043949751773265,0.026834920640740494,0.014535972525558216,0.014043949751773265,0.026834920640740494,0.029644721326817253,0.02908201069632936,0.03281727604945779,0.012857222658751657,0.01253760020031473,0.02368752363671425,0.029644721326817253,0.02908201069632936,0.03281727604945779,0.012857222658751657,0.01253760020031473,0.02368752363671425,0.27433822480757203,0.43826111294356285,0.5305899391080487,0.8476286430491344,0.5305899391080487,814160,203540,81416,122124,0.75,,,,,,,,,0.007477575405239253,1
bayesfl_observability_v1,vi_sparse_bayesian_keep010_seed42,162,vi,297,23,72,,5,256,39.22706708908081,0.17224519782596165,0.2093027310208674,0.2093027310208674,,,0.5163274668254926,0.003138802945613861,0.9999568456369,0.5163274668254926,,-0.0,2.3096097079310103,39.22706708908081,15.069796633502454,0.2093027310208674,0.00014807700337528205,0.17224519782596165,0.2093027310208674,0.000625,55.577892842983495,0.0960695976013122,0.09685797244310379,0.10490309968590736,0.12848179042339325,1.4588573268717577,1.2252767574370385,3.013596727476926,,,,,,,,,,,,,,,,,,1,update_snr,bayesian,0.1,20,101770,10177,0.1,0.026809673876797734,0.014508335197373868,0.014010112536080766,0.026809080695917323,0.014508335197373868,0.014010112536080766,0.026809080695917323,0.029605017760131514,0.029048253085882162,0.032769834119928995,0.012830926023734132,0.012477323725157542,0.023684059407465693,0.029605017760131514,0.029048253085882162,0.032769834119928995,0.012830926023734132,0.012477323725157542,0.023684059407465693,0.2741108042425708,0.4375583618169368,0.5308855752491166,0.8474435119772972,0.5308855752491166,814160,203540,81416,122124,0.75,,,,,,,,,0.00747811480718002,72
bayesfl_observability_v1,vi_sparse_bayesian_keep010_seed42,162,vi,278,22,193,,5,256,169.52169818878173,0.13269650750827294,0.08035110647861893,0.08035110647861893,,,0.5238541961118699,0.0031340569257736206,0.9999555805380504,0.5238541961118699,,-0.0,2.185987945410232,169.52169818878173,15.507763550373454,0.08035110647861893,0.0001523805006423647,0.13269650750827294,0.08035110647861893,0.000625,55.57902731876956,0.09606925664035648,0.09686160832643509,0.10489235967397689,0.12849348783493042,1.458964446599748,1.225633053991131,3.0127102263625343,,,,,,,,,,,,,,,,,,1,update_snr,bayesian,0.1,20,101770,10177,0.1,0.027124366708815763,0.014753723543141325,0.014291001557604616,0.027123312853627665,0.014753723543141325,0.014291001557604616,0.027123312853627665,0.029905733676285406,0.029329016275434935,0.033105581703741706,0.013070166861680874,0.01276516588373457,0.024009609785981875,0.029905733676285406,0.029329016275434935,0.033105581703741706,0.013070166861680874,0.01276516588373457,0.024009609785981875,0.27654193069150773,0.44491322676835193,0.5278986648270576,0.8493073646647664,0.5278986648270576,814160,203540,81416,122124,0.75,,,,,,,,,0.007477652319100458,193
bayesfl_observability_v1,vi_sparse_bayesian_keep010_seed42,162,vi,88,7,140,,5,256,54.678223037719725,0.03818043981279646,0.10935794802767201,0.10935794802767201,,,0.5204113285117913,0.0031323060393333435,0.9999561607445353,0.5204113285117913,,-0.0,2.3155014849272724,54.678223037719725,15.310112723874083,0.10935794802767201,0.00015043836812296435,0.03818043981279646,0.10935794802767201,0.000625,55.57815503440373,0.09606878758055165,0.0968673899769783,0.10490629374980927,0.12852707505226135,1.458931336192157,1.22519541922442,3.0142794334651546,,,,,,,,,,,,,,,,,,1,update_snr,bayesian,0.1,20,101770,10177,0.1,0.026923403869460277,0.014648083724664678,0.0141710269154267,0.02692328120316671,0.014648083724664678,0.0141710269154267,0.02692328120316671,0.029714501230304297,0.029116202891377466,0.032881909431291004,0.012974037335149166,0.012667336587816599,0.023866750074329642,0.029714501230304297,0.029116202891377466,0.032881909431291004,0.012974037335149166,0.012667336587816599,0.023866750074329642,0.2748817043978861,0.44189138872659733,0.5282008467877884,0.849119464770808,0.5282008467877884,814160,203540,81416,122124,0.75,,,,,,,,,0.0074772363202662865,140
bayesfl_observability_v1,vi_sparse_bayesian_keep010_seed42,162,vi,125,10,1,,5,256,7.538141822814941,0.6165648102760315,15.126124733079738,15.126124733079738,,,0.5170025018016795,0.003134720027446747,0.9999567294802542,0.5170025018016795,,-0.0,2.311121424016332,7.538141822814941,15.126124733079738,15.126124733079738,0.00014863048769853335,0.6165648102760315,15.126124733079738,0.000625,55.57564292962018,0.09606956279417193,0.09686455875635147,0.10490299686789513,0.12826816737651825,1.4588026239871381,1.2258683285544136,3.0106923904542935,,,,,,,,,,,,,,,,,,1,update_snr,bayesian,0.1,20,101770,10177,0.1,0.026799278933622453,0.014538202698292852,0.014046204788076114,0.0267980837089231,0.014538202698292852,0.014046204788076114,0.0267980837089231,0.02964089974131054,0.02906693510705744,0.032922919457892476,0.012860125249068667,0.012547088372136304,0.023699016733563262,0.02964089974131054,0.02906693510705744,0.032922919457892476,0.012860125249068667,0.012547088372136304,0.023699016733563262,0.2743928646993896,0.4381782088046576,0.5307379823949978,0.8475359544251129,0.5307379823949978,814160,203540,81416,122124,0.75,,,,,,,,,0.007478156859375396,1
bayesfl_observability_v1,vi_sparse_bayesian_keep010_seed42,162,vi,136,10,1,,5,256,5.124273371696472,0.0,15.082072568251775,15.082072568251775,,,0.5166153941683221,0.0031313449144363403,0.9999567931591588,0.5166153941683221,,-0.0,2.3155014849272724,5.124273371696472,15.082072568251775,15.082072568251775,0.00014819762767271077,0.0,15.082072568251775,0.000625,55.57438664727573,0.09606976247178181,0.09686471149325371,0.10490478128194809,0.12852376699447632,1.45879460918395,1.2260516810339264,3.013627938197754,,,,,,,,,,,,,,,,,,1,update_snr,bayesian,0.1,20,101770,10177,0.1,0.026766174634787972,0.014521454574318768,0.01400016243448077,0.026765828706361072,0.014521454574318768,0.01400016243448077,0.026765828706361072,0.02958997101853889,0.02903370572914019,0.03276711662899256,0.01284717496940542,0.012506347231677272,0.023691501984412423,0.02958997101853889,0.02903370572914019,0.03276711662899256,0.01284717496940542,0.012506347231677272,0.023691501984412423,0.2740360500382149,0.43794486955682443,0.53044499473225,0.847719356605418,0.53044499473225,814160,203540,81416,122124,0.75,,,,,,,,,0.007477985362200701,1
bayesfl_observability_v1,vi_sparse_bayesian_keep010_seed42,162,vi,119,9,1,,5,256,7.839795064926148,0.44020241498947144,15.146221501869201,15.146221501869201,,,0.5177135044856673,0.00313490629196167,0.9999566111484812,0.5177135044856673,,-0.0,2.3163460082440825,7.839795064926148,15.146221501869201,15.146221501869201,0.00014882796012448857,0.44020241498947144,15.146221501869201,0.000625,55.57628975304737,0.09607016230246385,0.09686948731541634,0.10489962324500084,0.12842993438243866,1.458810244191283,1.2255105228784524,3.01207260128561,,,,,,,,,,,,,,,,,,1,update_snr,bayesian,0.1,20,101770,10177,0.1,0.02681721680104314,0.014560667839317127,0.014075823041388475,0.026817195957807276,0.014560667839317127,0.014075823041388475,0.026817195957807276,0.029601055586347486,0.029038861236884844,0.032769467573555554,0.012889513645202643,0.01257267680432473,0.023727287398564327,0.029601055586347486,0.029038861236884844,0.032769467573555554,0.012889513645202643,0.01257267680432473,0.023727287398564327,0.2743246345732272,0.43905952625253053,0.5298773012416595,0.8480743161002201,0.5298773012416595,814160,203540,81416,122124,0.75,,,,,,,,,0.00747862228707191,1
bayesfl_observability_v1,vi_sparse_bayesian_keep010_seed42,162,vi,251,20,1,,5,256,6.500436782836914,0.36305707693099976,15.102890075658518,15.102890075658518,,,0.516637808783084,0.003134343773126602,0.9999567978945832,0.516637808783084,,-0.0,2.3163460082440825,6.500436782836914,15.102890075658518,15.102890075658518,0.00014840218213283402,0.36305707693099976,15.102890075658518,0.000625,55.57985093316149,0.09606966360787769,0.096864502876997,0.10490259155631065,0.128553569316864,1.4589437846726423,1.2256356680193676,3.0124909643714455,,,,,,,,,,,,,,,,,,1,update_snr,bayesian,0.1,20,101770,10177,0.1,0.026789393699219923,0.014522271214881966,0.014055732345264367,0.026788885650377615,0.014522271214881966,0.014055732345264367,0.026788885650377615,0.02961540742215206,0.029060582144697106,0.032852681798017015,0.012845256080740842,0.012517666030856908,0.02369836817730228,0.02961540742215206,0.029060582144697106,0.032852681798017015,0.012845256080740842,0.012517666030856908,0.02369836817730228,0.27404371007689543,0.43796651747762294,0.5304368077945989,0.8477244793779852,0.5304368077945989,814160,203540,81416,122124,0.75,,,,,,,,,0.007477845116291703,1
bayesfl_observability_v1,vi_sparse_bayesian_keep010_seed42,162,vi,14,1,7,,5,256,31.37360076904297,1.9285174778529577,2.1538874572246423,2.1538874572246423,,,0.5164453418475119,0.0031360983848571777,0.9999568248194649,0.5164453418475119,,0.410116318288409,1.9178355689619568,31.37360076904297,15.077212200572495,2.1538874572246423,0.0001481498693187825,1.9285174778529577,2.1538874572246423,0.000625,55.57723833909815,0.09606908774677833,0.09686290472745895,0.10489657893776894,0.12829965353012085,1.4588401920161993,1.2256356958876429,3.013798406973718,,,,,,,,,,,,,,,,,,1,update_snr,bayesian,0.1,20,101770,10177,0.1,0.026798974289766856,0.014503786385244266,0.01400116920595416,0.026798338849860864,0.014503786385244266,0.01400116920595416,0.026798338849860864,0.029625962084784678,0.029057117313014986,0.03278163485424019,0.012823544640850885,0.012466349780359655,0.02365254660822845,0.029625962084784678,0.029057117313014986,0.03278163485424019,0.012823544640850885,0.012466349780359655,0.02365254660822845,0.27434238930129057,0.43755233349675177,0.5312128255816357,0.8472384162309775,0.5312128255816357,814160,203540,81416,122124,0.75,,,,,,,,,0.007477566731488869,7
bayesfl_observability_v1,vi_sparse_bayesian_keep010_seed42,162,vi,147,11,1921,,5,256,163.16251395940782,0.07716193936381223,0.05362415119341305,0.05362415119341305,,,1.3439700048243575,0.01868322491645813,0.999707785658705,1.3439700048243575,,0.7419061377582201,1.6227932907659905,163.16251395940782,103.01199444254647,0.05362415119341305,0.001012203934779861,0.07716193936381223,0.05362415119341305,0.000625,55.5969800512251,0.09620865998725427,0.09699181094765663,0.10507652163505554,0.12861621379852295,1.457263173696043,1.2246920992766748,3.0104592787940416,,,,,,,,,,,,,,,,,,1,update_snr,bayesian,0.1,20,101770,10177,0.1,0.07231429190710544,0.03529488377489274,0.029905640096581955,0.07230699646738072,0.03529488377489274,0.029905640096581955,0.07230699646738072,0.09123172596311023,0.08602108179841705,0.11381328996491262,0.029079679087313005,0.02655689008944281,0.05783252300210107,0.09123172596311023,0.08602108179841705,0.11381328996491262,0.029079679087313005,0.02655689008944281,0.05783252300210107,0.8781543114584286,1.0173988299258852,0.6534032071446372,0.7570100718571083,0.6534032071446372,814160,203540,81416,122124,0.75,,,,,,,,,0.007502336563747752,1921
bayesfl_observability_v1,vi_sparse_bayesian_keep010_seed42,162,vi,42,3,1,,5,256,5.129996681213379,2.3483953555114567e-05,15.093628937456286,15.093628937456286,,,0.5166151264053548,0.003135436214506626,0.9999567932453414,0.5166151264053548,,-0.0,2.3163460082440825,5.129996681213379,15.093628937456286,15.093628937456286,0.00014831118146267354,2.3483953555114567e-05,15.093628937456286,0.000625,55.57444769072235,0.09606918167398647,0.0968681089580059,0.10489839315414429,0.1279413104057312,1.4587889773228544,1.225012268703163,3.011909077125611,,,,,,,,,,,,,,,,,,1,update_snr,bayesian,0.1,20,101770,10177,0.1,0.026843703319437036,0.014521218784129809,0.014000962149003331,0.026843479722645225,0.014521218784129809,0.014000962149003331,0.026843479722645225,0.029655856187177285,0.02910832073816267,0.03280082977715219,0.012839592406013421,0.012527765715987398,0.023667088825918385,0.029655856187177285,0.02910832073816267,0.03280082977715219,0.012839592406013421,0.012527765715987398,0.023667088825918385,0.27422350631846093,0.4378272004035723,0.530808124466908,0.8474920265111195,0.530808124466908,814160,203540,81416,122124,0.75,,,,,,,,,0.007478369849373387,1
bayesfl_observability_v1,vi_sparse_bayesian_keep010_seed42,162,vi,171,13,11,,5,256,17.395154190063476,0.5392494201660156,1.3794560274173728,1.3794560274173728,,,0.5179865995887313,0.003136955201625824,0.9999565629713665,0.5179865995887313,,0.6791932659915256,1.6161745905690754,17.395154190063476,15.1740163015911,1.3794560274173728,0.00014910107400600473,0.5392494201660156,1.3794560274173728,0.000625,55.57334926189916,0.0960700292723729,0.09686712175607681,0.10490348413586617,0.12828944623470306,1.458716490045332,1.2248587391864514,3.0129004224250813,,,,,,,,,,,,,,,,,,1,update_snr,bayesian,0.1,20,101770,10177,0.1,0.026823247849808433,0.014570805235592834,0.014068842434914155,0.026823235502458746,0.014570805235592834,0.014068842434914155,0.026823235502458746,0.029688095126257173,0.029095932135608783,0.03295332705808924,0.012891106358852355,0.012587614419917528,0.02371723858395441,0.029688095126257173,0.029095932135608783,0.03295332705808924,0.012891106358852355,0.012587614419917528,0.02371723858395441,0.27464099367590666,0.43918383616226964,0.5302086847303866,0.8478671774732607,0.5302086847303866,814160,203540,81416,122124,0.75,,,,,,,,,0.007478101296514174,11
bayesfl_observability_v1,vi_sparse_bayesian_keep010_seed42,162,vi,79,6,1614,,5,256,233.93391676630293,0.09207758998043623,0.06937478867752638,0.06937478867752638,,,1.4088398117886303,0.01671505719423294,0.9996789566441397,1.4088398117886303,,0.227611568069938,2.10471822493949,233.93391676630293,111.97090892552757,0.06937478867752638,0.001100234930976983,0.09207758998043623,0.06937478867752638,0.000625,55.60194947370227,0.09619327114514843,0.09697851911187172,0.1050635226070881,0.1280306726694107,1.4577206532232583,1.2244564997665628,3.009893924552664,,,,,,,,,,,,,,,,,,1,update_snr,bayesian,0.1,20,101770,10177,0.1,0.076617918113742,0.03696766233954291,0.031210822574666675,0.07661708286389449,0.03696766233954291,0.031210822574666675,0.07661708286389449,0.09513089808662711,0.0905490730150333,0.11731712935336527,0.030505080589866895,0.02766218026276874,0.06092834977571993,0.09513089808662711,0.0905490730150333,0.11731712935336527,0.030505080589866895,0.02766218026276874,0.06092834977571993,0.9171364348067389,1.0694346054016632,0.6509870228911006,0.7590888591116217,0.6509870228911006,814160,203540,81416,122124,0.75,,,,,,,,,0.00749794836487057,1614
bayesfl_observability_v1,vi_sparse_bayesian_keep010_seed42,162,vi,2,0,48,,5,256,23.28234519958496,0.11690326531728108,0.31534441726703305,0.31534441726703305,,,0.5174995614448843,0.003137446939945221,0.9999566505989477,0.5174995614448843,,-0.0,2.185987945410232,23.28234519958496,15.136532028817586,0.31534441726703305,0.0001487327506025114,0.11690326531728108,0.31534441726703305,0.000625,55.57848084263352,0.09606921110758675,0.09686275571584702,0.10489221289753914,0.12846477329730988,1.4589241956848689,1.2257278119019641,3.0131550798841475,,,,,,,,,,,,,,,,,,1,update_snr,bayesian,0.1,20,101770,10177,0.1,0.02681886219832556,0.014546633658019425,0.014064148187001298,0.026818496147908943,0.014546633658019425,0.014064148187001298,0.026818496147908943,0.029667091857701243,0.02909902374249273,0.03284465353003249,0.01286658274694367,0.012516089346473741,0.023711943403103567,0.029667091857701243,0.02909902374249273,0.03284465353003249,0.01286658274694367,0.012516089346473741,0.023711943403103567,0.2746655668741367,0.438593915221537,0.5307551683855671,0.8475251920928419,0.5307551683855671,814160,203540,81416,122124,0.75,,,,,,,,,0.00747748848596222,48
bayesfl_observability_v1,vi_sparse_bayesian_keep010_seed42,162,vi,5,0,1,,5,256,5.9190462827682495,0.09180516749620438,15.183637590687804,15.183637590687804,,,0.5183140588062791,0.003132641315460205,0.9999565143321633,0.5183140588062791,,-0.0,2.311121424016332,5.9190462827682495,15.183637590687804,15.183637590687804,0.00014919561354709447,0.09180516749620438,15.183637590687804,0.000625,55.57863103508845,0.09606982959099271,0.09687149152159691,0.10489299967885017,0.12792405486106873,1.4588792800073165,1.2252837262415968,3.0133540302255493,,,,,,,,,,,,,,,,,,1,update_snr,bayesian,0.1,20,101770,10177,0.1,0.026852528612374183,0.014584544714533104,0.014088054524353081,0.026852174633256995,0.014584544714533104,0.014088054524353081,0.026852174633256995,0.02963636634171978,0.02909508133905473,0.032731538948422643,0.01291212008929014,0.012583016720430232,0.023760107855575772,0.02963636634171978,0.02909508133905473,0.032731538948422643,0.01291212008929014,0.012583016720430232,0.023760107855575772,0.2744534183648347,0.4396871441196524,0.5295118156681377,0.8483025622193017,0.5295118156681377,814160,203540,81416,122124,0.75,,,,,,,,,0.007477991963527273,1
bayesfl_observability_v1,vi_sparse_bayesian_keep010_seed42,163,vi,124,9,63,,5,256,35.745287322998045,0.15040623195587643,0.24174416879079177,0.24174416879079177,,,0.519529375327259,0.0031315088272094727,0.9999563413686556,0.519529375327259,,0.12974069471942834,2.1312291508990175,35.745287322998045,15.229882633819882,0.24174416879079177,0.00014965002096708148,0.15040623195587643,0.24174416879079177,0.000625,55.59869990752474,0.09614214977631842,0.09694196283817291,0.10496730133891106,0.12810677289962769,1.458211042529532,1.2255424086988556,3.0115745238001903,,,,,,,,,,,,,,,,,,1,update_snr,bayesian,0.1,20,101770,10177,0.1,0.02687303571906965,0.014608850077886934,0.01416521449792009,0.026872958938181823,0.014608850077886934,0.01416521449792009,0.026872958938181823,0.02967313720127615,0.029110731412657905,0.03287088541404275,0.012935040397510355,0.012623710387583276,0.02377675990505625,0.02967313720127615,0.029110731412657905,0.03287088541404275,0.012935040397510355,0.012623710387583276,0.02377675990505625,0.27486000218924794,0.4408659104812467,0.5290557478412259,0.8485870701796967,0.5290557478412259,814160,203540,81416,122124,0.75,,,,,,,,,0.007472788892916521,63
bayesfl_observability_v1,vi_sparse_bayesian_keep010_seed42,163,vi,70,5,1,,5,256,5.433903694152832,0.018472423776984215,15.119861065141295,15.119861065141295,,,0.5176954124997736,0.0031335949897766113,0.9999566500707571,0.5176954124997736,,-0.0,2.3277319754160017,5.433903694152832,15.119861065141295,15.119861065141295,0.0001485689404062228,0.018472423776984215,15.119861065141295,0.000625,55.599257706041,0.09614240335203744,0.09693663567304611,0.10495988726615905,0.1282665878534317,1.4582836861234634,1.2259556436526302,3.012157334168038,,,,,,,,,,,,,,,,,,1,update_snr,bayesian,0.1,20,101770,10177,0.1,0.0268530200389108,0.014539007614759831,0.014029560994261094,0.026852840278032593,0.014539007614759831,0.014029560994261094,0.026852840278032593,0.029631894227953093,0.029059311862473087,0.032743389763875565,0.01286202021329391,0.012536051443724773,0.023733012632719347,0.029631894227953093,0.029059311862473087,0.032743389763875565,0.01286202021329391,0.012536051443724773,0.023733012632719347,0.27477252832088817,0.43875801736658615,0.5307609874194285,0.8475215479464541,0.5307609874194285,814160,203540,81416,122124,0.75,,,,,,,,,0.0074722721524546525,1
bayesfl_observability_v1,vi_sparse_bayesian_keep010_seed42,163,vi,220,17,1,,5,256,6.584034156799317,0.0008117241668514907,15.05750143018331,15.05750143018331,,,0.5164915764124154,0.0031352341175079346,0.9999568548265814,0.5164915764124154,,-0.0,2.3096097079310103,6.584034156799317,15.05750143018331,15.05750143018331,0.00014795618974337534,0.0008117241668514907,15.05750143018331,0.000625,55.600833855835816,0.09614334755049211,0.09693770110607147,0.10496846735477447,0.1283227503299713,1.45830141640134,1.2258988316105097,3.0119702467903204,,,,,,,,,,,,,,,,,,1,update_snr,bayesian,0.1,20,101770,10177,0.1,0.026817228997510878,0.014488113249715896,0.013977579138997304,0.026816187104362073,0.014488113249715896,0.013977579138997304,0.026816187104362073,0.02964048259442557,0.029052437341994298,0.03285826305160318,0.012804516655859265,0.01247842270195938,0.023685964008472508,0.02964048259442557,0.029052437341994298,0.03285826305160318,0.012804516655859265,0.01247842270195938,0.023685964008472508,0.27443100838613294,0.43755133429250587,0.531336852175497,0.8471606397373725,0.531336852175497,814160,203540,81416,122124,0.75,,,,,,,,,0.007472154772565926,1
bayesfl_observability_v1,vi_sparse_bayesian_keep010_seed42,163,vi,223,17,1,,5,256,12.471496295928954,1.9658690690994263,15.004333724747957,15.004333724747957,,,0.5155706909627209,0.0031287781894207,0.999957000677854,0.5155706909627209,,-0.0,2.311121424016332,12.471496295928954,15.004333724747957,15.004333724747957,0.00014743375970077582,1.9658690690994263,15.004333724747957,0.000625,55.59587875509701,0.09614336240699521,0.09694316983222961,0.1049609586596489,0.1285630315542221,1.458147700059041,1.2251237063848897,3.011200490558704,,,,,,,,,,,,,,,,,,1,update_snr,bayesian,0.1,20,101770,10177,0.1,0.0267338862625856,0.014483031358361034,0.013982602654585171,0.02673384463965691,0.014483031358361034,0.013982602654585171,0.02673384463965691,0.029544341004713592,0.029006573066916532,0.032658333823183346,0.012809552508766303,0.012478552386499213,0.023616493961461225,0.029544341004713592,0.029006573066916532,0.032658333823183346,0.012809552508766303,0.012478552386499213,0.023616493961461225,0.27400082483333116,0.4367341128998646,0.5314515150612842,0.8470887126736288,0.5314515150612842,814160,203540,81416,122124,0.75,,,,,,,,,0.007472794425927673,1
bayesfl_observability_v1,vi_sparse_bayesian_keep010_seed42,163,vi,15,1,1,,5,256,6.759357023239136,0.8102121949195862,15.085649214260835,15.085649214260835,,,0.5169620665206694,0.0031304359436035156,0.9999567678905232,0.5169620665206694,,-0.0,2.3277319754160017,6.759357023239136,15.085649214260835,15.085649214260835,0.00014823277207684813,0.8102121949195862,15.085649214260835,0.000625,55.59532594854087,0.09614255553583821,0.0969383530318737,0.1049663096666336,0.12816673517227173,1.4581392950629375,1.2260187856764109,3.010107993061107,,,,,,,,,,,,,,,,,,1,update_snr,bayesian,0.1,20,101770,10177,0.1,0.026772299794074594,0.014523409470587476,0.013984375620668886,0.026771341183018438,0.014523409470587476,0.013984375620668886,0.026771341183018438,0.029583888552954792,0.029010553486233093,0.0327598006602485,0.012850022905879997,0.012487974646704685,0.02369338448575985,0.029583888552954792,0.029010553486233093,0.0327598006602485,0.012850022905879997,0.012487974646704685,0.02369338448575985,0.27400704745661286,0.4383718925358134,0.5300331788380016,0.8479769037720801,0.5300331788380016,814160,203540,81416,122124,0.75,,,,,,,,,0.00747234734152233,1
bayesfl_observability_v1,vi_sparse_bayesian_keep010_seed42,163,vi,50,4,1,,5,256,7.761679792404175,1.4571735858917236,15.084742387227365,15.084742387227365,,,0.5166023253912173,0.003135446459054947,0.9999568301912336,0.5166023253912173,,-0.0,2.3163460082440825,7.761679792404175,15.084742387227365,15.084742387227365,0.00014822386152331106,1.4571735858917236,15.084742387227365,0.000625,55.597542681575476,0.09614279156056049,0.09693369269371033,0.10496195927262306,0.12815849483013153,1.458149329725476,1.2259151418797836,3.009440691425324,,,,,,,,,,,,,,,,,,1,update_snr,bayesian,0.1,20,101770,10177,0.1,0.026777979655280136,0.014517595584989289,0.013992884990587814,0.02677730859223577,0.014517595584989289,0.013992884990587814,0.02677730859223577,0.029647995893221573,0.02908379065063559,0.03293950376042397,0.012836439995185701,0.012475915392392187,0.02364715626490532,0.029647995893221573,0.02908379065063559,0.03293950376042397,0.012836439995185701,0.012475915392392187,0.02364715626490532,0.2744703575083647,0.43765738363341217,0.5312991134922036,0.8471843081658198,0.5312991134922036,814160,203540,81416,122124,0.75,,,,,,,,,0.0074733653871842725,1
bayesfl_observability_v1,vi_sparse_bayesian_keep010_seed42,163,vi,185,14,41,,5,256,30.49244327545166,0.1678793604780988,0.36823141379526486,0.36823141379526486,,,0.5168566027983504,0.0031323060393333435,0.9999567909357835,0.5168566027983504,,-0.0,2.185987945410232,30.49244327545166,15.09748796560586,0.36823141379526486,0.00014834910057586576,0.1678793604780988,0.36823141379526486,0.000625,55.59951455984153,0.09614318019772801,0.0969386138021946,0.10496936365962029,0.12854838371276855,1.4582569041621154,1.2256743137409352,3.0117637095130427,,,,,,,,,,,,,,,,,,1,update_snr,bayesian,0.1,20,101770,10177,0.1,0.026844348439445363,0.014528370259278917,0.014040075059332024,0.02684434535732822,0.014528370259278917,0.014040075059332024,0.02684434535732822,0.02965662936600391,0.02906983025714685,0.0328996746016038,0.01284745258075392,0.012526453275258548,0.023643336233016586,0.02965662936600391,0.02906983025714685,0.0328996746016038,0.01284745258075392,0.012526453275258548,0.023643336233016586,0.27428159667114144,0.43807573955171397,0.5306725215197673,0.8475769433531403,0.5306725215197673,814160,203540,81416,122124,0.75,,,,,,,,,0.007472565917707194,41
bayesfl_observability_v1,vi_sparse_bayesian_keep010_seed42,163,vi,10,0,11,,5,256,49.226674270629886,1.5733084245161577,1.3713900429550323,1.3713900429550323,,,0.516798466495257,0.0031360387802124023,0.9999567954004142,0.516798466495257,,-0.0,2.3163460082440825,49.226674270629886,15.085290472505354,1.3713900429550323,0.0001482292470522291,1.5733084245161577,1.3713900429550323,0.000625,55.59555844107989,0.09614193648402988,0.09693359956145287,0.10497374087572098,0.128187358379364,1.4582013733990296,1.225782754757926,3.0106127202334867,,,,,,,,,,,,,,,,,,1,update_snr,bayesian,0.1,20,101770,10177,0.1,0.02679202431931386,0.014514201162228114,0.014016967683272229,0.026792007466101525,0.014514201162228114,0.014016967683272229,0.026792007466101525,0.02961775089337593,0.029059237362345714,0.03273549580367098,0.012836028969878356,0.012486155994217582,0.02369993882291,0.02961775089337593,0.029059237362345714,0.03273549580367098,0.012836028969878356,0.012486155994217582,0.02369993882291,0.27408260481700336,0.4381316933395433,0.5303471712594929,0.8477805600136478,0.5303471712594929,814160,203540,81416,122124,0.75,,,,,,,,,0.007472832038492392,11
bayesfl_observability_v1,vi_sparse_bayesian_keep010_seed42,163,vi,282,22,9,,5,256,9.781939554214478,0.6502415339152018,1.6825836997172745,1.6825836997172745,,,0.5179456091217922,0.003137335181236267,0.9999566047849683,0.5179456091217922,,-0.0,2.185987945410232,9.781939554214478,15.143253297455471,1.6825836997172745,0.0001487987943151761,0.6502415339152018,1.6825836997172745,0.000625,55.59705740683588,0.09614219768786372,0.09693971276283264,0.10496113821864128,0.1280205398797989,1.4582079493169275,1.224449464301855,3.0109420828489064,,,,,,,,,,,,,,,,,,1,update_snr,bayesian,0.1,20,101770,10177,0.1,0.02683940454631785,0.014544482969984814,0.01410838953084892,0.026839134100825626,0.014544482969984814,0.01410838953084892,0.026839134100825626,0.02965339221996502,0.029062452326423915,0.032878552859695896,0.01286571527554257,0.012563778942281237,0.023707609483356044,0.02965339221996502,0.029062452326423915,0.032878552859695896,0.01286571527554257,0.012563778942281237,0.023707609483356044,0.27468422770661693,0.43910844794624926,0.5303341178475487,0.8477887257134662,0.5303341178475487,814160,203540,81416,122124,0.75,,,,,,,,,0.007472309322444602,9
bayesfl_observability_v1,vi_sparse_bayesian_keep010_seed42,163,vi,251,20,1,,5,256,9.020024251937866,1.7531917095184326,15.050549660833848,15.050549660833848,,,0.5164405128123146,0.0031353235244750977,0.9999568592790786,0.5164405128123146,,-0.0,2.3163460082440825,9.020024251937866,15.050549660833848,15.050549660833848,0.00014788788111264468,1.7531917095184326,15.050549660833848,0.000625,55.598869191035995,0.09614211195947889,0.09694168716669083,0.10497333854436874,0.12852954864501953,1.458257678586316,1.224940160996812,3.0122392201950747,,,,,,,,,,,,,,,,,,1,update_snr,bayesian,0.1,20,101770,10177,0.1,0.02680082065514767,0.014503385626058338,0.014002339704846304,0.02680051191604943,0.014503385626058338,0.014002339704846304,0.02680051191604943,0.02956249172440848,0.028999409809938214,0.0326092515771084,0.012830151615130543,0.012478122194970591,0.023668405895793443,0.02956249172440848,0.028999409809938214,0.0326092515771084,0.012830151615130543,0.012478122194970591,0.023668405895793443,0.27422291563384327,0.43762152119739345,0.530986452128905,0.8473803087490046,0.530986452128905,814160,203540,81416,122124,0.75,,,,,,,,,0.007473379266702943,1
bayesfl_observability_v1,vi_sparse_bayesian_keep010_seed42,163,vi,254,20,1,,5,256,10.71949553489685,0.34385234117507935,15.073690111982142,15.073690111982142,,,0.5168187435180239,0.0031357258558273315,0.9999567974700353,0.5168187435180239,,-0.0,2.28098669344155,10.71949553489685,15.073690111982142,15.073690111982142,0.00014811526100011932,0.34385234117507935,15.073690111982142,0.000625,55.59961738540432,0.0961423748744498,0.09694396704435349,0.10496296286582947,0.12794117629528046,1.45822721482388,1.2253293236537428,3.0102665592693167,,,,,,,,,,,,,,,,,,1,update_snr,bayesian,0.1,20,101770,10177,0.1,0.02676354759294739,0.014513247162341958,0.01402406751497138,0.026763223761274747,0.014513247162341958,0.01402406751497138,0.026763223761274747,0.02959008718411794,0.028991566109569586,0.032801052756149175,0.01283804271547796,0.012504734277178136,0.023666027723537198,0.02959008718411794,0.028991566109569586,0.032801052756149175,0.01283804271547796,0.012504734277178136,0.023666027723537198,0.2743353358907676,0.43799741681115967,0.5308153764380649,0.847487484354144,0.5308153764380649,814160,203540,81416,122124,0.75,,,,,,,,,0.007472551409288827,1
bayesfl_observability_v1,vi_sparse_bayesian_keep010_seed42,163,vi,261,20,20,,5,256,49.17370557785034,1.068656826019287,0.7585911609860634,0.7585911609860634,,,0.5185156052108114,0.0031363219022750854,0.9999565080938283,0.5185156052108114,,-0.0,2.311121424016332,49.17370557785034,15.171823219721267,0.7585911609860634,0.00014907952461158756,1.068656826019287,0.7585911609860634,0.000625,55.5959270499753,0.09614189305213061,0.09693530201911926,0.10496281087398529,0.12834227085113525,1.4581450949897607,1.2249827032693763,3.0095920256968247,,,,,,,,,,,,,,,,,,1,update_snr,bayesian,0.1,20,101770,10177,0.1,0.02683280040654136,0.014567397752670555,0.014090938027093554,0.02683255111413102,0.014567397752670555,0.014090938027093554,0.02683255111413102,0.02967137558709959,0.029089976366114028,0.032890875655139325,0.012889177993289551,0.012596058673833033,0.023761058863074027,0.02967137558709959,0.029089976366114028,0.032890875655139325,0.012889177993289551,0.012596058673833033,0.023761058863074027,0.2744778376063091,0.4399094787681879,0.5293530895655791,0.8484016186732416,0.5293530895655791,814160,203540,81416,122124,0.75,,,,,,,,,0.00747287624281329,20
bayesfl_observability_v1,vi_sparse_bayesian_keep010_seed42,163,vi,156,12,71,,5,256,37.074848079681395,0.10360729190665231,0.2123094137107905,0.2123094137107905,,,0.5165943681939029,0.0031295381486415863,0.9999568390000957,0.5165943681939029,,-0.0,2.3096097079310103,37.074848079681395,15.073968373466126,0.2123094137107905,0.00014811799521928,0.10360729190665231,0.2123094137107905,0.000625,55.60137780507456,0.09614282427030778,0.0969410166144371,0.10497064366936684,0.12849301099777222,1.4583103464840221,1.2248421696775451,3.0099538060408095,,,,,,,,,,,,,,,,,,1,update_snr,bayesian,0.1,20,101770,10177,0.1,0.026790096987553955,0.014507441656779935,0.014008395458772135,0.02678991746470003,0.014507441656779935,0.014008395458772135,0.02678991746470003,0.02964663369499003,0.029051817275413568,0.03291883721542286,0.012825309208089924,0.012494001934355039,0.023668106664113786,0.02964663369499003,0.029051817275413568,0.03291883721542286,0.012825309208089924,0.012494001934355039,0.023668106664113786,0.27450647546582213,0.4376253376770933,0.5313772126969579,0.847135324388266,0.5313772126969579,814160,203540,81416,122124,0.75,,,,,,,,,0.0074722213440795195,71
bayesfl_observability_v1,vi_sparse_bayesian_keep010_seed42,163,vi,91,7,1,,5,256,5.52042932510376,0.018064266070723534,15.12914940849174,15.12914940849174,,,0.5176954489543573,0.0031348466873168945,0.9999566582732436,0.5176954489543573,,-0.0,2.3277319754160017,5.52042932510376,15.12914940849174,15.12914940849174,0.00014866020839630285,0.018064266070723534,15.12914940849174,0.000625,55.60263095784044,0.09614331239165105,0.09694195166230202,0.10497021973133087,0.1281338483095169,1.4582766868029515,1.2262457916037324,3.0107156842768803,,,,,,,,,,,,,,,,,,1,update_snr,bayesian,0.1,20,101770,10177,0.1,0.026767983444069058,0.01454883009246523,0.014108253235118244,0.026766047705477924,0.01454883009246523,0.014108253235118244,0.026766047705477924,0.029607263311634765,0.029018200855824385,0.03280303920462166,0.012875670845890839,0.012576365629988947,0.023732251683858122,0.029607263311634765,0.029018200855824385,0.03280303920462166,0.012875670845890839,0.012576365629988947,0.023732251683858122,0.2742400739932308,0.439091060811127,0.5297324412396163,0.8481648075099063,0.5297324412396163,814160,203540,81416,122124,0.75,,,,,,,,,0.007472412524879689,1
bayesfl_observability_v1,vi_sparse_bayesian_keep010_seed42,163,vi,274,21,69,,5,256,50.72842171192169,0.3030936752540478,0.2199733647703649,0.2199733647703649,,,0.5184172726188945,0.0031372010707855225,0.9999565276519873,0.5184172726188945,,-0.0,2.259365973874069,50.72842171192169,15.178162169155177,0.2199733647703649,0.00014914181162577555,0.3030936752540478,0.2199733647703649,0.000625,55.598440071363136,0.09614219386223914,0.09693770110607147,0.10496155843138695,0.12809330224990845,1.4581502946188476,1.2249798818017543,3.0100595902266454,,,,,,,,,,,,,,,,,,1,update_snr,bayesian,0.1,20,101770,10177,0.1,0.026832974522091164,0.014578689408781986,0.014108620196271304,0.026832228996453586,0.014578689408781986,0.014108620196271304,0.026832228996453586,0.029664561352638192,0.029084156365977967,0.032861721332747,0.01290248141502019,0.012585529545965262,0.02375770941509596,0.029664561352638192,0.029084156365977967,0.032861721332747,0.01290248141502019,0.012585529545965262,0.02375770941509596,0.27454220806331675,0.43975339059674307,0.5295776637155795,0.8482614562112019,0.5295776637155795,814160,203540,81416,122124,0.75,,,,,,,,,0.007472162493330575,69
bayesfl_observability_v1,vi_sparse_bayesian_keep010_seed42,164,vi,232,18,259,,5,256,221.83732933998107,0.225884658719582,0.12916211338087846,0.12916211338087846,,,0.7702200279045825,0.006109356880187988,0.999904056613467,0.7702200279045825,,-0.0,2.311121424016332,221.83732933998107,33.45298736564752,0.12916211338087846,0.0003287116769740348,0.225884658719582,0.12916211338087846,0.000625,55.60355440926201,0.09623102924442513,0.09703044220805168,0.1050468236207962,0.128131702542305,1.4570735155660866,1.2245718079824366,3.0084778382440724,,,,,,,,,,,,,,,,,,1,update_snr,bayesian,0.1,20,101770,10177,0.1,0.04106222868956068,0.021133158767872154,0.019466953942193742,0.0410616508866719,0.021133158767872154,0.019466953942193742,0.0410616508866719,0.047443503545607855,0.04613725887533524,0.05490307229284536,0.018209787125901513,0.017393432482642426,0.0346108327057281,0.047443503545607855,0.04613725887533524,0.05490307229284536,0.018209787125901513,0.017393432482642426,0.0346108327057281,0.44838694564083115,0.6262491823261908,0.5821543577108577,0.8130782888493944,0.5821543577108577,814160,203540,81416,122124,0.75,,,,,,,,,0.007470831249367747,259
bayesfl_observability_v1,vi_sparse_bayesian_keep010_seed42,164,vi,178,14,1,,5,256,17.905725145339964,13.13656997680664,15.07699990916539,15.07699990916539,,,0.5170379081080614,0.0031314045190811157,0.9999567650962502,0.5170379081080614,,-0.0,2.28098669344155,17.905725145339964,15.07699990916539,15.07699990916539,0.00014814778332677007,13.13656997680664,15.07699990916539,0.000625,55.6024257447403,0.0961919924049729,0.09699604660272598,0.1050071120262146,0.12852388620376587,1.4575411358109653,1.2244883597897336,3.0074970361784428,,,,,,,,,,,,,,,,,,1,update_snr,bayesian,0.1,20,101770,10177,0.1,0.026800600847109397,0.014507724136913543,0.013996323331690633,0.026800023238081436,0.014507724136913543,0.013996323331690633,0.026800023238081436,0.029603389944717437,0.029039198733888768,0.03266790441081051,0.012830427936046444,0.01243765123053485,0.023700094851221876,0.029603389944717437,0.029039198733888768,0.03266790441081051,0.012830427936046444,0.01243765123053485,0.023700094851221876,0.274306821249824,0.43827384845160144,0.530535221785892,0.8476628919827709,0.530535221785892,814160,203540,81416,122124,0.75,,,,,,,,,0.007465438827901486,1
bayesfl_observability_v1,vi_sparse_bayesian_keep010_seed42,164,vi,184,14,1,,5,256,7.6268031120300295,0.0831737369298935,15.127032440462871,15.127032440462871,,,0.5179303281549161,0.00313413143157959,0.9999566150946776,0.5179303281549161,,-0.0,2.3163460082440825,7.6268031120300295,15.127032440462871,15.127032440462871,0.00014863940690245525,0.0831737369298935,15.127032440462871,0.000625,55.60209780787106,0.09619218968330842,0.09699506312608719,0.10502069666981698,0.12823408842086792,1.4575812422224774,1.2244912957977983,3.0066233850216313,,,,,,,,,,,,,,,,,,1,update_snr,bayesian,0.1,20,101770,10177,0.1,0.026827656603323848,0.014545755916661171,0.01406677342332037,0.026827624313450475,0.014545755916661171,0.01406677342332037,0.026827624313450475,0.029580960124012706,0.029006673313518902,0.03271245905359197,0.012875177671399892,0.012537791094368613,0.023717352313384264,0.029580960124012706,0.029006673313518902,0.03271245905359197,0.012875177671399892,0.012537791094368613,0.023717352313384264,0.2742328805980124,0.43937245250649876,0.5294783210995662,0.8483234686636844,0.5294783210995662,814160,203540,81416,122124,0.75,,,,,,,,,0.007466248481718332,1
bayesfl_observability_v1,vi_sparse_bayesian_keep010_seed42,164,vi,7,0,80,,5,256,59.7164888381958,0.19828875064849855,0.18859499207942548,0.18859499207942548,,,0.5170944384944419,0.0031373987440019846,0.99995675372255,0.5170944384944419,,-0.0,2.4040642619438994,59.7164888381958,15.087599366354038,0.18859499207942548,0.00014825193442423147,0.19828875064849855,0.18859499207942548,0.000625,55.601331995990286,0.09619276705333886,0.0970061756670475,0.10501444935798646,0.12848559021949768,1.4574847747095123,1.2251085657301974,3.0077538828784425,,,,,,,,,,,,,,,,,,1,update_snr,bayesian,0.1,20,101770,10177,0.1,0.02681403009038732,0.0145073156987619,0.013996253000807616,0.02681399201390154,0.0145073156987619,0.013996253000807616,0.02681399201390154,0.02964990635711919,0.029056039209746778,0.03286589009222344,0.01282480562561109,0.01243713243035029,0.023701929016828802,0.02964990635711919,0.029056039209746778,0.03286589009222344,0.01282480562561109,0.01243713243035029,0.023701929016828802,0.2747461302336026,0.4380653173255588,0.5313267940640514,0.8471669480743553,0.5313267940640514,814160,203540,81416,122124,0.75,,,,,,,,,0.007465456713649615,80
bayesfl_observability_v1,vi_sparse_bayesian_keep010_seed42,164,vi,203,16,1,,5,256,6.8407190322875975,0.18877409398555756,15.092721777161136,15.092721777161136,,,0.5175279481601618,0.003136463463306427,0.9999566777439287,0.5175279481601618,,-0.0,2.311121424016332,6.8407190322875975,15.092721777161136,15.092721777161136,0.00014830226763448104,0.18877409398555756,15.092721777161136,0.000625,55.59805738288178,0.09619298759916331,0.09699400141835213,0.10501871705055237,0.12830057740211487,1.4574309819812177,1.2242995602048978,3.006422571738459,,,,,,,,,,,,,,,,,,1,update_snr,bayesian,0.1,20,101770,10177,0.1,0.026780708822747835,0.014532292718423592,0.014057513758292575,0.02678050178714084,0.014532292718423592,0.014057513758292575,0.02678050178714084,0.029564857353839607,0.028986573780670856,0.03269749289457676,0.012862007758932925,0.012542719618478755,0.023692576420428418,0.029564857353839607,0.028986573780670856,0.03269749289457676,0.012862007758932925,0.012542719618478755,0.023692576420428418,0.27419641037857684,0.4389208421371333,0.5298195225076424,0.848110413548716,0.5298195225076424,814160,203540,81416,122124,0.75,,,,,,,,,0.007466712193948996,1
bayesfl_observability_v1,vi_sparse_bayesian_keep010_seed42,164,vi,118,9,3,,5,256,8.076409816741943,0.07021096845467885,5.03748460894519,5.03748460894519,,,0.5177641002618357,0.0031364113092422485,0.9999566386376831,0.5177641002618357,,-0.0,2.259365973874069,8.076409816741943,15.112453826835571,5.03748460894519,0.0001484961563018136,0.07021096845467885,5.03748460894519,0.000625,55.5987522138395,0.0961929854363938,0.09699846804141998,0.10500374063849449,0.12820585072040558,1.4573996074224915,1.2247875389301077,3.0085516785472795,,,,,,,,,,,,,,,,,,1,update_snr,bayesian,0.1,20,101770,10177,0.1,0.026794445963791252,0.014543369180089201,0.01403437254471238,0.026794396493862158,0.014543369180089201,0.01403437254471238,0.026794396493862158,0.02958482649564641,0.028989386270911698,0.03277088432398466,0.012872096145027287,0.012573799301858552,0.023700357363706345,0.02958482649564641,0.028989386270911698,0.03277088432398466,0.012872096145027287,0.012573799301858552,0.023700357363706345,0.27432991638018567,0.43911588504492605,0.5298357229507719,0.8481002928222777,0.5298357229507719,814160,203540,81416,122124,0.75,,,,,,,,,0.0074665469286800444,3
bayesfl_observability_v1,vi_sparse_bayesian_keep010_seed42,164,vi,87,7,14,,5,256,16.055957412719728,0.09770308222089495,1.0783688998007084,1.0783688998007084,,,0.5174612779749486,0.0031380653381347656,0.9999566912380953,0.5174612779749486,,0.39267446722755217,1.9352627592338563,16.055957412719728,15.097164597209916,1.0783688998007084,0.00014834592313265124,0.09770308222089495,1.0783688998007084,0.000625,55.600575582111205,0.09619243957575967,0.0969969816505909,0.10500958934426309,0.1285337656736374,1.4575481086996478,1.2247905897825815,3.008389809722775,,,,,,,,,,,,,,,,,,1,update_snr,bayesian,0.1,20,101770,10177,0.1,0.026798559662861297,0.014528299911633624,0.014075237515937146,0.026798394052103953,0.014528299911633624,0.014075237515937146,0.026798394052103953,0.02961844772025827,0.029050394461186145,0.03275934177366078,0.012851616821786437,0.012560283444176161,0.023658758378681356,0.02961844772025827,0.029050394461186145,0.03275934177366078,0.012851616821786437,0.012560283444176161,0.023658758378681356,0.2747022118925094,0.4385257905583548,0.5308652523093879,0.8474562430535812,0.5308652523093879,814160,203540,81416,122124,0.75,,,,,,,,,0.0074653867305613415,14
bayesfl_observability_v1,vi_sparse_bayesian_keep010_seed42,164,vi,99,7,4,,5,256,21.109069061279296,2.514680862426758,3.759567613615853,3.759567613615853,,,0.5164424752696691,0.0031328201293945312,0.9999568620760576,0.5164424752696691,,-0.0,2.311121424016332,21.109069061279296,15.038270454463412,3.759567613615853,0.00014776722466801033,2.514680862426758,3.759567613615853,0.000625,55.60091287920856,0.0961930756585542,0.09699273854494095,0.1050030067563057,0.12800569832324982,1.4574244892650716,1.2248902395129493,3.00829271079442,,,,,,,,,,,,,,,,,,1,update_snr,bayesian,0.1,20,101770,10177,0.1,0.026708947829142637,0.014499934118923585,0.014001628655288888,0.026708764027312586,0.014499934118923585,0.014001628655288888,0.026708764027312586,0.02958872739931083,0.029022759262992654,0.032805202342194105,0.01282340153221389,0.012484802338929908,0.023621947755248306,0.02958872739931083,0.029022759262992654,0.032805202342194105,0.01282340153221389,0.012484802338929908,0.023621947755248306,0.27439543930438204,0.4375156833207446,0.5313184961424829,0.8471721523143277,0.5313184961424829,814160,203540,81416,122124,0.75,,,,,,,,,0.00746563022472744,4
bayesfl_observability_v1,vi_sparse_bayesian_keep010_seed42,164,vi,110,8,1,,5,256,8.342528533935546,0.05309643596410751,15.036670021502534,15.036670021502534,,,0.5164577350143258,0.003132842481136322,0.9999568598042001,0.5164577350143258,,-0.0,2.3096097079310103,8.342528533935546,15.036670021502534,15.036670021502534,0.00014775149868824343,0.05309643596410751,15.036670021502534,0.000625,55.60110160653652,0.09619228598230056,0.09699496254324913,0.1049994982779026,0.1278606653213501,1.4575231877316772,1.2250205792012983,3.0080849205916445,,,,,,,,,,,,,,,,,,1,update_snr,bayesian,0.1,20,101770,10177,0.1,0.026757062119060232,0.014494311575134962,0.013948087826361477,0.02675694013189131,0.014494311575134962,0.013948087826361477,0.02675694013189131,0.02957573861557897,0.028977441067509584,0.032782797547668496,0.012818597459530071,0.012480168913760864,0.023653624322826063,0.02957573861557897,0.028977441067509584,0.032782797547668496,0.012818597459530071,0.012480168913760864,0.023653624322826063,0.2744509824394833,0.437498857477514,0.5314103436399698,0.8471145416485599,0.5314103436399698,814160,203540,81416,122124,0.75,,,,,,,,,0.0074655595217336225,1
bayesfl_observability_v1,vi_sparse_bayesian_keep010_seed42,164,vi,80,6,1188,,5,256,254.4766438484192,0.07054719660017225,0.07675149615068859,0.07675149615068859,,,1.274490473585234,0.012471748515963554,0.9997373697010071,1.274490473585234,,-0.0,2.28098669344155,254.4766438484192,91.18077742701804,0.07675149615068859,0.0008959494686746393,0.07054719660017225,0.07675149615068859,0.000625,55.6131746113988,0.09629460647962113,0.09709355980157852,0.1051361083984375,0.12800222635269165,1.4563615326132517,1.224124535750435,3.007241963945946,,,,,,,,,,,,,,,,,,1,update_snr,bayesian,0.1,20,101770,10177,0.1,0.06890031111137138,0.033926158262288474,0.029496625867040875,0.0688994999616807,0.033926158262288474,0.029496625867040875,0.0688994999616807,0.08354270992240954,0.08039717607993109,0.10037649152359335,0.028413208077830578,0.026255969981926516,0.05598768108990352,0.08354270992240954,0.08039717607993109,0.10037649152359335,0.028413208077830578,0.026255969981926516,0.05598768108990352,0.8014452564917426,0.990964917697091,0.6288358156473457,0.7775381128659479,0.6288358156473457,814160,203540,81416,122124,0.75,,,,,,,,,0.007480961442057891,1188
bayesfl_observability_v1,vi_sparse_bayesian_keep010_seed42,164,vi,273,21,19,,5,256,27.554239749908447,0.47370599445543793,0.7895601572973059,0.7895601572973059,,,0.515733468125079,0.003137946128845215,0.9999569863070671,0.515733468125079,,-0.0,2.3096097079310103,27.554239749908447,15.001642988648811,0.7895601572973059,0.00014740732031687934,0.47370599445543793,0.7895601572973059,0.000625,55.603953052310736,0.09619208677180702,0.09698925912380219,0.10500706434249878,0.1285194307565689,1.4575651775802076,1.2249544133496582,3.0075683312881933,,,,,,,,,,,,,,,,,,1,update_snr,bayesian,0.1,20,101770,10177,0.1,0.026763475209164896,0.014455135766472517,0.013916962269405302,0.026763455270264393,0.014455135766472517,0.013916962269405302,0.026763455270264393,0.029624838729668264,0.029037891725101028,0.03287323115274112,0.012769613215006323,0.01237784535777747,0.02363810726619242,0.029624838729668264,0.029037891725101028,0.03287323115274112,0.012769613215006323,0.01237784535777747,0.02363810726619242,0.27464574651735196,0.436521161072689,0.5325342710757393,0.84640844166976,0.5325342710757393,814160,203540,81416,122124,0.75,,,,,,,,,0.007464474506860835,19
bayesfl_observability_v1,vi_sparse_bayesian_keep010_seed42,164,vi,217,17,1,,5,256,6.711147689819336,1.2801786661148071,15.07877881829501,15.07877881829501,,,0.517108648094684,0.0031318962574005127,0.9999567488104302,0.517108648094684,,-0.0,2.311121424016332,6.711147689819336,15.07877881829501,15.07877881829501,0.00014816526302736572,1.2801786661148071,15.07877881829501,0.000625,55.59930221004649,0.09619292854816908,0.09699014574289322,0.10500314235687255,0.12827137112617493,1.4574338264590365,1.2256540820834987,3.006885502065075,,,,,,,,,,,,,,,,,,1,update_snr,bayesian,0.1,20,101770,10177,0.1,0.02680180214930576,0.014525021907605568,0.014070833817026049,0.0268013988729092,0.014525021907605568,0.014070833817026049,0.0268013988729092,0.029575672064350123,0.029017886442546117,0.03274157506776264,0.012852727445745065,0.012557201916498855,0.023663730319580575,0.029575672064350123,0.029017886442546117,0.03274157506776264,0.012852727445745065,0.012557201916498855,0.023663730319580575,0.2745178688945964,0.43822516312037696,0.5308707752347074,0.8474527833464829,0.5308707752347074,814160,203540,81416,122124,0.75,,,,,,,,,0.007465283860073942,1
bayesfl_observability_v1,vi_sparse_bayesian_keep010_seed42,164,vi,223,17,1,,5,256,8.310958862304688,2.2383434772491455,15.040018692209042,15.040018692209042,,,0.5165779484480901,0.003132052719593048,0.9999568368618517,0.5165779484480901,,-0.0,2.311121424016332,8.310958862304688,15.040018692209042,15.040018692209042,0.0001477844029891819,2.2383434772491455,15.040018692209042,0.000625,55.59842950646749,0.09619200947285694,0.09700025618076324,0.105008215457201,0.12855087220668793,1.457422575819868,1.224565036724108,3.0072094863929184,,,,,,,,,,,,,,,,,,1,update_snr,bayesian,0.1,20,101770,10177,0.1,0.02679853411713139,0.014487468228255753,0.014001782201608155,0.02679793105855833,0.014487468228255753,0.014001782201608155,0.02679793105855833,0.02958569864620687,0.02900414579314053,0.0327939212861854,0.01280988707070563,0.012488746941407808,0.02366105021668469,0.02958569864620687,0.02900414579314053,0.0327939212861854,0.01280988707070563,0.012488746941407808,0.02366105021668469,0.274632997556766,0.4375265631659672,0.5316390263692476,0.8469710417960928,0.5316390263692476,814160,203540,81416,122124,0.75,,,,,,,,,0.007465778408698897,1
bayesfl_observability_v1,vi_sparse_bayesian_keep010_seed42,164,vi,279,22,125,,5,256,60.39133596420288,0.15036595153808593,0.12116378250377362,0.12116378250377362,,,0.5183053844088382,0.0031343847513198853,0.9999565499050035,0.5183053844088382,,-0.0,2.259365973874069,60.39133596420288,15.145472812971702,0.12116378250377362,0.00014882060344867547,0.15036595153808593,0.12116378250377362,0.000625,55.600633665619036,0.09619202079470855,0.09699699655175209,0.10499856621026993,0.12799009680747986,1.4575640789435713,1.2244264951105457,3.007364191976454,,,,,,,,,,,,,,,,,,1,update_snr,bayesian,0.1,20,101770,10177,0.1,0.026852703726185832,0.014542308390962462,0.013995603445356705,0.02685227126975512,0.014542308390962462,0.013995603445356705,0.02685227126975512,0.029679963354912797,0.02911565622230014,0.032880988759240413,0.012860346728301315,0.01251018654546791,0.023728634963290314,0.029679963354912797,0.02911565622230014,0.032880988759240413,0.012860346728301315,0.01251018654546791,0.023728634963290314,0.2748007884534772,0.43945989370196326,0.530190881128711,0.8478783105894153,0.530190881128711,814160,203540,81416,122124,0.75,,,,,,,,,0.0074653750531803904,125
bayesfl_observability_v1,vi_sparse_bayesian_keep010_seed42,164,vi,13,1,2367,,5,256,102.79420475721359,0.012005882533633059,0.04658563044649235,0.04658563044649235,,,1.391340757696417,0.02275756001472473,0.9996871082938841,1.391340757696417,,0.003375492055621423,2.400659735165369,102.79420475721359,110.26818726684739,0.04658563044649235,0.001083503854444801,0.012005882533633059,0.04658563044649235,0.000625,55.62256426602958,0.09635029425351298,0.09715335071086884,0.10518450662493706,0.12856678664684296,1.455672979158822,1.223857555292865,3.0063587495747393,,,,,,,,,,,,,,,,,,1,update_snr,bayesian,0.1,20,101770,10177,0.1,0.07493936713787511,0.0362936714130458,0.030544436305421172,0.07493718532370272,0.0362936714130458,0.030544436305421172,0.07493718532370272,0.09486110172576341,0.08931836287011324,0.11850806525148684,0.029786179156077185,0.027062415529531852,0.05948149981407612,0.09486110172576341,0.08931836287011324,0.11850806525148684,0.029786179156077185,0.027062415529531852,0.05948149981407612,0.9185359005385328,1.0450458858103358,0.6601804018587892,0.7511070742587699,0.6601804018587892,814160,203540,81416,122124,0.75,,,,,,,,,0.0074938842313819485,2367
bayesfl_observability_v1,vi_sparse_bayesian_keep010_seed42,165,vi,92,7,1,,5,256,6.086921977996826,0.1693107634782791,15.043336554561895,15.043336554561895,,,0.5171252169032867,0.0031319111585617065,0.9999567737328068,0.5171252169032867,,-0.0,2.3163460082440825,6.086921977996826,15.043336554561895,15.043336554561895,0.0001478170045648216,0.1693107634782791,15.043336554561895,0.000625,55.617507837859655,0.0962674235064312,0.09707926586270332,0.10507709085941315,0.12856550514698029,1.4567633681055805,1.2247651593757372,3.007934323027995,,,,,,,,,,,,,,,,,,1,update_snr,bayesian,0.1,20,101770,10177,0.1,0.026724015479571345,0.014507015840199708,0.014030461454028434,0.026723857630620823,0.014507015840199708,0.014030461454028434,0.026723857630620823,0.02951726008794684,0.028953805400939288,0.032706104672199796,0.012839210923783359,0.01254136495300578,0.023646658779754075,0.02951726008794684,0.028953805400939288,0.032706104672199796,0.012839210923783359,0.01254136495300578,0.023646658779754075,0.27414918356431756,0.4384754441337501,0.5301408142616051,0.8479096160877303,0.5301408142616051,814160,203540,81416,122124,0.75,,,,,,,,,0.007459356862167873,1
bayesfl_observability_v1,vi_sparse_bayesian_keep010_seed42,165,vi,97,7,1882,,5,256,125.66467599272728,0.0337207442769082,0.05549167988757408,0.05549167988757408,,,1.3580823759603893,0.016935735940933228,0.9997020359875253,1.3580823759603893,,-0.0,2.3096097079310103,125.66467599272728,104.43534154841441,0.05549167988757408,0.0010261898550497632,0.0337207442769082,0.05549167988757408,0.000625,55.63641027734273,0.0964087847709565,0.09721486642956734,0.10525729581713676,0.12867365777492523,1.4552800029847,1.2240047893063042,3.0043318391121616,,,,,,,,,,,,,,,,,,1,update_snr,bayesian,0.1,20,101770,10177,0.1,0.07309826679031772,0.035613239222435374,0.030166482442142116,0.0730928655622327,0.035613239222435374,0.030166482442142116,0.0730928655622327,0.09172673306219524,0.08682335679073093,0.11397625676350123,0.02937840657357316,0.026743381222193465,0.05839166458560493,0.09172673306219524,0.08682335679073093,0.11397625676350123,0.02937840657357316,0.026743381222193465,0.05839166458560493,0.8856861197154406,1.0295376813102206,0.65215935011977,0.7580819098562904,0.65215935011977,814160,203540,81416,122124,0.75,,,,,,,,,0.007484415572947618,1882
bayesfl_observability_v1,vi_sparse_bayesian_keep010_seed42,165,vi,30,2,189,,5,256,34.17919788360596,0.08621838483860884,0.07978500650614777,0.07978500650614777,,,0.5176798590905503,0.00313393771648407,0.999956681952199,0.5176798590905503,,-0.0,2.4040642619438994,34.17919788360596,15.079366229661927,0.07978500650614777,0.00014817103497751722,0.08621838483860884,0.07978500650614777,0.000625,55.61812785241081,0.09626787780238015,0.09708010777831078,0.10507513880729676,0.12834593653678894,1.456764567075206,1.2250677914575197,3.0055205807086223,,,,,,,,,,,,,,,,,,1,update_snr,bayesian,0.1,20,101770,10177,0.1,0.02676114020949702,0.014516572954781778,0.014007905997652195,0.026760692379728102,0.014516572954781778,0.014007905997652195,0.026760692379728102,0.0295821443187996,0.028990789693647438,0.03281790669066868,0.012842620581002023,0.012491055905583383,0.023680400501804064,0.0295821443187996,0.028990789693647438,0.03281790669066868,0.012842620581002023,0.012491055905583383,0.023680400501804064,0.2745274720720584,0.43889304344650687,0.5303035597219155,0.847807840578433,0.5303035597219155,814160,203540,81416,122124,0.75,,,,,,,,,0.007460145599741659,189
bayesfl_observability_v1,vi_sparse_bayesian_keep010_seed42,165,vi,236,18,2,,5,256,7.3276313781738285,0.054444506764411926,7.51991591798576,7.51991591798576,,,0.5165332605538488,0.0031295567750930786,0.9999568714228356,0.5165332605538488,,-0.0,2.259365973874069,7.3276313781738285,15.03983183597152,7.51991591798576,0.00014778256692514022,0.054444506764411926,7.51991591798576,0.000625,55.61661019598424,0.09626808914351266,0.09707137197256088,0.10507746115326881,0.12821480631828308,1.456714931799842,1.2251633939571491,3.0065885398684435,,,,,,,,,,,,,,,,,,1,update_snr,bayesian,0.1,20,101770,10177,0.1,0.026783268469605187,0.014498456302060841,0.013983035196027858,0.026783047215574597,0.014498456302060841,0.013983035196027858,0.026783047215574597,0.02960490684946952,0.029024019565426377,0.032789429527276356,0.012819961796793206,0.012511881464375235,0.023629098079532635,0.02960490684946952,0.029024019565426377,0.032789429527276356,0.012819961796793206,0.012511881464375235,0.023629098079532635,0.27437045904024615,0.4376385043211291,0.5311767508370216,0.8472610337848807,0.5311767508370216,814160,203540,81416,122124,0.75,,,,,,,,,0.007460605797529258,2
bayesfl_observability_v1,vi_sparse_bayesian_keep010_seed42,165,vi,290,23,1103,,5,256,146.61854964256287,0.04065914664177709,0.07004864003675454,0.07004864003675454,,,1.1691228616684848,0.012790724635124207,0.999779125760512,1.1691228616684848,,-0.0,2.3096097079310103,146.61854964256287,77.26364996054026,0.07004864003675454,0.0007591986829177584,0.04065914664177709,0.07004864003675454,0.000625,55.6283900717822,0.0963725838000503,0.09718112275004387,0.1052027091383934,0.12879392504692078,1.4555103434425811,1.2231676223418047,3.0007746045245076,,,,,,,,,,,,,,,,,,1,update_snr,bayesian,0.1,20,101770,10177,0.1,0.06305266617417689,0.030949429018373616,0.026727121072872423,0.06305110755158717,0.030949429018373616,0.026727121072872423,0.06305110755158717,0.07781343774084677,0.0741375113134391,0.09559419570959343,0.025742316938098822,0.023722147270259307,0.05074068436933136,0.07781343774084677,0.0741375113134391,0.09559419570959343,0.025742316938098822,0.023722147270259307,0.05074068436933136,0.747085583924274,0.8992838239223676,0.639013749896302,0.7691953116364323,0.639013749896302,814160,203540,81416,122124,0.75,,,,,,,,,0.007476502455524208,1103
bayesfl_observability_v1,vi_sparse_bayesian_keep010_seed42,165,vi,283,22,9,,5,256,9.480647087097168,0.014372767673598396,1.6631503579990274,1.6631503579990274,,,0.5157970508331793,0.0031371712684631348,0.9999569961285109,0.5157970508331793,,-0.0,2.185987945410232,9.480647087097168,14.968353221991247,1.6631503579990274,0.00014708021245938142,0.014372767673598396,1.6631503579990274,0.000625,55.61791354791718,0.09626899454030703,0.09707506000995636,0.10507669970393181,0.12807072699069977,1.4567510255040472,1.2260649683999083,3.0068158059961614,,,,,,,,,,,,,,,,,,1,update_snr,bayesian,0.1,20,101770,10177,0.1,0.026705327370396728,0.014453266617676264,0.013961428022586351,0.026705320255505913,0.014453266617676264,0.013961428022586351,0.026705320255505913,0.029465094179270658,0.028906919123613282,0.032600893580700806,0.012785285777499107,0.012448040721283374,0.02362807987920257,0.029465094179270658,0.028906919123613282,0.032600893580700806,0.012785285777499107,0.012448040721283374,0.02362807987920257,0.2739458065567349,0.43703580255876684,0.5311116186380355,0.8473018638877684,0.5311116186380355,814160,203540,81416,122124,0.75,,,,,,,,,0.007459931338612098,9
bayesfl_observability_v1,vi_sparse_bayesian_keep010_seed42,165,vi,85,6,1,,5,256,3.2240434646606446,0.23286500573158264,15.175097980375273,15.175097980375273,,,0.519298469781751,0.0031319092959165573,0.9999564076674324,0.519298469781751,,-0.0,2.3277319754160017,3.2240434646606446,15.175097980375273,15.175097980375273,0.00014911170266655472,0.23286500573158264,15.175097980375273,0.000625,55.615937926258475,0.09626768215611493,0.09706494212150574,0.10507303699851037,0.12844635546207428,1.4567189022329823,1.2250836101504066,3.005485747706752,,,,,,,,,,,,,,,,,,1,update_snr,bayesian,0.1,20,101770,10177,0.1,0.026833893020219313,0.01458664301512338,0.014103334346280708,0.02683358827712893,0.01458664301512338,0.014103334346280708,0.02683358827712893,0.02958323811419975,0.029017749165035696,0.03273004663064615,0.01292035467078156,0.012608424481523826,0.02379416831706954,0.02958323811419975,0.029017749165035696,0.03273004663064615,0.01292035467078156,0.012608424481523826,0.02379416831706954,0.2745775621096686,0.4407698527617098,0.5287471041943704,0.8487794176380976,0.5287471041943704,814160,203540,81416,122124,0.75,,,,,,,,,0.007459762062292566,1
bayesfl_observability_v1,vi_sparse_bayesian_keep010_seed42,165,vi,86,6,1,,5,256,9.359197998046875,0.057958636432886124,15.086024952191115,15.086024952191115,,,0.5175360186167223,0.0031281709671020508,0.9999567047802672,0.5175360186167223,,-0.0,2.3292713582565514,9.359197998046875,15.086024952191115,15.086024952191115,0.00014823646410721348,0.057958636432886124,15.086024952191115,0.000625,55.61734105449119,0.09626856978597968,0.09707727283239365,0.10507413148880004,0.1285187304019928,1.4567666925396263,1.2244651484952764,3.0067278014260195,,,,,,,,,,,,,,,,,,1,update_snr,bayesian,0.1,20,101770,10177,0.1,0.026784677928037584,0.014536327914409172,0.014046281125099612,0.02678446502318253,0.014536327914409172,0.014046281125099612,0.02678446502318253,0.029575991748594477,0.02901750998756946,0.032771846170179246,0.012865254155055246,0.012563480979185852,0.023672606490686907,0.029575991748594477,0.02901750998756946,0.032771846170179246,0.012865254155055246,0.012563480979185852,0.023672606490686907,0.27427476618389485,0.43888139992533093,0.5299626621485793,0.8480209765851263,0.5299626621485793,814160,203540,81416,122124,0.75,,,,,,,,,0.00746023030038916,1
bayesfl_observability_v1,vi_sparse_bayesian_keep010_seed42,165,vi,246,19,85,,5,256,79.64572372436524,0.21036215389476104,0.1797363701784608,0.1797363701784608,,,0.5208137447692232,0.003136366605758667,0.9999561551681962,0.5208137447692232,,-0.0,2.3096097079310103,79.64572372436524,15.277591465169168,0.1797363701784608,0.0001501188116848695,0.21036215389476104,0.1797363701784608,0.000625,55.617696207315596,0.09626760295227754,0.09707611054182053,0.10506962910294533,0.12856875360012054,1.4567642441935735,1.2252668446873143,3.00659109665565,,,,,,,,,,,,,,,,,,1,update_snr,bayesian,0.1,20,101770,10177,0.1,0.026887164801732557,0.014641633212725583,0.014161967912800437,0.026886565468807237,0.014641633212725583,0.014161967912800437,0.026886565468807237,0.029700418500566293,0.029102131042564306,0.0329362444979356,0.012968434847409949,0.012671476046776155,0.02377831462102231,0.029700418500566293,0.029102131042564306,0.0329362444979356,0.012968434847409949,0.012671476046776155,0.02377831462102231,0.2750488646241645,0.44226132411674846,0.5281136824567503,0.8491736797628451,0.5281136824567503,814160,203540,81416,122124,0.75,,,,,,,,,0.007460306112812271,85
bayesfl_observability_v1,vi_sparse_bayesian_keep010_seed42,165,vi,209,16,1,,5,256,5.278852748870849,0.18382687866687775,15.100112999966907,15.100112999966907,,,0.5178232216180738,0.003132835030555725,0.9999566597807813,0.5178232216180738,,-0.0,2.259365973874069,5.278852748870849,15.100112999966907,15.100112999966907,0.0001483748943693319,0.18382687866687775,15.100112999966907,0.000625,55.619106738870144,0.09626743820333653,0.09707118198275566,0.10507749244570733,0.12826597690582275,1.4568529651606306,1.2247114211808299,3.006711735857084,,,,,,,,,,,,,,,,,,1,update_snr,bayesian,0.1,20,101770,10177,0.1,0.026751195018483963,0.01452524674818886,0.014024198064602788,0.026751048043889322,0.01452524674818886,0.014024198064602788,0.026751048043889322,0.02959768185095303,0.029025108571990525,0.03277548619864462,0.012850531736770619,0.012528722153177792,0.023704155302546638,0.02959768185095303,0.029025108571990525,0.03277548619864462,0.012850531736770619,0.012528722153177792,0.023704155302546638,0.2747962264090846,0.4388939767167556,0.5306757498252243,0.8475749220850252,0.5306757498252243,814160,203540,81416,122124,0.75,,,,,,,,,0.007461026370423025,1
bayesfl_observability_v1,vi_sparse_bayesian_keep010_seed42,165,vi,152,12,1,,5,256,7.935043907165527,0.011617271229624748,15.0063578469773,15.0063578469773,,,0.5161085863931043,0.0031325966119766235,0.9999569459276536,0.5161085863931043,,-0.0,2.3277319754160017,7.935043907165527,15.0063578469773,15.0063578469773,0.00014745364888451705,0.011617271229624748,15.0063578469773,0.000625,55.61889845471904,0.09626705693189921,0.09707072004675865,0.10507731065154076,0.12856563925743103,1.4567710352673129,1.2247114366837129,3.0076827017045367,,,,,,,,,,,,,,,,,,1,update_snr,bayesian,0.1,20,101770,10177,0.1,0.02672962672414358,0.014482448951669582,0.013935491963357591,0.026729338892124865,0.014482448951669582,0.013935491963357591,0.026729338892124865,0.029549654131434837,0.02895301534931687,0.03275223577853535,0.012808315042806773,0.012434140902660297,0.023594481239593023,0.029549654131434837,0.02895301534931687,0.03275223577853535,0.012808315042806773,0.012434140902660297,0.023594481239593023,0.2744061084510914,0.43711481397158836,0.531682897137628,0.8469435027741453,0.531682897137628,814160,203540,81416,122124,0.75,,,,,,,,,0.007460256932826823,1
bayesfl_observability_v1,vi_sparse_bayesian_keep010_seed42,165,vi,128,10,1025,,5,256,189.47960330963136,0.045722670554892916,0.07916406836275626,0.07916406836275626,,,1.2007466919606145,0.013094544410705566,0.999767021526119,1.2007466919606145,,0.10892171136653514,2.2170760364031934,189.47960330963136,81.14317007182517,0.07916406836275626,0.0007973191517325849,0.045722670554892916,0.07916406836275626,0.000625,55.6293036076841,0.09636969746654098,0.09716927260160446,0.10520401373505592,0.12799511849880219,1.455454216705591,1.2253607386714593,3.00322201960255,,,,,,,,,,,,,,,,,,1,update_snr,bayesian,0.1,20,101770,10177,0.1,0.06492943729517281,0.03185179537861364,0.02753924262089912,0.0649276392249531,0.03185179537861364,0.02753924262089912,0.0649276392249531,0.07924764898306597,0.07601404321836785,0.09594078353493828,0.026585589422563376,0.024447939598660994,0.05243031841421072,0.07924764898306597,0.07601404321836785,0.09594078353493828,0.026585589422563376,0.024447939598660994,0.05243031841421072,0.7604762628861612,0.929230042476598,0.6333361299079935,0.7738768290581953,0.6333361299079935,814160,203540,81416,122124,0.75,,,,,,,,,0.00747655051054506,1025
bayesfl_observability_v1,vi_sparse_bayesian_keep010_seed42,165,vi,131,10,1,,5,256,8.27866153717041,1.9391851425170898,15.074163386744704,15.074163386744704,,,0.5177613495714027,0.0031357407569885254,0.9999566691775511,0.5177613495714027,,-0.0,2.259365973874069,8.27866153717041,15.074163386744704,15.074163386744704,0.0001481199114350467,1.9391851425170898,15.074163386744704,0.000625,55.61861243630358,0.09626745898860417,0.09707500413060188,0.1050683654844761,0.12840136885643005,1.456742987932515,1.2243464740949985,3.0096731143523416,,,,,,,,,,,,,,,,,,1,update_snr,bayesian,0.1,20,101770,10177,0.1,0.02678130681664617,0.014520918710213193,0.01404893329377368,0.02678024418582877,0.014520918710213193,0.01404893329377368,0.02678024418582877,0.029543476757752683,0.028981649348625134,0.032642200804285176,0.01285174559381992,0.012541918656232163,0.02368379909809177,0.029543476757752683,0.028981649348625134,0.032642200804285176,0.01285174559381992,0.012541918656232163,0.02368379909809177,0.2745425303269784,0.43897974230214826,0.5302491786114235,0.8478418535209917,0.5302491786114235,814160,203540,81416,122124,0.75,,,,,,,,,0.007459847121279834,1
bayesfl_observability_v1,vi_sparse_bayesian_keep010_seed42,165,vi,52,4,14,,5,256,14.631722593307495,0.126897360597338,1.0769296092702167,1.0769296092702167,,,0.5173064293852266,0.0031296759843826294,0.9999567447547972,0.5173064293852266,,-0.0,2.4040642619438994,14.631722593307495,15.077014529783035,1.0769296092702167,0.00014814792699010547,0.126897360597338,1.0769296092702167,0.000625,55.618316911473144,0.09626737623799904,0.09707578271627426,0.10507040917873382,0.12845845520496368,1.4568067323478269,1.2244451051707257,3.0080449891893624,,,,,,,,,,,,,,,,,,1,update_snr,bayesian,0.1,20,101770,10177,0.1,0.0267592993590741,0.014517748872346924,0.014022149161932472,0.026758450113009306,0.014517748872346924,0.014022149161932472,0.026758450113009306,0.02957765093950982,0.029020548255443694,0.032789734028214876,0.01284442642043994,0.012502424438914764,0.023688502199127416,0.02957765093950982,0.029020548255443694,0.032789734028214876,0.01284442642043994,0.012502424438914764,0.023688502199127416,0.2743707086238283,0.43855063120756177,0.5303833338199446,0.8477579366812448,0.5303833338199446,814160,203540,81416,122124,0.75,,,,,,,,,0.007460573201685853,14
bayesfl_observability_v1,vi_sparse_bayesian_keep010_seed42,165,vi,266,21,1,,5,256,9.384871006011963,3.486880302429199,15.17311017010233,15.17311017010233,,,0.5190542713307863,0.00313520897179842,0.9999564484157042,0.5190542713307863,,-0.0,2.185987945410232,9.384871006011963,15.17311017010233,15.17311017010233,0.00014909217028694438,3.486880302429199,15.17311017010233,0.000625,55.6156878488878,0.09626714217519466,0.09707500040531158,0.10507616996765137,0.1285560131072998,1.4567093024192124,1.2250145753027653,3.00731757188579,,,,,,,,,,,,,,,,,,1,update_snr,bayesian,0.1,20,101770,10177,0.1,0.026839934629317046,0.014576550257823985,0.014110859555195109,0.026839837783748446,0.014576550257823985,0.014110859555195109,0.026839837783748446,0.029627039509457657,0.029036920844468846,0.03281691797734084,0.01290427367430913,0.012586363845924382,0.0237563641761204,0.029627039509457657,0.029036920844468846,0.03281691797734084,0.01290427367430913,0.012586363845924382,0.0237563641761204,0.2746779274663308,0.4404195417434776,0.5291892247839384,0.8485038387494631,0.5291892247839384,814160,203540,81416,122124,0.75,,,,,,,,,0.0074593085775652304,1
bayesfl_observability_v1,vi_sparse_bayesian_keep010_seed42,166,vi,218,17,1,,5,256,6.4476729989051815,0.031279001384973526,14.991499998763826,14.991499998763826,,,0.5163226863330903,0.0031377673149108887,0.999956949203999,0.5163226863330903,,-0.0,2.185987945410232,6.4476729989051815,14.991499998763826,14.991499998763826,0.00014730765450293628,0.031279001384973526,14.991499998763826,0.000625,55.64376518822874,0.09634696354320291,0.09715931117534637,0.10514853596687317,0.1279466599225998,1.4562074480341274,1.2249080480683554,3.0038017247360953,,,,,,,,,,,,,,,,,,1,update_snr,bayesian,0.1,20,101770,10177,0.1,0.026770963964385053,0.014462376848319391,0.01392603865041928,0.026770509309979686,0.014462376848319391,0.01392603865041928,0.026770509309979686,0.02953742138163455,0.02898055950505346,0.03265324367365827,0.012787371900173268,0.01242581512471185,0.023647497435861014,0.02953742138163455,0.02898055950505346,0.03265324367365827,0.012787371900173268,0.01242581512471185,0.023647497435861014,0.27426293276732394,0.4374573809322288,0.5311851290423278,0.8472557811453904,0.5311851290423278,814160,203540,81416,122124,0.75,,,,,,,,,0.007456837417351599,1
bayesfl_observability_v1,vi_sparse_bayesian_keep010_seed42,166,vi,236,18,2,,5,256,8.730282592773438,0.0409446656703949,7.505876240474972,7.505876240474972,,,0.5169142325054381,0.0031355097889900208,0.9999568453409309,0.5169142325054381,,-0.0,2.259365973874069,8.730282592773438,15.011752480949944,7.505876240474972,0.00014750665698093685,0.0409446656703949,7.505876240474972,0.000625,55.6408651966774,0.09634679993015148,0.09715934097766876,0.10514402613043786,0.12855270504951477,1.4561153324006344,1.2262805988544752,3.0039616056900185,,,,,,,,,,,,,,,,,,1,update_snr,bayesian,0.1,20,101770,10177,0.1,0.02675559280015128,0.014480700850977801,0.013991763639085327,0.02675556139506215,0.014480700850977801,0.013991763639085327,0.02675556139506215,0.02955145652551291,0.029011710784572535,0.03269037631138785,0.012806172442696124,0.012473848230302583,0.023625213846679448,0.02955145652551291,0.029011710784572535,0.03269037631138785,0.012806172442696124,0.012473848230302583,0.023625213846679448,0.2747228237214242,0.4378672103426032,0.5314669367679561,0.8470790371166588,0.5314669367679561,814160,203540,81416,122124,0.75,,,,,,,,,0.007455339451485222,2
bayesfl_observability_v1,vi_sparse_bayesian_keep010_seed42,166,vi,128,10,1025,,5,256,129.39059774398802,0.0372332406623634,0.07194703341028022,0.07194703341028022,,,1.1427107681625053,0.012711971998214722,0.9997891869194689,1.1427107681625053,,0.10892171136653514,2.2170760364031934,129.39059774398802,73.74570924553723,0.07194703341028022,0.0007246311216029991,0.0372332406623634,0.07194703341028022,0.000625,55.65371516030682,0.0964539016206123,0.0972650796175003,0.1052688404917717,0.128482848405838,1.454832407783231,1.2242588309134375,3.002238762247246,,,,,,,,,,,,,,,,,,1,update_snr,bayesian,0.1,20,101770,10177,0.1,0.06150368173859505,0.030220050995150648,0.026070905525064615,0.061503314374866946,0.030220050995150648,0.026070905525064615,0.061503314374866946,0.0759477928294523,0.07247512595675815,0.09326034419403123,0.025139190791339344,0.023161650331096132,0.049577815213339996,0.0759477928294523,0.07247512595675815,0.09326034419403123,0.025139190791339344,0.023161650331096132,0.049577815213339996,0.730213337000682,0.8789632427700679,0.6390185139979692,0.7691913538046491,0.6390185139979692,814160,203540,81416,122124,0.75,,,,,,,,,0.0074694315982069765,1025
bayesfl_observability_v1,vi_sparse_bayesian_keep010_seed42,166,vi,205,16,1,,5,256,6.67803463935852,8.749579137656838e-05,15.05494403228733,15.05494403228733,,,0.5176773697773962,0.003138381987810135,0.9999567161329664,0.5176773697773962,,-0.0,2.3096097079310103,6.67803463935852,15.05494403228733,15.05494403228733,0.0001479310605511185,8.749579137656838e-05,15.05494403228733,0.000625,55.639256036025756,0.09634769691724117,0.09716299176216125,0.10514160171151161,0.12827278673648834,1.4560622856913898,1.2264563236257944,3.005107561104873,,,,,,,,,,,,,,,,,,1,update_snr,bayesian,0.1,20,101770,10177,0.1,0.02676495925009857,0.0145022419030194,0.013998684947626301,0.026763790607450166,0.0145022419030194,0.013998684947626301,0.026763790607450166,0.029566195145597066,0.029014765044526436,0.032649061545357475,0.012828469320510771,0.012528370016909571,0.023663848565296235,0.029566195145597066,0.029014765044526436,0.032649061545357475,0.012828469320510771,0.012528370016909571,0.023663848565296235,0.27456461717358155,0.4388668706748867,0.530377863130555,0.8477613592875455,0.530377863130555,814160,203540,81416,122124,0.75,,,,,,,,,0.007456737082517398,1
bayesfl_observability_v1,vi_sparse_bayesian_keep010_seed42,166,vi,169,13,456,,5,256,427.94247646331786,0.13130392944603636,0.08779437656775461,0.08779437656775461,,,0.8462625970797787,0.006197154521942139,0.9998843592153959,0.8462625970797787,,-0.0,2.3163460082440825,427.94247646331786,40.034235714896106,0.08779437656775461,0.0003933795393032928,0.13130392944603636,0.08779437656775461,0.000625,55.64755522935221,0.0963855354548221,0.0972057431936264,0.10517880767583847,0.12837766110897064,1.4558412593889078,1.2256784157583636,3.0048796752317677,,,,,,,,,,,,,,,,,,1,update_snr,bayesian,0.1,20,101770,10177,0.1,0.045103803862786035,0.02319058331843991,0.021376586777991147,0.04510266118102387,0.02319058331843991,0.021376586777991147,0.04510266118102387,0.05154493847680895,0.050312615311449295,0.05859322892929017,0.020040099411954455,0.019013141909976775,0.03824033811455145,0.05154493847680895,0.050312615311449295,0.05859322892929017,0.020040099411954455,0.019013141909976775,0.03824033811455145,0.4870020041137364,0.6920906235497027,0.5754738609436922,0.817820173002941,0.5754738609436922,814160,203540,81416,122124,0.75,,,,,,,,,0.007461897926615686,456
bayesfl_observability_v1,vi_sparse_bayesian_keep010_seed42,166,vi,278,22,193,,5,256,212.15499382019044,0.18952945847585412,0.08024205946432206,0.08024205946432206,,,0.5250117303436872,0.003135189414024353,0.9999554899095894,0.5250117303436872,,-0.0,2.185987945410232,212.15499382019044,15.486717476614158,0.08024205946432206,0.00015217370027133888,0.18952945847585412,0.08024205946432206,0.000625,55.64459315480027,0.09634697389919514,0.09715558215975761,0.1051323190331459,0.12800538539886475,1.4562868670359876,1.225193726821964,3.0054053015382354,,,,,,,,,,,,,,,,,,1,update_snr,bayesian,0.1,20,101770,10177,0.1,0.027199327928087155,0.014677951229226695,0.014081909601720385,0.02719912213691408,0.014677951229226695,0.014081909601720385,0.02719912213691408,0.02994780375682775,0.029342626699714228,0.033117151409006125,0.01298130094838213,0.012545825400351112,0.02422046453906085,0.02994780375682775,0.029342626699714228,0.033117151409006125,0.01298130094838213,0.012545825400351112,0.02422046453906085,0.27740990045765274,0.44573654116142175,0.5283880043519267,0.8490030134557761,0.5283880043519267,814160,203540,81416,122124,0.75,,,,,,,,,0.007456387065165571,193
bayesfl_observability_v1,vi_sparse_bayesian_keep010_seed42,166,vi,52,4,14,,5,256,15.62177677154541,0.1891888209751674,1.0736528680936883,1.0736528680936883,,,0.5171688589511189,0.0031359195709228516,0.9999568045891843,0.5171688589511189,,-0.0,2.4040642619438994,15.62177677154541,15.031140153311638,1.0736528680936883,0.00014769716176979108,0.1891888209751674,1.0736528680936883,0.000625,55.64204770986367,0.0963468304157793,0.09716466814279556,0.10514657348394395,0.12810029089450836,1.4562456418178615,1.225363414394329,3.0033807412238174,,,,,,,,,,,,,,,,,,1,update_snr,bayesian,0.1,20,101770,10177,0.1,0.02676804572921462,0.014500231874511745,0.013987653983902597,0.026767787715406055,0.014500231874511745,0.013987653983902597,0.026767787715406055,0.029564869724939644,0.02902321126527946,0.032728075461878836,0.0128263832244642,0.012506250660144288,0.023648487150960074,0.029564869724939644,0.02902321126527946,0.032728075461878836,0.0128263832244642,0.012506250660144288,0.023648487150960074,0.2743862941865181,0.43837859235071214,0.5305545557074082,0.8476507909617703,0.5305545557074082,814160,203540,81416,122124,0.75,,,,,,,,,0.007456126301289195,14
bayesfl_observability_v1,vi_sparse_bayesian_keep010_seed42,166,vi,24,1,142,,5,256,152.138001537323,0.195648300815636,0.10834735258918614,0.10834735258918614,,,0.5231659406938622,0.003135431557893753,0.999955802123865,0.5231659406938622,,0.40519466481919386,1.9096930536110042,152.138001537323,15.385324067664431,0.10834735258918614,0.00015117740068452815,0.195648300815636,0.10834735258918614,0.000625,55.64449872144945,0.09634722111750513,0.0971594974398613,0.10513675287365913,0.12817993760108948,1.456224237271377,1.2260911681434759,3.0031567906180716,,,,,,,,,,,,,,,,,,1,update_snr,bayesian,0.1,20,101770,10177,0.1,0.026924966905928566,0.014707374167706675,0.01428415921403341,0.026924719075661196,0.014707374167706675,0.01428415921403341,0.026924719075661196,0.02974697572726349,0.029181918761878832,0.03290558830524583,0.013036307327755918,0.012814275549653453,0.023852181630077584,0.02974697572726349,0.029181918761878832,0.03290558830524583,0.013036307327755918,0.012814275549653453,0.023852181630077584,0.2756553587174543,0.444653488361944,0.5268985178046172,0.8499282039886062,0.5268985178046172,814160,203540,81416,122124,0.75,,,,,,,,,0.007456154316087721,142
bayesfl_observability_v1,vi_sparse_bayesian_keep010_seed42,166,vi,89,7,4,,5,256,11.573660087585449,0.5155980587005615,3.7431746298863064,3.7431746298863064,,,0.5162575802356159,0.0031330883502960205,0.9999569547791562,0.5162575802356159,,-0.0,2.185987945410232,11.573660087585449,14.972698519545226,3.7431746298863064,0.00014712290969387073,0.5155980587005615,3.7431746298863064,0.000625,55.6407607871735,0.0963469594147086,0.09716424718499184,0.10513623729348183,0.12856623530387878,1.4561689389054655,1.2253922082166868,3.0058794059294387,,,,,,,,,,,,,,,,,,1,update_snr,bayesian,0.1,20,101770,10177,0.1,0.026690124123803,0.01446593494878208,0.013966124838023158,0.026689774503554482,0.01446593494878208,0.013966124838023158,0.026689774503554482,0.029503928781450427,0.028941026879684226,0.032677418565137784,0.012795046745152264,0.012464820590067208,0.023580464273071606,0.029503928781450427,0.028941026879684226,0.032677418565137784,0.012795046745152264,0.012464820590067208,0.023580464273071606,0.2742523019854763,0.4373872014661615,0.5312315256665282,0.8472266911152015,0.5312315256665282,814160,203540,81416,122124,0.75,,,,,,,,,0.007455436967049167,4
bayesfl_observability_v1,vi_sparse_bayesian_keep010_seed42,166,vi,92,7,1,,5,256,8.04898681640625,0.06602832674980164,14.989376307574984,14.989376307574984,,,0.5163107261391486,0.0031341989524662495,0.9999569449137511,0.5163107261391486,,-0.0,2.3163460082440825,8.04898681640625,14.989376307574984,14.989376307574984,0.00014728678694679164,0.06602832674980164,14.989376307574984,0.000625,55.6398736593212,0.09634784603841186,0.09716367349028587,0.10514632910490036,0.12843164801597595,1.456132208735416,1.2251223041219625,3.0047563031663063,,,,,,,,,,,,,,,,,,1,update_snr,bayesian,0.1,20,101770,10177,0.1,0.026697884881038022,0.014464009144295074,0.013967159241350674,0.02669767828362944,0.014464009144295074,0.013967159241350674,0.02669767828362944,0.029539311458154034,0.028969921420055285,0.0327534830002008,0.012788975553866308,0.012460857799076462,0.023604299552122943,0.029539311458154034,0.028969921420055285,0.0327534830002008,0.012788975553866308,0.012460857799076462,0.023604299552122943,0.2741518679806481,0.437512878906503,0.5309823214998688,0.8473828970746403,0.5309823214998688,814160,203540,81416,122124,0.75,,,,,,,,,0.007456090871925133,1
bayesfl_observability_v1,vi_sparse_bayesian_keep010_seed42,166,vi,75,6,1,,5,256,6.025362968444824,5.125986263010418e-06,14.955785203001076,14.955785203001076,,,0.5160257670504937,0.003136545419692993,0.999956996450125,0.5160257670504937,,-0.0,2.3096097079310103,6.025362968444824,14.955785203001076,14.955785203001076,0.00014695671811929917,5.125986263010418e-06,14.955785203001076,0.000625,55.64267253857223,0.09634717378303756,0.09716221317648888,0.1051363319158554,0.1281762719154358,1.4562149650983047,1.2253487889354922,3.004499604176563,,,,,,,,,,,,,,,,,,1,update_snr,bayesian,0.1,20,101770,10177,0.1,0.02667935122021274,0.014453073205768977,0.013961271080793194,0.026678833693032977,0.014453073205768977,0.013961271080793194,0.026678833693032977,0.029510988915713614,0.02895730533890821,0.03267717507989436,0.01277997146021957,0.012428535957685788,0.023555913236263,0.029510988915713614,0.02895730533890821,0.03267717507989436,0.01277997146021957,0.012428535957685788,0.023555913236263,0.274244579486686,0.437118408308574,0.5314552043674416,0.8470863980437656,0.5314552043674416,814160,203540,81416,122124,0.75,,,,,,,,,0.007455580786152123,1
bayesfl_observability_v1,vi_sparse_bayesian_keep010_seed42,166,vi,84,6,12,,5,256,36.49388465881348,1.2412657737731934,1.255108002604486,1.255108002604486,,,0.5176868359443694,0.003136575222015381,0.9999567196363299,0.5176868359443694,,-0.0,2.3277319754160017,36.49388465881348,15.061296031253834,1.255108002604486,0.00014799347579103699,1.2412657737731934,1.255108002604486,0.000625,55.64292979289278,0.09634712318439281,0.09716381877660751,0.10514712780714035,0.12817955017089844,1.4562018239089327,1.2255023205178464,3.003753849198117,,,,,,,,,,,,,,,,,,1,update_snr,bayesian,0.1,20,101770,10177,0.1,0.026747049785304126,0.014516283882119292,0.014066153134310942,0.026746688300969126,0.014516283882119292,0.014066153134310942,0.026746688300969126,0.02954158780355239,0.02898124587301831,0.032714015312752705,0.012846805668626726,0.012537195485077738,0.02369180617118677,0.02954158780355239,0.02898124587301831,0.032714015312752705,0.012846805668626726,0.012537195485077738,0.02369180617118677,0.274381587224086,0.4389924882073538,0.5300146114852553,0.8479885091274137,0.5300146114852553,814160,203540,81416,122124,0.75,,,,,,,,,0.0074555772524102434,12
bayesfl_observability_v1,vi_sparse_bayesian_keep010_seed42,166,vi,117,9,1,,5,256,4.319355463981628,0.0002611534437164664,15.128880752028644,15.128880752028644,,,0.5187135512151216,0.0031320303678512573,0.9999565505450778,0.5187135512151216,,-0.0,2.3277319754160017,4.319355463981628,15.128880752028644,15.128880752028644,0.00014865756855683053,0.0002611534437164664,15.128880752028644,0.000625,55.644193714889326,0.0963473577478803,0.0971662737429142,0.10514243394136429,0.128245547413826,1.4562541756391938,1.225606482628005,3.005697670852207,,,,,,,,,,,,,,,,,,1,update_snr,bayesian,0.1,20,101770,10177,0.1,0.026788260848691778,0.014557906768383946,0.01409911085448768,0.026787557094948226,0.014557906768383946,0.01409911085448768,0.026787557094948226,0.029594547094452778,0.029019773511603363,0.0327456217317743,0.012887168954376301,0.012596237110745246,0.023659234756027103,0.029594547094452778,0.029019773511603363,0.0327456217317743,0.012887168954376301,0.012596237110745246,0.023659234756027103,0.2745118797536848,0.4401215469484551,0.5292167114404899,0.8484866954361238,0.5292167114404899,814160,203540,81416,122124,0.75,,,,,,,,,0.007455405932236882,1
bayesfl_observability_v1,vi_sparse_bayesian_keep010_seed42,166,vi,36,2,1,,5,256,7.2985019326210026,0.010173489339649677,14.957032617843257,14.957032617843257,,,0.5161368633327926,0.003133252263069153,0.9999569727180309,0.5161368633327926,,-0.0,2.185987945410232,7.2985019326210026,14.957032617843257,14.957032617843257,0.00014696897531535087,0.010173489339649677,14.957032617843257,0.000625,55.63822292097552,0.09634736433022703,0.09716101363301277,0.10513287335634232,0.1285005658864975,1.456064574389807,1.225752446381466,3.005009845101123,,,,,,,,,,,,,,,,,,1,update_snr,bayesian,0.1,20,101770,10177,0.1,0.026706131102703357,0.014454165585201524,0.01391494189730227,0.026705776548821884,0.014454165585201524,0.01391494189730227,0.026705776548821884,0.029527166878315057,0.02892269837380999,0.032766310218907954,0.012779387663744465,0.012445062289145173,0.023563547346071956,0.029527166878315057,0.02892269837380999,0.032766310218907954,0.012779387663744465,0.012445062289145173,0.023563547346071956,0.2746145240063006,0.4370173050301407,0.5320575675084764,0.8467081816405011,0.5320575675084764,814160,203540,81416,122124,0.75,,,,,,,,,0.007455977999319163,1
bayesfl_observability_v1,vi_sparse_bayesian_keep010_seed42,166,vi,64,5,1,,5,256,4.151548099517822,0.08420664817094803,15.141490252792996,15.141490252792996,,,0.5190024645905295,0.003135979175567627,0.9999564940086458,0.5190024645905295,,-0.0,2.185987945410232,4.151548099517822,15.141490252792996,15.141490252792996,0.00014878147050007858,0.08420664817094803,15.141490252792996,0.000625,55.638912742656025,0.09634721050538775,0.09716320410370827,0.10514103472232819,0.1282491236925125,1.4560524599404046,1.2264272819451816,3.0046357560741117,,,,,,,,,,,,,,,,,,1,update_snr,bayesian,0.1,20,101770,10177,0.1,0.02676821755607978,0.014563055229077809,0.014135929200223335,0.0267681408787525,0.014563055229077809,0.014135929200223335,0.0267681408787525,0.029566065929832682,0.029006346212037848,0.03273168837132085,0.012896054040105045,0.012598658433941954,0.02370579823483599,0.029566065929832682,0.029006346212037848,0.03273168837132085,0.012896054040105045,0.012598658433941954,0.02370579823483599,0.2746306848303098,0.4403879485188928,0.529151022523528,0.8485276632864159,0.529151022523528,814160,203540,81416,122124,0.75,,,,,,,,,0.007456015563897616,1
bayesfl_observability_v1,vi_sparse_bayesian_keep010_seed42,167,vi,275,22,35,,5,256,36.53517599105835,0.16257212502615792,0.4306108017585735,0.4306108017585735,,,0.5182123641408051,0.0031325742602348328,0.9999566540929853,0.5182123641408051,,-0.0,2.28098669344155,36.53517599105835,15.071378061550073,0.4306108017585735,0.00014809254261128105,0.16257212502615792,0.4306108017585735,0.000625,55.6573780637986,0.09641016235299993,0.09722307324409485,0.10519680082798004,0.1285582184791565,1.4555856527491682,1.2250120392996966,3.001883326513583,,,,,,,,,,,,,,,,,,1,update_snr,bayesian,0.1,20,101770,10177,0.1,0.026724150957192952,0.01453516243404378,0.014056251737094235,0.02672247618321314,0.01453516243404378,0.014056251737094235,0.02672247618321314,0.029511810084270743,0.02891532715332377,0.03267165711785994,0.012871090472907448,0.012578043887342676,0.02360828199595361,0.029511810084270743,0.02891532715332377,0.03267165711785994,0.012871090472907448,0.012578043887342676,0.02360828199595361,0.2746023083970765,0.4394742615573743,0.5299030424570562,0.8480582324314504,0.5299030424570562,814160,203540,81416,122124,0.75,,,,,,,,,0.007449364676783497,35
bayesfl_observability_v1,vi_sparse_bayesian_keep010_seed42,167,vi,91,7,1,,5,256,8.010273742675782,0.7694929242134094,15.022485542683734,15.022485542683734,,,0.5173588960335219,0.003138437867164612,0.9999567945217568,0.5173588960335219,,-0.0,2.3277319754160017,8.010273742675782,15.022485542683734,15.022485542683734,0.00014761212088713506,0.7694929242134094,15.022485542683734,0.000625,55.656007501273926,0.09640978314861007,0.09723016619682312,0.10518172681331635,0.12861402332782745,1.4555816565696489,1.2253231635588528,3.002840408477854,,,,,,,,,,,,,,,,,,1,update_snr,bayesian,0.1,20,101770,10177,0.1,0.02672468252320375,0.01448994394797239,0.013992510740048928,0.02672403433958509,0.01448994394797239,0.013992510740048928,0.02672403433958509,0.029508688284767857,0.028969907048471986,0.03266985434883824,0.012821194577217336,0.01246979102015086,0.023674595668111503,0.029508688284767857,0.028969907048471986,0.03266985434883824,0.012821194577217336,0.01246979102015086,0.023674595668111503,0.27422442695240146,0.43870399014329886,0.5300467993395309,0.8479683900417039,0.5300467993395309,814160,203540,81416,122124,0.75,,,,,,,,,0.007449317109549369,1
bayesfl_observability_v1,vi_sparse_bayesian_keep010_seed42,167,vi,75,6,1,,5,256,5.303854751586914,3.576214658096433e-05,15.015864670613666,15.015864670613666,,,0.5174289202556845,0.0031288713216781616,0.9999567866695048,0.5174289202556845,,-0.0,2.3096097079310103,5.303854751586914,15.015864670613666,15.015864670613666,0.00014754706367901805,3.576214658096433e-05,15.015864670613666,0.000625,55.65818845459304,0.09640963297804739,0.09723201766610146,0.10518505796790123,0.12854741513729095,1.4556260456471553,1.2236801371529817,3.0024393444859534,,,,,,,,,,,,,,,,,,1,update_snr,bayesian,0.1,20,101770,10177,0.1,0.026696938607688254,0.014491723952670062,0.01406995055093153,0.026695742469398973,0.014491723952670062,0.01406995055093153,0.026695742469398973,0.029482123854960445,0.028935445899075644,0.03260559334589484,0.012826123963526684,0.012561053234544674,0.023611815733170633,0.029482123854960445,0.028935445899075644,0.03260559334589484,0.012826123963526684,0.012561053234544674,0.023611815733170633,0.2744114423842147,0.4386696340135462,0.5303364996463976,0.8477872357748772,0.5303364996463976,814160,203540,81416,122124,0.75,,,,,,,,,0.007449214797741891,1
bayesfl_observability_v1,vi_sparse_bayesian_keep010_seed42,167,vi,84,6,12,,5,256,32.9144106388092,1.362332026163737,1.2550301533823953,1.2550301533823953,,,0.5178332420240409,0.003134332597255707,0.9999567167631607,0.5178332420240409,,-0.0,2.3277319754160017,32.9144106388092,15.060361840588744,1.2550301533823953,0.00014798429636030995,1.362332026163737,1.2550301533823953,0.000625,55.65696835523211,0.09641035315942598,0.09722860157489777,0.10518522560596466,0.12861621379852295,1.4554883678851886,1.2256129164476837,3.003649024998376,,,,,,,,,,,,,,,,,,1,update_snr,bayesian,0.1,20,101770,10177,0.1,0.026747897534482746,0.014508425186317706,0.014024215925037406,0.026747623060225604,0.014508425186317706,0.014024215925037406,0.026747623060225604,0.029547699117206033,0.02896776989944059,0.032718656808003045,0.012837394749552335,0.012511418406830843,0.02367811733322841,0.029547699117206033,0.02896776989944059,0.032718656808003045,0.012837394749552335,0.012511418406830843,0.02367811733322841,0.27451592140386794,0.43908117181327017,0.5301241772947501,0.8479200178363315,0.5301241772947501,814160,203540,81416,122124,0.75,,,,,,,,,0.007449534804225938,12
bayesfl_observability_v1,vi_sparse_bayesian_keep010_seed42,167,vi,54,4,1,,5,256,8.209380626678467,3.44771409034729,15.01381558772355,15.01381558772355,,,0.5170699319348726,0.003134891390800476,0.9999568478875666,0.5170699319348726,,-0.0,2.3096097079310103,8.209380626678467,15.01381558772355,15.01381558772355,0.00014752692922986686,3.44771409034729,15.01381558772355,0.000625,55.65876526747721,0.09641119666090822,0.09722929075360298,0.10518452450633049,0.12838125228881836,1.455684177538796,1.2248905755056074,3.003179247769387,,,,,,,,,,,,,,,,,,1,update_snr,bayesian,0.1,20,101770,10177,0.1,0.026684603639933104,0.014489225956499294,0.01398145254941286,0.02668393721372674,0.014489225956499294,0.01398145254941286,0.02668393721372674,0.02950718670255538,0.02891385903247964,0.032734683152056174,0.012820563651381947,0.012521435380369702,0.023616629806106095,0.02950718670255538,0.02891385903247964,0.032734683152056174,0.012820563651381947,0.012521435380369702,0.023616629806106095,0.27434476409574987,0.4382878790525483,0.5305757445016255,0.847637528278772,0.5305757445016255,814160,203540,81416,122124,0.75,,,,,,,,,0.007450305190499174,1
bayesfl_observability_v1,vi_sparse_bayesian_keep010_seed42,167,vi,70,5,1,,5,256,9.894328308105468,0.5649122595787048,15.049962879258782,15.049962879258782,,,0.5178510279162432,0.0031345076858997345,0.9999567180649295,0.5178510279162432,,-0.0,2.3277319754160017,9.894328308105468,15.049962879258782,15.049962879258782,0.0001478821153508773,0.5649122595787048,15.049962879258782,0.000625,55.659046242018036,0.09640982851490028,0.09723363816738129,0.10518790930509567,0.12845543026924133,1.4556712077484903,1.223717438652856,3.0028085656083343,,,,,,,,,,,,,,,,,,1,update_snr,bayesian,0.1,20,101770,10177,0.1,0.026766998219258188,0.014501342164367333,0.013987688361531456,0.026766981580046072,0.014501342164367333,0.013987688361531456,0.026766981580046072,0.029529132955021492,0.02894008772111211,0.03268004554276372,0.012831587632072426,0.012462174674287832,0.02369061891937463,0.029529132955021492,0.02894008772111211,0.03268004554276372,0.012831587632072426,0.012462174674287832,0.02369061891937463,0.27440253844980306,0.43917301147294346,0.5298870208947132,0.848068243178181,0.5298870208947132,814160,203540,81416,122124,0.75,,,,,,,,,0.00744933111944919,1
bayesfl_observability_v1,vi_sparse_bayesian_keep010_seed42,167,vi,184,14,1,,5,256,6.85667314529419,0.014446545392274857,15.091754802188976,15.091754802188976,,,0.5184648930061392,0.0031372811645269394,0.9999566087402059,0.5184648930061392,,-0.0,2.3163460082440825,6.85667314529419,15.091754802188976,15.091754802188976,0.00014829276606258206,0.014446545392274857,15.091754802188976,0.000625,55.65535464575023,0.09640986725327055,0.09723075479269028,0.10518317073583604,0.12836329638957977,1.4555378792079494,1.2249331784732318,3.002723840757905,,,,,,,,,,,,,,,,,,1,update_snr,bayesian,0.1,20,101770,10177,0.1,0.02678703664991484,0.014530538767347468,0.014023185439343683,0.02678694118690802,0.014530538767347468,0.014023185439343683,0.02678694118690802,0.029580137834480897,0.029021809074740744,0.032722753402524174,0.012858361093221526,0.01250868440364536,0.02365023911342405,0.029580137834480897,0.029021809074740744,0.032722753402524174,0.012858361093221526,0.01250868440364536,0.02365023911342405,0.27482041785166744,0.43963573923385985,0.5300656255782651,0.8479566218742106,0.5300656255782651,814160,203540,81416,122124,0.75,,,,,,,,,0.007448833609617154,1
bayesfl_observability_v1,vi_sparse_bayesian_keep010_seed42,167,vi,164,13,1,,5,256,7.419539451599121,0.0031008278019726276,15.012793094465723,15.012793094465723,,,0.5170371982430554,0.0031293630599975586,0.9999568469402472,0.5170371982430554,,-0.0,2.185987945410232,7.419539451599121,15.012793094465723,15.012793094465723,0.0001475168821309396,0.0031008278019726276,15.012793094465723,0.000625,55.654962633857004,0.09641024559037828,0.0972205102443695,0.10518103316426278,0.12832240760326385,1.4555211025717663,1.225284311554368,3.0034363115423024,,,,,,,,,,,,,,,,,,1,update_snr,bayesian,0.1,20,101770,10177,0.1,0.02675023748228562,0.014489414030148076,0.013991957754182438,0.02674950867208816,0.014489414030148076,0.013991957754182438,0.02674950867208816,0.029528012145789817,0.028955511417296957,0.032676738175110714,0.012818458683965658,0.012507824075478692,0.0236243796904312,0.029528012145789817,0.028955511417296957,0.032676738175110714,0.012818458683965658,0.012507824075478692,0.0236243796904312,0.2743716615995035,0.4382324219842208,0.5306613576969822,0.8475839329807968,0.5306613576969822,814160,203540,81416,122124,0.75,,,,,,,,,0.007449398729755894,1
bayesfl_observability_v1,vi_sparse_bayesian_keep010_seed42,167,vi,166,13,9,,5,256,19.21210422515869,1.2209515041775174,1.666059295755839,1.666059295755839,,,0.5168409379383392,0.003132561221718788,0.999956881925784,0.5168409379383392,,-0.0,2.3277319754160017,19.21210422515869,14.994533661802553,1.666059295755839,0.0001473374635138307,1.2209515041775174,1.666059295755839,0.000625,55.6566271633262,0.09641025932793991,0.09723552316427231,0.1051884040236473,0.12865155935287476,1.4555878116121082,1.2250308797595215,3.0017782103896278,,,,,,,,,,,,,,,,,,1,update_snr,bayesian,0.1,20,101770,10177,0.1,0.026708103538527116,0.014471985876207162,0.013990713461228044,0.026707870534572214,0.014471985876207162,0.013990713461228044,0.026707870534572214,0.02952374522038128,0.028966640438830852,0.03266025618078914,0.012799568171298927,0.012478370907811507,0.023565559317301574,0.02952374522038128,0.028966640438830852,0.03266025618078914,0.012799568171298927,0.012478370907811507,0.023565559317301574,0.27462519472193764,0.43784193215465333,0.5313534098467667,0.8471502545854627,0.5313534098467667,814160,203540,81416,122124,0.75,,,,,,,,,0.007449314753145508,9
bayesfl_observability_v1,vi_sparse_bayesian_keep010_seed42,167,vi,264,21,1,,5,256,8.711057114601136,4.1960789531003684e-05,14.982350547989855,14.982350547989855,,,0.5167964788140397,0.003134012222290039,0.9999568896038964,0.5167964788140397,,-0.0,2.259365973874069,8.711057114601136,14.982350547989855,14.982350547989855,0.00014721775128220355,4.1960789531003684e-05,14.982350547989855,0.000625,55.656786313876715,0.09641013547106062,0.09723558276891708,0.10518232583999634,0.12854844331741333,1.455517905001403,1.2248508479085745,3.000807787881404,,,,,,,,,,,,,,,,,,1,update_snr,bayesian,0.1,20,101770,10177,0.1,0.02669678259807997,0.014466934381586877,0.013991127189430741,0.0266949932003825,0.014466934381586877,0.013991127189430741,0.0266949932003825,0.029495608342903903,0.028946395702227713,0.032643670059917765,0.01279708171921832,0.012466034855310039,0.02357893906489719,0.029495608342903903,0.028946395702227713,0.032643670059917765,0.01279708171921832,0.012466034855310039,0.02357893906489719,0.27453904914278077,0.437843477752459,0.5312324297812581,0.8472261242128344,0.5312324297812581,814160,203540,81416,122124,0.75,,,,,,,,,0.007448755293770816,1
bayesfl_observability_v1,vi_sparse_bayesian_keep010_seed42,167,vi,270,21,1,,5,256,4.788395977020263,0.013691208325326443,14.984231546842377,14.984231546842377,,,0.5166008618043669,0.0031294822692871094,0.9999569219931407,0.5166008618043669,,-0.0,2.185987945410232,4.788395977020263,14.984231546842377,14.984231546842377,0.0001472362341244215,0.013691208325326443,14.984231546842377,0.000625,55.65663857960015,0.09640986103020184,0.09723139926791191,0.10517742112278938,0.12881936132907867,1.4556350021217972,1.224305972425035,3.003299270640563,,,,,,,,,,,,,,,,,,1,update_snr,bayesian,0.1,20,101770,10177,0.1,0.02671148602253822,0.01446670581822083,0.01398833130158154,0.02671117046225936,0.01446670581822083,0.01398833130158154,0.02671117046225936,0.0295155357943729,0.028929747338157716,0.032676501651749006,0.012794613598648377,0.012443429092806177,0.023611535745881356,0.0295155357943729,0.028929747338157716,0.032676501651749006,0.012794613598648377,0.012443429092806177,0.023611535745881356,0.2743028484335687,0.43776066264369307,0.5309763663101384,0.8473866286531088,0.5309763663101384,814160,203540,81416,122124,0.75,,,,,,,,,0.0074500189555718474,1
bayesfl_observability_v1,vi_sparse_bayesian_keep010_seed42,167,vi,271,21,90,,5,256,270.34841775894165,0.7522884792751736,0.17533643887652073,0.17533643887652073,,,0.5308108027057167,0.0031364113092422485,0.9999545181864092,0.5308108027057167,,-0.0,2.311121424016332,270.34841775894165,15.780279498886864,0.17533643887652073,0.00015505826372100683,0.7522884792751736,0.17533643887652073,0.000625,55.65578702070743,0.0964095589850042,0.09723024070262909,0.1051758162677288,0.12862055003643036,1.4555454335447444,1.2247697095406394,3.002237267025421,,,,,,,,,,,,,,,,,,1,update_snr,bayesian,0.1,20,101770,10177,0.1,0.02719577623363602,0.014921988723404838,0.01455819507874076,0.027195773742975434,0.014921988723404838,0.01455819507874076,0.027195773742975434,0.029941368527409147,0.029367802496496308,0.032992139398317036,0.013253168745182136,0.013012864192808673,0.024216363212258455,0.029941368527409147,0.029367802496496308,0.032992139398317036,0.013253168745182136,0.013012864192808673,0.024216363212258455,0.27764638463872054,0.4524075522868016,0.5230609159110288,0.8522952999086152,0.5230609159110288,814160,203540,81416,122124,0.75,,,,,,,,,0.007449080128864465,90
bayesfl_observability_v1,vi_sparse_bayesian_keep010_seed42,167,vi,194,15,861,,5,256,174.4189220905304,0.04215249367291919,0.07992464793717131,0.07992464793717131,,,1.1075940574864465,0.01144486665725708,0.9998020552380199,1.1075940574864465,,-0.0,2.3163460082440825,174.4189220905304,68.8151218739045,0.07992464793717131,0.0006761827834715977,0.04215249367291919,0.07992464793717131,0.000625,55.6688845046214,0.09649711982161759,0.09730774164199829,0.10529163256287574,0.12925006449222565,1.4545347116589584,1.2236970938185436,2.999882782948593,,,,,,,,,,,,,,,,,,1,update_snr,bayesian,0.1,20,101770,10177,0.1,0.05957141588361433,0.02961700434505818,0.026071315444854,0.05956895177789734,0.02961700434505818,0.026071315444854,0.05956895177789734,0.07165819494188154,0.06897164382728273,0.08585760207523163,0.02494576094541114,0.023160715287287845,0.04876795688121432,0.07165819494188154,0.06897164382728273,0.08585760207523163,0.02494576094541114,0.023160715287287845,0.04876795688121432,0.6859307173773942,0.8696342030632331,0.619297939295587,0.7851560751750194,0.619297939295587,814160,203540,81416,122124,0.75,,,,,,,,,0.007462063854644833,861
bayesfl_observability_v1,vi_sparse_bayesian_keep010_seed42,167,vi,120,9,935,,5,256,171.41200013160704,0.09484502210974056,0.06916175467734284,0.06916175467734284,,,1.0716364879089741,0.0107739781960845,0.99981471089316,1.0716364879089741,,0.007653727565891914,2.2517606506762466,171.41200013160704,64.66624062331556,0.06916175467734284,0.0006354155509807956,0.09484502210974056,0.06916175467734284,0.000625,55.670043127925965,0.09649864413899137,0.09730876982212067,0.10529571697115898,0.12895379960536957,1.454622967134577,1.2249740676406635,2.9981454501394675,,,,,,,,,,,,,,,,,,1,update_snr,bayesian,0.1,20,101770,10177,0.1,0.057618761277936616,0.028518244294646864,0.02485812584669667,0.05761857596726809,0.028518244294646864,0.02485812584669667,0.05761857596726809,0.07030836682341642,0.06742699281075348,0.0849329229997238,0.023874897347005798,0.02204316200894227,0.04687300266997559,0.07030836682341642,0.06742699281075348,0.0849329229997238,0.023874897347005798,0.02204316200894227,0.04687300266997559,0.6738944626672679,0.8332292694116525,0.6288461341795122,0.7775297676150309,0.6288461341795122,814160,203540,81416,122124,0.75,,,,,,,,,0.007461505193888029,935
bayesfl_observability_v1,vi_sparse_bayesian_keep010_seed42,167,vi,102,8,341,,5,256,97.83647208213806,0.11025583149750562,0.09337273888073673,0.09337273888073673,,,0.7519768315826552,0.006147600710391998,0.9999087314030204,0.7519768315826552,,-0.0,2.4040642619438994,97.83647208213806,31.840103958331223,0.09337273888073673,0.00031286335814416057,0.11025583149750562,0.09337273888073673,0.000625,55.65941681380415,0.09644997684151253,0.09727245196700096,0.10522991940379142,0.12869839370250702,1.4550064464098922,1.2242535332859168,3.0043278658561685,,,,,,,,,,,,,,,,,,1,update_snr,bayesian,0.1,20,101770,10177,0.1,0.040194714745883826,0.02050676009515491,0.01869218232743683,0.04019439187962589,0.02050676009515491,0.01869218232743683,0.04019439187962589,0.04677781287267398,0.04547616940011459,0.054102810014829195,0.017587754230986127,0.016662218254912348,0.03365333300902709,0.04677781287267398,0.04547616940011459,0.054102810014829195,0.017587754230986127,0.016662218254912348,0.03365333300902709,0.4424310420027635,0.6080492811519788,0.5883572783374148,0.8086010839885082,0.5883572783374148,814160,203540,81416,122124,0.75,,,,,,,,,0.007453944096810973,341
bayesfl_observability_v1,vi_sparse_bayesian_keep010_seed42,168,vi,5,0,1,,5,256,4.807046508789062,0.3170895576477051,15.063771470964616,15.063771470964616,,,0.5184313364344374,0.0031316280364990234,0.9999566408718306,0.5184313364344374,,-0.0,2.311121424016332,4.807046508789062,15.063771470964616,15.063771470964616,0.00014801779965573956,0.3170895576477051,15.063771470964616,0.000625,55.67246606527351,0.09647682130320655,0.09730377048254013,0.10524380952119827,0.12845395505428314,1.454907699274064,1.224488259218878,3.0013057397465954,,,,,,,,,,,,,,,,,,1,update_snr,bayesian,0.1,20,101770,10177,0.1,0.02674387590918188,0.014512866466405596,0.014072854636585995,0.026743841153678782,0.014512866466405596,0.014072854636585995,0.026743841153678782,0.02954344500064644,0.028932683620367283,0.03274555642025613,0.012842802184823282,0.012522209169047189,0.023666383231486485,0.02954344500064644,0.028932683620367283,0.03274555642025613,0.012842802184823282,0.012522209169047189,0.023666383231486485,0.27480122492903,0.4396081634532071,0.5300629140572453,0.8479583168653646,0.5300629140572453,814160,203540,81416,122124,0.75,,,,,,,,,0.007442730420484541,1
bayesfl_observability_v1,vi_sparse_bayesian_keep010_seed42,168,vi,8,0,25,,5,256,19.72691674232483,0.048330988883972165,0.6003150323317671,0.6003150323317671,,,0.5173967918277731,0.003133222460746765,0.9999568214842551,0.5173967918277731,,0.34883209584303193,1.9674200764769605,19.72691674232483,15.007875808294177,0.6003150323317671,0.00014746856449144322,0.048330988883972165,0.6003150323317671,0.000625,55.67632104641076,0.09647723830821994,0.09730720892548561,0.10524787083268165,0.12860621511936188,1.455096922113856,1.226029697779731,3.0024968456264585,,,,,,,,,,,,,,,,,,1,update_snr,bayesian,0.1,20,101770,10177,0.1,0.026792559295596485,0.014469981177761871,0.013956955910760509,0.02679224739216259,0.014469981177761871,0.013956955910760509,0.02679224739216259,0.02955895677381742,0.028995676874180445,0.03265578819061546,0.0127934283337557,0.012451727245784106,0.023643986792677096,0.02955895677381742,0.028995676874180445,0.03265578819061546,0.0127934283337557,0.012451727245784106,0.023643986792677096,0.27489809422905503,0.43832690766470817,0.5313100092057798,0.8471774749825177,0.5313100092057798,814160,203540,81416,122124,0.75,,,,,,,,,0.007442540298617785,25
bayesfl_observability_v1,vi_sparse_bayesian_keep010_seed42,168,vi,11,0,99,,5,256,117.73989372253418,0.4231551969894255,0.15306196537305702,0.15306196537305702,,,0.519936144443145,0.003131873905658722,0.9999563899199442,0.519936144443145,,0.6778769705348007,1.6507588626958358,117.73989372253418,15.153134571932645,0.15306196537305702,0.00014889588849300035,0.4231551969894255,0.15306196537305702,0.000625,55.673211106730264,0.09647731017217023,0.09730106219649315,0.10524708777666092,0.12880432605743408,1.4549308418494709,1.224802386851374,3.0008862381490697,,,,,,,,,,,,,,,,,,1,update_snr,bayesian,0.1,20,101770,10177,0.1,0.026803220583723305,0.014564894103738268,0.014120199245545155,0.026803197095827708,0.014564894103738268,0.014120199245545155,0.026803197095827708,0.02958515496938382,0.029020199492435502,0.032756281123911664,0.01289597622977765,0.012596652647106209,0.02374776591554997,0.02958515496938382,0.029020199492435502,0.032756281123911664,0.01289597622977765,0.012596652647106209,0.02374776591554997,0.2747928351181589,0.4413870093989258,0.5285126607469535,0.8489254192390379,0.5285126607469535,814160,203540,81416,122124,0.75,,,,,,,,,0.0074433088279420075,99
bayesfl_observability_v1,vi_sparse_bayesian_keep010_seed42,168,vi,184,14,1,,5,256,7.805637168884277,7.509902934543788e-05,14.968077964948941,14.968077964948941,,,0.5167137033624183,0.0031339824199676514,0.999956926111921,0.5167137033624183,,-0.0,2.3163460082440825,7.805637168884277,14.968077964948941,14.968077964948941,0.00014707750776210023,7.509902934543788e-05,14.968077964948941,0.000625,55.671089794446004,0.09647816992132839,0.0973002053797245,0.1052444964647293,0.12879016995429993,1.4549223433264467,1.2253370955790754,3.0004071464580337,,,,,,,,,,,,,,,,,,1,update_snr,bayesian,0.1,20,101770,10177,0.1,0.02666770099780718,0.014465689512489796,0.013972313999485045,0.026667524923351397,0.014465689512489796,0.013972313999485045,0.026667524923351397,0.029444395619556377,0.0288634694791734,0.03257656441301311,0.012801388833926841,0.01245594449990071,0.023595176450539986,0.029444395619556377,0.0288634694791734,0.03257656441301311,0.012801388833926841,0.01245594449990071,0.023595176450539986,0.2737050776797749,0.4382677055120691,0.529703539694593,0.8481828576639705,0.529703539694593,814160,203540,81416,122124,0.75,,,,,,,,,0.0074443092524705936,1
bayesfl_observability_v1,vi_sparse_bayesian_keep010_seed42,168,vi,98,7,50,,5,256,23.99592504501343,0.011809325218200684,0.2998553001041847,0.2998553001041847,,,0.5171285323642844,0.0031368881464004517,0.9999568591309956,0.5171285323642844,,-0.0,2.185987945410232,23.99592504501343,14.992765005209234,0.2998553001041847,0.0001473200845554607,0.011809325218200684,0.2998553001041847,0.000625,55.67288596445115,0.09647750434380326,0.09730258211493492,0.1052484780550003,0.12881188094615936,1.4549738036335116,1.2252146828442672,2.999713679771761,,,,,,,,,,,,,,,,,,1,update_snr,bayesian,0.1,20,101770,10177,0.1,0.026717251941401038,0.014477678030822507,0.013995544427996751,0.02671662566273215,0.014477678030822507,0.013995544427996751,0.02671662566273215,0.029513034401942546,0.02893707194920029,0.03271807757959822,0.012807082878475838,0.012498182377389316,0.023584383889559316,0.029513034401942546,0.02893707194920029,0.03271807757959822,0.012807082878475838,0.012498182377389316,0.023584383889559316,0.27472262400516484,0.43812030179501565,0.5312463088221946,0.8472174215411259,0.5312463088221946,814160,203540,81416,122124,0.75,,,,,,,,,0.007443162342488409,50
bayesfl_observability_v1,vi_sparse_bayesian_keep010_seed42,168,vi,41,3,6,,5,256,12.314466857910157,0.47404499848683673,2.4969414997453447,2.4969414997453447,,,0.5171766698641306,0.0031347773037850857,0.9999568489232307,0.5171766698641306,,-0.0,2.4040642619438994,12.314466857910157,14.981648998472068,2.4969414997453447,0.0001472108578016318,0.47404499848683673,2.4969414997453447,0.000625,55.67112456925007,0.09647688797415269,0.09730936586856842,0.10525063946843147,0.12867005169391632,1.4549029112707166,1.22459996417156,2.9999402437592075,,,,,,,,,,,,,,,,,,1,update_snr,bayesian,0.1,20,101770,10177,0.1,0.02665969706559886,0.014487105099790499,0.014022894806651108,0.02665846627287745,0.014487105099790499,0.014022894806651108,0.02665846627287745,0.02942731741911797,0.028847698088259086,0.03253385840473653,0.012827081508754112,0.012512259642844907,0.02363368895545037,0.02942731741911797,0.028847698088259086,0.03253385840473653,0.012827081508754112,0.012512259642844907,0.02363368895545037,0.2739978809663579,0.4386306750304835,0.5297955165656272,0.8481254097283967,0.5297955165656272,814160,203540,81416,122124,0.75,,,,,,,,,0.00744291117311999,6
bayesfl_observability_v1,vi_sparse_bayesian_keep010_seed42,168,vi,291,23,1,,5,256,4.429574060440063,5.006777428206988e-06,14.999416090722884,14.999416090722884,,,0.5173483588869572,0.003131389617919922,0.9999568273974578,0.5173483588869572,,-0.0,2.3096097079310103,4.429574060440063,14.999416090722884,14.999416090722884,0.00014738543864324343,5.006777428206988e-06,14.999416090722884,0.000625,55.67544803697725,0.09647759521182217,0.09730061888694763,0.1052495777606964,0.1283051073551178,1.4550080565830628,1.2251245019795989,3.0009194982098135,,,,,,,,,,,,,,,,,,1,update_snr,bayesian,0.1,20,101770,10177,0.1,0.026722732328985477,0.01446731182836237,0.013958288812635458,0.02672224856494235,0.01446731182836237,0.013958288812635458,0.02672224856494235,0.02950419891169456,0.028939101380392126,0.03264333882974616,0.012796546596881016,0.01244958428896088,0.023648630048623616,0.02950419891169456,0.028939101380392126,0.03264333882974616,0.012796546596881016,0.01244958428896088,0.023648630048623616,0.2744813223464787,0.43853087476933295,0.5305541568489909,0.8476510406117936,0.5305541568489909,814160,203540,81416,122124,0.75,,,,,,,,,0.007443221470444875,1
bayesfl_observability_v1,vi_sparse_bayesian_keep010_seed42,168,vi,24,1,142,,5,256,214.07370023727418,0.2426179160534496,0.10934807764822121,0.10934807764822121,,,0.5265033710906896,0.0031365156173706055,0.9999552837494899,0.5265033710906896,,0.40519466481919386,1.9096930536110042,214.07370023727418,15.527427026047413,0.10934807764822121,0.00015257371549619154,0.2426179160534496,0.10934807764822121,0.000625,55.67453906028294,0.09647668490662747,0.09730364754796028,0.10523985773324966,0.12854346632957458,1.4549546265890223,1.2243218035825716,3.0006367321115626,,,,,,,,,,,,,,,,,,1,update_snr,bayesian,0.1,20,101770,10177,0.1,0.02704548723113357,0.014771162673835039,0.014323857018303727,0.0270444196132346,0.014771162673835039,0.014323857018303727,0.0270444196132346,0.029854432344216208,0.029241752744010054,0.03302068801505029,0.013095243821570464,0.01278628299435025,0.024028272162000916,0.029854432344216208,0.029241752744010054,0.03302068801505029,0.013095243821570464,0.01278628299435025,0.024028272162000916,0.2770046667282652,0.4477434693891394,0.5261213544643221,0.8504095015794612,0.5261213544643221,814160,203540,81416,122124,0.75,,,,,,,,,0.007442061098691672,142
bayesfl_observability_v1,vi_sparse_bayesian_keep010_seed42,168,vi,102,8,341,,5,256,89.14976816177368,0.1547954313216671,0.0919087746732354,0.0919087746732354,,,0.746928905501926,0.006143052130937576,0.9999100091775313,0.746928905501926,,-0.0,2.4040642619438994,89.14976816177368,31.34089216357327,0.0919087746732354,0.0003079580639046209,0.1547954313216671,0.0919087746732354,0.000625,55.67681058092634,0.09651677437460474,0.09734285995364189,0.1053024835884571,0.12815959751605988,1.4544802129252983,1.2252636740324303,3.0004869335946767,,,,,,,,,,,,,,,,,,1,update_snr,bayesian,0.1,20,101770,10177,0.1,0.039988924282099374,0.02028967454782709,0.01838324830985163,0.039988452650949656,0.02028967454782709,0.01838324830985163,0.039988452650949656,0.046739003379539734,0.04551621608279688,0.05415457128367261,0.01735086023319235,0.016354371106825517,0.03330824269211975,0.046739003379539734,0.04551621608279688,0.05415457128367261,0.01735086023319235,0.016354371106825517,0.03330824269211975,0.443347047607857,0.6011207742639596,0.5935599015410092,0.8047898131081359,0.5935599015410092,814160,203540,81416,122124,0.75,,,,,,,,,0.007448957994664916,341
bayesfl_observability_v1,vi_sparse_bayesian_keep010_seed42,168,vi,103,8,1,,5,256,8.576959037780762,2.557154417037964,15.03281329130828,15.03281329130828,,,0.5179199247882444,0.0031334757804870605,0.9999567254532248,0.5179199247882444,,-0.0,2.311121424016332,8.576959037780762,15.03281329130828,15.03281329130828,0.00014771360215494036,2.557154417037964,15.03281329130828,0.000625,55.67173974958596,0.09647736387231957,0.09730534255504608,0.10524830594658852,0.128510519862175,1.4548766362401855,1.2248994856299147,3.000656398398943,,,,,,,,,,,,,,,,,,1,update_snr,bayesian,0.1,20,101770,10177,0.1,0.02671738246364173,0.0145087643248442,0.014027265692531137,0.026716400272601828,0.0145087643248442,0.014027265692531137,0.026716400272601828,0.029486459889286033,0.028892317243729003,0.03261396192213837,0.01284457592879511,0.012521817257171029,0.02364783730693345,0.029486459889286033,0.028892317243729003,0.03261396192213837,0.01284457592879511,0.012521817257171029,0.02364783730693345,0.2745632968880626,0.43915378228431373,0.5301269245440208,0.8479183002350511,0.5301269245440208,814160,203540,81416,122124,0.75,,,,,,,,,0.007443110397137332,1
bayesfl_observability_v1,vi_sparse_bayesian_keep010_seed42,168,vi,62,5,333,,5,256,125.91942253112794,0.16603181455228422,0.09657279436111255,0.09657279436111255,,,0.7570139879964546,0.006093963980674744,0.9999075612284237,0.7570139879964546,,-0.0,2.4040642619438994,125.91942253112794,32.158740522250476,0.09657279436111255,0.0003159943060061951,0.16603181455228422,0.09657279436111255,0.000625,55.67646502666242,0.09651870200946931,0.09734868630766869,0.10530069395899773,0.1286943256855011,1.4544872094493302,1.2246700231605538,3.0010129618082675,,,,,,,,,,,,,,,,,,1,update_snr,bayesian,0.1,20,101770,10177,0.1,0.04049812044494479,0.020563033946411985,0.01862005027827529,0.04049765018364626,0.020563033946411985,0.01862005027827529,0.04049765018364626,0.04724306060713349,0.04598961146736878,0.05465523995169216,0.017598586539665152,0.016572712392404963,0.03388121710975573,0.04724306060713349,0.04598961146736878,0.05465523995169216,0.017598586539665152,0.016572712392404963,0.03388121710975573,0.44880476038705447,0.6096264963698799,0.592861912069657,0.8053041370917641,0.592861912069657,814160,203540,81416,122124,0.75,,,,,,,,,0.007449535736838944,333
bayesfl_observability_v1,vi_sparse_bayesian_keep010_seed42,168,vi,165,13,1662,,5,256,110.08882859093802,0.027817893186057374,0.053983598510221206,0.053983598510221206,,,1.2609831649091185,0.01676887273788452,0.9997436732724123,1.2609831649091185,,-0.0,2.3292713582565514,110.08882859093802,89.72074072398765,0.053983598510221206,0.0008816030335461103,0.027817893186057374,0.053983598510221206,0.000625,55.694515651157396,0.09660974274356227,0.09743429720401764,0.10539876595139504,0.12992653250694275,1.4536078245364623,1.2224164467405307,2.995212955258687,,,,,,,,,,,,,,,,,,1,update_snr,bayesian,0.1,20,101770,10177,0.1,0.06787960486462462,0.033058391295560444,0.028079270763166134,0.0678785625516696,0.033058391295560444,0.028079270763166134,0.0678785625516696,0.0846326860139216,0.0804499157326916,0.1047028039688172,0.027327914104631427,0.024908256098526812,0.054419819348727076,0.0846326860139216,0.0804499157326916,0.1047028039688172,0.027327914104631427,0.024908256098526812,0.054419819348727076,0.8181068042900331,0.9595727168685915,0.648784874418998,0.7609718698645351,0.648784874418998,814160,203540,81416,122124,0.75,,,,,,,,,0.007465364363238431,1662
bayesfl_observability_v1,vi_sparse_bayesian_keep010_seed42,168,vi,253,20,1,,5,256,4.069787979125977,0.0004850641416851431,15.034351561424012,15.034351561424012,,,0.5179039573397113,0.003136690706014633,0.9999567269802878,0.5179039573397113,,-0.0,2.259365973874069,4.069787979125977,15.034351561424012,15.034351561424012,0.00014772871731771653,0.0004850641416851431,15.034351561424012,0.000625,55.670550861047296,0.09647764547706862,0.09730740264058113,0.10524744242429734,0.12871091067790985,1.4548200227905044,1.224323044810172,2.999739073262674,,,,,,,,,,,,,,,,,,1,update_snr,bayesian,0.1,20,101770,10177,0.1,0.02673248513726996,0.014505607168653697,0.014042528460030297,0.02673215082320492,0.014505607168653697,0.014042528460030297,0.02673215082320492,0.029519095677553318,0.028961789969068452,0.03268903878020344,0.012837441778775962,0.012544405043314319,0.02361310690074312,0.029519095677553318,0.028961789969068452,0.03268903878020344,0.012837441778775962,0.012544405043314319,0.02361310690074312,0.27456226679879064,0.4391355948661453,0.5301412798796122,0.8479093249679513,0.5301412798796122,814160,203540,81416,122124,0.75,,,,,,,,,0.007442934479496543,1
bayesfl_observability_v1,vi_sparse_bayesian_keep010_seed42,168,vi,220,17,1,,5,256,7.216908645629883,0.003999806474894285,15.01581984353247,15.01581984353247,,,0.5174223003152226,0.003137730062007904,0.9999568077423034,0.5174223003152226,,-0.0,2.3096097079310103,7.216908645629883,15.01581984353247,15.01581984353247,0.0001475466232046032,0.003999806474894285,15.01581984353247,0.000625,55.67092629099917,0.09647651554428578,0.09730886667966843,0.10525139421224594,0.12882310152053833,1.4548294912204889,1.2251050413115383,3.001066632197011,,,,,,,,,,,,,,,,,,1,update_snr,bayesian,0.1,20,101770,10177,0.1,0.0267036736249725,0.014482081744945976,0.013984452071684056,0.026703420762611566,0.014482081744945976,0.013984452071684056,0.026703420762611566,0.02952751066918228,0.02896674241237592,0.03273056884590121,0.012810367420030831,0.012475698096579538,0.023650131792839577,0.02952751066918228,0.02896674241237592,0.03273056884590121,0.012810367420030831,0.012475698096579538,0.023650131792839577,0.2743620369521799,0.4386927279348807,0.5302478010418836,0.8478427150658591,0.5302478010418836,814160,203540,81416,122124,0.75,,,,,,,,,0.007443136775060108,1
bayesfl_observability_v1,vi_sparse_bayesian_keep010_seed42,168,vi,221,17,1,,5,256,7.254125356674194,0.8617098331451416,15.015947482504476,15.015947482504476,,,0.5174260842498511,0.0031329412013292313,0.9999568064637862,0.5174260842498511,,-0.0,2.311121424016332,7.254125356674194,15.015947482504476,15.015947482504476,0.0001475478773951506,0.8617098331451416,15.015947482504476,0.000625,55.67006206179499,0.0964773170017105,0.09729831665754318,0.10525147020816802,0.1285570114850998,1.4548579987377974,1.2244556769552708,3.0020463771510464,,,,,,,,,,,,,,,,,,1,update_snr,bayesian,0.1,20,101770,10177,0.1,0.02671866532080045,0.014493897669639584,0.014016587231452684,0.0267185963494284,0.014493897669639584,0.014016587231452684,0.0267185963494284,0.02952671671289847,0.02893717511517266,0.032707757961262664,0.012823584442610815,0.012509597355873696,0.023610686577884482,0.02952671671289847,0.02893717511517266,0.032707757961262664,0.012823584442610815,0.012509597355873696,0.023610686577884482,0.27462104578255453,0.43853509993549006,0.5307444949952453,0.847531876115726,0.5307444949952453,814160,203540,81416,122124,0.75,,,,,,,,,0.0074435048489282,1
bayesfl_observability_v1,vi_sparse_bayesian_keep010_seed42,169,vi,176,14,41,,5,256,41.67530136108398,0.4601412982475467,0.3674787095982897,0.3674787095982897,,,0.5186540796264123,0.0031355321407318115,0.9999566299247254,0.5186540796264123,,-0.0,2.185987945410232,41.67530136108398,15.066627093529878,0.3674787095982897,0.0001480458592269812,0.4601412982475467,0.3674787095982897,0.000625,55.68900756064316,0.09654484982826046,0.0973692536354065,0.10530993193387986,0.12846755981445312,1.454453122639041,1.2239654894023393,3.0015721418773,,,,,,,,,,,,,,,,,,1,update_snr,bayesian,0.1,20,101770,10177,0.1,0.026707422986704043,0.014525326583371995,0.014075802707572282,0.026707054927032247,0.014525326583371995,0.014075802707572282,0.026707054927032247,0.029527723188151854,0.02897907516198724,0.032773409829757044,0.012858393627285344,0.01255302628942033,0.02364233003045375,0.029527723188151854,0.02897907516198724,0.032773409829757044,0.012858393627285344,0.01255302628942033,0.02364233003045375,0.27468701291661546,0.43994215443404394,0.529615062730198,0.8482381065062388,0.529615062730198,814160,203540,81416,122124,0.75,,,,,,,,,0.007437492626323062,41
bayesfl_observability_v1,vi_sparse_bayesian_keep010_seed42,169,vi,183,14,1,,5,256,3.3111884117126467,0.020399879664182663,14.992088265585016,14.992088265585016,,,0.517472853894729,0.003136754035949707,0.9999568200512936,0.517472853894729,,-0.0,2.28098669344155,3.3111884117126467,14.992088265585016,14.992088265585016,0.00014731343485884855,0.020399879664182663,14.992088265585016,0.000625,55.683023804827165,0.0965460516849892,0.0973670445382595,0.10530541762709618,0.12851302325725555,1.4541730885335875,1.2237703746849258,3.0002774093924125,,,,,,,,,,,,,,,,,,1,update_snr,bayesian,0.1,20,101770,10177,0.1,0.026656819964241907,0.014480862806359195,0.01402698347749131,0.026656808004770965,0.014480862806359195,0.01402698347749131,0.026656808004770965,0.029468925893924382,0.028888706393235784,0.03264204746855238,0.012815522463296395,0.012508974004015787,0.02359985001391761,0.029468925893924382,0.028888706393235784,0.03264204746855238,0.012815522463296395,0.012508974004015787,0.02359985001391761,0.27421491902847595,0.4388443148773401,0.5299116986806429,0.8480528235914294,0.5299116986806429,814160,203540,81416,122124,0.75,,,,,,,,,0.0074368295879731275,1
bayesfl_observability_v1,vi_sparse_bayesian_keep010_seed42,169,vi,288,23,3,,5,256,7.920312166213989,0.07460318505764008,4.99867413513919,4.99867413513919,,,0.5174655884904263,0.0031327158212661743,0.9999568240267652,0.5174655884904263,,-0.0,2.185987945410232,7.920312166213989,14.99602240541757,4.99867413513919,0.0001473520920253274,0.07460318505764008,4.99867413513919,0.000625,55.686484545364515,0.09654483785948878,0.0973716638982296,0.10530222356319428,0.12821651995182037,1.4543688669309107,1.2237558890200395,3.0015743065194,,,,,,,,,,,,,,,,,,1,update_snr,bayesian,0.1,20,101770,10177,0.1,0.026726829676820645,0.01448110284153717,0.013975857264473642,0.026725812249414095,0.01448110284153717,0.013975857264473642,0.026725812249414095,0.029515445934669086,0.028970032503871503,0.0326600353618526,0.012810620275633622,0.012433228858392981,0.02361441897851577,0.029515445934669086,0.028970032503871503,0.0326600353618526,0.012810620275633622,0.012433228858392981,0.02361441897851577,0.27458578729322874,0.43860378553804236,0.5306358401420713,0.8475999086578043,0.5306358401420713,814160,203540,81416,122124,0.75,,,,,,,,,0.007437455115095991,3
bayesfl_observability_v1,vi_sparse_bayesian_keep010_seed42,169,vi,84,6,12,,5,256,40.68468685150147,1.345821221669515,1.2503724194040318,1.2503724194040318,,,0.5177074497032913,0.0031364262104034424,0.999956782759273,0.5177074497032913,,-0.0,2.3277319754160017,40.68468685150147,15.00446903284838,1.2503724194040318,0.0001474350892487804,1.345821221669515,1.2503724194040318,0.000625,55.68576141012853,0.09654486097118686,0.09737414866685867,0.10530135557055473,0.12841618061065674,1.4543009519852708,1.223639508318791,3.0020402404429523,,,,,,,,,,,,,,,,,,1,update_snr,bayesian,0.1,20,101770,10177,0.1,0.02674372904049267,0.014486124598219437,0.01400323220857435,0.026743684862503732,0.014486124598219437,0.01400323220857435,0.026743684862503732,0.029525815057958753,0.028911390417915277,0.03271248521349705,0.012815047880470628,0.012461021219296582,0.023605281530328332,0.029525815057958753,0.028911390417915277,0.03271248521349705,0.012815047880470628,0.012461021219296582,0.023605281530328332,0.2745215813662629,0.43892927088820616,0.530263919369128,0.8478326343184079,0.530263919369128,814160,203540,81416,122124,0.75,,,,,,,,,0.007436880733789161,12
bayesfl_observability_v1,vi_sparse_bayesian_keep010_seed42,169,vi,147,11,1921,,5,256,150.51546555757523,0.06949135265519134,0.05102088276265246,0.05102088276265246,,,1.317715041947698,0.017130132764577866,0.9997201768898627,1.317715041947698,,0.7419061377582201,1.6227932907659905,150.51546555757523,98.01111578705537,0.05102088276265246,0.0009630649089815798,0.06949135265519134,0.05102088276265246,0.000625,55.70479041232813,0.09668378646506463,0.09750552475452423,0.10547069311141968,0.12952710688114166,1.4528450877990826,1.2239704219307561,2.9992909097461813,,,,,,,,,,,,,,,,,,1,update_snr,bayesian,0.1,20,101770,10177,0.1,0.07048330234169196,0.0344936438000375,0.029328945302269274,0.0704830616386351,0.0344936438000375,0.029328945302269274,0.0704830616386351,0.08867468419750847,0.08375099220088295,0.11056172198240449,0.028473528200318496,0.02593468992245001,0.05645532605736585,0.08867468419750847,0.08375099220088295,0.11056172198240449,0.028473528200318496,0.02593468992245001,0.05645532605736585,0.8583465113854809,0.9998070804748291,0.6513900836380905,0.7587430124475372,0.6513900836380905,814160,203540,81416,122124,0.75,,,,,,,,,0.007455676079210043,1921
bayesfl_observability_v1,vi_sparse_bayesian_keep010_seed42,169,vi,2,0,48,,5,256,44.33764724731445,0.11318425337473552,0.31335041044907147,0.31335041044907147,,,0.5183146327798581,0.0031378865242004395,0.9999566859833641,0.5183146327798581,,-0.0,2.185987945410232,44.33764724731445,15.04081970155543,0.31335041044907147,0.00014779227376982834,0.11318425337473552,0.31335041044907147,0.000625,55.68867911642352,0.09654447147365554,0.09737221524119377,0.10529550984501838,0.12855257093906403,1.454404482613481,1.2246794616710712,3.0015503003532764,,,,,,,,,,,,,,,,,,1,update_snr,bayesian,0.1,20,101770,10177,0.1,0.026756934599919752,0.014511774406783622,0.014036675566661664,0.02675676975809182,0.014511774406783622,0.014036675566661664,0.02675676975809182,0.029552759346261448,0.02895765284045626,0.0327066610810064,0.012840553857952752,0.012530136379865563,0.02361786334628987,0.029552759346261448,0.02895765284045626,0.0327066610810064,0.012840553857952752,0.012530136379865563,0.02361786334628987,0.2747309882636366,0.4395144396278748,0.5300467532436464,0.847968418855248,0.5300467532436464,814160,203540,81416,122124,0.75,,,,,,,,,0.0074375060047124604,48
bayesfl_observability_v1,vi_sparse_bayesian_keep010_seed42,169,vi,5,0,1,,5,256,7.894602489471436,1.3649566173553467,14.966593062556928,14.966593062556928,,,0.5170464563927818,0.00313684344291687,0.9999568956723438,0.5170464563927818,,-0.0,2.311121424016332,7.894602489471436,14.966593062556928,14.966593062556928,0.000147062916994762,1.3649566173553467,14.966593062556928,0.000625,55.68761069154492,0.09654575089611156,0.09737354144454002,0.105291797965765,0.12879301607608795,1.4542873737247355,1.2232604506876885,3.0006984056478303,,,,,,,,,,,,,,,,,,1,update_snr,bayesian,0.1,20,101770,10177,0.1,0.026655572548272638,0.01447238845689531,0.014007019140099483,0.026655286380825392,0.01447238845689531,0.014007019140099483,0.026655286380825392,0.029449682032482945,0.02888577543319835,0.03259821302608161,0.012808244726274464,0.012535599898277568,0.02357139009419324,0.029449682032482945,0.02888577543319835,0.03259821302608161,0.012808244726274464,0.012535599898277568,0.02357139009419324,0.27388420980336325,0.43854814751486537,0.5297090936743664,0.8481793890909407,0.5297090936743664,814160,203540,81416,122124,0.75,,,,,,,,,0.0074368985603074055,1
bayesfl_observability_v1,vi_sparse_bayesian_keep010_seed42,169,vi,202,16,1,,5,256,5.973313283920288,0.02366197295486927,15.025241321592635,15.025241321592635,,,0.518154582786218,0.003138383850455284,0.99995671009751,0.518154582786218,,-0.0,2.28098669344155,5.973313283920288,15.025241321592635,15.025241321592635,0.00014763919938678033,0.02366197295486927,15.025241321592635,0.000625,55.68724387516603,0.09654555288051486,0.09736476093530655,0.10530444085597992,0.12817880511283875,1.4543040102838876,1.223791890339207,3.0003131440666166,,,,,,,,,,,,,,,,,,1,update_snr,bayesian,0.1,20,101770,10177,0.1,0.026734133036170324,0.014500679811255506,0.014034330624799324,0.02673378530184929,0.014500679811255506,0.014034330624799324,0.02673378530184929,0.029492153584785893,0.028922724063346,0.03260645876493086,0.012834960503085462,0.012537384763477002,0.02365781304278628,0.029492153584785893,0.028922724063346,0.03260645876493086,0.012834960503085462,0.012537384763477002,0.02365781304278628,0.27462475567604056,0.4393920973711688,0.5300054555135455,0.8479942317763013,0.5300054555135455,814160,203540,81416,122124,0.75,,,,,,,,,0.007436829147977806,1
bayesfl_observability_v1,vi_sparse_bayesian_keep010_seed42,169,vi,203,16,1,,5,256,7.312806034088135,0.7622594833374023,15.009711726424374,15.009711726424374,,,0.5177622545842205,0.0031333789229393005,0.9999567724635428,0.5177622545842205,,-0.0,2.311121424016332,7.312806034088135,15.009711726424374,15.009711726424374,0.00014748660436694874,0.7622594833374023,15.009711726424374,0.000625,55.68452244037093,0.09654571848074164,0.09737138077616692,0.1052952341735363,0.12858083844184875,1.4542724341328312,1.2235805705513514,2.999805791967008,,,,,,,,,,,,,,,,,,1,update_snr,bayesian,0.1,20,101770,10177,0.1,0.026740427137954048,0.014485892541029326,0.014012685873686075,0.026739532269208662,0.014485892541029326,0.014012685873686075,0.026739532269208662,0.02953073426882057,0.02897633676606341,0.03264664017518957,0.012814243460163634,0.012518591627081485,0.023611422480316377,0.02953073426882057,0.02897633676606341,0.03264664017518957,0.012814243460163634,0.012518591627081485,0.023611422480316377,0.2748586536335853,0.43878294496808784,0.5308588086520627,0.8474602794683139,0.5308588086520627,814160,203540,81416,122124,0.75,,,,,,,,,0.007436950634383268,1
bayesfl_observability_v1,vi_sparse_bayesian_keep010_seed42,169,vi,163,13,1,,5,256,6.308699131011963,0.019406568259000778,14.896591477642914,14.896591477642914,,,0.5159329984439276,0.0031321197748184204,0.9999570804546836,0.5159329984439276,,-0.0,2.185987945410232,6.308699131011963,14.896591477642914,14.896591477642914,0.00014637507593242522,0.019406568259000778,14.896591477642914,0.000625,55.687202090869754,0.09654520924124489,0.09737417846918106,0.1053069531917572,0.12852151691913605,1.4543207297921958,1.2241534464427462,3.0001455474935055,,,,,,,,,,,,,,,,,,1,update_snr,bayesian,0.1,20,101770,10177,0.1,0.0266433838893021,0.014419977047778275,0.013906142745772211,0.026643158409409534,0.014419977047778275,0.013906142745772211,0.026643158409409534,0.029436588925480133,0.028846118763547618,0.0325892798796686,0.012751464616922508,0.012429270611042641,0.023540222737147967,0.029436588925480133,0.028846118763547618,0.0325892798796686,0.012751464616922508,0.012429270611042641,0.023540222737147967,0.27423251696004314,0.4370164591009148,0.5315273839570995,0.8470411088629184,0.5315273839570995,814160,203540,81416,122124,0.75,,,,,,,,,0.007437306601293061,1
bayesfl_observability_v1,vi_sparse_bayesian_keep010_seed42,169,vi,238,19,72,,5,256,46.388516139984134,0.14249237378438315,0.210029459317277,0.210029459317277,,,0.5199184660351479,0.0031327903270721436,0.9999564157386127,0.5199184660351479,,-0.0,2.3163460082440825,46.388516139984134,15.122121070843944,0.210029459317277,0.00014859114739946885,0.14249237378438315,0.210029459317277,0.000625,55.68776489103899,0.09654532414014991,0.09737075492739677,0.10530385822057724,0.12884019315242767,1.4543886178680412,1.2243043701589147,2.9995237395291734,,,,,,,,,,,,,,,,,,1,update_snr,bayesian,0.1,20,101770,10177,0.1,0.026740696432528358,0.014556072302664504,0.014102457674002485,0.026740004058572756,0.014556072302664504,0.014102457674002485,0.026740004058572756,0.029543819726767694,0.028959710862190683,0.03275511884609349,0.012890767033319709,0.012591723355790056,0.023696273620980386,0.029543819726767694,0.028959710862190683,0.03275511884609349,0.012890767033319709,0.012591723355790056,0.023696273620980386,0.27482464462697803,0.44134637874349514,0.5285918131024782,0.8488761365011007,0.5285918131024782,814160,203540,81416,122124,0.75,,,,,,,,,0.007437002666887839,72
bayesfl_observability_v1,vi_sparse_bayesian_keep010_seed42,169,vi,247,19,83,,5,256,52.57018098831177,0.18383184685764542,0.18152294631078442,0.18152294631078442,,,0.5187789294261348,0.0031353533267974854,0.9999566038630384,0.5187789294261348,,0.37911466974801067,1.93024026923342,52.57018098831177,15.066404543795107,0.18152294631078442,0.00014804367243583677,0.18383184685764542,0.18152294631078442,0.000625,55.685917512472095,0.09654373331479542,0.09736975654959679,0.1052978865802288,0.1282299906015396,1.45433257229431,1.2231313780626667,3.0019398687024754,,,,,,,,,,,,,,,,,,1,update_snr,bayesian,0.1,20,101770,10177,0.1,0.02674461556969282,0.01451213632219376,0.014016435262534179,0.02674431639205613,0.01451213632219376,0.014016435262534179,0.02674431639205613,0.02956598904591383,0.029004090107167212,0.03271393848776097,0.012839486019558196,0.012482456097887226,0.02366757397996488,0.02956598904591383,0.029004090107167212,0.03271393848776097,0.012839486019558196,0.012482456097887226,0.02366757397996488,0.27488328925288225,0.43996676568354903,0.5298659480194269,0.8480814094940854,0.5298659480194269,814160,203540,81416,122124,0.75,,,,,,,,,0.00743631960043265,83
bayesfl_observability_v1,vi_sparse_bayesian_keep010_seed42,169,vi,235,18,9,,5,256,37.300357818603516,1.4235963821411133,1.6702446196500773,1.6702446196500773,,,0.5182383912417737,0.0031333863735198975,0.9999566986032666,0.5182383912417737,,-0.0,2.311121424016332,37.300357818603516,15.032201576850696,1.6702446196500773,0.0001477075914007143,1.4235963821411133,1.6702446196500773,0.000625,55.68861956470969,0.09654492751313701,0.09737541899085045,0.10530240461230278,0.12856388092041016,1.4543767063182313,1.2238363249640098,2.9996863000478835,,,,,,,,,,,,,,,,,,1,update_snr,bayesian,0.1,20,101770,10177,0.1,0.026740284495500144,0.014494363915695911,0.014006367694971957,0.026740177962535992,0.014494363915695911,0.014006367694971957,0.026740177962535992,0.029522115139191986,0.028903203018071942,0.03270773557748409,0.012824613779751906,0.01254187163822186,0.02364821950489339,0.029522115139191986,0.028903203018071942,0.03270773557748409,0.012824613779751906,0.01254187163822186,0.02364821950489339,0.2747604786468854,0.43940608727075725,0.5301816370425969,0.8478840909834507,0.5301816370425969,814160,203540,81416,122124,0.75,,,,,,,,,0.00743770883588635,9
bayesfl_observability_v1,vi_sparse_bayesian_keep010_seed42,169,vi,253,20,1,,5,256,3.5275548934936523,0.0009031984372995794,15.087561699109223,15.087561699109223,,,0.5189294778546074,0.0031335651874542236,0.9999565838430662,0.5189294778546074,,-0.0,2.259365973874069,3.5275548934936523,15.087561699109223,15.087561699109223,0.00014825156430293035,0.0009031984372995794,15.087561699109223,0.000625,55.689003699164154,0.096544611107983,0.09736789762973785,0.10530621781945229,0.12854436039924622,1.4544131855170415,1.2231389267773034,3.000938637222607,,,,,,,,,,,,,,,,,,1,update_snr,bayesian,0.1,20,101770,10177,0.1,0.026765908212773297,0.014521974162885724,0.014039448697154643,0.026765802838526018,0.014521974162885724,0.014039448697154643,0.026765802838526018,0.02956817574334069,0.028985419248224113,0.03275714388032762,0.012850173987279615,0.01251869036775717,0.023685146144108136,0.02956817574334069,0.028985419248224113,0.03275714388032762,0.012850173987279615,0.01251869036775717,0.023685146144108136,0.274817751337845,0.4401851957256922,0.5295859323197725,0.8482562939872581,0.5295859323197725,814160,203540,81416,122124,0.75,,,,,,,,,0.007436827532795497,1
bayesfl_observability_v1,vi_sparse_bayesian_keep010_seed42,169,vi,260,20,171,,5,256,858.8973493814468,0.7639904356839364,0.10308271699764755,0.10308271699764755,,,0.5625107515358844,0.0031338632106781006,0.9999489824931896,0.5625107515358844,,-0.0,2.311121424016332,858.8973493814468,17.62714460659773,0.10308271699764755,0.0001732057050859559,0.7639904356839364,0.10308271699764755,0.000625,55.687997317160416,0.09654214122272509,0.09736230596899986,0.10530487224459649,0.12865164875984192,1.4544550000036924,1.2243783162564967,3.0029022690741205,,,,,,,,,,,,,,,,,,1,update_snr,bayesian,0.1,20,101770,10177,0.1,0.0282998100638955,0.015909062678063267,0.01590016076081613,0.02829933272894654,0.015909062678063267,0.01590016076081613,0.02829933272894654,0.0308800659335116,0.03027964545467568,0.033896534126880346,0.01424561787190234,0.01422122170227555,0.025578081183787,0.0308800659335116,0.03027964545467568,0.033896534126880346,0.01424561787190234,0.01422122170227555,0.025578081183787,0.2849835081013605,0.484977056883836,0.5066276641348437,0.8621649551757906,0.5066276641348437,814160,203540,81416,122124,0.75,,,,,,,,,0.007436557996481846,171
bayesfl_observability_v1,vi_sparse_bayesian_keep010_seed42,170,vi,296,23,2,,5,256,3.3420899391174315,0.0009491370874457061,7.475389122459628,7.475389122459628,,,0.5168418642596697,0.0031365379691123962,0.9999569447099399,0.5168418642596697,,-0.0,2.3096097079310103,3.3420899391174315,14.950778244919256,7.475389122459628,0.00014690751935658106,0.0009491370874457061,7.475389122459628,0.000625,55.69657039176875,0.09660961883938932,0.09744126349687576,0.10534937307238579,0.12881962954998016,1.4535922024572716,1.2243729958268705,2.999894039803416,,,,,,,,,,,,,,,,,,1,update_snr,bayesian,0.1,20,101770,10177,0.1,0.026660858759567623,0.014451367395147598,0.013962029144055603,0.02666065397580394,0.014451367395147598,0.013962029144055603,0.02666065397580394,0.029478192200288463,0.028878510651624643,0.03280078335014055,0.01278172019457639,0.012455372262228277,0.023570945269664995,0.029478192200288463,0.028878510651624643,0.03280078335014055,0.01278172019457639,0.012455372262228277,0.023570945269664995,0.27418500548501495,0.438118814271418,0.5305007671500465,0.8476844554745667,0.5305007671500465,814160,203540,81416,122124,0.75,,,,,,,,,0.007429566400042872,2
bayesfl_observability_v1,vi_sparse_bayesian_keep010_seed42,170,vi,251,20,1,,5,256,6.8500395774841305,0.021190432831645012,14.925553931953221,14.925553931953221,,,0.5165560792988194,0.003135582199320197,0.9999569947542983,0.5165560792988194,,-0.0,2.3163460082440825,6.8500395774841305,14.925553931953221,14.925553931953221,0.0001466596632794853,0.021190432831645012,14.925553931953221,0.000625,55.69886405866858,0.09660826518566479,0.09744031727313995,0.10533944517374039,0.12885582447052002,1.4536489632419187,1.2248880488732379,2.9997985056868886,,,,,,,,,,,,,,,,,,1,update_snr,bayesian,0.1,20,101770,10177,0.1,0.026668419164527644,0.014427991976328046,0.0139190844186843,0.02666783265324608,0.014427991976328046,0.0139190844186843,0.02666783265324608,0.029473867130043182,0.02890466828043413,0.03268353545579415,0.012756228070359697,0.012407433425161598,0.023592905619507422,0.029473867130043182,0.02890466828043413,0.03268353545579415,0.012756228070359697,0.012407433425161598,0.023592905619507422,0.274416066405155,0.43763684209546366,0.531241577444314,0.8472203883255389,0.531241577444314,814160,203540,81416,122124,0.75,,,,,,,,,0.0074287358117616515,1
bayesfl_observability_v1,vi_sparse_bayesian_keep010_seed42,170,vi,141,11,1,,5,256,3.6352355003356935,0.007275041658431292,14.943973982447408,14.943973982447408,,,0.5170880969956714,0.00313510000705719,0.999956904382371,0.5170880969956714,,-0.0,2.3096097079310103,3.6352355003356935,14.943973982447408,14.943973982447408,0.00014684066013999616,0.007275041658431292,14.943973982447408,0.000625,55.697418184391275,0.09660789331724529,0.09743589162826538,0.1053499735891819,0.1288212090730667,1.4535825625082408,1.223911068307383,3.0001854196203737,,,,,,,,,,,,,,,,,,1,update_snr,bayesian,0.1,20,101770,10177,0.1,0.026654819445377554,0.014449444295754729,0.013976421258992714,0.02665470275585629,0.014449444295754729,0.013976421258992714,0.02665470275585629,0.02944666845459896,0.028904607462955357,0.03255045028092054,0.012783086055883144,0.012460462814868935,0.023571467060853085,0.02944666845459896,0.028904607462955357,0.03255045028092054,0.012783086055883144,0.012460462814868935,0.023571467060853085,0.27431862226972753,0.4383256706270391,0.5305065497804795,0.8476808365416858,0.5305065497804795,814160,203540,81416,122124,0.75,,,,,,,,,0.007428368652723168,1
bayesfl_observability_v1,vi_sparse_bayesian_keep010_seed42,170,vi,241,19,265,,5,256,50.824223178625104,0.044263392967997854,0.11617784217508792,0.11617784217508792,,,0.7408171008594747,0.006013303995132446,0.9999115567642647,0.7408171008594747,,-0.0,2.259365973874069,50.824223178625104,30.787128176398298,0.11617784217508792,0.0003025167355448393,0.044263392967997854,0.11617784217508792,0.000625,55.702304609368355,0.0966515676242799,0.0974859781563282,0.10540485307574272,0.12874169647693634,1.4530721114266625,1.2229943766904179,2.9980354942500327,,,,,,,,,,,,,,,,,,1,update_snr,bayesian,0.1,20,101770,10177,0.1,0.03957587545281983,0.020097146984231345,0.018174981003000884,0.03957512895752508,0.020097146984231345,0.018174981003000884,0.03957512895752508,0.0462647658785134,0.045038503417033,0.053700637024163125,0.017189633773755562,0.016192922202886238,0.03310887158120592,0.0462647658785134,0.045038503417033,0.053700637024163125,0.017189633773755562,0.016192922202886238,0.03310887158120592,0.4396106266487102,0.5962822099168865,0.5934131732902582,0.8048980095425673,0.5934131732902582,814160,203540,81416,122124,0.75,,,,,,,,,0.00743498392467886,265
bayesfl_observability_v1,vi_sparse_bayesian_keep010_seed42,170,vi,96,7,1,,5,256,5.378357577323913,0.004311551805585623,15.023663199382323,15.023663199382323,,,0.5182766282917637,0.003133237361907959,0.9999567144038942,0.5182766282917637,,-0.0,2.259365973874069,5.378357577323913,15.023663199382323,15.023663199382323,0.00014762369263419793,0.004311551805585623,15.023663199382323,0.000625,55.70220749594143,0.09660807125664969,0.09744519740343094,0.10534809306263924,0.12873291969299316,1.4536925460421086,1.223767431159547,3.0002515425057776,,,,,,,,,,,,,,,,,,1,update_snr,bayesian,0.1,20,101770,10177,0.1,0.026709960861619395,0.014504864598342689,0.014025949443989355,0.02670960840736514,0.014504864598342689,0.014025949443989355,0.02670960840736514,0.02948598122895214,0.028911074550841204,0.032605422822133585,0.012840296083830529,0.012518187220503782,0.023624047529386485,0.02948598122895214,0.028911074550841204,0.032605422822133585,0.012840296083830529,0.012518187220503782,0.023624047529386485,0.27470570718217346,0.4394854239619569,0.530036841691283,0.8479746142721077,0.530036841691283,814160,203540,81416,122124,0.75,,,,,,,,,0.007429176896961114,1
bayesfl_observability_v1,vi_sparse_bayesian_keep010_seed42,170,vi,21,1,1,,5,256,4.874378299713134,0.6851567029953003,14.974298972075637,14.974298972075637,,,0.5175729533662656,0.003134552389383316,0.9999568307331181,0.5175729533662656,,-0.0,2.3277319754160017,4.874378299713134,14.974298972075637,14.974298972075637,0.0001471386358659294,0.6851567029953003,14.974298972075637,0.000625,55.70173892292431,0.09660923949502195,0.09744185209274292,0.10536118149757386,0.12883563339710236,1.4537699987041424,1.223693171795866,2.9993684166133527,,,,,,,,,,,,,,,,,,1,update_snr,bayesian,0.1,20,101770,10177,0.1,0.026691873304980792,0.01445462725761692,0.013963095768953954,0.026691177095620813,0.01445462725761692,0.013963095768953954,0.026691177095620813,0.02950121527813079,0.028920935715591626,0.032649694254140264,0.012782784144226489,0.012428714445352774,0.023605764187134597,0.02950121527813079,0.028920935715591626,0.032649694254140264,0.012782784144226489,0.012428714445352774,0.023605764187134597,0.2746804232445135,0.4386712061926261,0.5307086111397579,0.8475543463767437,0.5307086111397579,814160,203540,81416,122124,0.75,,,,,,,,,0.007429124062339055,1
bayesfl_observability_v1,vi_sparse_bayesian_keep010_seed42,170,vi,24,1,142,,5,256,141.92208824157714,0.30973764876244775,0.1074598201774297,0.1074598201774297,,,0.5225486259955313,0.003133624792098999,0.9999559906229052,0.5225486259955313,,0.40519466481919386,1.9096930536110042,141.92208824157714,15.259294465195016,0.1074598201774297,0.00014993902392841717,0.30973764876244775,0.1074598201774297,0.000625,55.69848809018194,0.09660776977494931,0.09743883460760117,0.10535142719745635,0.12861019372940063,1.4536883740872844,1.2240127665636378,3.000227703985753,,,,,,,,,,,,,,,,,,1,update_snr,bayesian,0.1,20,101770,10177,0.1,0.026915115178801616,0.014613943118113511,0.01410423554443473,0.02691482983994342,0.014613943118113511,0.01410423554443473,0.02691482983994342,0.029733577817400287,0.029128690395790982,0.032843695313830794,0.012933983707081648,0.012616143689321636,0.023797725477025643,0.029733577817400287,0.029128690395790982,0.032843695313830794,0.012933983707081648,0.012616143689321636,0.023797725477025643,0.27689768609038906,0.44315317664167336,0.5298984100529565,0.8480611269379992,0.5298984100529565,814160,203540,81416,122124,0.75,,,,,,,,,0.007428788420618011,142
bayesfl_observability_v1,vi_sparse_bayesian_keep010_seed42,170,vi,36,2,1,,5,256,5.079165196418762,0.0073995329439640045,14.984073555515067,14.984073555515067,,,0.5177119488984742,0.0031351596117019653,0.999956800489969,0.5177119488984742,,-0.0,2.185987945410232,5.079165196418762,14.984073555515067,14.984073555515067,0.00014723468168925094,0.0073995329439640045,14.984073555515067,0.000625,55.697576264504356,0.09660861914911725,0.09744442999362946,0.10535154193639755,0.12851713597774506,1.4535712489709895,1.2232582055753078,2.998031615883864,,,,,,,,,,,,,,,,,,1,update_snr,bayesian,0.1,20,101770,10177,0.1,0.02672585799369527,0.014473338408823935,0.013975938843596377,0.02672574550931367,0.014473338408823935,0.013975938843596377,0.02672574550931367,0.02946104691402927,0.028913112070977225,0.03249263623459165,0.012808037463801117,0.012466136670584792,0.023614228052424267,0.02946104691402927,0.028913112070977225,0.03249263623459165,0.012808037463801117,0.012466136670584792,0.023614228052424267,0.27430989357658103,0.4390669018706159,0.5298504200264741,0.8480911109059974,0.5298504200264741,814160,203540,81416,122124,0.75,,,,,,,,,0.007429205723818522,1
bayesfl_observability_v1,vi_sparse_bayesian_keep010_seed42,170,vi,265,21,1,,5,256,7.2380359172821045,0.0,14.928401984416595,14.928401984416595,,,0.5167218467212782,0.0031337416730821133,0.9999569683528653,0.5167218467212782,,-0.0,2.259365973874069,7.2380359172821045,14.928401984416595,14.928401984416595,0.00014668764846631222,0.0,14.928401984416595,0.000625,55.699636579651546,0.09660725524529874,0.09743878617882729,0.10535800158977508,0.12849454581737518,1.4536865606706568,1.2240819584110758,2.999943290075553,,,,,,,,,,,,,,,,,,1,update_snr,bayesian,0.1,20,101770,10177,0.1,0.026681538193630013,0.014452514385389857,0.013903492889857944,0.02668041499370594,0.014452514385389857,0.013903492889857944,0.02668041499370594,0.029463061861714733,0.02888423166131998,0.0326914076779682,0.012784675776909317,0.012422933245466164,0.02353731293776887,0.029463061861714733,0.02888423166131998,0.0326914076779682,0.012784675776909317,0.012422933245466164,0.02353731293776887,0.2743792686767238,0.437855551294573,0.5309999382021969,0.8473718579403399,0.5309999382021969,814160,203540,81416,122124,0.75,,,,,,,,,0.007428668199201553,1
bayesfl_observability_v1,vi_sparse_bayesian_keep010_seed42,170,vi,153,12,19,,5,256,23.39992799758911,0.29282188415527344,0.7886772948767125,0.7886772948767125,,,0.5177429278370557,0.003132842481136322,0.999956797055473,0.5177429278370557,,-0.0,2.259365973874069,23.39992799758911,14.984868602657537,0.7886772948767125,0.00014724249388481416,0.29282188415527344,0.7886772948767125,0.000625,55.69896755551897,0.09660864403656023,0.09744227677583694,0.10535258129239082,0.12832286953926086,1.4536448563315632,1.2241377768925412,2.999533189308256,,,,,,,,,,,,,,,,,,1,update_snr,bayesian,0.1,20,101770,10177,0.1,0.026683533572737905,0.014475599503436137,0.014000585632669642,0.026682291256579765,0.014475599503436137,0.014000585632669642,0.026682291256579765,0.02947843314603777,0.028932526942606826,0.032616913546036186,0.012808617987591513,0.012474446944676474,0.023570730714902198,0.02947843314603777,0.028932526942606826,0.032616913546036186,0.012808617987591513,0.012474446944676474,0.023570730714902198,0.27486124412254853,0.43875851650388675,0.5308836284269884,0.8474447315714433,0.5308836284269884,814160,203540,81416,122124,0.75,,,,,,,,,0.007428877052509201,19
bayesfl_observability_v1,vi_sparse_bayesian_keep010_seed42,170,vi,210,16,633,,5,256,330.44146229426065,0.11015004945968941,0.09250391734694026,0.09250391734694026,,,1.026383377456827,0.00901821255683899,0.9998302401253464,1.026383377456827,,-0.0,2.311121424016332,330.44146229426065,58.55497968061319,0.09250391734694026,0.0005753658217609629,0.11015004945968941,0.09250391734694026,0.000625,55.70513871547854,0.09667458946240919,0.09750442951917648,0.10543076992034912,0.1285249888896942,1.4528144197829136,1.223711076428455,2.9966353645905097,,,,,,,,,,,,,,,,,,1,update_snr,bayesian,0.1,20,101770,10177,0.1,0.05489034922216528,0.027692646670448552,0.024841248876736565,0.054890106392952547,0.027692646670448552,0.024841248876736565,0.054890106392952547,0.06423994087966252,0.06240248492761919,0.07470420444163514,0.023631836202758116,0.02212362710792909,0.04571338529190127,0.06423994087966252,0.06240248492761919,0.07470420444163514,0.023631836202758116,0.02212362710792909,0.04571338529190127,0.6132641164532373,0.8230248847942045,0.5975000471780665,0.8018688755789244,0.5975000471780665,814160,203540,81416,122124,0.75,,,,,,,,,0.007437493199172189,633
bayesfl_observability_v1,vi_sparse_bayesian_keep010_seed42,170,vi,162,13,1,,5,256,5.3810642719268795,0.05033909156918526,14.979905032816962,14.979905032816962,,,0.5177209716814417,0.0031316950917243958,0.9999568052598029,0.5177209716814417,,-0.0,2.185987945410232,5.3810642719268795,14.979905032816962,14.979905032816962,0.0001471937214583567,0.05033909156918526,14.979905032816962,0.000625,55.70140309330409,0.09660783637894492,0.09744124114513397,0.10536041483283043,0.12885162234306335,1.453737990076129,1.2227979867862862,3.000427935234896,,,,,,,,,,,,,,,,,,1,update_snr,bayesian,0.1,20,101770,10177,0.1,0.026685111999120444,0.014466441230816009,0.013991052815218404,0.026684692694603506,0.014466441230816009,0.013991052815218404,0.026684692694603506,0.029485491325450003,0.028900371979324796,0.03263975519896971,0.012797657886967786,0.012465418713171986,0.02357807894393655,0.029485491325450003,0.028900371979324796,0.03263975519896971,0.012797657886967786,0.012465418713171986,0.02357807894393655,0.2748492697455951,0.43874010922081125,0.5308830137843291,0.8474451166153878,0.5308830137843291,814160,203540,81416,122124,0.75,,,,,,,,,0.007428760785416827,1
bayesfl_observability_v1,vi_sparse_bayesian_keep010_seed42,170,vi,83,6,1,,5,256,5.8346761703491214,0.011261354200541973,14.94501196898536,14.94501196898536,,,0.5170892177436184,0.0031330883502960205,0.9999569051472295,0.5170892177436184,,-0.0,2.259365973874069,5.8346761703491214,14.94501196898536,14.94501196898536,0.00014685085947710878,0.011261354200541973,14.94501196898536,0.000625,55.69827654870387,0.09660905106393061,0.09743449464440346,0.10535445511341096,0.12882114946842194,1.4536060540041282,1.2244098635742424,2.9982494112854035,,,,,,,,,,,,,,,,,,1,update_snr,bayesian,0.1,20,101770,10177,0.1,0.026668678428879187,0.014457200403928425,0.013926407281393636,0.026668581192447107,0.014457200403928425,0.013926407281393636,0.026668581192447107,0.02944583091172463,0.02889589035521032,0.032578538399122114,0.012791797014173292,0.0124448152070463,0.02360482758432742,0.02944583091172463,0.02889589035521032,0.032578538399122114,0.012791797014173292,0.0124448152070463,0.02360482758432742,0.274524355057641,0.4381981715923669,0.5309032670523693,0.8474324285942334,0.5309032670523693,814160,203540,81416,122124,0.75,,,,,,,,,0.007428513777827879,1
bayesfl_observability_v1,vi_sparse_bayesian_keep010_seed42,170,vi,283,22,9,,5,256,6.325675010681152,0.01713277730676863,1.6676633439566562,1.6676633439566562,,,0.5183223054832019,0.0031340718269348145,0.9999566992240488,0.5183223054832019,,-0.0,2.185987945410232,6.325675010681152,15.008970095609905,1.6676633439566562,0.00014747931704441294,0.01713277730676863,1.6676633439566562,0.000625,55.6981610134037,0.09660842956884871,0.09744366630911827,0.10535070076584815,0.12873463332653046,1.4536333224913076,1.2242645857714378,3.000224436734804,,,,,,,,,,,,,,,,,,1,update_snr,bayesian,0.1,20,101770,10177,0.1,0.026635932703968652,0.014506926836890978,0.014084294844978987,0.026635336368481564,0.014506926836890978,0.014084294844978987,0.026635336368481564,0.029439125082315897,0.028842892172116535,0.03270494293662224,0.012847793698510426,0.012575509801637097,0.02360153290140019,0.029439125082315897,0.028842892172116535,0.03270494293662224,0.012847793698510426,0.012575509801637097,0.02360153290140019,0.27432910308158226,0.4397744371423565,0.5292635493003549,0.8484574800082744,0.5292635493003549,814160,203540,81416,122124,0.75,,,,,,,,,0.007428358584256971,9
bayesfl_observability_v1,vi_sparse_bayesian_keep010_seed42,170,vi,66,5,62,,5,256,25.878049182891846,0.07076844861430506,0.242410449174953,0.242410449174953,,,0.5185757252456951,0.003136545419692993,0.9999566624752112,0.5185757252456951,,0.5614271145662422,1.826949466466651,25.878049182891846,15.029447848847086,0.242410449174953,0.00014768053305342523,0.07076844861430506,0.242410449174953,0.000625,55.7013910423433,0.09660825082600129,0.0974407009780407,0.10534831136465073,0.12881900370121002,1.4537059601484248,1.2240867757680336,2.9997698900531216,,,,,,,,,,,,,,,,,,1,update_snr,bayesian,0.1,20,101770,10177,0.1,0.02669894962128032,0.01450530192861233,0.014023135678865206,0.026697728226263352,0.01450530192861233,0.014023135678865206,0.026697728226263352,0.029482320282147274,0.028900514805462005,0.032602841304448696,0.012841188778219555,0.01250756804982147,0.02367419153856762,0.029482320282147274,0.028900514805462005,0.032602841304448696,0.012841188778219555,0.01250756804982147,0.02367419153856762,0.2746952973381612,0.43984460487130894,0.5297110604396568,0.8481781607940012,0.5297110604396568,814160,203540,81416,122124,0.75,,,,,,,,,0.007429066694978603,62
bayesfl_observability_v1,vi_sparse_bayesian_keep010_seed42,171,vi,138,11,1,,5,256,6.4688807964324955,0.09251267462968826,14.93558597267872,14.93558597267872,,,0.5171583579299316,0.003135770559310913,0.9999569043451131,0.5171583579299316,,-0.0,2.3277319754160017,6.4688807964324955,14.93558597267872,14.93558597267872,0.0001467582388982875,0.09251267462968826,14.93558597267872,0.000625,55.705030357965256,0.09666674106568611,0.09750452265143394,0.10539047345519066,0.12841279804706573,1.4528831647888045,1.2241430489858738,2.999976355531675,,,,,,,,,,,,,,,,,,1,update_snr,bayesian,0.1,20,101770,10177,0.1,0.02665945601747165,0.014453783948163993,0.013969060418617191,0.02665843286410408,0.014453783948163993,0.013969060418617191,0.02665843286410408,0.029454048237366817,0.028896675896476178,0.03256904892815428,0.012787087916030348,0.01250886922443936,0.02353166346984351,0.029454048237366817,0.028896675896476178,0.03256904892815428,0.012787087916030348,0.01250886922443936,0.02353166346984351,0.2745793541378275,0.4382453028362504,0.530938637899824,0.8474102682792319,0.530938637899824,814160,203540,81416,122124,0.75,,,,,,,,,0.007421638612389293,1
bayesfl_observability_v1,vi_sparse_bayesian_keep010_seed42,171,vi,62,5,333,,5,256,62.687277626991275,0.06701331954818589,0.09290281285849222,0.09290281285849222,,,0.7432160640919352,0.00608932226896286,0.9999109938091433,0.7432160640919352,,-0.0,2.4040642619438994,62.687277626991275,30.93663668187791,0.09290281285849222,0.0003039858178429587,0.06701331954818589,0.09290281285849222,0.000625,55.704676242010216,0.09670831698833157,0.09753778576850891,0.10544651821255684,0.1289251446723938,1.4524163004451087,1.2222901329794655,2.9953781880106467,,,,,,,,,,,,,,,,,,1,update_snr,bayesian,0.1,20,101770,10177,0.1,0.039630657637780675,0.02015528841663158,0.01826354231721345,0.03963047990170823,0.02015528841663158,0.01826354231721345,0.03963047990170823,0.046391448803230984,0.04505819928856956,0.054108798919502835,0.017240159484787205,0.0162710441917374,0.03309499494337433,0.046391448803230984,0.04505819928856956,0.054108798919502835,0.017240159484787205,0.0162710441917374,0.03309499494337433,0.4415950962308455,0.59779920450698,0.594167857190208,0.8043410703687814,0.594167857190208,814160,203540,81416,122124,0.75,,,,,,,,,0.007427010529759664,333
bayesfl_observability_v1,vi_sparse_bayesian_keep010_seed42,171,vi,27,2,1,,5,256,7.290011596679688,0.2886454463005066,14.935145168235982,14.935145168235982,,,0.5171244996869526,0.0031371116638183594,0.9999569104861301,0.5171244996869526,,-0.0,2.3163460082440825,7.290011596679688,14.935145168235982,14.935145168235982,0.00014675390751926875,0.2886454463005066,14.935145168235982,0.000625,55.70548124528955,0.09666620702707424,0.09750532731413841,0.10539837628602981,0.1286289095878601,1.4529133396086182,1.2216165682733129,2.9994416914372772,,,,,,,,,,,,,,,,,,1,update_snr,bayesian,0.1,20,101770,10177,0.1,0.026667880668752746,0.014438667087865205,0.0139256256578562,0.02666784656813916,0.014438667087865205,0.0139256256578562,0.02666784656813916,0.029463879458141606,0.02892036603009191,0.032505736299716266,0.012769199046723382,0.012440314429507661,0.02358777933920624,0.029463879458141606,0.02892036603009191,0.032505736299716266,0.012769199046723382,0.012440314429507661,0.02358777933920624,0.274629059165425,0.43817419828008436,0.5310695187168176,0.8473282517949512,0.5310695187168176,814160,203540,81416,122124,0.75,,,,,,,,,0.007422637705966383,1
bayesfl_observability_v1,vi_sparse_bayesian_keep010_seed42,171,vi,191,15,1,,5,256,5.157213497161865,0.00024327656137757003,14.95938297325638,14.95938297325638,,,0.5176043922682928,0.003136873245239258,0.9999568332076062,0.5176043922682928,,-0.0,2.3096097079310103,5.157213497161865,14.95938297325638,14.95938297325638,0.00014699207009193652,0.00024327656137757003,14.95938297325638,0.000625,55.70733155570419,0.09666615191294717,0.09750233963131905,0.10540292561054229,0.12871047854423523,1.4529835540741198,1.2227678203438241,2.9994429039945425,,,,,,,,,,,,,,,,,,1,update_snr,bayesian,0.1,20,101770,10177,0.1,0.026681086679699536,0.014459536300256561,0.0139904033772788,0.026680908245741247,0.014459536300256561,0.0139904033772788,0.026680908245741247,0.029440930989009302,0.02890337085578699,0.03247788771152323,0.012794936890395148,0.012520962771340311,0.02357763377315301,0.029440930989009302,0.02890337085578699,0.03247788771152323,0.012794936890395148,0.012520962771340311,0.02357763377315301,0.2745523471010926,0.4387884633815137,0.5304289360797818,0.847729404803957,0.5304289360797818,814160,203540,81416,122124,0.75,,,,,,,,,0.007422301043790274,1
bayesfl_observability_v1,vi_sparse_bayesian_keep010_seed42,171,vi,238,19,72,,5,256,90.01668310165405,0.149149047003852,0.20989940547243588,0.20989940547243588,,,0.5202495114962742,0.003131091594696045,0.9999563936566217,0.5202495114962742,,-0.0,2.3163460082440825,90.01668310165405,15.112757194015384,0.20989940547243588,0.0001484991372115101,0.149149047003852,0.20989940547243588,0.000625,55.7087187228648,0.09666650052105231,0.09749767556786537,0.10539383292198182,0.12858738005161285,1.4530057105357013,1.2232138787353843,2.9983823260354354,,,,,,,,,,,,,,,,,,1,update_snr,bayesian,0.1,20,101770,10177,0.1,0.02675364774125862,0.014548864124111091,0.01406167621188251,0.0267533228024611,0.014548864124111091,0.01406167621188251,0.0267533228024611,0.029561626331982838,0.028974680238330382,0.03274959223451557,0.012880779434347565,0.012544524313285496,0.02373732214233299,0.029561626331982838,0.028974680238330382,0.03274959223451557,0.012880779434347565,0.012544524313285496,0.02373732214233299,0.2754589154880853,0.4413410700243519,0.5294746259267906,0.8483257749825155,0.5294746259267906,814160,203540,81416,122124,0.75,,,,,,,,,0.0074217695865944205,72
bayesfl_observability_v1,vi_sparse_bayesian_keep010_seed42,171,vi,150,12,1,,5,256,9.13169846534729,0.00048351517762057483,14.866335667398204,14.866335667398204,,,0.5161425922522743,0.0031334422528743744,0.999957075942607,0.5161425922522743,,-0.0,2.3155014849272724,9.13169846534729,14.866335667398204,14.866335667398204,0.0001460777799685389,0.00048351517762057483,14.866335667398204,0.000625,55.70689051907316,0.0966664918310266,0.09749697521328926,0.10540520846843719,0.12861011922359467,1.4529747930271035,1.2226120503419882,2.999656882221123,,,,,,,,,,,,,,,,,,1,update_snr,bayesian,0.1,20,101770,10177,0.1,0.02659725757510774,0.014405735719339839,0.013901124564454088,0.02659717861077161,0.014405735719339839,0.013901124564454088,0.02659717861077161,0.029411241729084638,0.028847325698803532,0.03253185592395022,0.012738457273812641,0.012447941438272776,0.023519540847269368,0.029411241729084638,0.028847325698803532,0.03253185592395022,0.012738457273812641,0.012447941438272776,0.023519540847269368,0.2744184437196121,0.4371472215208553,0.5316717663662311,0.8469504901994048,0.5316717663662311,814160,203540,81416,122124,0.75,,,,,,,,,0.007421451210471418,1
bayesfl_observability_v1,vi_sparse_bayesian_keep010_seed42,171,vi,155,12,1,,5,256,4.7457269668579105,0.03349534049630165,15.006311937082149,15.006311937082149,,,0.5185695778785046,0.003134835511445999,0.9999566702492794,0.5185695778785046,,-0.0,2.28098669344155,4.7457269668579105,15.006311937082149,15.006311937082149,0.0001474531977702874,0.03349534049630165,15.006311937082149,0.000625,55.70619372780493,0.09666663070660572,0.09750224649906158,0.1053940124809742,0.12883073091506958,1.452942364399962,1.2230231123317499,2.999207491232999,,,,,,,,,,,,,,,,,,1,update_snr,bayesian,0.1,20,101770,10177,0.1,0.02670485314556674,0.014485604470678658,0.013991758554316737,0.02670458019017943,0.014485604470678658,0.013991758554316737,0.02670458019017943,0.0294865875255943,0.02892567084399324,0.03261587967583865,0.012818828575688031,0.012497891342174177,0.023621712677508216,0.0294865875255943,0.02892567084399324,0.03261587967583865,0.012818828575688031,0.012497891342174177,0.023621712677508216,0.2750357687202695,0.4396245364234586,0.5303738986105883,0.847763839564183,0.5303738986105883,814160,203540,81416,122124,0.75,,,,,,,,,0.007421843813848549,1
bayesfl_observability_v1,vi_sparse_bayesian_keep010_seed42,171,vi,161,12,1,,5,256,8.978867053985596,0.2874835133552551,14.916116070909036,14.916116070909036,,,0.5167020988633936,0.003133714199066162,0.9999569872535808,0.5167020988633936,,-0.0,2.3163460082440825,8.978867053985596,14.916116070909036,14.916116070909036,0.0001465669261168226,0.2874835133552551,14.916116070909036,0.000625,55.70911515151926,0.09666655344243039,0.09751230478286743,0.10539020076394082,0.1283864676952362,1.4530287379335576,1.2224674374810371,3.000872415895599,,,,,,,,,,,,,,,,,,1,update_snr,bayesian,0.1,20,101770,10177,0.1,0.026669332048437158,0.014437967715007669,0.013959070258549758,0.026669308962703052,0.014437967715007669,0.013959070258549758,0.026669308962703052,0.029431955035113443,0.028854009219963547,0.032626334253601626,0.012771969123884803,0.012481832349152169,0.02353450816162621,0.029431955035113443,0.028854009219963547,0.032626334253601626,0.012771969123884803,0.012481832349152169,0.02353450816162621,0.27448372979339586,0.4377667655824758,0.5312224014517972,0.847232412148984,0.5312224014517972,814160,203540,81416,122124,0.75,,,,,,,,,0.007422215312086881,1
bayesfl_observability_v1,vi_sparse_bayesian_keep010_seed42,171,vi,213,17,204,,5,256,143.27201614379882,0.1884908863142425,0.07487760837281873,0.07487760837281873,,,0.5231383193281798,0.00313471257686615,0.999955905077516,0.5231383193281798,,-0.0,2.3163460082440825,143.27201614379882,15.275032108055022,0.07487760837281873,0.0001500936632411813,0.1884908863142425,0.07487760837281873,0.000625,55.707256460267566,0.09666607891091097,0.09750301018357277,0.10539955198764801,0.12840810418128967,1.453040228209564,1.223131997801913,3.0008543640131045,,,,,,,,,,,,,,,,,,1,update_snr,bayesian,0.1,20,101770,10177,0.1,0.02687295102051508,0.014637267533074044,0.014204890269802704,0.026872838373865487,0.014637267533074044,0.014204890269802704,0.026872838373865487,0.02963515269925676,0.029038469392408367,0.03273821604282125,0.012970835847942631,0.012700509543115971,0.02381665479580749,0.02963515269925676,0.029038469392408367,0.03273821604282125,0.012970835847942631,0.012700509543115971,0.02381665479580749,0.2760126870870273,0.44439925485593634,0.5276093852988746,0.8494871020471966,0.5276093852988746,814160,203540,81416,122124,0.75,,,,,,,,,0.007421858262822027,204
bayesfl_observability_v1,vi_sparse_bayesian_keep010_seed42,171,vi,217,17,1,,5,256,6.018996906280518,0.1965433806180954,14.861421378716082,14.861421378716082,,,0.5158947880904076,0.003135938197374344,0.9999571188936834,0.5158947880904076,,-0.0,2.311121424016332,6.018996906280518,14.861421378716082,14.861421378716082,0.00014602949178260866,0.1965433806180954,14.861421378716082,0.000625,55.70786703764595,0.09666675417558189,0.0974988341331482,0.1054035671055317,0.12841124832630157,1.4529455292402365,1.2232165329220153,2.9997620850672058,,,,,,,,,,,,,,,,,,1,update_snr,bayesian,0.1,20,101770,10177,0.1,0.026619310078374397,0.01439803953155666,0.013850705551778413,0.026618626160352456,0.01439803953155666,0.013850705551778413,0.026618626160352456,0.029418749748191055,0.028881800796364657,0.03257256673110326,0.012729071729708392,0.012383908175355082,0.02353707116091008,0.029418749748191055,0.028881800796364657,0.03257256673110326,0.012729071729708392,0.012383908175355082,0.02353707116091008,0.2742630931705676,0.43695215768246204,0.5316260204638946,0.8469792053915627,0.5316260204638946,814160,203540,81416,122124,0.75,,,,,,,,,0.007422022216640242,1
bayesfl_observability_v1,vi_sparse_bayesian_keep010_seed42,171,vi,8,0,25,,5,256,29.007413864135742,0.1732047462463379,0.5967808852009618,0.5967808852009618,,,0.5167289479498549,0.0031319046393036842,0.9999569759114896,0.5167289479498549,,0.34883209584303193,1.9674200764769605,29.007413864135742,14.919522130024047,0.5967808852009618,0.00014660039432076296,0.1732047462463379,0.5967808852009618,0.000625,55.705058392052614,0.0966663220113055,0.0975024662911892,0.10539499446749687,0.12859858572483063,1.4529350202418834,1.222922993042976,3.000134756803363,,,,,,,,,,,,,,,,,,1,update_snr,bayesian,0.1,20,101770,10177,0.1,0.026640732086371344,0.01444624281021689,0.013960686230207625,0.02664069436870704,0.01444624281021689,0.013960686230207625,0.02664069436870704,0.029416323399715012,0.028838130046018026,0.03252596867983331,0.012782900522494877,0.012455013821986584,0.02354983436604776,0.029416323399715012,0.028838130046018026,0.03252596867983331,0.012782900522494877,0.012455013821986584,0.02354983436604776,0.274198524125786,0.43797713983335335,0.5306428548539439,0.8475955170908213,0.5306428548539439,814160,203540,81416,122124,0.75,,,,,,,,,0.007421162115731798,25
bayesfl_observability_v1,vi_sparse_bayesian_keep010_seed42,171,vi,75,6,1,,5,256,4.682635498046875,0.0006518622976727784,14.93113241073875,14.93113241073875,,,0.5170631448190283,0.0031318366527557373,0.9999569200547714,0.5170631448190283,,-0.0,2.3096097079310103,4.682635498046875,14.93113241073875,14.93113241073875,0.0001467144778494522,0.0006518622976727784,14.93113241073875,0.000625,55.70487401062005,0.0966671092761685,0.09750327467918396,0.10539785325527191,0.1288585215806961,1.4529221165207291,1.2228254565395207,2.9984227280973457,,,,,,,,,,,,,,,,,,1,update_snr,bayesian,0.1,20,101770,10177,0.1,0.026649232832946745,0.014449191323995006,0.013897640974021956,0.026649156302054527,0.014449191323995006,0.013897640974021956,0.026649156302054527,0.029437166141068193,0.02887251438214413,0.03257662074899294,0.012783860788764655,0.012421171895247465,0.02358495773764373,0.029437166141068193,0.02887251438214413,0.03257662074899294,0.012783860788764655,0.012421171895247465,0.02358495773764373,0.2741224893665274,0.4384189281425262,0.5301528297138062,0.8479021035157563,0.5301528297138062,814160,203540,81416,122124,0.75,,,,,,,,,0.0074222554359263835,1
bayesfl_observability_v1,vi_sparse_bayesian_keep010_seed42,171,vi,79,6,1614,,5,256,271.70489506040303,0.08521291942253727,0.07343913819253403,0.07343913819253403,,,1.4602388425301038,0.016884207725524902,0.9996565963413128,1.4602388425301038,,0.227611568069938,2.10471822493949,271.70489506040303,118.53076904274992,0.07343913819253403,0.001164692630861255,0.08521291942253727,0.07343913819253403,0.000625,55.72417662633419,0.0967931227283577,0.09762952476739883,0.10557284355163574,0.12867623567581177,1.4514669556785758,1.2217323842258492,2.9994771133085902,,,,,,,,,,,,,,,,,,1,update_snr,bayesian,0.1,20,101770,10177,0.1,0.07862297681755155,0.038257557598259044,0.032638485862207994,0.0786220411108938,0.038257557598259044,0.032638485862207994,0.0786220411108938,0.09695730080718382,0.09241707389893272,0.11841166355794219,0.03173536390837852,0.028923065162114507,0.06311224261957699,0.09695730080718382,0.09241707389893272,0.11841166355794219,0.03173536390837852,0.028923065162114507,0.06311224261957699,0.94047971316127,1.1170476204557072,0.6440588250150464,0.7649759668906208,0.6440588250150464,814160,203540,81416,122124,0.75,,,,,,,,,0.007442750044271442,1614
bayesfl_observability_v1,vi_sparse_bayesian_keep010_seed42,171,vi,80,6,1188,,5,256,236.43823919296264,0.07664977259908862,0.07546254019012846,0.07546254019012846,,,1.2692008254803373,0.013588041067123413,0.9997405731425778,1.2692008254803373,,-0.0,2.28098669344155,236.43823919296264,89.64949774587261,0.07546254019012846,0.00088090299445684,0.07664977259908862,0.07546254019012846,0.000625,55.72289348336407,0.09677069109905805,0.09759692847728729,0.10552485212683678,0.12845274806022644,1.4519054201581074,1.2227658058612736,2.9959924632509103,,,,,,,,,,,,,,,,,,1,update_snr,bayesian,0.1,20,101770,10177,0.1,0.06831971250345929,0.033443686791350166,0.028812617966603116,0.06831766919500025,0.033443686791350166,0.028812617966603116,0.06831766919500025,0.08365830006016492,0.08018552146887763,0.10133339103369748,0.027864285317037413,0.02554563554839944,0.05509869388867502,0.08365830006016492,0.08018552146887763,0.10133339103369748,0.027864285317037413,0.02554563554839944,0.05509869388867502,0.8079812669977792,0.9787936491317443,0.636606320116435,0.771188947786347,0.636606320116435,814160,203540,81416,122124,0.75,,,,,,,,,0.007437752240074265,1188
bayesfl_observability_v1,vi_sparse_bayesian_keep010_seed42,171,vi,85,6,1,,5,256,12.132271003723144,0.8294028043746948,14.882811654014516,14.882811654014516,,,0.5163756329647585,0.0031386911869049072,0.9999570374632261,0.5163756329647585,,-0.0,2.3277319754160017,12.132271003723144,14.882811654014516,14.882811654014516,0.0001462396743049476,0.8294028043746948,14.882811654014516,0.000625,55.707066178120826,0.09666605618279664,0.09750846028327942,0.10539137944579124,0.12836681306362152,1.4529878572058326,1.2234715651609405,3.001645003832376,,,,,,,,,,,,,,,,,,1,update_snr,bayesian,0.1,20,101770,10177,0.1,0.02661852071894452,0.014420260853052754,0.013924573449400197,0.026618419001978144,0.014420260853052754,0.013924573449400197,0.026618419001978144,0.029395543734342094,0.02885673297215268,0.032510921453431194,0.012756340532909496,0.012410320758840987,0.02355621536351807,0.029395543734342094,0.02885673297215268,0.032510921453431194,0.012756340532909496,0.012410320758840987,0.02355621536351807,0.274108619618248,0.4376165661520754,0.5308318249729559,0.8474771817552857,0.5308318249729559,814160,203540,81416,122124,0.75,,,,,,,,,0.007421115559845002,1
bayesfl_observability_v1,vi_sparse_bayesian_keep010_seed42,172,vi,41,3,6,,5,256,14.899351692199707,0.37926244735717773,2.490761470946372,2.490761470946372,,,0.5176773243258419,0.003135174512863159,0.9999568376373229,0.5176773243258419,,-0.0,2.4040642619438994,14.899351692199707,14.944568825678232,2.490761470946372,0.00014684650511622514,0.37926244735717773,2.490761470946372,0.000625,55.718089963345925,0.09673863101816135,0.09758371114730835,0.10547397136688233,0.1284288614988327,1.4521631689997092,1.2230949175881456,2.998374540294151,,,,,,,,,,,,,,,,,,1,update_snr,bayesian,0.1,20,101770,10177,0.1,0.026658149053676094,0.014460433301283562,0.013976121859820294,0.026658016435386945,0.014460433301283562,0.013976121859820294,0.026658016435386945,0.029436156251550213,0.028884564830512875,0.032521703566275706,0.012796464084587268,0.012513147391993398,0.02354599246152617,0.029436156251550213,0.028884564830512875,0.032521703566275706,0.012796464084587268,0.012513147391993398,0.02354599246152617,0.2745714256158758,0.4388625574783393,0.5303910616008596,0.8477531018957782,0.5303910616008596,814160,203540,81416,122124,0.75,,,,,,,,,0.007417132264093877,6
bayesfl_observability_v1,vi_sparse_bayesian_keep010_seed42,172,vi,48,3,1,,5,256,5.188607692718506,0.0023449561558663845,14.903069939712141,14.903069939712141,,,0.5170327237655626,0.0031289756298065186,0.9999569417240763,0.5170327237655626,,-0.0,2.3292713582565514,5.188607692718506,14.903069939712141,14.903069939712141,0.0001464387338087073,0.0023449561558663845,14.903069939712141,0.000625,55.71461821849517,0.09673951229768182,0.09758415073156357,0.10546443983912468,0.12879057228565216,1.4520972916365458,1.221816016156935,2.999047171790512,,,,,,,,,,,,,,,,,,1,update_snr,bayesian,0.1,20,101770,10177,0.1,0.026620064097979537,0.014424827776217869,0.013971908929526641,0.02661944120560788,0.014424827776217869,0.013971908929526641,0.02661944120560788,0.029397331388351402,0.028875588802002108,0.03251819441929336,0.012761216263758592,0.012450373749224626,0.02354429566386593,0.029397331388351402,0.028875588802002108,0.03251819441929336,0.012761216263758592,0.012450373749224626,0.02354429566386593,0.2744412654683118,0.43818355657485414,0.5308005719049058,0.8474967568465532,0.5308005719049058,814160,203540,81416,122124,0.75,,,,,,,,,0.007416966346918653,1
bayesfl_observability_v1,vi_sparse_bayesian_keep010_seed42,172,vi,279,22,125,,5,256,89.67262320518493,0.14818765258789063,0.12005739163225962,0.12005739163225962,,,0.5188109231916591,0.0031302161514759064,0.9999566513069319,0.5188109231916591,,-0.0,2.259365973874069,89.67262320518493,15.007173954032453,0.12005739163225962,0.00014746166801643366,0.14818765258789063,0.12005739163225962,0.000625,55.71971864311141,0.09673999652106904,0.09758526459336281,0.10548035055398941,0.1283869743347168,1.45218940765515,1.2240332200082231,2.9960687326946394,,,,,,,,,,,,,,,,,,1,update_snr,bayesian,0.1,20,101770,10177,0.1,0.026755508119827107,0.01447867336882647,0.013997787408239211,0.026755383698901195,0.01447867336882647,0.013997787408239211,0.026755383698901195,0.029507319844040095,0.028962509837370417,0.0325826646557254,0.012808823760469398,0.012484361164152387,0.02363042868152484,0.029507319844040095,0.028962509837370417,0.0325826646557254,0.012808823760469398,0.012484361164152387,0.02363042868152484,0.2753237228737037,0.4397290320708262,0.5306822014847857,0.8475708825975923,0.5306822014847857,814160,203540,81416,122124,0.75,,,,,,,,,0.007417046530451077,125
bayesfl_observability_v1,vi_sparse_bayesian_keep010_seed42,172,vi,260,20,171,,5,256,235.13345861434937,0.18665523417511878,0.09264978819405223,0.09264978819405223,,,0.5336825088390243,0.003133058547973633,0.9999541279591367,0.5336825088390243,,-0.0,2.311121424016332,235.13345861434937,15.84311378118293,0.09264978819405223,0.00015567567830581636,0.18665523417511878,0.09264978819405223,0.000625,55.71843522283968,0.09673804461357899,0.09758460521697998,0.10546485930681229,0.12835222482681274,1.4521726186123574,1.223721320087588,2.997127804900469,,,,,,,,,,,,,,,,,,1,update_snr,bayesian,0.1,20,101770,10177,0.1,0.02701298434769767,0.015007724863233724,0.014789612216764253,0.02701277148293659,0.015007724863233724,0.014789612216764253,0.02701277148293659,0.0297663209201234,0.029179520060691827,0.03295515784969716,0.013367880856912652,0.01325042943117208,0.02415056246463717,0.0297663209201234,0.029179520060691827,0.03295515784969716,0.013367880856912652,0.01325042943117208,0.02415056246463717,0.2768209083529481,0.4562753608725372,0.5186996084153961,0.8549565580950385,0.5186996084153961,814160,203540,81416,122124,0.75,,,,,,,,,0.007416808293111903,171
bayesfl_observability_v1,vi_sparse_bayesian_keep010_seed42,172,vi,115,9,1,,5,256,2.2560972690582277,0.0014644861221313477,14.994537529213254,14.994537529213254,,,0.5186625962835117,0.0031312182545661926,0.9999566726199708,0.5186625962835117,,-0.0,2.185987945410232,2.2560972690582277,14.994537529213254,14.994537529213254,0.00014733750151531153,0.0014644861221313477,14.994537529213254,0.000625,55.71770761979191,0.09673923676024723,0.09757974371314049,0.10546666905283927,0.12825502455234528,1.4521885287665053,1.2233111426317103,2.9975102460198335,,,,,,,,,,,,,,,,,,1,update_snr,bayesian,0.1,20,101770,10177,0.1,0.026684296541684065,0.014475479090133098,0.014015856536205344,0.026683765012843853,0.014475479090133098,0.014015856536205344,0.026683765012843853,0.029471664389925434,0.028912899294291142,0.03266079016827108,0.012809236279045061,0.01251869218537753,0.02360174098205898,0.029471664389925434,0.028912899294291142,0.03266079016827108,0.012809236279045061,0.01251869218537753,0.02360174098205898,0.2748755899032408,0.43983439935832497,0.5299699493907366,0.848016422448752,0.5299699493907366,814160,203540,81416,122124,0.75,,,,,,,,,0.00741689299214699,1
bayesfl_observability_v1,vi_sparse_bayesian_keep010_seed42,172,vi,119,9,1,,5,256,4.589656829833984,0.00046039948938414454,14.945410248981336,14.945410248981336,,,0.5178484588865004,0.0031331032514572144,0.9999568124970569,0.5178484588865004,,-0.0,2.3163460082440825,4.589656829833984,14.945410248981336,14.945410248981336,0.0001468547730075792,0.00046039948938414454,14.945410248981336,0.000625,55.71995579037045,0.09674019406109366,0.09758409112691879,0.10547003373503686,0.1287081092596054,1.4522598588289823,1.2231952400452362,2.996591093999369,,,,,,,,,,,,,,,,,,1,update_snr,bayesian,0.1,20,101770,10177,0.1,0.026651087937094985,0.01446467163529198,0.013987485549746641,0.026650992731612873,0.01446467163529198,0.013987485549746641,0.026650992731612873,0.029403332945406504,0.0288363177125759,0.032438294488670805,0.012804820378612585,0.012460957116733833,0.023559642229058368,0.029403332945406504,0.0288363177125759,0.032438294488670805,0.012804820378612585,0.012460957116733833,0.023559642229058368,0.274571522392707,0.43906435230165847,0.5302159689402228,0.8478626222925393,0.5302159689402228,814160,203540,81416,122124,0.75,,,,,,,,,0.007417386647344026,1
bayesfl_observability_v1,vi_sparse_bayesian_keep010_seed42,172,vi,120,9,935,,5,256,134.2450138807297,0.05252389346852022,0.0660065607566515,0.0660065607566515,,,1.0499240896614155,0.011145597323775291,0.9998225014078188,1.0499240896614155,,0.007653727565891914,2.2517606506762466,134.2450138807297,61.71613430746915,0.0660065607566515,0.0006064275749972403,0.05252389346852022,0.0660065607566515,0.000625,55.726843290078676,0.09682994357768622,0.09767991304397583,0.1055802695453167,0.12865319848060608,1.4511525335764894,1.2222634935813175,2.994028353617217,,,,,,,,,,,,,,,,,,1,update_snr,bayesian,0.1,20,101770,10177,0.1,0.05629120664154312,0.027894822568816334,0.02431635530100895,0.05628983255576856,0.027894822568816334,0.02431635530100895,0.05628983255576856,0.06849189059485772,0.06573274531786491,0.08286163753311523,0.02338403723258951,0.021636381004544687,0.04580111085724683,0.06849189059485772,0.06573274531786491,0.08286163753311523,0.02338403723258951,0.021636381004544687,0.04580111085724683,0.6579150071523927,0.8182227309327331,0.6266310237386402,0.7793160848386643,0.6266310237386402,814160,203540,81416,122124,0.75,,,,,,,,,0.007429928125550737,935
bayesfl_observability_v1,vi_sparse_bayesian_keep010_seed42,172,vi,89,7,4,,5,256,8.28703751564026,0.7813190817832947,3.753791817428611,3.753791817428611,,,0.5189541206861644,0.0031341463327407837,0.9999566246217804,0.5189541206861644,,-0.0,2.185987945410232,8.28703751564026,15.015167269714444,3.753791817428611,0.00014754021096309762,0.7813190817832947,3.753791817428611,0.000625,55.7181950045641,0.09673910754293254,0.09758658334612846,0.10547179728746414,0.128739595413208,1.452238552347684,1.224101456137305,2.9989669740286287,,,,,,,,,,,,,,,,,,1,update_snr,bayesian,0.1,20,101770,10177,0.1,0.026657648371363907,0.014504697597298423,0.014050992589951138,0.026657500902736986,0.014504697597298423,0.014050992589951138,0.026657500902736986,0.02944194153464855,0.02888015005568656,0.03251437146955084,0.012845003826481743,0.012561308501791173,0.023616995917617997,0.02944194153464855,0.02888015005568656,0.03251437146955084,0.012845003826481743,0.012561308501791173,0.023616995917617997,0.2746878217552727,0.4402953326535426,0.5293104164816703,0.8484282426958694,0.5293104164816703,814160,203540,81416,122124,0.75,,,,,,,,,0.00741790582010906,4
bayesfl_observability_v1,vi_sparse_bayesian_keep010_seed42,172,vi,91,7,1,,5,256,6.011262226104736,0.03897317126393318,14.982123582933072,14.982123582933072,,,0.5184543652914864,0.0031354278326034546,0.9999567055908584,0.5184543652914864,,-0.0,2.3277319754160017,6.011262226104736,14.982123582933072,14.982123582933072,0.0001472155211057588,0.03897317126393318,14.982123582933072,0.000625,55.71612788302466,0.09673952310933302,0.09758930653333664,0.10546591952443124,0.128278911113739,1.452067474894713,1.222716642611452,2.9976403023947706,,,,,,,,,,,,,,,,,,1,update_snr,bayesian,0.1,20,101770,10177,0.1,0.026633228954573804,0.014486963196807721,0.014038667242647546,0.026632547730591195,0.014486963196807721,0.014038667242647546,0.026632547730591195,0.029410002476027427,0.028829185944477472,0.03255309813938387,0.012828847721338863,0.012507575098863803,0.023631818139528537,0.029410002476027427,0.028829185944477472,0.03255309813938387,0.012828847721338863,0.012507575098863803,0.023631818139528537,0.27456158292434374,0.4397850225642943,0.5295771456567431,0.848261779640022,0.5295771456567431,814160,203540,81416,122124,0.75,,,,,,,,,0.007416869501263618,1
bayesfl_observability_v1,vi_sparse_bayesian_keep010_seed42,172,vi,289,23,4615,,5,256,188.6220567740892,0.10456060083243841,0.033473768328506986,0.033473768328506986,,,1.6523473925717993,0.031915247440338135,0.9995606636992295,1.6523473925717993,,0.8496433488150035,1.4144019597737127,188.6220567740892,154.48144083605973,0.033473768328506986,0.0015179467508701948,0.10456060083243841,0.033473768328506986,0.000625,55.748162392973576,0.09693532539602054,0.09775136038661003,0.10572606548666955,0.12888707220554352,1.4501811688677222,1.2214615008684662,2.9932456814607256,,,,,,,,,,,,,,,,,,1,update_snr,bayesian,0.1,20,101770,10177,0.1,0.08752574313571534,0.04257968632747609,0.03555215650515666,0.08752143059229807,0.04257968632747609,0.03555215650515666,0.08752143059229807,0.11277374211184418,0.10510716161209419,0.14349830720878023,0.03478034679587964,0.03138745911664436,0.06973105771187324,0.11277374211184418,0.10510716161209419,0.14349830720878023,0.03478034679587964,0.03138745911664436,0.06973105771187324,1.104017554142033,1.2293889319027849,0.6681509948242075,0.7440257039346309,0.6681509948242075,814160,203540,81416,122124,0.75,,,,,,,,,0.007458932891676687,4615
bayesfl_observability_v1,vi_sparse_bayesian_keep010_seed42,172,vi,130,10,1,,5,256,7.947813034057617,0.017693771049380302,14.897156580221472,14.897156580221472,,,0.5169021178851488,0.0031359121203422546,0.9999569645363411,0.5169021178851488,,-0.0,2.311121424016332,7.947813034057617,14.897156580221472,14.897156580221472,0.000146380628674673,0.017693771049380302,14.897156580221472,0.000625,55.716224531998265,0.09673966757317705,0.09758595749735832,0.10546795129776002,0.1284375935792923,1.4521259219813252,1.222976181176807,2.996981791623519,,,,,,,,,,,,,,,,,,1,update_snr,bayesian,0.1,20,101770,10177,0.1,0.02661975516104349,0.014430354856120046,0.01391647175188528,0.02661974563936444,0.014430354856120046,0.01391647175188528,0.02661974563936444,0.029432374484221865,0.02887975836445125,0.03260517794467836,0.01276346378633096,0.012403676261660238,0.023497155683579123,0.029432374484221865,0.02887975836445125,0.03260517794467836,0.01276346378633096,0.012403676261660238,0.023497155683579123,0.27471261103843153,0.43785931623136654,0.5314596352640023,0.847083618118692,0.5314596352640023,814160,203540,81416,122124,0.75,,,,,,,,,0.0074164702890687825,1
bayesfl_observability_v1,vi_sparse_bayesian_keep010_seed42,172,vi,274,21,69,,5,256,54.99582986831665,0.31916167770606885,0.21678723125363306,0.21678723125363306,,,0.5181267094869562,0.0031319856643676758,0.9999567622438614,0.5181267094869562,,-0.0,2.259365973874069,54.99582986831665,14.958318956500682,0.21678723125363306,0.00014698161497986322,0.31916167770606885,0.21678723125363306,0.000625,55.7178039471908,0.09673935686288167,0.09758047387003899,0.10548021346330642,0.12880176305770874,1.4521770642373755,1.2236769539445826,2.9981850278148503,,,,,,,,,,,,,,,,,,1,update_snr,bayesian,0.1,20,101770,10177,0.1,0.026641672762849056,0.014472756633555817,0.014005307535718638,0.026640712972251995,0.014472756633555817,0.014005307535718638,0.026640712972251995,0.029435583376330787,0.028884023742848576,0.03253996896637211,0.012810220328803044,0.01250747490891747,0.02358331221359231,0.029435583376330787,0.028884023742848576,0.03253996896637211,0.012810220328803044,0.01250747490891747,0.02358331221359231,0.27452506987187336,0.4394215209745921,0.5298415712706749,0.8480966391593725,0.5298415712706749,814160,203540,81416,122124,0.75,,,,,,,,,0.007416353671544008,69
bayesfl_observability_v1,vi_sparse_bayesian_keep010_seed42,172,vi,233,18,90,,5,256,149.42052927017212,0.30300797356499565,0.17093763861142303,0.17093763861142303,,,0.5253985030960445,0.003136705607175827,0.9999555414881882,0.5253985030960445,,-0.0,2.3096097079310103,149.42052927017212,15.384387475028072,0.17093763861142303,0.0001511681976518431,0.30300797356499565,0.17093763861142303,0.000625,55.718707286182834,0.09673841590195575,0.09758066013455391,0.10546136647462845,0.12848499417304993,1.4521921000688078,1.2234456873604294,2.9993474843111314,,,,,,,,,,,,,,,,,,1,update_snr,bayesian,0.1,20,101770,10177,0.1,0.026856964044529325,0.0147222330011529,0.014376535853926807,0.026856461608288,0.0147222330011529,0.014376535853926807,0.026856461608288,0.029596311117213177,0.028984115701127376,0.03282037617092411,0.013069557654923982,0.012811305945847815,0.023859514325551515,0.029596311117213177,0.028984115701127376,0.03282037617092411,0.013069557654923982,0.012811305945847815,0.023859514325551515,0.2754745725595205,0.4473894801274544,0.5243154880271192,0.8515240859863473,0.5243154880271192,814160,203540,81416,122124,0.75,,,,,,,,,0.007416866156710552,90
bayesfl_observability_v1,vi_sparse_bayesian_keep010_seed42,172,vi,17,1,202,,5,256,221.20702838897705,0.1557624835779171,0.07577783239954154,0.07577783239954154,,,0.5240192952208413,0.003134220838546753,0.9999557718604839,0.5240192952208413,,-0.0,2.3292713582565514,221.20702838897705,15.30712214470739,0.07577783239954154,0.00015040898245757484,0.1557624835779171,0.07577783239954154,0.000625,55.71679264599824,0.09673820074299551,0.09758800640702248,0.10547351837158203,0.12819115817546844,1.4521376809836113,1.2234869842184413,2.9977070589652293,,,,,,,,,,,,,,,,,,1,update_snr,bayesian,0.1,20,101770,10177,0.1,0.02699533523433524,0.014613480757509413,0.014017638934942827,0.026995201339032264,0.014613480757509413,0.014017638934942827,0.026995201339032264,0.029734274055390485,0.029136003691831853,0.032879268209999035,0.012933392613300405,0.01250185663645572,0.023981210260329327,0.029734274055390485,0.029136003691831853,0.032879268209999035,0.012933392613300405,0.01250185663645572,0.023981210260329327,0.2768167113001172,0.44493677091103073,0.5282567146376858,0.8490847092252924,0.5282567146376858,814160,203540,81416,122124,0.75,,,,,,,,,0.007416211045119556,202
bayesfl_observability_v1,vi_sparse_bayesian_keep010_seed42,172,vi,157,12,1,,5,256,6.548517036437988,0.00028165188268758357,14.907810515920882,14.907810515920882,,,0.5172469900063322,0.0031360015273094177,0.9999569164863252,0.5172469900063322,,-0.0,2.28098669344155,6.548517036437988,14.907810515920882,14.907810515920882,0.00014648531508225295,0.00028165188268758357,14.907810515920882,0.000625,55.72152188022262,0.09673950435044466,0.09758410230278969,0.10546926259994507,0.12838593125343323,1.4522651111201217,1.223304157616398,2.9984902337241115,,,,,,,,,,,,,,,,,,1,update_snr,bayesian,0.1,20,101770,10177,0.1,0.02663383276443754,0.014429909218799074,0.013925947969532303,0.02663365447376515,0.014429909218799074,0.013925947969532303,0.02663365447376515,0.029427038064559877,0.028856543763942054,0.03258278278041931,0.0127635615692701,0.012454944401197552,0.0235372612982143,0.029427038064559877,0.028856543763942054,0.03258278278041931,0.0127635615692701,0.012454944401197552,0.0235372612982143,0.2747025833352408,0.4382726769712618,0.5310859002425086,0.8473179843267844,0.5310859002425086,814160,203540,81416,122124,0.75,,,,,,,,,0.00741784166966266,1
bayesfl_observability_v1,vi_sparse_bayesian_keep010_seed42,173,vi,261,20,20,,5,256,77.38770847320556,2.586909866333008,0.7533501728147458,0.7533501728147458,,,0.5203262959378697,0.0031305700540542603,0.9999564209632227,0.5203262959378697,,-0.0,2.311121424016332,77.38770847320556,15.067003456294916,0.7533501728147458,0.00014804955739702188,2.586909866333008,0.7533501728147458,0.000625,55.734824205996986,0.09681477596218452,0.09766226261854172,0.10553305596113205,0.12916935980319977,1.4516641391847578,1.2217807390252218,2.9944219138358994,,,,,,,,,,,,,,,,,,1,update_snr,bayesian,0.1,20,101770,10177,0.1,0.026729156125226947,0.014541480278369325,0.014080013073372265,0.026728928787509716,0.014541480278369325,0.014080013073372265,0.026728928787509716,0.029485384216983365,0.028888523212416462,0.03266142780551266,0.012881046507412204,0.01260493397566425,0.023641808084303304,0.029485384216983365,0.028888523212416462,0.03266142780551266,0.012881046507412204,0.01260493397566425,0.023641808084303304,0.27507513469946054,0.441670832764059,0.5286589143138487,0.8488343491615448,0.5286589143138487,814160,203540,81416,122124,0.75,,,,,,,,,0.007412523446134852,20
bayesfl_observability_v1,vi_sparse_bayesian_keep010_seed42,173,vi,84,6,12,,5,256,25.803532886505128,0.9819138844807943,1.2428211998548073,1.2428211998548073,,,0.5178243790287536,0.0031311437487602234,0.9999568363716173,0.5178243790287536,,-0.0,2.3277319754160017,25.803532886505128,14.913854398257687,1.2428211998548073,0.00014654470274400792,0.9819138844807943,1.2428211998548073,0.000625,55.73278506173244,0.0968151912287901,0.09765937551856041,0.10553941950201988,0.1289481818675995,1.451539831937816,1.2223105030288015,2.9966628820094097,,,,,,,,,,,,,,,,,,1,update_snr,bayesian,0.1,20,101770,10177,0.1,0.02660300401568463,0.014447275513179012,0.013981580297059624,0.02660282415220878,0.014447275513179012,0.013981580297059624,0.02660282415220878,0.029379593839865114,0.028829154041016422,0.03250381916291901,0.012788129032436112,0.012505518898687394,0.02355193586485235,0.029379593839865114,0.028829154041016422,0.03250381916291901,0.012788129032436112,0.012505518898687394,0.02355193586485235,0.2747172389779901,0.438944787102916,0.5305220265860362,0.847671150451073,0.5305220265860362,814160,203540,81416,122124,0.75,,,,,,,,,0.00741243215967727,12
bayesfl_observability_v1,vi_sparse_bayesian_keep010_seed42,173,vi,190,15,1,,5,256,8.677105188369751,2.418901205062866,14.888100734221698,14.888100734221698,,,0.5171669056398301,0.00313684344291687,0.9999569457778714,0.5171669056398301,,-0.0,2.311121424016332,8.677105188369751,14.888100734221698,14.888100734221698,0.00014629164522179128,2.418901205062866,14.888100734221698,0.000625,55.73264732526524,0.0968143962429088,0.0976669155061245,0.10553480163216591,0.12912966310977936,1.4515775254631225,1.220249685464319,2.9962893316515036,,,,,,,,,,,,,,,,,,1,update_snr,bayesian,0.1,20,101770,10177,0.1,0.02660594221499977,0.01441476428200181,0.013921416807561014,0.026605495020544333,0.01441476428200181,0.013921416807561014,0.026605495020544333,0.029408281306715512,0.028844347515007654,0.032528664400396715,0.012748817945922511,0.012410645866671201,0.02353866949247005,0.029408281306715512,0.028844347515007654,0.032528664400396715,0.012748817945922511,0.012410645866671201,0.02353866949247005,0.27469108261537944,0.4381853687889041,0.5311459020672181,0.847280373145278,0.5311459020672181,814160,203540,81416,122124,0.75,,,,,,,,,0.007411947239954884,1
bayesfl_observability_v1,vi_sparse_bayesian_keep010_seed42,173,vi,141,11,1,,5,256,7.003969269990921,0.002845883136615157,14.861796191432603,14.861796191432603,,,0.5167227756882384,0.0031342655420303345,0.9999570214401285,0.5167227756882384,,-0.0,2.3096097079310103,7.003969269990921,14.861796191432603,14.861796191432603,0.00014603317472175104,0.002845883136615157,14.861796191432603,0.000625,55.73412920062959,0.09681550027725533,0.09766385331749916,0.1055342435836792,0.1290881186723709,1.4515983151657539,1.2226356266535272,2.9967846942109757,,,,,,,,,,,,,,,,,,1,update_snr,bayesian,0.1,20,101770,10177,0.1,0.026600156904129837,0.014407167192543415,0.013923929736299162,0.026600129078098857,0.014407167192543415,0.013923929736299162,0.026600129078098857,0.02938579711453095,0.028867690940307694,0.032437550828838514,0.012742874978989247,0.012426048564170724,0.023491767510465784,0.02938579711453095,0.028867690940307694,0.032437550828838514,0.012742874978989247,0.012426048564170724,0.023491767510465784,0.2743377426877023,0.4378826667635678,0.5309186194130957,0.8474228103848119,0.5309186194130957,814160,203540,81416,122124,0.75,,,,,,,,,0.0074119061836161815,1
bayesfl_observability_v1,vi_sparse_bayesian_keep010_seed42,173,vi,48,3,1,,5,256,7.158708763122559,0.045510463416576385,14.847222937182208,14.847222937182208,,,0.5166048889957976,0.0031350329518318176,0.9999570445404001,0.5166048889957976,,-0.0,2.3292713582565514,7.158708763122559,14.847222937182208,14.847222937182208,0.0001458899767827671,0.045510463416576385,14.847222937182208,0.000625,55.73613644919638,0.09681408797610663,0.09766485169529915,0.10553344562649727,0.12880070507526398,1.4516340790782933,1.2218304510022207,2.9975934216676885,,,,,,,,,,,,,,,,,,1,update_snr,bayesian,0.1,20,101770,10177,0.1,0.02660022264641554,0.014405584681300092,0.013880094133820648,0.02660014788153487,0.014405584681300092,0.013880094133820648,0.02660014788153487,0.02936932566507924,0.028816191541514182,0.032448837614562076,0.012742946794213521,0.012401153040694467,0.023531492783675497,0.02936932566507924,0.028816191541514182,0.032448837614562076,0.012742946794213521,0.012401153040694467,0.023531492783675497,0.27455150060868794,0.437609511834327,0.531453546911596,0.8470874379159946,0.531453546911596,814160,203540,81416,122124,0.75,,,,,,,,,0.0074116406706785255,1
bayesfl_observability_v1,vi_sparse_bayesian_keep010_seed42,173,vi,53,4,1,,5,256,7.061624431610108,0.00042965717148035765,14.915178753721603,14.915178753721603,,,0.5177485201169145,0.00313413143157959,0.9999568500006502,0.5177485201169145,,-0.0,2.3155014849272724,7.061624431610108,14.915178753721603,14.915178753721603,0.00014655771596464186,0.00042965717148035765,14.915178753721603,0.000625,55.73365716428786,0.0968148850819296,0.09766053780913353,0.10554249212145805,0.1288362294435501,1.4515700191780847,1.220920913618031,2.996624124707823,,,,,,,,,,,,,,,,,,1,update_snr,bayesian,0.1,20,101770,10177,0.1,0.026622426330594792,0.01444589662429791,0.013954810673405387,0.02662235829688136,0.01444589662429791,0.013954810673405387,0.02662235829688136,0.029360614408137392,0.02874895283389932,0.03253774874566675,0.012788705759426857,0.012476850742668188,0.02354976851445568,0.029360614408137392,0.02874895283389932,0.03253774874566675,0.012788705759426857,0.012476850742668188,0.02354976851445568,0.2741257670797441,0.43922499235152473,0.5294573647798025,0.8483365481225168,0.5294573647798025,814160,203540,81416,122124,0.75,,,,,,,,,0.007412334743541406,1
bayesfl_observability_v1,vi_sparse_bayesian_keep010_seed42,173,vi,54,4,1,,5,256,9.172216415405273,3.365225076675415,14.832468726373017,14.832468726373017,,,0.516276861322452,0.00313626229763031,0.9999570979597306,0.516276861322452,,-0.0,2.3096097079310103,9.172216415405273,14.832468726373017,14.832468726373017,0.00014574500075044725,3.365225076675415,14.832468726373017,0.000625,55.73556936675883,0.09681495201108738,0.09765838831663132,0.10554187521338462,0.1288224160671234,1.4515453918613428,1.22227661401868,2.996026613503641,,,,,,,,,,,,,,,,,,1,update_snr,bayesian,0.1,20,101770,10177,0.1,0.026521045542813558,0.014398654274694358,0.013920325703154025,0.02652026099809896,0.014398654274694358,0.013920325703154025,0.02652026099809896,0.029319404840383295,0.028779884477884956,0.032525890731076985,0.012740793100728917,0.012413170843894412,0.023492399233078925,0.029319404840383295,0.028779884477884956,0.032525890731076985,0.012740793100728917,0.012413170843894412,0.023492399233078925,0.27402121111791417,0.4375547661658296,0.5307640757248042,0.8475196138851268,0.5307640757248042,814160,203540,81416,122124,0.75,,,,,,,,,0.007412030801170827,1
bayesfl_observability_v1,vi_sparse_bayesian_keep010_seed42,173,vi,55,4,1,,5,256,10.873423671722412,1.7007302045822144,14.881881737792629,14.881881737792629,,,0.5171771601643521,0.003136180341243744,0.9999569453475871,0.5171771601643521,,-0.0,2.3292713582565514,10.873423671722412,14.881881737792629,14.881881737792629,0.00014623053687523463,1.7007302045822144,14.881881737792629,0.000625,55.733783488643674,0.09681443126700688,0.09766044840216637,0.1055422767996788,0.12922939658164978,1.451596066889486,1.220850218381322,2.995643221702423,,,,,,,,,,,,,,,,,,1,update_snr,bayesian,0.1,20,101770,10177,0.1,0.026597384923542095,0.014424976286638405,0.013900556322253746,0.026597122363184202,0.014424976286638405,0.013900556322253746,0.026597122363184202,0.029403152125183542,0.02882669231768949,0.032560464551937916,0.012760734526800053,0.01244314713121117,0.02347082938678919,0.029403152125183542,0.02882669231768949,0.032560464551937916,0.012760734526800053,0.01244314713121117,0.02347082938678919,0.27461842626777944,0.43824300901425933,0.5309948841911528,0.8473750249817518,0.5309948841911528,814160,203540,81416,122124,0.75,,,,,,,,,0.0074122147617735595,1
bayesfl_observability_v1,vi_sparse_bayesian_keep010_seed42,173,vi,58,4,1,,5,256,8.370372772216797,1.7002003192901611,14.88529057153255,14.88529057153255,,,0.5171313933330942,0.0031347572803497314,0.9999569533830814,0.5171313933330942,,-0.0,2.3292713582565514,8.370372772216797,14.88529057153255,14.88529057153255,0.00014626403234285694,1.7002003192901611,14.88529057153255,0.000625,55.73408997853873,0.09681473034211188,0.0976615808904171,0.10554153993725778,0.1287945657968521,1.451609366950762,1.2218116422519798,2.994739464105387,,,,,,,,,,,,,,,,,,1,update_snr,bayesian,0.1,20,101770,10177,0.1,0.026605232570898668,0.014421981958212905,0.013984975930893708,0.026604937857438973,0.014421981958212905,0.013984975930893708,0.026604937857438973,0.029393018118211493,0.028861463815191706,0.03257970482375308,0.012758533495990841,0.012477898021471714,0.023508872069307855,0.029393018118211493,0.028861463815191706,0.03257970482375308,0.012758533495990841,0.012477898021471714,0.023508872069307855,0.274741003046525,0.43811215369539436,0.5312789101348544,0.8471969780670383,0.5312789101348544,814160,203540,81416,122124,0.75,,,,,,,,,0.007411904898288256,1
bayesfl_observability_v1,vi_sparse_bayesian_keep010_seed42,173,vi,168,13,2012,,5,256,207.87466303110122,0.09515672933984229,0.05390151519922017,0.05390151519922017,,,1.3960747099755664,0.017531130462884903,0.9996864929125899,1.3960747099755664,,0.33910841614601644,1.9866937607637536,207.87466303110122,108.44984858083099,0.05390151519922017,0.0010656367159362385,0.09515672933984229,0.05390151519922017,0.000625,55.75684373936881,0.09695129821023363,0.0977896898984909,0.10570268258452416,0.13039425015449524,1.4502384305781644,1.223073053121738,2.996725786157258,,,,,,,,,,,,,,,,,,1,update_snr,bayesian,0.1,20,101770,10177,0.1,0.07493171967872357,0.03644994758197288,0.03102073660818028,0.07493035761920332,0.03644994758197288,0.03102073660818028,0.07493035761920332,0.09282628816934517,0.08835074880358557,0.11418177420514063,0.030185909738931517,0.02750825422005796,0.05998290405397037,0.09282628816934517,0.08835074880358557,0.11418177420514063,0.030185909738931517,0.02750825422005796,0.05998290405397037,0.9032360156332866,1.064513642888747,0.6469825784961714,0.7625047823603779,0.6469825784961714,814160,203540,81416,122124,0.75,,,,,,,,,0.007435169274477658,2012
bayesfl_observability_v1,vi_sparse_bayesian_keep010_seed42,173,vi,118,9,3,,5,256,4.566689991950989,0.002415422350168228,4.947910359348013,4.947910359348013,,,0.5166327128555056,0.0031350404024124146,0.9999570388363993,0.5166327128555056,,-0.0,2.259365973874069,4.566689991950989,14.843731078044039,4.947910359348013,0.00014585566550107142,0.002415422350168228,4.947910359348013,0.000625,55.73559136085938,0.09681443215530028,0.09766282886266708,0.10553741902112962,0.1287888139486313,1.4516181163402067,1.2216026832992126,2.994641024574695,,,,,,,,,,,,,,,,,,1,update_snr,bayesian,0.1,20,101770,10177,0.1,0.026586157187557594,0.014400032215766178,0.013900504467460446,0.026585727240472694,0.014400032215766178,0.013900504467460446,0.026585727240472694,0.029358618326646616,0.02880408839850557,0.03250029080046502,0.01273796709233502,0.012410256000582112,0.023521754137730628,0.029358618326646616,0.02880408839850557,0.03250029080046502,0.01273796709233502,0.012410256000582112,0.023521754137730628,0.2743630139972858,0.43776054703772077,0.5310600880862552,0.8473341624423149,0.5310600880862552,814160,203540,81416,122124,0.75,,,,,,,,,0.0074125225265449,3
bayesfl_observability_v1,vi_sparse_bayesian_keep010_seed42,173,vi,89,7,4,,5,256,9.167368769645691,0.6161025762557983,3.7215442632369613,3.7215442632369613,,,0.5172126026864274,0.0031349584460258484,0.9999569409537512,0.5172126026864274,,-0.0,2.185987945410232,9.167368769645691,14.886177052947845,3.7215442632369613,0.0001462727429787545,0.6161025762557983,3.7215442632369613,0.000625,55.73480772751982,0.09681451521675502,0.09766777232289314,0.10554555729031563,0.1291070133447647,1.4515744993995965,1.2219608811279328,2.995928706173082,,,,,,,,,,,,,,,,,,1,update_snr,bayesian,0.1,20,101770,10177,0.1,0.026607092796833418,0.014432138511214812,0.013947436087146457,0.02660657705263696,0.014432138511214812,0.013947436087146457,0.02660657705263696,0.02939913714605456,0.028844373686896397,0.0325963465607705,0.012769138662899287,0.012451138581192926,0.023513444754111754,0.02939913714605456,0.028844373686896397,0.0325963465607705,0.012769138662899287,0.012451138581192926,0.023513444754111754,0.274758907753753,0.4381967811242262,0.531230109874821,0.8472275788490281,0.531230109874821,814160,203540,81416,122124,0.75,,,,,,,,,0.007412369616063174,4
bayesfl_observability_v1,vi_sparse_bayesian_keep010_seed42,173,vi,102,8,341,,5,256,151.346173620224,0.14896089660107564,0.09446601252142181,0.09446601252142181,,,0.7601356600537583,0.006165437400341034,0.9999069989267978,0.7601356600537583,,-0.0,2.4040642619438994,151.346173620224,32.21291026980484,0.09446601252142181,0.0003165265821932282,0.14896089660107564,0.09446601252142181,0.000625,55.736813350980015,0.09685608851163774,0.09770385921001434,0.10558026805520059,0.1288115680217743,1.451093319370986,1.2204821742148557,2.994962301572267,,,,,,,,,,,,,,,,,,1,update_snr,bayesian,0.1,20,101770,10177,0.1,0.04054899362411236,0.020582197224550163,0.01861012199455235,0.04054827636747365,0.020582197224550163,0.01861012199455235,0.04054827636747365,0.04729074583649102,0.04599104567718142,0.05484165709751164,0.017614580712112294,0.016560215842256507,0.033863500369770205,0.04729074583649102,0.04599104567718142,0.05484165709751164,0.017614580712112294,0.016560215842256507,0.033863500369770205,0.45008950020881006,0.6125566614503075,0.5921173336046079,0.805851762574836,0.5921173336046079,814160,203540,81416,122124,0.75,,,,,,,,,0.007416601748216413,341
bayesfl_observability_v1,vi_sparse_bayesian_keep010_seed42,173,vi,203,16,1,,5,256,11.490789604187011,1.5349278450012207,14.861130215947712,14.861130215947712,,,0.5168694632388963,0.0031313449144363403,0.9999570023432098,0.5168694632388963,,-0.0,2.311121424016332,11.490789604187011,14.861130215947712,14.861130215947712,0.00014602663079441597,1.5349278450012207,14.861130215947712,0.000625,55.736962900655776,0.09681463082751737,0.09767641872167587,0.10553119033575058,0.12923549115657806,1.451654715776887,1.2225068271379176,2.9971477077334665,,,,,,,,,,,,,,,,,,1,update_snr,bayesian,0.1,20,101770,10177,0.1,0.02658847756825945,0.014417161420573869,0.013927978095488538,0.026588312934524197,0.014417161420573869,0.013927978095488538,0.026588312934524197,0.029370308740847666,0.02880018588506651,0.032522081436894675,0.012755700607210112,0.01245547946788997,0.02350734504188197,0.029370308740847666,0.02880018588506651,0.032522081436894675,0.012755700607210112,0.01245547946788997,0.02350734504188197,0.27456386660714793,0.43791406141227884,0.5312054321929345,0.8472430517913488,0.5312054321929345,814160,203540,81416,122124,0.75,,,,,,,,,0.007412120675798924,1
bayesfl_observability_v1,vi_sparse_bayesian_keep010_seed42,173,vi,206,16,38,,5,256,67.68116030693054,0.6178854390194541,0.39196625053877926,0.39196625053877926,,,0.5170763465095097,0.003135696053504944,0.9999569687958114,0.5170763465095097,,-0.0,2.3277319754160017,67.68116030693054,14.894717520473613,0.39196625053877926,0.00014635666228233872,0.6178854390194541,0.39196625053877926,0.000625,55.73733251507385,0.09681478285988328,0.09765593707561493,0.10554148107767106,0.12897102534770966,1.4516952804340235,1.2219803524982171,2.9962101996701023,,,,,,,,,,,,,,,,,,1,update_snr,bayesian,0.1,20,101770,10177,0.1,0.026633997042741404,0.01443051366078511,0.013919311594561196,0.02663396866549149,0.01443051366078511,0.013919311594561196,0.02663396866549149,0.02942041983810856,0.02882971441242223,0.032595966739576404,0.012764968529971391,0.012388197597709342,0.023547424410888508,0.02942041983810856,0.02882971441242223,0.032595966739576404,0.012764968529971391,0.012388197597709342,0.023547424410888508,0.27449925935531255,0.4381987046226946,0.5308679486275131,0.8474545540145599,0.5308679486275131,814160,203540,81416,122124,0.75,,,,,,,,,0.007412609900049794,38
bayesfl_observability_v1,vi_sparse_bayesian_keep010_seed42,174,vi,220,17,1,,5,256,7.076643753051758,0.00019727191829588264,14.808024769224245,14.808024769224245,,,0.5162527358024284,0.0031327158212661743,0.9999571181272772,0.5162527358024284,,-0.0,2.3096097079310103,7.076643753051758,14.808024769224245,14.808024769224245,0.00014550481251080126,0.00019727191829588264,14.808024769224245,0.000625,55.74617964605921,0.09688242325185704,0.09773700311779976,0.10559917092323304,0.1290130317211151,1.4509401108777118,1.2196414213697677,2.997654587177095,,,,,,,,,,,,,,,,,,1,update_snr,bayesian,0.1,20,101770,10177,0.1,0.02660029441979894,0.014364962989216346,0.013808478441028282,0.026600246701329933,0.014364962989216346,0.013808478441028282,0.026600246701329933,0.029347523910768933,0.0287880424387386,0.03241890309188339,0.012700233997932724,0.012328667175439106,0.023498068997634097,0.029347523910768933,0.0287880424387386,0.03241890309188339,0.012700233997932724,0.012328667175439106,0.023498068997634097,0.27447457574774914,0.43724203193607214,0.5316670628798207,0.8469534427869959,0.5316670628798207,814160,203540,81416,122124,0.75,,,,,,,,,0.007407111262518155,1
bayesfl_observability_v1,vi_sparse_bayesian_keep010_seed42,174,vi,223,17,1,,5,256,6.495841121673584,4.361140251159668,14.959246516308742,14.959246516308742,,,0.5187540277808261,0.0031369030475616455,0.99995670633664,0.5187540277808261,,-0.0,2.311121424016332,6.495841121673584,14.959246516308742,14.959246516308742,0.00014699072925526916,4.361140251159668,14.959246516308742,0.000625,55.748710300563744,0.09688251819723309,0.09773513674736023,0.10560413673520089,0.12895095348358154,1.4509225152299292,1.220085633301796,2.998828794722806,,,,,,,,,,,,,,,,,,1,update_snr,bayesian,0.1,20,101770,10177,0.1,0.026676649746379805,0.014468754267282587,0.013986252044915808,0.026676506335461626,0.014468754267282587,0.013986252044915808,0.026676506335461626,0.029437314500435092,0.02886581749892651,0.032550495757309575,0.01280558090804342,0.012490425733374463,0.023598335604109802,0.029437314500435092,0.02886581749892651,0.032550495757309575,0.01280558090804342,0.012490425733374463,0.023598335604109802,0.27486953834710076,0.43994599467171186,0.5298648755036429,0.8480820795816342,0.5298648755036429,814160,203540,81416,122124,0.75,,,,,,,,,0.007408018585945927,1
bayesfl_observability_v1,vi_sparse_bayesian_keep010_seed42,174,vi,280,22,9,,5,256,5.571121644973755,3.415610990487039e-05,1.6534823428100012,1.6534823428100012,,,0.5173118658382819,0.003132864832878113,0.9999569455488686,0.5173118658382819,,-0.0,2.259365973874069,5.571121644973755,14.88134108529001,1.6534823428100012,0.00014622522438135021,3.415610990487039e-05,1.6534823428100012,0.000625,55.74816823656209,0.09688238579700431,0.09773502871394157,0.10559535697102547,0.12923726439476013,1.450938887588754,1.2213208861516645,2.997413481041008,,,,,,,,,,,,,,,,,,1,update_snr,bayesian,0.1,20,101770,10177,0.1,0.026662272122505652,0.014420182837175218,0.013881432223663958,0.02666217685803739,0.014420182837175218,0.013881432223663958,0.02666217685803739,0.02939017284731093,0.028823656320551005,0.03246916175204347,0.012756850613826807,0.012405196115396625,0.02355120838629511,0.02939017284731093,0.028823656320551005,0.03246916175204347,0.012756850613826807,0.012405196115396625,0.02355120838629511,0.27470746198348095,0.43834618381785767,0.5310287277836343,0.847353816459509,0.5310287277836343,814160,203540,81416,122124,0.75,,,,,,,,,0.00740677661838247,9
bayesfl_observability_v1,vi_sparse_bayesian_keep010_seed42,174,vi,86,6,1,,5,256,7.644496154785156,0.7107192873954773,14.950787543483205,14.950787543483205,,,0.5185860206936534,0.003131808713078499,0.9999567279607103,0.5185860206936534,,-0.0,2.3292713582565514,7.644496154785156,14.950787543483205,14.950787543483205,0.00014690761072499957,0.7107192873954773,14.950787543483205,0.000625,55.74486111771768,0.0968824492898316,0.09772900491952896,0.10559925362467766,0.12926380336284637,1.4508485568150393,1.2212097459300566,2.9971836700944854,,,,,,,,,,,,,,,,,,1,update_snr,bayesian,0.1,20,101770,10177,0.1,0.026644913160720284,0.014456790942377425,0.013995894807297828,0.02664480799390977,0.014456790942377425,0.013995894807297828,0.02664480799390977,0.02944530712307571,0.02884875713147609,0.03267964616889987,0.01279140025563317,0.012488542678204925,0.023570074419101375,0.02944530712307571,0.02884875713147609,0.03267964616889987,0.01279140025563317,0.012488542678204925,0.023570074419101375,0.27486006187230627,0.43975380299257255,0.5300182629386293,0.8479862268642798,0.5300182629386293,814160,203540,81416,122124,0.75,,,,,,,,,0.007406963796591153,1
bayesfl_observability_v1,vi_sparse_bayesian_keep010_seed42,174,vi,120,9,935,,5,256,66.92266495227814,0.0433687690745063,0.06081474797723356,0.06081474797723356,,,1.0085364543686788,0.01087498664855957,0.9998363646451937,1.0085364543686788,,0.007653727565891914,2.2517606506762466,66.92266495227814,56.86178935871338,0.06081474797723356,0.0005587284008913568,0.0433687690745063,0.06081474797723356,0.000625,55.751311011727516,0.09697332288010177,0.09781527891755104,0.10571330711245537,0.12894536554813385,1.449688607701231,1.2194845770998,2.9941058804593763,,,,,,,,,,,,,,,,,,1,update_snr,bayesian,0.1,20,101770,10177,0.1,0.05409649235112161,0.02666554526546497,0.023123467683928867,0.054094729291485975,0.02666554526546497,0.023123467683928867,0.054094729291485975,0.0659922887757394,0.06319382084374227,0.07990786686369401,0.022295907097656702,0.020537893465592878,0.04393492577489189,0.0659922887757394,0.06319382084374227,0.07990786686369401,0.022295907097656702,0.020537893465592878,0.04393492577489189,0.6360739102372011,0.7826594153947829,0.6306900533757791,0.7760348294843841,0.6306900533757791,814160,203540,81416,122124,0.75,,,,,,,,,0.007420596889930295,935
bayesfl_observability_v1,vi_sparse_bayesian_keep010_seed42,174,vi,123,9,387,,5,256,81.8104317188263,0.05180663840715275,0.0801501439073253,0.0801501439073253,,,0.7457027677335146,0.006087660789489746,0.9999105365362064,0.7457027677335146,,-0.0,2.3277319754160017,81.8104317188263,31.018105692134895,0.0801501439073253,0.0003047863387259005,0.05180663840715275,0.0801501439073253,0.000625,55.74906843597636,0.09692453567857058,0.09776385501027107,0.10563682690262795,0.12860752642154694,1.4503402043437643,1.2209486430064862,2.9962366961894262,,,,,,,,,,,,,,,,,,1,update_snr,bayesian,0.1,20,101770,10177,0.1,0.03980828252762379,0.020177651365725177,0.01828801085195721,0.03980713016587601,0.020177651365725177,0.01828801085195721,0.03980713016587601,0.04644621020113682,0.04519046764659855,0.053908050222269126,0.017258922606234992,0.016278587468248236,0.033166479345174076,0.04644621020113682,0.04519046764659855,0.053908050222269126,0.017258922606234992,0.016278587468248236,0.033166479345174076,0.4425239541642983,0.6002042717244008,0.5934320929360414,0.8048840606407547,0.5934320929360414,814160,203540,81416,122124,0.75,,,,,,,,,0.007412717148214506,387
bayesfl_observability_v1,vi_sparse_bayesian_keep010_seed42,174,vi,186,14,12,,5,256,11.23672993183136,0.12190932035446167,1.2416118330073775,1.2416118330073775,,,0.5177291593764182,0.0031362175941467285,0.9999568754168214,0.5177291593764182,,-0.0,2.3277319754160017,11.23672993183136,14.89934199608853,1.2416118330073775,0.00014640210274234578,0.12190932035446167,1.2416118330073775,0.000625,55.74785785619886,0.09688141020500814,0.09773525223135948,0.10559191927313805,0.12859755754470825,1.450982576439416,1.2216071711785395,2.9983682056055327,,,,,,,,,,,,,,,,,,1,update_snr,bayesian,0.1,20,101770,10177,0.1,0.026582508442122437,0.014442691530853865,0.013950616504445238,0.026582094609538295,0.014442691530853865,0.013950616504445238,0.026582094609538295,0.029340035059796068,0.028759940460508497,0.03245732107149225,0.012787431138749175,0.0124633466675793,0.023518978319071484,0.029340035059796068,0.028759940460508497,0.03245732107149225,0.012787431138749175,0.0124633466675793,0.023518978319071484,0.274287655842134,0.4391010866773614,0.5297898541633261,0.8481289468150475,0.5297898541633261,814160,203540,81416,122124,0.75,,,,,,,,,0.007407146979259816,12
bayesfl_observability_v1,vi_sparse_bayesian_keep010_seed42,174,vi,4,0,3,,5,256,7.5489623069763185,0.6427280108133951,4.962470180661112,4.962470180661112,,,0.517438773475148,0.003132765181362629,0.9999569196384832,0.517438773475148,,0.6365141682948128,1.6763487837974358,7.5489623069763185,14.887410541983334,4.962470180661112,0.00014628486333873768,0.6427280108133951,4.962470180661112,0.000625,55.74525050212002,0.09688315079402418,0.09773465618491173,0.10559076815843582,0.12890107929706573,1.4508812234603534,1.2210613437611473,2.998095950614539,,,,,,,,,,,,,,,,,,1,update_snr,bayesian,0.1,20,101770,10177,0.1,0.02658558089782074,0.014426951205256059,0.013972457785943216,0.026585500146601538,0.014426951205256059,0.013972457785943216,0.026585500146601538,0.029372831459317416,0.028808891268892006,0.03255179688205716,0.012766297843693687,0.012461333677025283,0.02352685428922845,0.029372831459317416,0.028808891268892006,0.03255179688205716,0.012766297843693687,0.012461333677025283,0.02352685428922845,0.2745726549104801,0.4385803705945765,0.530637959475736,0.8475985818554841,0.530637959475736,814160,203540,81416,122124,0.75,,,,,,,,,0.007407350815901203,3
bayesfl_observability_v1,vi_sparse_bayesian_keep010_seed42,174,vi,251,20,1,,5,256,9.518441200256348,0.4380423128604889,14.869199328161143,14.869199328161143,,,0.5171944460429014,0.0031335875391960144,0.9999569610249707,0.5171944460429014,,-0.0,2.3163460082440825,9.518441200256348,14.869199328161143,14.869199328161143,0.0001461059185237412,0.4380423128604889,14.869199328161143,0.000625,55.74581565022486,0.09688281861764486,0.09773522987961769,0.10560368001461029,0.12909501791000366,1.4509045988501463,1.2200069902441255,2.9989050345943586,,,,,,,,,,,,,,,,,,1,update_snr,bayesian,0.1,20,101770,10177,0.1,0.026580226726161962,0.014425955386519192,0.013980432926758147,0.026580220916901987,0.014425955386519192,0.013980432926758147,0.026580220916901987,0.029331079938130826,0.028793378071490357,0.032425984201453165,0.012769830436340118,0.012487720175325094,0.023491146141928487,0.029331079938130826,0.028793378071490357,0.032425984201453165,0.012769830436340118,0.012487720175325094,0.023491146141928487,0.27404552313571967,0.43862187162394606,0.5298694238355907,0.8480792378570172,0.5298694238355907,814160,203540,81416,122124,0.75,,,,,,,,,0.007407100486319979,1
bayesfl_observability_v1,vi_sparse_bayesian_keep010_seed42,174,vi,261,20,20,,5,256,69.17267522811889,1.9917377471923827,0.7499651977855699,0.7499651977855699,,,0.5194163637607379,0.0031382166780531406,0.9999565897689672,0.5194163637607379,,-0.0,2.311121424016332,69.17267522811889,14.999303955711397,0.7499651977855699,0.00014738433679582782,1.9917377471923827,0.7499651977855699,0.000625,55.74529934360341,0.09688150148501626,0.09773247689008713,0.10559457615017892,0.12878060340881348,1.4508844376286802,1.2213697912927675,2.9983961332812026,,,,,,,,,,,,,,,,,,1,update_snr,bayesian,0.1,20,101770,10177,0.1,0.026662822032046975,0.014493081648461286,0.014020985661626708,0.02666277176596443,0.014493081648461286,0.014020985661626708,0.02666277176596443,0.029470157699520712,0.02888417665026468,0.03266315907608574,0.012828962087232462,0.012526020336637363,0.023604730761260403,0.029470157699520712,0.02888417665026468,0.03266315907608574,0.012828962087232462,0.012526020336637363,0.023604730761260403,0.2752960838419212,0.44046046946772544,0.5300104175553711,0.8479911304269528,0.5300104175553711,814160,203540,81416,122124,0.75,,,,,,,,,0.007406643256373708,20
bayesfl_observability_v1,vi_sparse_bayesian_keep010_seed42,174,vi,243,19,1,,5,256,8.196161270141602,0.002803921001031995,14.786006170035483,14.786006170035483,,,0.5159037565415208,0.003134526312351227,0.9999571771984079,0.5159037565415208,,-0.0,2.185987945410232,8.196161270141602,14.786006170035483,14.786006170035483,0.00014528845602864777,0.002803921001031995,14.786006170035483,0.000625,55.746886197432666,0.0968810622991698,0.09773005545139313,0.1055938296020031,0.12901844084262848,1.450986486429809,1.220382547215615,2.997794567300924,,,,,,,,,,,,,,,,,,1,update_snr,bayesian,0.1,20,101770,10177,0.1,0.02657139529933997,0.014364600836001766,0.013858365304038087,0.026571072370685334,0.014364600836001766,0.013858365304038087,0.026571072370685334,0.02932417485879604,0.028781189806496896,0.0323492021826681,0.012702425944580178,0.012373143315203014,0.02343719332549811,0.02932417485879604,0.028781189806496896,0.0323492021826681,0.012702425944580178,0.012373143315203014,0.02343719332549811,0.27451013833108695,0.43680758918212526,0.53209563770446,0.8466842577583951,0.53209563770446,814160,203540,81416,122124,0.75,,,,,,,,,0.0074067778852813715,1
bayesfl_observability_v1,vi_sparse_bayesian_keep010_seed42,174,vi,247,19,83,,5,256,85.46664199829101,0.17177459992558122,0.18191516639249894,0.18191516639249894,,,0.5212247460457298,0.0031347498297691345,0.999956290346656,0.5212247460457298,,0.37911466974801067,1.93024026923342,85.46664199829101,15.098958810577411,0.18191516639249894,0.0001483635532138883,0.17177459992558122,0.18191516639249894,0.000625,55.74748126089652,0.09688082782595023,0.09773220494389534,0.10558576434850693,0.1286550611257553,1.450964322226582,1.220132129121715,2.998818231446555,,,,,,,,,,,,,,,,,,1,update_snr,bayesian,0.1,20,101770,10177,0.1,0.026658331440589243,0.014575991764450598,0.014187638856357165,0.026658179593529445,0.014575991764450598,0.014187638856357165,0.026658179593529445,0.029431243756140073,0.02884923951021815,0.03258268195832331,0.012925408209818433,0.012682954052776021,0.023604965536341747,0.029431243756140073,0.02884923951021815,0.03258268195832331,0.012925408209818433,0.012682954052776021,0.023604965536341747,0.27444354230726337,0.4431207261867548,0.5265359029657142,0.8501528938303277,0.5265359029657142,814160,203540,81416,122124,0.75,,,,,,,,,0.007406767856310687,83
bayesfl_observability_v1,vi_sparse_bayesian_keep010_seed42,174,vi,267,21,2,,5,256,8.971822118759155,0.6090570688247681,7.4184347865215425,7.4184347865215425,,,0.5170191481059968,0.003135452978312969,0.9999569918111819,0.5170191481059968,,-0.0,2.259365973874069,8.971822118759155,14.836869573043085,7.4184347865215425,0.000145788243814907,0.6090570688247681,7.4184347865215425,0.000625,55.74687777362944,0.09688229744931247,0.09773068502545357,0.10559418424963951,0.12925560772418976,1.450912998110328,1.2209688972099149,2.9971743516886518,,,,,,,,,,,,,,,,,,1,update_snr,bayesian,0.1,20,101770,10177,0.1,0.026565427546297468,0.014408634901328555,0.013925262902056715,0.02656511643553694,0.014408634901328555,0.013925262902056715,0.02656511643553694,0.02928360852434079,0.028749829071940142,0.032297589071188515,0.012755860054327195,0.012421794767145293,0.023526788401944883,0.02928360852434079,0.028749829071940142,0.032297589071188515,0.012755860054327195,0.012421794767145293,0.023526788401944883,0.2742479303830444,0.4382885718209723,0.5304405676031546,0.8477221267849764,0.5304405676031546,814160,203540,81416,122124,0.75,,,,,,,,,0.0074078277657808654,2
bayesfl_observability_v1,vi_sparse_bayesian_keep010_seed42,174,vi,30,2,189,,5,256,198.2879105567932,0.33283116577794314,0.08235254868613971,0.08235254868613971,,,0.5296135909967584,0.003133438527584076,0.9999548688602269,0.5296135909967584,,-0.0,2.4040642619438994,198.2879105567932,15.564631701680405,0.08235254868613971,0.00015293929155625827,0.33283116577794314,0.08235254868613971,0.000625,55.74553715365925,0.09688120750433818,0.09773074090480804,0.10558907315135002,0.12899523973464966,1.4509896776815934,1.2206728099857695,2.99661328183219,,,,,,,,,,,,,,,,,,1,update_snr,bayesian,0.1,20,101770,10177,0.1,0.027070546511696606,0.014784644178251406,0.014360241309600329,0.02707029350362161,0.014784644178251406,0.014360241309600329,0.02707029350362161,0.029814677645572607,0.029261115631991304,0.03292244923081856,0.013114640459660157,0.012786973465289703,0.024104637721530976,0.029814677645572607,0.029261115631991304,0.03292244923081856,0.013114640459660157,0.012786973465289703,0.024104637721530976,0.27789352929508343,0.4508500217859642,0.5247099659434237,0.851281065007117,0.5247099659434237,814160,203540,81416,122124,0.75,,,,,,,,,0.007406696923746328,189
bayesfl_observability_v1,vi_sparse_bayesian_keep010_seed42,174,vi,53,4,1,,5,256,7.249530243873596,0.0011363723315298557,14.844218899826863,14.844218899826863,,,0.5165821928363962,0.0031327158212661743,0.999957063070684,0.5165821928363962,,-0.0,2.3155014849272724,7.249530243873596,14.844218899826863,14.844218899826863,0.00014586045887616058,0.0011363723315298557,14.844218899826863,0.000625,55.745965672087756,0.09688287527668572,0.09773238003253937,0.1055926188826561,0.12894493341445923,1.4508399030495034,1.2208412536113897,2.997434547233952,,,,,,,,,,,,,,,,,,1,update_snr,bayesian,0.1,20,101770,10177,0.1,0.026572908346828863,0.014400142234879109,0.01391940493467967,0.026572738474191407,0.014400142234879109,0.01391940493467967,0.026572738474191407,0.02933218400731162,0.0287711680474925,0.032376987880996064,0.012741026482386607,0.01241008962101466,0.02350240511253715,0.02933218400731162,0.0287711680474925,0.032376987880996064,0.012741026482386607,0.01241008962101466,0.02350240511253715,0.2739826000072048,0.4379391474268448,0.5303756184526017,0.8477627636025427,0.5303756184526017,814160,203540,81416,122124,0.75,,,,,,,,,0.007407494645793793,1
bayesfl_observability_v1,vi_sparse_bayesian_keep010_seed42,175,vi,84,6,12,,5,256,16.350965309143067,0.34934993584950763,1.239580203521222,1.239580203521222,,,0.5174150873089169,0.0031324923038482666,0.9999569365151263,0.5174150873089169,,-0.0,2.3277319754160017,16.350965309143067,14.874962442254665,1.239580203521222,0.00014616254733472206,0.34934993584950763,1.239580203521222,0.000625,55.752664841471216,0.09694366382633181,0.09779626876115799,0.10563729852437972,0.1289178878068924,1.4500627317865,1.221542147623806,2.994059637142989,,,,,,,,,,,,,,,,,,1,update_snr,bayesian,0.1,20,101770,10177,0.1,0.026595029267902037,0.014409181669532338,0.013917338089327094,0.026594491973552948,0.014409181669532338,0.013917338089327094,0.026594491973552948,0.0293967172052599,0.028856968677054697,0.032524210752004366,0.01274389994334039,0.012431926972691328,0.023547181120621315,0.0293967172052599,0.028856968677054697,0.032524210752004366,0.01274389994334039,0.012431926972691328,0.023547181120621315,0.2746781334064473,0.43848636877700564,0.5308661075869513,0.8474557072882806,0.5308661075869513,814160,203540,81416,122124,0.75,,,,,,,,,0.007400143742015694,12
bayesfl_observability_v1,vi_sparse_bayesian_keep010_seed42,175,vi,25,2,1,,5,256,7.880587959289551,0.003083952469751239,14.841281461266444,14.841281461266444,,,0.5169824663321784,0.003132179379463196,0.9999570103514905,0.5169824663321784,,-0.0,2.4040642619438994,7.880587959289551,14.841281461266444,14.841281461266444,0.00014583159537453518,0.003083952469751239,14.841281461266444,0.000625,55.754846126969575,0.0969432261535894,0.09778780490159988,0.10564608350396157,0.12885090708732605,1.450086558123364,1.2207279635758115,2.997280027505346,,,,,,,,,,,,,,,,,,1,update_snr,bayesian,0.1,20,101770,10177,0.1,0.026571358206571482,0.014401775818008538,0.0139086269422807,0.02657129765834006,0.014401775818008538,0.0139086269422807,0.02657129765834006,0.029325251539743705,0.028747416289387127,0.032448583731153856,0.012743611848926854,0.012402409661319204,0.02349788239751621,0.029325251539743705,0.028747416289387127,0.032448583731153856,0.012743611848926854,0.012402409661319204,0.02349788239751621,0.2745130161739902,0.43807930154934344,0.5309909601413958,0.8473774839161817,0.5309909601413958,814160,203540,81416,122124,0.75,,,,,,,,,0.007400451152498222,1
bayesfl_observability_v1,vi_sparse_bayesian_keep010_seed42,175,vi,26,2,1,,5,256,6.212342715263366,0.0002022777043748647,14.801655194059352,14.801655194059352,,,0.5164501715391533,0.003133535385131836,0.9999570973347991,0.5164501715391533,,-0.0,2.3277319754160017,6.212342715263366,14.801655194059352,14.801655194059352,0.00014544222456577922,0.0002022777043748647,14.801655194059352,0.000625,55.753259597972296,0.09694250063699625,0.09779331088066101,0.1056370884180069,0.12872463464736938,1.4501016297577867,1.220698112778948,2.9963116930790004,,,,,,,,,,,,,,,,,,1,update_snr,bayesian,0.1,20,101770,10177,0.1,0.026540061604206685,0.014378782013573718,0.013870763515437484,0.026539679403156873,0.014378782013573718,0.013870763515437484,0.026539679403156873,0.02930544910357158,0.028756482257587573,0.032367071814968326,0.012720263448018397,0.01238611606337208,0.023476973956926626,0.02930544910357158,0.028756482257587573,0.032367071814968326,0.012720263448018397,0.01238611606337208,0.023476973956926626,0.2742186328207809,0.437635603095455,0.5309682287519422,0.8473917276301589,0.5309682287519422,814160,203540,81416,122124,0.75,,,,,,,,,0.007400533359809191,1
bayesfl_observability_v1,vi_sparse_bayesian_keep010_seed42,175,vi,122,9,1,,5,256,6.588603115081787,7.354942499659956e-05,14.864889944924446,14.864889944924446,,,0.5175803984637556,0.003136947751045227,0.9999569125246687,0.5175803984637556,,-0.0,2.3163460082440825,6.588603115081787,14.864889944924446,14.864889944924446,0.00014606357418614962,7.354942499659956e-05,14.864889944924446,0.000625,55.75604537994605,0.09694267625212992,0.09778962656855583,0.1056449331343174,0.12875129282474518,1.4501749639254884,1.2208279117033505,2.996603547978123,,,,,,,,,,,,,,,,,,1,update_snr,bayesian,0.1,20,101770,10177,0.1,0.026571522827235877,0.01441839898263515,0.013955413651408009,0.026571318291330245,0.01441839898263515,0.013955413651408009,0.026571318291330245,0.029300330748469768,0.028752638433653895,0.03236352186869579,0.012764851008653525,0.012416339091382816,0.02348276515576381,0.029300330748469768,0.028752638433653895,0.03236352186869579,0.012764851008653525,0.012416339091382816,0.02348276515576381,0.27430075246347707,0.4389174934675883,0.5299674278192076,0.8480179983058694,0.5299674278192076,814160,203540,81416,122124,0.75,,,,,,,,,0.007400409520756159,1
bayesfl_observability_v1,vi_sparse_bayesian_keep010_seed42,175,vi,123,9,387,,5,256,78.06253604888916,0.04459861637085907,0.08060528765431942,0.08060528765431942,,,0.7483417559617779,0.00610218895599246,0.9999099441306926,0.7483417559617779,,-0.0,2.3277319754160017,78.06253604888916,31.194246322221613,0.08060528765431942,0.0003065171103686903,0.04459861637085907,0.08060528765431942,0.000625,55.76158733757906,0.09698520257601959,0.09783653542399406,0.10568551644682884,0.12889300286769867,1.4496775304535001,1.2209211918626761,2.994398779101304,,,,,,,,,,,,,,,,,,1,update_snr,bayesian,0.1,20,101770,10177,0.1,0.03986058356293489,0.020235556987250467,0.018327876705016687,0.03985925327775155,0.020235556987250467,0.018327876705016687,0.03985925327775155,0.04653567431358803,0.0452640643329394,0.053864659428188105,0.017313321728768514,0.016306169546292083,0.03329014976576861,0.04653567431358803,0.0452640643329394,0.053864659428188105,0.017313321728768514,0.016306169546292083,0.03329014976576861,0.44357653131040403,0.6027065990899614,0.592745931623599,0.8053895085880322,0.592745931623599,814160,203540,81416,122124,0.75,,,,,,,,,0.007407220093890355,387
bayesfl_observability_v1,vi_sparse_bayesian_keep010_seed42,175,vi,125,10,1,,5,256,15.263991117477417,4.320008754730225,14.785358677947869,14.785358677947869,,,0.5160783991043949,0.0031358692795038223,0.9999571662520955,0.5160783991043949,,-0.0,2.311121424016332,15.263991117477417,14.785358677947869,14.785358677947869,0.00014528209372062365,4.320008754730225,14.785358677947869,0.000625,55.758133300039646,0.09694326522528475,0.09778624773025513,0.10563981756567956,0.12925051152706146,1.4502404928634924,1.2211997473550529,2.9950053093431555,,,,,,,,,,,,,,,,,,1,update_snr,bayesian,0.1,20,101770,10177,0.1,0.026525360023977314,0.01437636841067275,0.013897317913596247,0.02652517872499333,0.01437636841067275,0.013897317913596247,0.02652517872499333,0.02930693764291797,0.028707834481264464,0.03245843923694574,0.01271741627375661,0.012412362051596012,0.02343812440205455,0.02930693764291797,0.028707834481264464,0.03245843923694574,0.01271741627375661,0.012412362051596012,0.02343812440205455,0.27439691287315177,0.4370849439500738,0.5316961790095102,0.8469351647125577,0.5316961790095102,814160,203540,81416,122124,0.75,,,,,,,,,0.007399932848344805,1
bayesfl_observability_v1,vi_sparse_bayesian_keep010_seed42,175,vi,130,10,1,,5,256,9.414735794067383,1.9746633768081665,14.891452220296792,14.891452220296792,,,0.5178715353115194,0.0031347088515758514,0.9999568611508637,0.5178715353115194,,-0.0,2.311121424016332,9.414735794067383,14.891452220296792,14.891452220296792,0.00014632457718676223,1.9746633768081665,14.891452220296792,0.000625,55.75364721334589,0.09694287876274674,0.09779468923807144,0.1056381732225418,0.12923453748226166,1.4500919027196086,1.2218440017586705,2.9959718941618854,,,,,,,,,,,,,,,,,,1,update_snr,bayesian,0.1,20,101770,10177,0.1,0.02663406914277275,0.014423960493149425,0.013977185262069309,0.02663390637128145,0.014423960493149425,0.013977185262069309,0.02663390637128145,0.029404462396317013,0.028824938760174876,0.0325149664463318,0.012759460281686357,0.012451223228108006,0.02349433795854406,0.029404462396317013,0.028824938760174876,0.0325149664463318,0.012759460281686357,0.012451223228108006,0.02349433795854406,0.2749451698177723,0.43885769980688144,0.530913848455452,0.8474257994174016,0.530913848455452,814160,203540,81416,122124,0.75,,,,,,,,,0.007400175401635821,1
bayesfl_observability_v1,vi_sparse_bayesian_keep010_seed42,175,vi,228,18,5,,5,256,13.242202281951904,0.5027981758117676,2.969448653184495,2.969448653184495,,,0.5174682737458768,0.0031304657459259033,0.9999569308663527,0.5174682737458768,,0.6730116670092565,1.5651195035345156,13.242202281951904,14.847243265922474,2.969448653184495,0.00014589017653456298,0.5027981758117676,2.969448653184495,0.000625,55.75583625514075,0.09694271443630056,0.09779240563511848,0.10564104020595551,0.12866000831127167,1.4501939116531324,1.2209549551253382,2.9969864187849424,,,,,,,,,,,,,,,,,,1,update_snr,bayesian,0.1,20,101770,10177,0.1,0.026549157542789383,0.014401636123605854,0.013942043090474662,0.02654891175754385,0.014401636123605854,0.013942043090474662,0.02654891175754385,0.0293245489620632,0.028746088201862925,0.03245126818336363,0.012743534697110594,0.012401985043552199,0.02348034719364434,0.0293245489620632,0.028746088201862925,0.03245126818336363,0.012743534697110594,0.012401985043552199,0.02348034719364434,0.2743519581872736,0.43875325340371685,0.5301812151714734,0.8478843547791762,0.5301812151714734,814160,203540,81416,122124,0.75,,,,,,,,,0.00739992160141289,5
bayesfl_observability_v1,vi_sparse_bayesian_keep010_seed42,175,vi,74,5,1,,5,256,6.989303541183472,0.0,14.865702203717655,14.865702203717655,,,0.517532110319316,0.0031365081667900085,0.9999569187756174,0.517532110319316,,-0.0,2.259365973874069,6.989303541183472,14.865702203717655,14.865702203717655,0.0001460715555047426,0.0,14.865702203717655,0.000625,55.75474884831722,0.09694368362641263,0.0977926142513752,0.10564529076218605,0.12926359474658966,1.450175939899994,1.2221069413614223,2.9957378079490717,,,,,,,,,,,,,,,,,,1,update_snr,bayesian,0.1,20,101770,10177,0.1,0.026569008791517454,0.014425758761420535,0.01394467252188019,0.026568956390417096,0.014425758761420535,0.01394467252188019,0.026568956390417096,0.02932408347257185,0.028780134836696836,0.03239902381756719,0.012770389349070385,0.012436362298662924,0.023494944948258763,0.02932408347257185,0.028780134836696836,0.03239902381756719,0.012770389349070385,0.012436362298662924,0.023494944948258763,0.2748176339569355,0.4385370603242975,0.5310156190837583,0.8473620314181496,0.5310156190837583,814160,203540,81416,122124,0.75,,,,,,,,,0.0073998557003386815,1
bayesfl_observability_v1,vi_sparse_bayesian_keep010_seed42,175,vi,279,22,125,,5,256,34.21367874145508,0.07769700622558594,0.1184914933778042,0.1184914933778042,,,0.5164771249290507,0.003133416175842285,0.9999570967120123,0.5164771249290507,,-0.0,2.259365973874069,34.21367874145508,14.811436672225524,0.1184914933778042,0.00014553833813722632,0.07769700622558594,0.1184914933778042,0.000625,55.75646206704288,0.09694362390375336,0.09779989719390869,0.10563866794109344,0.12893983721733093,1.4501546775380645,1.2217738056716787,2.9949262109833246,,,,,,,,,,,,,,,,,,1,update_snr,bayesian,0.1,20,101770,10177,0.1,0.02652945620628701,0.014383594685905722,0.013885371665347928,0.026529351901407056,0.014383594685905722,0.013885371665347928,0.026529351901407056,0.02933370374319381,0.028777324196123607,0.032421231207254826,0.01272247145731815,0.012395124833094653,0.02347533930599121,0.02933370374319381,0.028777324196123607,0.032421231207254826,0.01272247145731815,0.012395124833094653,0.02347533930599121,0.2744565889478352,0.43751822974374155,0.5314012483815962,0.847120247201353,0.5314012483815962,814160,203540,81416,122124,0.75,,,,,,,,,0.007400198540664846,125
bayesfl_observability_v1,vi_sparse_bayesian_keep010_seed42,175,vi,182,14,1,,5,256,3.8028332710266115,0.004432377405464649,14.855823928389503,14.855823928389503,,,0.5173289340460314,0.003128953278064728,0.9999569535997503,0.5173289340460314,,-0.0,2.3277319754160017,3.8028332710266115,14.855823928389503,14.855823928389503,0.00014597449079679182,0.004432377405464649,14.855823928389503,0.000625,55.75552430769508,0.09694342996188988,0.09780029952526093,0.10564729422330857,0.1288590431213379,1.450161770275612,1.221756879942375,2.994748189099844,,,,,,,,,,,,,,,,,,1,update_snr,bayesian,0.1,20,101770,10177,0.1,0.026618272442719818,0.014396622826867251,0.013899042806210314,0.02661792622657728,0.014396622826867251,0.013899042806210314,0.02661792622657728,0.029368707342379535,0.028794503807990247,0.03249085841958955,0.012733057880699221,0.012386243871667589,0.02351122880793717,0.029368707342379535,0.028794503807990247,0.03249085841958955,0.012733057880699221,0.012386243871667589,0.02351122880793717,0.27473489369039167,0.43834913503979034,0.5310642332368481,0.8473315644873373,0.5310642332368481,814160,203540,81416,122124,0.75,,,,,,,,,0.007401304263677309,1
bayesfl_observability_v1,vi_sparse_bayesian_keep010_seed42,175,vi,291,23,1,,5,256,6.802609157562256,2.407998726994265e-05,14.821983947543782,14.821983947543782,,,0.516786308817377,0.0031349435448646545,0.9999570484265788,0.516786308817377,,-0.0,2.3096097079310103,6.802609157562256,14.821983947543782,14.821983947543782,0.0001456419764915376,2.407998726994265e-05,14.821983947543782,0.000625,55.75803310818003,0.0969426276669795,0.0977979525923729,0.10565090104937554,0.1288609504699707,1.4502744932313147,1.2217481962452086,2.997197951561042,,,,,,,,,,,,,,,,,,1,update_snr,bayesian,0.1,20,101770,10177,0.1,0.026589224332636933,0.014399230147951577,0.013888112359926052,0.026588804750892543,0.014399230147951577,0.013888112359926052,0.026588804750892543,0.029338873073292,0.028795679767181236,0.03241074604277409,0.01273926982291375,0.012420749099351439,0.023473952817523795,0.029338873073292,0.028795679767181236,0.03241074604277409,0.01273926982291375,0.012420749099351439,0.023473952817523795,0.27449651662336816,0.43785814066056417,0.5311605821205497,0.8472711702880956,0.5311605821205497,814160,203540,81416,122124,0.75,,,,,,,,,0.007401191282047313,1
bayesfl_observability_v1,vi_sparse_bayesian_keep010_seed42,175,vi,214,17,232,,5,256,466.39431343078616,0.5161566569887358,0.06809089949694036,0.06809089949694036,,,0.5338034400492702,0.0031351353973150253,0.9999541693321654,0.5338034400492702,,1.7889541012136536,0.48857548101791376,466.39431343078616,15.797088683290164,0.06809089949694036,0.0001552234320849972,0.5161566569887358,0.06809089949694036,0.000625,55.75620908109527,0.09694174896609786,0.09778837114572525,0.10564216002821922,0.12894906103610992,1.450162321919019,1.2211937198977556,2.9936603067380143,,,,,,,,,,,,,,,,,,1,update_snr,bayesian,0.1,20,101770,10177,0.1,0.02712450415604732,0.014945917536121664,0.014620843992847209,0.027123886361969753,0.014945917536121664,0.014620843992847209,0.027123886361969753,0.0298695283902468,0.029259520086580816,0.03303280627470624,0.01328773855232998,0.01305068470746869,0.02425097349159888,0.0298695283902468,0.029259520086580816,0.03303280627470624,0.01328773855232998,0.01305068470746869,0.02425097349159888,0.27796818149480496,0.4557189953084093,0.520731341613588,0.8537206040979173,0.520731341613588,814160,203540,81416,122124,0.75,,,,,,,,,0.007400023554215683,232
bayesfl_observability_v1,vi_sparse_bayesian_keep010_seed42,175,vi,217,17,1,,5,256,8.432258892059327,1.8136341571807861,14.838571250808203,14.838571250808203,,,0.5171827411731412,0.0031342357397079468,0.9999569786976964,0.5171827411731412,,-0.0,2.311121424016332,8.432258892059327,14.838571250808203,14.838571250808203,0.00014580496463405918,1.8136341571807861,14.838571250808203,0.000625,55.75603820199781,0.09694298768929066,0.09779182448983192,0.10563391894102096,0.12875717878341675,1.450145940699719,1.2221808831373955,2.9955282562670282,,,,,,,,,,,,,,,,,,1,update_snr,bayesian,0.1,20,101770,10177,0.1,0.026549990558637823,0.014404401864080055,0.013948821018934687,0.026549506928349866,0.014404401864080055,0.013948821018934687,0.026549506928349866,0.029348832881698667,0.02878803196410499,0.03243221170486989,0.012743909528789097,0.012456795861833894,0.02345407034499456,0.029348832881698667,0.02878803196410499,0.03243221170486989,0.012743909528789097,0.012456795861833894,0.02345407034499456,0.274527095529857,0.43830681216164696,0.5308125613533408,0.8474892475480184,0.5308125613533408,814160,203540,81416,122124,0.75,,,,,,,,,0.0073999317786106675,1
bayesfl_observability_v1,vi_sparse_bayesian_keep010_seed42,175,vi,166,13,9,,5,256,6.6737792015075685,0.02726563149028354,1.65390813997496,1.65390813997496,,,0.5179011892549192,0.0031350748613476753,0.9999568589878131,0.5179011892549192,,-0.0,2.3277319754160017,6.6737792015075685,14.88517325977464,1.65390813997496,0.00014626287962832504,0.02726563149028354,1.65390813997496,0.000625,55.75597649255495,0.09694306933153317,0.09779611974954605,0.10564646571874618,0.12876386940479279,1.4501101874121665,1.2221467209446115,2.995511784122034,,,,,,,,,,,,,,,,,,1,update_snr,bayesian,0.1,20,101770,10177,0.1,0.02661713134461952,0.014425033489774579,0.013955348810068248,0.026616993361628004,0.014425033489774579,0.013955348810068248,0.026616993361628004,0.02935238867810925,0.028802953197740077,0.032546105980611334,0.01276643846884851,0.012487796081592813,0.023553481091431308,0.02935238867810925,0.028802953197740077,0.032546105980611334,0.01276643846884851,0.012487796081592813,0.023553481091431308,0.27473701820041496,0.43902302065154236,0.5304815356683512,0.8476964906822182,0.5304815356683512,814160,203540,81416,122124,0.75,,,,,,,,,0.007400854366982529,9
bayesfl_observability_v1,vi_sparse_bayesian_keep010_seed42,176,vi,233,18,90,,5,256,77.5034372329712,0.17874666849772136,0.16613300651748975,0.16613300651748975,,,0.5191608253387135,0.00313432514667511,0.9999566625985837,0.5191608253387135,,-0.0,2.3096097079310103,77.5034372329712,14.951970586574078,0.16613300651748975,0.00014691923539917538,0.17874666849772136,0.16613300651748975,0.000625,55.76458776859834,0.09699618713435167,0.09785318002104759,0.10567869246006012,0.12882165610790253,1.449535419720193,1.2198441729414626,2.9951349589732605,,,,,,,,,,,,,,,,,,1,update_snr,bayesian,0.1,20,101770,10177,0.1,0.0266112998796377,0.014478014342577868,0.01401343284430423,0.026610926989154172,0.014478014342577868,0.01401343284430423,0.026610926989154172,0.02939185563123713,0.028846969424710014,0.03252334808006213,0.012820920866060171,0.012525369503345265,0.02354780436034688,0.02939185563123713,0.028846969424710014,0.03252334808006213,0.012820920866060171,0.012525369503345265,0.02354780436034688,0.2748512913578195,0.4404369764283118,0.5294145435154889,0.8483632719031905,0.5294145435154889,814160,203540,81416,122124,0.75,,,,,,,,,0.007393784746959527,90
bayesfl_observability_v1,vi_sparse_bayesian_keep010_seed42,176,vi,267,21,2,,5,256,6.011423778533936,0.44868364930152893,7.428516706678354,7.428516706678354,,,0.5176462441958454,0.003131575882434845,0.999956912344902,0.5176462441958454,,-0.0,2.259365973874069,6.011423778533936,14.857033413356708,7.428516706678354,0.00014598637529091783,0.44868364930152893,7.428516706678354,0.000625,55.763023004527376,0.0969974712884791,0.09785575419664383,0.10569525808095932,0.1291889250278473,1.4494686510843375,1.2196622642245385,2.9938785839628,,,,,,,,,,,,,,,,,,1,update_snr,bayesian,0.1,20,101770,10177,0.1,0.026579476644959736,0.014415976665270966,0.013960373150677382,0.02657845156943479,0.014415976665270966,0.013960373150677382,0.02657845156943479,0.02931884242085285,0.028769215449030692,0.03244569980972958,0.012760102692428534,0.01245259203172526,0.023496338704751634,0.02931884242085285,0.028769215449030692,0.03244569980972958,0.012760102692428534,0.01245259203172526,0.023496338704751634,0.2745460418124004,0.43884177678886555,0.5303738699754366,0.8477638574787667,0.5303738699754366,814160,203540,81416,122124,0.75,,,,,,,,,0.007394654168911978,2
bayesfl_observability_v1,vi_sparse_bayesian_keep010_seed42,176,vi,273,21,19,,5,256,21.46816692352295,0.6346663424843236,0.7817432364524862,0.7817432364524862,,,0.5173748070342649,0.0031304508447647095,0.9999569613465625,0.5173748070342649,,-0.0,2.3096097079310103,21.46816692352295,14.853121492597237,0.7817432364524862,0.00014594793645079332,0.6346663424843236,0.7817432364524862,0.000625,55.76509592989769,0.09699648805687414,0.09785200282931328,0.10567467212677002,0.12910990417003632,1.4495913105476812,1.2210974833518407,2.9947528682705755,,,,,,,,,,,,,,,,,,1,update_snr,bayesian,0.1,20,101770,10177,0.1,0.02657406569274439,0.01440707583934789,0.013922560184147802,0.026574024657657593,0.01440707583934789,0.013922560184147802,0.026574024657657593,0.02935550827784965,0.028773539968589536,0.032509773911886246,0.012746138901736584,0.012426823178909778,0.023472794154452532,0.02935550827784965,0.028773539968589536,0.032509773911886246,0.012746138901736584,0.012426823178909778,0.023472794154452532,0.2745907716210658,0.4384935565025905,0.5307385823347215,0.8475355787347987,0.5307385823347215,814160,203540,81416,122124,0.75,,,,,,,,,0.007394959345066658,19
bayesfl_observability_v1,vi_sparse_bayesian_keep010_seed42,176,vi,183,14,1,,5,256,6.066985321044922,0.02040361613035202,14.799195988980792,14.799195988980792,,,0.5168075393559074,0.0031372159719467163,0.9999570516582443,0.5168075393559074,,-0.0,2.28098669344155,6.066985321044922,14.799195988980792,14.799195988980792,0.00014541806022384584,0.02040361613035202,14.799195988980792,0.000625,55.76288869971186,0.09699665080462011,0.09785544499754906,0.10568556115031243,0.12884680926799774,1.449554124191705,1.2201612715879175,2.993188164426987,,,,,,,,,,,,,,,,,,1,update_snr,bayesian,0.1,20,101770,10177,0.1,0.0265946678186891,0.014373083082449977,0.013838338604551364,0.02659462998630422,0.014373083082449977,0.013838338604551364,0.02659462998630422,0.02932344334752513,0.028777549965377475,0.03240969065396091,0.012711931941886077,0.012322548508926012,0.023490529854189944,0.02932344334752513,0.028777549965377475,0.03240969065396091,0.012711931941886077,0.012322548508926012,0.023490529854189944,0.2749164427025095,0.437619677650475,0.5319513005656523,0.8467749487476063,0.5319513005656523,814160,203540,81416,122124,0.75,,,,,,,,,0.007393936506256772,1
bayesfl_observability_v1,vi_sparse_bayesian_keep010_seed42,176,vi,53,4,1,,5,256,8.354004764556885,0.0005267662927508354,14.781109249889683,14.781109249889683,,,0.5162714179349547,0.003133010119199753,0.9999571393827953,0.5162714179349547,,-0.0,2.3155014849272724,8.354004764556885,14.781109249889683,14.781109249889683,0.00014524033850731732,0.0005267662927508354,14.781109249889683,0.000625,55.76185986115284,0.09699679067193835,0.09785913676023483,0.10567702502012252,0.12865886092185974,1.4494808997554263,1.2212300735824138,2.992757346897372,,,,,,,,,,,,,,,,,,1,update_snr,bayesian,0.1,20,101770,10177,0.1,0.026541225149052845,0.014370580796143635,0.013861211644423081,0.02654090650365877,0.014370580796143635,0.013861211644423081,0.02654090650365877,0.02926880032439844,0.028699294903507033,0.03240935469952699,0.012715223070781987,0.01236897553109446,0.023487294013730807,0.02926880032439844,0.028699294903507033,0.03240935469952699,0.012715223070781987,0.01236897553109446,0.023487294013730807,0.2740791155078125,0.43751207459797486,0.530881830731803,0.8474458577389176,0.530881830731803,814160,203540,81416,122124,0.75,,,,,,,,,0.007394981315856396,1
bayesfl_observability_v1,vi_sparse_bayesian_keep010_seed42,176,vi,58,4,1,,5,256,10.29495849609375,2.312268018722534,14.783239338219325,14.783239338219325,,,0.5164155791613868,0.0031294021755456924,0.9999571198788277,0.5164155791613868,,-0.0,2.3292713582565514,10.29495849609375,14.783239338219325,14.783239338219325,0.00014526126892226907,2.312268018722534,14.783239338219325,0.000625,55.7646584590948,0.09699668723973091,0.09785588085651398,0.10568423792719842,0.12898050248622894,1.4495141994853575,1.2208119659569117,2.995068322152199,,,,,,,,,,,,,,,,,,1,update_snr,bayesian,0.1,20,101770,10177,0.1,0.02652665560050332,0.01437215805085899,0.013859596448430853,0.026526304782952693,0.01437215805085899,0.013859596448430853,0.026526304782952693,0.02928691513523321,0.028741719973984194,0.03241164747749698,0.01271496281926185,0.012386036388340337,0.02345217150813398,0.02928691513523321,0.028741719973984194,0.03241164747749698,0.01271496281926185,0.012386036388340337,0.02345217150813398,0.27448971017782087,0.43742479285825414,0.5315287168980608,0.847040272426702,0.5315287168980608,814160,203540,81416,122124,0.75,,,,,,,,,0.007394624828285677,1
bayesfl_observability_v1,vi_sparse_bayesian_keep010_seed42,176,vi,166,13,9,,5,256,4.390198397636413,0.02207949095302158,1.6500364406425674,1.6500364406425674,,,0.5177023283830368,0.003132864832878113,0.9999569010902615,0.5177023283830368,,-0.0,2.3277319754160017,4.390198397636413,14.850327965783107,1.6500364406425674,0.00014592048703727137,0.02207949095302158,1.6500364406425674,0.000625,55.76151362282301,0.09699745715968329,0.0978570356965065,0.10567575469613076,0.1287599503993988,1.4495345430394653,1.2208639754888075,2.992770651823192,,,,,,,,,,,,,,,,,,1,update_snr,bayesian,0.1,20,101770,10177,0.1,0.02658096520378749,0.014410735487114204,0.01393924143817395,0.026580783077001433,0.014410735487114204,0.01393924143817395,0.026580783077001433,0.02932823172530615,0.02875556923762967,0.03247171294258235,0.01275323590509288,0.012431336003838344,0.02349077625934408,0.02932823172530615,0.02875556923762967,0.03247171294258235,0.01275323590509288,0.012431336003838344,0.02349077625934408,0.27482390205905893,0.438734001041919,0.5308531312142809,0.847463835853775,0.5308531312142809,814160,203540,81416,122124,0.75,,,,,,,,,0.007393795860852433,9
bayesfl_observability_v1,vi_sparse_bayesian_keep010_seed42,176,vi,19,1,279,,5,256,355.72871289253237,0.4645144213057761,0.12391059398735525,0.12391059398735525,,,0.7902764813220087,0.006141878664493561,0.9998995861135233,0.7902764813220087,,0.3705115655529096,1.9463369459516098,355.72871289253237,34.57105572247212,0.12391059398735525,0.0003396979043182875,0.4645144213057761,0.12391059398735525,0.000625,55.767076247905756,0.09703614969460636,0.0978923998773098,0.1057284988462925,0.1292053908109665,1.4490438502839673,1.2195249087696594,2.992754831872065,,,,,,,,,,,,,,,,,,1,update_snr,bayesian,0.1,20,101770,10177,0.1,0.041814462222348456,0.02148456014522957,0.019792324162181525,0.041814035720117944,0.02148456014522957,0.019792324162181525,0.041814035720117944,0.04801894204052524,0.046872574931635026,0.05484978991495158,0.01853629549019672,0.01762348097885029,0.03542411121041101,0.04801894204052524,0.046872574931635026,0.05484978991495158,0.01853629549019672,0.01762348097885029,0.03542411121041101,0.4570004501617497,0.6447383232619676,0.5782791984360456,0.815838935486757,0.5782791984360456,814160,203540,81416,122124,0.75,,,,,,,,,0.007398718574176699,279
bayesfl_observability_v1,vi_sparse_bayesian_keep010_seed42,176,vi,134,10,1,,5,256,3.8592079162597654,3.6477376852417365e-05,14.876486923539419,14.876486923539419,,,0.518332608114681,0.0031376034021377563,0.9999568000059217,0.518332608114681,,-0.0,2.3096097079310103,3.8592079162597654,14.876486923539419,14.876486923539419,0.00014617752700736385,3.6477376852417365e-05,14.876486923539419,0.000625,55.764197883880755,0.0969959512063764,0.09784950315952301,0.10567675307393073,0.12904341518878937,1.4496283687006555,1.2202444880487189,2.9960326009182756,,,,,,,,,,,,,,,,,,1,update_snr,bayesian,0.1,20,101770,10177,0.1,0.02656796263529599,0.014437438950884805,0.013954111049985209,0.02656794990641256,0.014437438950884805,0.013954111049985209,0.02656794990641256,0.02930978737429475,0.02874275463150253,0.032385508129658576,0.012784955792728146,0.012473756407516532,0.02349993145370953,0.02930978737429475,0.02874275463150253,0.032385508129658576,0.012784955792728146,0.012473756407516532,0.02349993145370953,0.27480784999903446,0.4394875859610549,0.5301766581859216,0.847887204240522,0.5301766581859216,814160,203540,81416,122124,0.75,,,,,,,,,0.007393556041930228,1
bayesfl_observability_v1,vi_sparse_bayesian_keep010_seed42,176,vi,77,6,30,,5,256,50.67113885879517,0.7803058624267578,0.4951855668704109,0.4951855668704109,,,0.5178394236347509,0.0031371936202049255,0.9999568814889969,0.5178394236347509,,0.8599672810355049,1.5113567186299608,50.67113885879517,14.855567006112326,0.4951855668704109,0.00014597196625835046,0.7803058624267578,0.4951855668704109,0.000625,55.76382117028444,0.09699695905106989,0.09785619750618935,0.10568771287798882,0.12916910648345947,1.4496319503983384,1.221068475572802,2.994588246270946,,,,,,,,,,,,,,,,,,1,update_snr,bayesian,0.1,20,101770,10177,0.1,0.026561441514476793,0.014412212882363391,0.013924376336031592,0.02656135896673071,0.014412212882363391,0.013924376336031592,0.02656135896673071,0.029329142630342305,0.0287866449186584,0.032472521591715806,0.012754776243699067,0.012447079711509488,0.023530253763186713,0.029329142630342305,0.0287866449186584,0.032472521591715806,0.012754776243699067,0.012447079711509488,0.023530253763186713,0.2746186299129201,0.43902423256025597,0.5303161894962589,0.8477999405273441,0.5303161894962589,814160,203540,81416,122124,0.75,,,,,,,,,0.007394301510433601,30
bayesfl_observability_v1,vi_sparse_bayesian_keep010_seed42,176,vi,217,17,1,,5,256,6.501530456542969,1.8097596168518066,14.866706185306247,14.866706185306247,,,0.5181844996842402,0.003134101629257202,0.9999568223571825,0.5181844996842402,,-0.0,2.311121424016332,6.501530456542969,14.866706185306247,14.866706185306247,0.00014608142070655642,1.8097596168518066,14.866706185306247,0.000625,55.76279764283915,0.09699738107814213,0.09785488620400429,0.10567965283989907,0.1291535198688507,1.4495299669642996,1.2203620553637553,2.992628185649085,,,,,,,,,,,,,,,,,,1,update_snr,bayesian,0.1,20,101770,10177,0.1,0.026580021020990868,0.014427789649780812,0.013971344792925689,0.026579934879317427,0.014427789649780812,0.013971344792925689,0.026579934879317427,0.02931338108876954,0.02879768743047401,0.0323609908730317,0.01277383504544873,0.012464527076954364,0.023489735061367468,0.02931338108876954,0.02879768743047401,0.0323609908730317,0.01277383504544873,0.012464527076954364,0.023489735061367468,0.2749117925908705,0.4392478594227644,0.5305287841654664,0.847666921126401,0.5305287841654664,814160,203540,81416,122124,0.75,,,,,,,,,0.007394807775310681,1
bayesfl_observability_v1,vi_sparse_bayesian_keep010_seed42,176,vi,63,5,4,,5,256,13.675902795791625,1.654815673828125,3.6883372794980334,3.6883372794980334,,,0.5157752826595985,0.0031332075595855713,0.9999572204756015,0.5157752826595985,,-0.0,2.3163460082440825,13.675902795791625,14.753349117992133,3.6883372794980334,0.00014496756527456158,1.654815673828125,3.6883372794980334,0.000625,55.76049679269675,0.09699644032487634,0.09784824773669243,0.10568102449178696,0.12892700731754303,1.449437790762503,1.2204764126669858,2.995511963032101,,,,,,,,,,,,,,,,,,1,update_snr,bayesian,0.1,20,101770,10177,0.1,0.02649376375039409,0.014347942687914816,0.013821804066740339,0.026493739260476563,0.014347942687914816,0.013821804066740339,0.026493739260476563,0.02930618954577704,0.028736267958611526,0.032492510103419206,0.012685915259263453,0.012359035190553461,0.023406163035857835,0.02930618954577704,0.028736267958611526,0.032492510103419206,0.012685915259263453,0.012359035190553461,0.023406163035857835,0.2742150193940258,0.43684123585270984,0.5316559916947442,0.8469603925184923,0.5316559916947442,814160,203540,81416,122124,0.75,,,,,,,,,0.007394229619720212,4
bayesfl_observability_v1,vi_sparse_bayesian_keep010_seed42,176,vi,290,23,1103,,5,256,149.60349157333374,0.05540269651093055,0.06869934345301182,0.06869934345301182,,,1.1669412052924777,0.013141755014657974,0.9997810938743432,1.1669412052924777,,-0.0,2.3096097079310103,149.60349157333374,75.77537582867204,0.06869934345301182,0.0007445747845993125,0.05540269651093055,0.06869934345301182,0.000625,55.773604978392406,0.09710313627818302,0.09795200079679489,0.10581335574388503,0.1286180466413498,1.4481961230766096,1.219584430883568,2.989485934954013,,,,,,,,,,,,,,,,,,1,update_snr,bayesian,0.1,20,101770,10177,0.1,0.06236633938224877,0.030766807593670686,0.026701788113291842,0.062366012563179855,0.030766807593670686,0.026701788113291842,0.062366012563179855,0.0765747885804029,0.07317742022465862,0.09308696575046997,0.02567703192847822,0.02373091046270476,0.05032127448530938,0.0765747885804029,0.07317742022465862,0.09308696575046997,0.02567703192847822,0.02373091046270476,0.05032127448530938,0.7402046168760343,0.9021357446442669,0.6343118346656653,0.7730772900577789,0.6343118346656653,814160,203540,81416,122124,0.75,,,,,,,,,0.007409626903175963,1103
bayesfl_observability_v1,vi_sparse_bayesian_keep010_seed42,176,vi,295,23,1,,5,256,6.349847793579102,0.0019704941660165787,14.784855804139287,14.784855804139287,,,0.5162196792239431,0.003137162420898676,0.9999571562428164,0.5162196792239431,,-0.0,2.3096097079310103,6.349847793579102,14.784855804139287,14.784855804139287,0.00014527715244314914,0.0019704941660165787,14.784855804139287,0.000625,55.76632446809637,0.09699685607701057,0.09784511849284172,0.10567728653550149,0.12922920286655426,1.4496566480808264,1.2206444288834515,2.993648462010031,,,,,,,,,,,,,,,,,,1,update_snr,bayesian,0.1,20,101770,10177,0.1,0.026520249070765136,0.014363567353406959,0.013841832889221832,0.02651984277032142,0.014363567353406959,0.013841832889221832,0.02651984277032142,0.02934088266985586,0.02876947352111544,0.0324768234030455,0.01269942120713486,0.01234786285343016,0.02346235822562951,0.02934088266985586,0.02876947352111544,0.0324768234030455,0.01269942120713486,0.01234786285343016,0.02346235822562951,0.27431871078481534,0.4373008142359532,0.531399173307789,0.847121548898267,0.531399173307789,814160,203540,81416,122124,0.75,,,,,,,,,0.007393670304388864,1
bayesfl_observability_v1,vi_sparse_bayesian_keep010_seed42,176,vi,160,12,3221,,5,256,244.6221786058866,0.0654654305975321,0.04705710660346369,0.04705710660346369,,,1.650020846550292,0.025413215160369873,0.9995624514744776,1.650020846550292,,0.6845683881983222,1.6114184451985936,244.6221786058866,151.57094036975656,0.04705710660346369,0.0014893479450698295,0.0654654305975321,0.04705710660346369,0.000625,55.78387866495116,0.09716266822521955,0.09801553189754486,0.10589039996266365,0.12886247038841248,1.4476023227915205,1.2176936436263968,2.990434782807313,,,,,,,,,,,,,,,,,,1,update_snr,bayesian,0.1,20,101770,10177,0.1,0.08750240277727728,0.04253713797159516,0.03585832068091939,0.08750073512041559,0.04253713797159516,0.03585832068091939,0.08750073512041559,0.1117965428439091,0.10463835490501033,0.14092539408203303,0.03484164854133807,0.031690378618743825,0.06946066392679094,0.1117965428439091,0.10463835490501033,0.14092539408203303,0.03484164854133807,0.031690378618743825,0.06946066392679094,1.0959946698955685,1.2334360452050395,0.6642308018028807,0.74752755262686,0.6642308018028807,814160,203540,81416,122124,0.75,,,,,,,,,0.007425168639978381,3221
bayesfl_observability_v1,vi_sparse_bayesian_keep010_seed42,177,vi,108,8,1,,5,256,8.68010870218277,0.021761098876595497,14.756666810988515,14.756666810988515,,,0.5164753979333265,0.0031341612339019775,0.9999571318219627,0.5164753979333265,,-0.0,2.3163460082440825,8.68010870218277,14.756666810988515,14.756666810988515,0.00014500016518609134,0.021761098876595497,14.756666810988515,0.000625,55.77901564044107,0.0970739753099287,0.09792572259902954,0.10574726462364196,0.12925925850868225,1.4487352997935492,1.2181596994680466,2.991270744484053,,,,,,,,,,,,,,,,,,1,update_snr,bayesian,0.1,20,101770,10177,0.1,0.026482131765257332,0.014364827984933123,0.013854256394192575,0.026482126662495657,0.014364827984933123,0.013854256394192575,0.026482126662495657,0.029233198251014485,0.02868807037315392,0.03238809187563515,0.012712786844257416,0.012331060634345064,0.02341512807584847,0.029233198251014485,0.02868807037315392,0.03238809187563515,0.012712786844257416,0.012331060634345064,0.02341512807584847,0.2743430974040873,0.4375873645080711,0.5311832828860188,0.8472569385861835,0.5311832828860188,814160,203540,81416,122124,0.75,,,,,,,,,0.007388656225894194,1
bayesfl_observability_v1,vi_sparse_bayesian_keep010_seed42,177,vi,94,7,1,,5,256,6.755816268920898,0.6579998731613159,14.797236127237554,14.797236127237554,,,0.5170328119776167,0.0031359195709228516,0.9999570390173909,0.5170328119776167,,-0.0,2.3292713582565514,6.755816268920898,14.797236127237554,14.797236127237554,0.0001453988024686799,0.6579998731613159,14.797236127237554,0.000625,55.77889863784112,0.09707355554259262,0.09791775792837143,0.1057460829615593,0.12878839671611786,1.4487306524616412,1.2189694413193735,2.9919202881597835,,,,,,,,,,,,,,,,,,1,update_snr,bayesian,0.1,20,101770,10177,0.1,0.026519400948026656,0.014373982505650083,0.013892445248980414,0.02651922146135441,0.014373982505650083,0.013892445248980414,0.02651922146135441,0.029282365186471693,0.02871668622413513,0.032422331555611396,0.012717495541114347,0.012427773035570942,0.023484842719365816,0.029282365186471693,0.02871668622413513,0.032422331555611396,0.012717495541114347,0.012427773035570942,0.023484842719365816,0.27441941297137246,0.43819734646153335,0.5307582161405504,0.8475232834555647,0.5307582161405504,814160,203540,81416,122124,0.75,,,,,,,,,0.007388174565649831,1
bayesfl_observability_v1,vi_sparse_bayesian_keep010_seed42,177,vi,95,7,18,,5,256,17.397575473785402,0.42782383494906956,0.8276753914224493,0.8276753914224493,,,0.5186378239139808,0.0031365808099508286,0.9999567675522875,0.5186378239139808,,-0.0,2.28098669344155,17.397575473785402,14.898157045604087,0.8276753914224493,0.00014639045932597118,0.42782383494906956,0.8276753914224493,0.000625,55.77565266506751,0.0970744296054018,0.09791982173919678,0.10574026256799698,0.12925773859024048,1.4486250943506578,1.2178676172588874,2.9912870927857202,,,,,,,,,,,,,,,,,,1,update_snr,bayesian,0.1,20,101770,10177,0.1,0.026562999826013678,0.014441663615536433,0.01397253931850171,0.02656227790429425,0.014441663615536433,0.01397253931850171,0.02656227790429425,0.02933919472663402,0.028780804470836283,0.032506609298993634,0.012786382380970032,0.012458721654339398,0.023530964270109866,0.02933919472663402,0.028780804470836283,0.032506609298993634,0.012786382380970032,0.012458721654339398,0.023530964270109866,0.2746153717056162,0.4399677147441795,0.5294935290935564,0.8483139764545032,0.5294935290935564,814160,203540,81416,122124,0.75,,,,,,,,,0.007389214238259046,18
bayesfl_observability_v1,vi_sparse_bayesian_keep010_seed42,177,vi,249,19,1,,5,256,7.692243480682373,0.007411602418869734,14.820226993136066,14.820226993136066,,,0.517467081613199,0.0031315088272094727,0.9999569658272583,0.517467081613199,,-0.0,2.3163460082440825,7.692243480682373,14.820226993136066,14.820226993136066,0.0001456247125197609,0.007411602418869734,14.820226993136066,0.000625,55.77833590496633,0.09707452386117636,0.09792960062623024,0.10574473589658738,0.12911616265773773,1.4486884365599442,1.2180712941179888,2.992164725180397,,,,,,,,,,,,,,,,,,1,update_snr,bayesian,0.1,20,101770,10177,0.1,0.026571100150142312,0.014394976929781282,0.013891848453995489,0.02657084205073153,0.014394976929781282,0.013891848453995489,0.02657084205073153,0.029299752699795414,0.028746038302587956,0.03239893463274091,0.012738890733113043,0.012418156964668447,0.023497634426596636,0.029299752699795414,0.028746038302587956,0.03239893463274091,0.012738890733113043,0.012418156964668447,0.023497634426596636,0.2745099784113303,0.438652997602766,0.5304878091096111,0.847692564781646,0.5304878091096111,814160,203540,81416,122124,0.75,,,,,,,,,0.007389524004504209,1
bayesfl_observability_v1,vi_sparse_bayesian_keep010_seed42,177,vi,170,13,1,,5,256,7.098288059234619,0.010663316585123539,14.851990636399234,14.851990636399234,,,0.517997930131163,0.0031341761350631714,0.9999568771603923,0.517997930131163,,-0.0,2.3096097079310103,7.098288059234619,14.851990636399234,14.851990636399234,0.00014593682456911895,0.010663316585123539,14.851990636399234,0.000625,55.77813726868055,0.09707316283414438,0.09792638197541237,0.10573710650205612,0.12872326374053955,1.4487204863528793,1.218705458021839,2.9909905336252276,,,,,,,,,,,,,,,,,,1,update_snr,bayesian,0.1,20,101770,10177,0.1,0.026495355346022795,0.014424604441751972,0.013953069829665654,0.026495234654535543,0.014424604441751972,0.013953069829665654,0.026495234654535543,0.029253492268722384,0.028700828474883016,0.032378449741412525,0.012776950238755259,0.012472499568233987,0.02348198773184743,0.029253492268722384,0.028700828474883016,0.032378449741412525,0.012776950238755259,0.012472499568233987,0.02348198773184743,0.2742087234876172,0.4394672133202439,0.5293625853257452,0.8483956937993281,0.5293625853257452,814160,203540,81416,122124,0.75,,,,,,,,,0.007387455813669263,1
bayesfl_observability_v1,vi_sparse_bayesian_keep010_seed42,177,vi,230,18,1,,5,256,3.8391852378845215,1.7881377516459906e-06,14.841412813821394,14.841412813821394,,,0.5177863245230628,0.003135889768600464,0.9999569106095298,0.5177863245230628,,-0.0,2.28098669344155,3.8391852378845215,14.841412813821394,14.841412813821394,0.00014583288605503973,1.7881377516459906e-06,14.841412813821394,0.000625,55.77686799791068,0.09707412936369562,0.09792139381170273,0.1057461604475975,0.12901076674461365,1.4486470303797512,1.2181526032386427,2.9906213090988496,,,,,,,,,,,,,,,,,,1,update_snr,bayesian,0.1,20,101770,10177,0.1,0.026538800001535485,0.014415118746463909,0.01396594345628791,0.026538451422657764,0.014415118746463909,0.01396594345628791,0.026538451422657764,0.029303554191740765,0.02872923571161686,0.032459957484385675,0.012760848141433146,0.012439640804240351,0.023485224208125363,0.029303554191740765,0.02872923571161686,0.032459957484385675,0.012760848141433146,0.012439640804240351,0.023485224208125363,0.27450674369699624,0.4390315769144336,0.5301544878572191,0.8479010667553438,0.5301544878572191,814160,203540,81416,122124,0.75,,,,,,,,,0.007388601936854752,1
bayesfl_observability_v1,vi_sparse_bayesian_keep010_seed42,177,vi,85,6,1,,5,256,5.528028678894043,0.0047311740927398205,14.834470348224496,14.834470348224496,,,0.517723743384021,0.0031349211931228638,0.999956920348396,0.517723743384021,,-0.0,2.3277319754160017,5.528028678894043,14.834470348224496,14.834470348224496,0.00014576466884371126,0.0047311740927398205,14.834470348224496,0.000625,55.77625102831452,0.09707413406330107,0.09793085977435112,0.10574361234903336,0.12898550927639008,1.448657750367966,1.2183215789835133,2.9917377969887258,,,,,,,,,,,,,,,,,,1,update_snr,bayesian,0.1,20,101770,10177,0.1,0.02654521284486497,0.014400264110217059,0.013916499140374326,0.0265439336619454,0.014400264110217059,0.013916499140374326,0.0265439336619454,0.02931783048639369,0.028740311938695067,0.03241220176130245,0.012742756735086324,0.012394068518124166,0.02348088418539568,0.02931783048639369,0.028740311938695067,0.03241220176130245,0.012742756735086324,0.012394068518124166,0.02348088418539568,0.27475970326105753,0.43879947576023764,0.5307071710969509,0.84755524807901,0.5307071710969509,814160,203540,81416,122124,0.75,,,,,,,,,0.007389429942469974,1
bayesfl_observability_v1,vi_sparse_bayesian_keep010_seed42,177,vi,131,10,1,,5,256,6.057105779647827,1.2203328609466553,14.871088074458552,14.871088074458552,,,0.5181292527202317,0.0031305886805057526,0.9999568529531473,0.5181292527202317,,-0.0,2.259365973874069,6.057105779647827,14.871088074458552,14.871088074458552,0.00014612447749296013,1.2203328609466553,14.871088074458552,0.000625,55.77636507180013,0.09707412657725023,0.09792893379926682,0.10574033558368683,0.12899793684482574,1.4486460789984503,1.2175189612926456,2.990352299683576,,,,,,,,,,,,,,,,,,1,update_snr,bayesian,0.1,20,101770,10177,0.1,0.026539563007885614,0.014430472089737916,0.013955588337558496,0.026539230941805565,0.014430472089737916,0.013955588337558496,0.026539230941805565,0.02931311070700284,0.028739897137586592,0.03242940631015454,0.01277684557670848,0.01244617987477067,0.023529616568894907,0.02931311070700284,0.028739897137586592,0.03242940631015454,0.01277684557670848,0.01244617987477067,0.023529616568894907,0.274519153516423,0.4394282158408269,0.5298275518611799,0.8481053975118829,0.5298275518611799,814160,203540,81416,122124,0.75,,,,,,,,,0.007389549249688912,1
bayesfl_observability_v1,vi_sparse_bayesian_keep010_seed42,177,vi,214,17,232,,5,256,255.20476799011232,0.1744369967230435,0.06548491259168054,0.06548491259168054,,,0.5240961206337539,0.0031357426196336746,0.999955864122605,0.5240961206337539,,1.7889541012136536,0.48857548101791376,255.20476799011232,15.192499721269886,0.06548491259168054,0.00014928269353709232,0.1744369967230435,0.06548491259168054,0.000625,55.78187223939689,0.09707367161842143,0.0979216955602169,0.10573707595467567,0.1286926567554474,1.448842357045184,1.2187674180980466,2.9920840941898548,,,,,,,,,,,,,,,,,,1,update_snr,bayesian,0.1,20,101770,10177,0.1,0.02671763953041834,0.014626403617242772,0.014256463881516666,0.026717619920722177,0.014626403617242772,0.014256463881516666,0.026717619920722177,0.029471540298068807,0.02890426342222468,0.03256925701892827,0.012976943986039883,0.012766498810950646,0.023679182250004625,0.029471540298068807,0.02890426342222468,0.03256925701892827,0.012976943986039883,0.012766498810950646,0.023679182250004625,0.2754969426077227,0.44584546456944874,0.5256610987209425,0.8506940750302026,0.5256610987209425,814160,203540,81416,122124,0.75,,,,,,,,,0.007389257368576832,232
bayesfl_observability_v1,vi_sparse_bayesian_keep010_seed42,177,vi,188,15,1,,5,256,4.8861743927001955,0.8226856589317322,14.855157151863377,14.855157151863377,,,0.5183127557676729,0.0031341612339019775,0.9999568283624058,0.5183127557676729,,-0.0,2.28098669344155,4.8861743927001955,14.855157151863377,14.855157151863377,0.00014596793899836276,0.8226856589317322,14.855157151863377,0.000625,55.78004056106784,0.09707425298871888,0.09792577102780342,0.10573740378022194,0.12908831238746643,1.4486765197635754,1.2187297890168467,2.9902861626183834,,,,,,,,,,,,,,,,,,1,update_snr,bayesian,0.1,20,101770,10177,0.1,0.02655933061321032,0.014422152920852414,0.013982937456706961,0.026559187933461306,0.014422152920852414,0.013982937456706961,0.026559187933461306,0.02928719977287361,0.028717994643832467,0.032383049358812685,0.012770481048405618,0.012450141026522074,0.0234925200079395,0.02928719977287361,0.028717994643832467,0.032383049358812685,0.012770481048405618,0.012450141026522074,0.0234925200079395,0.274682604942867,0.43954246590435414,0.5299553250161375,0.8480255618122844,0.5299553250161375,814160,203540,81416,122124,0.75,,,,,,,,,0.007389047420192585,1
bayesfl_observability_v1,vi_sparse_bayesian_keep010_seed42,177,vi,192,15,1,,5,256,3.5708862781524657,0.003867053659632802,14.858325576228124,14.858325576228124,,,0.5181420179120222,0.003135308623313904,0.9999568514351619,0.5181420179120222,,-0.0,2.259365973874069,3.5708862781524657,14.858325576228124,14.858325576228124,0.00014599907218461357,0.003867053659632802,14.858325576228124,0.000625,55.77690696299604,0.09707386795893697,0.0979248657822609,0.10573943480849265,0.12904615700244904,1.4487118155545629,1.218082481284001,2.9922165278240485,,,,,,,,,,,,,,,,,,1,update_snr,bayesian,0.1,20,101770,10177,0.1,0.026578640468918013,0.014405017789117274,0.013937620514167817,0.026578143837144835,0.014405017789117274,0.013937620514167817,0.026578143837144835,0.02933262588578818,0.028763096117597975,0.03250118615464028,0.012746394667264953,0.012404525752806893,0.023541536906701233,0.02933262588578818,0.028763096117597975,0.03250118615464028,0.012746394667264953,0.012404525752806893,0.023541536906701233,0.27470270924208406,0.4393285470590336,0.5301687563364668,0.8478921451485707,0.5301687563364668,814160,203540,81416,122124,0.75,,,,,,,,,0.007388571322513922,1
bayesfl_observability_v1,vi_sparse_bayesian_keep010_seed42,177,vi,281,22,9,,5,256,9.515204274654389,0.025313331021202937,1.6429302952952785,1.6429302952952785,,,0.5169596598016446,0.0031332075595855713,0.9999570523007294,0.5169596598016446,,-0.0,2.3096097079310103,9.515204274654389,14.786372657657505,1.6429302952952785,0.0001452920571647588,0.025313331021202937,1.6429302952952785,0.000625,55.77947984195135,0.0970739107939186,0.09791817516088486,0.10574327558279037,0.1287735253572464,1.4487649586915394,1.2182830310346082,2.992749917408761,,,,,,,,,,,,,,,,,,1,update_snr,bayesian,0.1,20,101770,10177,0.1,0.026520018222908358,0.014376018283905178,0.013884839782946384,0.026519587720201524,0.014376018283905178,0.013884839782946384,0.026519587720201524,0.029225168306888843,0.02866646479948951,0.03229284074212013,0.012726112725795885,0.012378870333707579,0.02348024297560149,0.029225168306888843,0.02866646479948951,0.03229284074212013,0.012726112725795885,0.012378870333707579,0.02348024297560149,0.273930742265785,0.43841674044674467,0.5298880426586693,0.848067604762359,0.5298880426586693,814160,203540,81416,122124,0.75,,,,,,,,,0.007389450191740042,9
bayesfl_observability_v1,vi_sparse_bayesian_keep010_seed42,177,vi,16,1,1,,5,256,6.489592361450195,0.01184383686631918,14.859022372799142,14.859022372799142,,,0.5182791082641851,0.003137826919555664,0.9999568297656192,0.5182791082641851,,-0.0,2.311121424016332,6.489592361450195,14.859022372799142,14.859022372799142,0.0001460059189623577,0.01184383686631918,14.859022372799142,0.000625,55.77777170600001,0.09707414072918039,0.09792893379926682,0.10574693158268929,0.12899303436279297,1.448710858094292,1.218635056242401,2.992032125565516,,,,,,,,,,,,,,,,,,1,update_snr,bayesian,0.1,20,101770,10177,0.1,0.02658016963175376,0.0144197424625895,0.013933541903388847,0.026579700011979176,0.0144197424625895,0.013933541903388847,0.026579700011979176,0.02934557818595177,0.028792404256179672,0.03247253960289819,0.012761316271104802,0.012460756511079495,0.023495477903219063,0.02934557818595177,0.028792404256179672,0.03247253960289819,0.012761316271104802,0.012460756511079495,0.023495477903219063,0.2748111327290741,0.43942243387346774,0.5302377200760969,0.8478490197013279,0.5302377200760969,814160,203540,81416,122124,0.75,,,,,,,,,0.0073890691447249055,1
bayesfl_observability_v1,vi_sparse_bayesian_keep010_seed42,177,vi,253,20,1,,5,256,4.618478512763977,0.0010236029047518969,14.843305426260532,14.843305426260532,,,0.5179549033579728,0.003134399652481079,0.9999568825392137,0.5179549033579728,,-0.0,2.259365973874069,4.618478512763977,14.843305426260532,14.843305426260532,0.00014585148301327042,0.0010236029047518969,14.843305426260532,0.000625,55.776861454985834,0.09707418484244504,0.09792319312691689,0.10574830248951912,0.12922918796539307,1.448726729554584,1.2178825059186122,2.9911873720748323,,,,,,,,,,,,,,,,,,1,update_snr,bayesian,0.1,20,101770,10177,0.1,0.026561733617246477,0.014412104761559411,0.01392662387814014,0.026561579226496525,0.014412104761559411,0.01392662387814014,0.026561579226496525,0.029291953452525474,0.028748058115703117,0.03234648025035672,0.01275878824034096,0.012449050260745725,0.023501910853646647,0.029291953452525474,0.028748058115703117,0.03234648025035672,0.01275878824034096,0.012449050260745725,0.023501910853646647,0.274507325441116,0.43923001968414244,0.5299830615782326,0.8480082278139542,0.5299830615782326,814160,203540,81416,122124,0.75,,,,,,,,,0.00738917337422364,1
bayesfl_observability_v1,vi_sparse_bayesian_keep010_seed42,177,vi,36,2,1,,5,256,7.374591636657715,0.0060415975749492645,14.813830290709474,14.813830290709474,,,0.5173780311054985,0.0031360387802124023,0.999956983084217,0.5173780311054985,,-0.0,2.185987945410232,7.374591636657715,14.813830290709474,14.813830290709474,0.00014556185802013828,0.0060415975749492645,14.813830290709474,0.000625,55.77964011436122,0.09707432279792103,0.09792006388306618,0.10574589222669602,0.12872928380966187,1.4487149045697234,1.2194573567239515,2.9909091053704975,,,,,,,,,,,,,,,,,,1,update_snr,bayesian,0.1,20,101770,10177,0.1,0.02654723945962411,0.014388189315498756,0.01387800824472362,0.02654697909379237,0.014388189315498756,0.01387800824472362,0.02654697909379237,0.029329946688401012,0.02878125942723983,0.032449831091373296,0.012727994051842951,0.012370632007392211,0.023468201100032334,0.029329946688401012,0.02878125942723983,0.032449831091373296,0.012727994051842951,0.012370632007392211,0.023468201100032334,0.27488486393940853,0.4383130600924586,0.5313037033135193,0.8471814297099178,0.5313037033135193,814160,203540,81416,122124,0.75,,,,,,,,,0.007388948106927583,1
bayesfl_observability_v1,vi_sparse_bayesian_keep010_seed42,178,vi,28,2,568,,5,256,316.4255336443583,0.12098663961383659,0.0895969410415063,0.0895969410415063,,,0.9586679354539808,0.008658677339553833,0.9998523601185912,0.9586679354539808,,0.08787175099597194,2.241159561925204,316.4255336443583,50.891062511575576,0.0895969410415063,0.0005000595707141159,0.12098663961383659,0.0895969410415063,0.000625,55.79082750480081,0.0971928998210774,0.09805535152554512,0.10586509183049202,0.12920433282852173,1.4472973815859826,1.2176285457416336,2.98625582837479,,,,,,,,,,,,,,,,,,1,update_snr,bayesian,0.1,20,101770,10177,0.1,0.051305895394232304,0.02553435154813771,0.02254972425699697,0.05130558688167585,0.02553435154813771,0.02254972425699697,0.05130558688167585,0.061302872855360784,0.05923460216648227,0.0724874829759488,0.0215600714028907,0.020030649778284393,0.04199159572225268,0.061302872855360784,0.05923460216648227,0.0724874829759488,0.0215600714028907,0.020030649778284393,0.04199159572225268,0.5894692653248933,0.7560226158686845,0.6148836771574591,0.788617818442699,0.6148836771574591,814160,203540,81416,122124,0.75,,,,,,,,,0.007392877944666602,568
bayesfl_observability_v1,vi_sparse_bayesian_keep010_seed42,178,vi,135,10,1,,5,256,8.341371154785156,0.2861037254333496,14.754963697519793,14.754963697519793,,,0.5165627131030578,0.003134429454803467,0.9999571204517647,0.5165627131030578,,-0.0,2.311121424016332,8.341371154785156,14.754963697519793,14.754963697519793,0.00014498343025960296,0.2861037254333496,14.754963697519793,0.000625,55.78113623165712,0.0971237729579266,0.09797880426049232,0.10579276531934738,0.12905098497867584,1.4479932975833834,1.2168689736488354,2.9899764368737993,,,,,,,,,,,,,,,,,,1,update_snr,bayesian,0.1,20,101770,10177,0.1,0.026501015086060693,0.014366494053230506,0.013852877250274155,0.02649984432110045,0.014366494053230506,0.013852877250274155,0.02649984432110045,0.02924471840097465,0.02866817288608619,0.03234283528983773,0.012713358014592268,0.012361895809855993,0.023414386509921226,0.02924471840097465,0.02866817288608619,0.03234283528983773,0.012713358014592268,0.012361895809855993,0.023414386509921226,0.27416350465503136,0.4378029343022528,0.5307458275648592,0.8475310416276758,0.5307458275648592,814160,203540,81416,122124,0.75,,,,,,,,,0.007383396594065275,1
bayesfl_observability_v1,vi_sparse_bayesian_keep010_seed42,178,vi,5,0,1,,5,256,7.542197227478027,0.20142346620559692,14.823595311795525,14.823595311795525,,,0.5178020318321708,0.0031366348266601562,0.9999569120935481,0.5178020318321708,,-0.0,2.311121424016332,7.542197227478027,14.823595311795525,14.823595311795525,0.0001456578098830257,0.20142346620559692,14.823595311795525,0.000625,55.77952630100232,0.09712447206785968,0.09798258915543556,0.10578013584017754,0.1285908818244934,1.447967040634954,1.2184642452724788,2.9883019950328618,,,,,,,,,,,,,,,,,,1,update_snr,bayesian,0.1,20,101770,10177,0.1,0.02650776036148125,0.014406294468582149,0.013976402100587114,0.02650763876662611,0.014406294468582149,0.013976402100587114,0.02650763876662611,0.029296826832160373,0.028752498728053296,0.03244098548308891,0.012751790872629013,0.012481691063154393,0.023411113130388714,0.029296826832160373,0.028752498728053296,0.03244098548308891,0.012751790872629013,0.012481691063154393,0.023411113130388714,0.2748822494293755,0.43881510128774187,0.5308635975350323,0.8474572796384274,0.5308635975350323,814160,203540,81416,122124,0.75,,,,,,,,,0.007383914157333478,1
bayesfl_observability_v1,vi_sparse_bayesian_keep010_seed42,178,vi,197,15,49,,5,256,21.71274013519287,0.1539196676137496,0.30276155410232425,0.30276155410232425,,,0.51823550174459,0.0031359270215034485,0.9999568426498352,0.51823550174459,,-0.0,2.259365973874069,21.71274013519287,14.835316151013888,0.30276155410232425,0.00014577297976824103,0.1539196676137496,0.30276155410232425,0.000625,55.781347513034255,0.09712442292777754,0.09797993674874306,0.10578977018594742,0.12885862588882446,1.4480093055263479,1.2180939152799106,2.9900961282179774,,,,,,,,,,,,,,,,,,1,update_snr,bayesian,0.1,20,101770,10177,0.1,0.026522327216446012,0.014412339926608593,0.013934204230784562,0.02652207262195955,0.014412339926608593,0.013934204230784562,0.02652207262195955,0.029273693599738852,0.028740657166466684,0.03232426606682233,0.012761078407371902,0.012459269875353188,0.023499859048914676,0.029273693599738852,0.028740657166466684,0.03232426606682233,0.012761078407371902,0.012459269875353188,0.023499859048914676,0.27469508896387135,0.43944356107195126,0.530058415602823,0.8479611288547518,0.530058415602823,814160,203540,81416,122124,0.75,,,,,,,,,0.007383984046924731,49
bayesfl_observability_v1,vi_sparse_bayesian_keep010_seed42,178,vi,101,8,1,,5,256,5.4439496994018555,0.1697937250137329,14.81919502132702,14.81919502132702,,,0.5177510943097983,0.0031364411115646362,0.9999569221608725,0.5177510943097983,,-0.0,2.185987945410232,5.4439496994018555,14.81919502132702,14.81919502132702,0.00014561457228384612,0.1697937250137329,14.81919502132702,0.000625,55.78067225120023,0.09712426773076344,0.09797881543636322,0.10577972009778024,0.1290121078491211,1.4480455943949144,1.2177870500585084,2.989983710116625,,,,,,,,,,,,,,,,,,1,update_snr,bayesian,0.1,20,101770,10177,0.1,0.026514444601883593,0.01439172820422582,0.013890588829673934,0.026514266655903836,0.01439172820422582,0.013890588829673934,0.026514266655903836,0.029272170910845826,0.028703035705510065,0.032401748541819334,0.01273834568126804,0.012401004351998686,0.023503904536721895,0.029272170910845826,0.028703035705510065,0.032401748541819334,0.01273834568126804,0.012401004351998686,0.023503904536721895,0.27468582965489274,0.43887799061447236,0.5305364540485809,0.8476621207329947,0.5305364540485809,814160,203540,81416,122124,0.75,,,,,,,,,0.007383295813042121,1
bayesfl_observability_v1,vi_sparse_bayesian_keep010_seed42,178,vi,111,8,11,,5,256,10.392184352874756,0.013386628844521263,1.3399898279686666,1.3399898279686666,,,0.5162715268708667,0.0031351186335086823,0.9999571701763666,0.5162715268708667,,-0.0,2.3096097079310103,10.392184352874756,14.739888107655332,1.3399898279686666,0.00014483529633148602,0.013386628844521263,1.3399898279686666,0.000625,55.78189462062408,0.09712387048629749,0.09797504916787148,0.10578783378005029,0.12900765240192413,1.4480306620449044,1.2172180728505775,2.9902004764249384,,,,,,,,,,,,,,,,,,1,update_snr,bayesian,0.1,20,101770,10177,0.1,0.026513727452408684,0.014333789271694713,0.013803910474530362,0.026513565166327517,0.014333789271694713,0.013803910474530362,0.026513565166327517,0.029289355095527467,0.02872291727036592,0.03244301127701028,0.012672059735713297,0.012326447045252958,0.02342946901705791,0.029289355095527467,0.02872291727036592,0.03244301127701028,0.012672059735713297,0.012326447045252958,0.02342946901705791,0.2746421971842944,0.43715895619712436,0.5319723883455415,0.8467617008568235,0.5319723883455415,814160,203540,81416,122124,0.75,,,,,,,,,0.007384093630774682,11
bayesfl_observability_v1,vi_sparse_bayesian_keep010_seed42,178,vi,47,3,1,,5,256,7.033729934692383,1.7690629959106445,14.828244766305522,14.828244766305522,,,0.5180408680449102,0.0031376443803310394,0.9999568746857597,0.5180408680449102,,-0.0,2.3292713582565514,7.033729934692383,14.828244766305522,14.828244766305522,0.00014570349578761445,1.7690629959106445,14.828244766305522,0.000625,55.781133076627114,0.09712386311331947,0.09797932952642441,0.10579060465097427,0.12908367812633514,1.4480171908140744,1.2185836572734128,2.9898655638072356,,,,,,,,,,,,,,,,,,1,update_snr,bayesian,0.1,20,101770,10177,0.1,0.02651640316907021,0.014405168290111542,0.0139083114819979,0.02651628200478188,0.014405168290111542,0.0139083114819979,0.02651628200478188,0.0292673557866565,0.02868901327313904,0.03230537508237331,0.012753814123828765,0.012419223106414938,0.0234766569413312,0.0292673557866565,0.02868901327313904,0.03230537508237331,0.012753814123828765,0.012419223106414938,0.0234766569413312,0.27456736392896613,0.4392938693287477,0.5300110104540309,0.8479907598538428,0.5300110104540309,814160,203540,81416,122124,0.75,,,,,,,,,0.007383076499595602,1
bayesfl_observability_v1,vi_sparse_bayesian_keep010_seed42,178,vi,49,3,3,,5,256,10.158453559875488,0.03039379169543584,4.9374541972313315,4.9374541972313315,,,0.5174156515194527,0.0031353235244750977,0.9999569767455934,0.5174156515194527,,-0.0,2.3277319754160017,10.158453559875488,14.812362591693994,4.9374541972313315,0.00014554743629452681,0.03039379169543584,4.9374541972313315,0.000625,55.779823642854524,0.09712329511343554,0.09798473119735718,0.10578437149524689,0.1289883553981781,1.4479678316318287,1.2169400727530473,2.990558588958791,,,,,,,,,,,,,,,,,,1,update_snr,bayesian,0.1,20,101770,10177,0.1,0.02655747219732791,0.014389404906577452,0.013889051131012011,0.026557293951795884,0.014389404906577452,0.013889051131012011,0.026557293951795884,0.02927861806766187,0.02870444330521679,0.03241866055289982,0.012735047888679182,0.012376440579211096,0.023465368663372486,0.02927861806766187,0.02870444330521679,0.03241866055289982,0.012735047888679182,0.012376440579211096,0.023465368663372486,0.2742345276489758,0.4387646069163315,0.5300081797751063,0.8479925290776322,0.5300081797751063,814160,203540,81416,122124,0.75,,,,,,,,,0.007382459708531075,3
bayesfl_observability_v1,vi_sparse_bayesian_keep010_seed42,178,vi,75,6,1,,5,256,6.07792432308197,0.0021630956325680017,14.808963893435022,14.808963893435022,,,0.5173328486130467,0.003135308623313904,0.9999569923191534,0.5173328486130467,,-0.0,2.3096097079310103,6.07792432308197,14.808963893435022,14.808963893435022,0.00014551404041893506,0.0021630956325680017,14.808963893435022,0.000625,55.78103278456307,0.09712415578547882,0.09797130152583122,0.10577905103564263,0.1286362111568451,1.4479911730904973,1.2171394646623943,2.9908114197417,,,,,,,,,,,,,,,,,,1,update_snr,bayesian,0.1,20,101770,10177,0.1,0.02655005778811732,0.01437753577104154,0.013918326584816273,0.026549628400136173,0.01437753577104154,0.013918326584816273,0.026549628400136173,0.029291510431886325,0.02874012794084988,0.03240960678160792,0.01272042747539212,0.012384365293184825,0.023485810958205414,0.029291510431886325,0.02874012794084988,0.03240960678160792,0.01272042747539212,0.012384365293184825,0.023485810958205414,0.2744139347089884,0.4385547499362202,0.5304398037833545,0.8477226047253172,0.5304398037833545,814160,203540,81416,122124,0.75,,,,,,,,,0.007382367099671574,1
bayesfl_observability_v1,vi_sparse_bayesian_keep010_seed42,178,vi,174,13,3,,5,256,6.892696285247803,0.1134177843729655,4.9336230847247196,4.9336230847247196,,,0.5172363674132198,0.003133973106741905,0.9999570078429749,0.5172363674132198,,-0.0,2.28098669344155,6.892696285247803,14.800869254174158,4.9336230847247196,0.0001454345018588401,0.1134177843729655,4.9336230847247196,0.000625,55.78071678955469,0.0971235583525803,0.09796815365552902,0.10578073561191559,0.12917765974998474,1.4479244507646951,1.2182141848522838,2.9908204623054044,,,,,,,,,,,,,,,,,,1,update_snr,bayesian,0.1,20,101770,10177,0.1,0.02652586488761931,0.014383180033068531,0.013894073371039928,0.026525248455922693,0.014383180033068531,0.013894073371039928,0.026525248455922693,0.029297342803858182,0.02870590354894024,0.032458088889905985,0.012726050836314125,0.012393890453290294,0.02347421367024612,0.029297342803858182,0.02870590354894024,0.032458088889905985,0.012726050836314125,0.012393890453290294,0.02347421367024612,0.27459382886588857,0.4383282889839468,0.5308865465883139,0.8474429034758236,0.5308865465883139,814160,203540,81416,122124,0.75,,,,,,,,,0.007383930698217372,3
bayesfl_observability_v1,vi_sparse_bayesian_keep010_seed42,178,vi,203,16,1,,5,256,8.705594158172607,0.06781399250030518,14.843875263087131,14.843875263087131,,,0.5181027847360293,0.0031332827638834715,0.9999568661088013,0.5181027847360293,,-0.0,2.311121424016332,8.705594158172607,14.843875263087131,14.843875263087131,0.0001458570822746107,0.06781399250030518,14.843875263087131,0.000625,55.782059706169626,0.09712451111338245,0.09797362238168716,0.10579630956053734,0.1287325620651245,1.4479603350801302,1.2171606301296098,2.9887241752429277,,,,,,,,,,,,,,,,,,1,update_snr,bayesian,0.1,20,101770,10177,0.1,0.02653563697636803,0.014412043205227407,0.013954062527798305,0.026535531729718054,0.014412043205227407,0.013954062527798305,0.026535531729718054,0.029305710594604698,0.02871900371337256,0.032499013321392135,0.012757191273074377,0.012452629900279837,0.023466106261180904,0.029305710594604698,0.02871900371337256,0.032499013321392135,0.012757191273074377,0.012452629900279837,0.023466106261180904,0.2749095386467804,0.4391528675896842,0.530608108556771,0.8476172692517573,0.530608108556771,814160,203540,81416,122124,0.75,,,,,,,,,0.007383855873647034,1
bayesfl_observability_v1,vi_sparse_bayesian_keep010_seed42,178,vi,211,16,21,,5,256,48.0183744430542,1.0567089262462797,0.7042476332842333,0.7042476332842333,,,0.5171058586013899,0.0031334981322288513,0.999957031819664,0.5171058586013899,,-0.0,2.311121424016332,48.0183744430542,14.7892002989689,0.7042476332842333,0.0001453198417900059,1.0567089262462797,0.7042476332842333,0.000625,55.781992888654095,0.09712464537149774,0.09798694401979446,0.10578229278326035,0.12897524237632751,1.4480362973022238,1.2174827889780513,2.9902847951361036,,,,,,,,,,,,,,,,,,1,update_snr,bayesian,0.1,20,101770,10177,0.1,0.026540481212683813,0.014373113863161223,0.013873693623326626,0.026539662031998718,0.014373113863161223,0.013873693623326626,0.026539662031998718,0.0292913186893324,0.028748713347316858,0.03240674279128956,0.012715535549142204,0.012374070159643327,0.023442420900705564,0.0292913186893324,0.028748713347316858,0.03240674279128956,0.012715535549142204,0.012374070159643327,0.023442420900705564,0.2745504462029519,0.4382014622175977,0.5309366382843258,0.8474115211202519,0.5309366382843258,814160,203540,81416,122124,0.75,,,,,,,,,0.007382646922303958,21
bayesfl_observability_v1,vi_sparse_bayesian_keep010_seed42,178,vi,220,17,1,,5,256,5.673907661437989,0.043885648250579834,14.779336964313286,14.779336964313286,,,0.5167464809000846,0.003133278340101242,0.9999570876336509,0.5167464809000846,,-0.0,2.3096097079310103,5.673907661437989,14.779336964313286,14.779336964313286,0.000145222923890275,0.043885648250579834,14.779336964313286,0.000625,55.779564973346005,0.09712402359916962,0.09797468781471252,0.10579228922724725,0.12907296419143677,1.4479043073018811,1.217782519109233,2.989098801219804,,,,,,,,,,,,,,,,,,1,update_snr,bayesian,0.1,20,101770,10177,0.1,0.026501695965852147,0.014370824369056295,0.01386750658076227,0.026501339365640125,0.014370824369056295,0.01386750658076227,0.026501339365640125,0.029307699065990723,0.02873147061194244,0.03246237742904285,0.012711171624952474,0.012387010547744562,0.02342963729848953,0.029307699065990723,0.02873147061194244,0.03246237742904285,0.012711171624952474,0.012387010547744562,0.02342963729848953,0.2744432239668281,0.4378445412944131,0.5310983898502697,0.8473101559042304,0.5310983898502697,814160,203540,81416,122124,0.75,,,,,,,,,0.007383876692562284,1
bayesfl_observability_v1,vi_sparse_bayesian_keep010_seed42,178,vi,148,11,2,,5,256,5.1629239320755005,0.004259416833519936,7.394523674252614,7.394523674252614,,,0.5171113378137029,0.0031316839158535004,0.999957029979705,0.5171113378137029,,-0.0,2.3277319754160017,5.1629239320755005,14.789047348505228,7.394523674252614,0.00014531833888675668,0.004259416833519936,7.394523674252614,0.000625,55.78150797504074,0.0971247094209772,0.09797420725226402,0.10579758659005166,0.12863998115062714,1.447944261605394,1.217404072860046,2.990020833166132,,,,,,,,,,,,,,,,,,1,update_snr,bayesian,0.1,20,101770,10177,0.1,0.026455307317886347,0.01438583372205914,0.013958352173802287,0.026454623257194086,0.01438583372205914,0.013958352173802287,0.026454623257194086,0.029274120596783672,0.02872668869789873,0.03239107347731232,0.012731579624867526,0.012438224007664336,0.023420504996810095,0.029274120596783672,0.02872668869789873,0.03239107347731232,0.012731579624867526,0.012438224007664336,0.023420504996810095,0.2747617116379604,0.4380754929384385,0.5313395618042849,0.8471589402595187,0.5313395618042849,814160,203540,81416,122124,0.75,,,,,,,,,0.007383701640395851,2
bayesfl_observability_v1,vi_sparse_bayesian_keep010_seed42,178,vi,90,7,1,,5,256,8.898287963867187,0.0001902399235405028,14.7013576054514,14.7013576054514,,,0.5157551503926262,0.0031374841928482056,0.999957250820151,0.5157551503926262,,-0.0,2.3096097079310103,8.898287963867187,14.7013576054514,14.7013576054514,0.00014445669259557237,0.0001902399235405028,14.7013576054514,0.000625,55.77826251886156,0.09712403269338768,0.09798238426446915,0.10577459409832954,0.12925881147384644,1.4478828056313908,1.2174885287891413,2.989877866733825,,,,,,,,,,,,,,,,,,1,update_snr,bayesian,0.1,20,101770,10177,0.1,0.02645401259310172,0.014335931488849513,0.013806282801468997,0.02645291553036765,0.014335931488849513,0.013806282801468997,0.02645291553036765,0.029236153078773697,0.028681546353923407,0.0323648674704517,0.012680351312191267,0.012356246509500728,0.023332395657943508,0.029236153078773697,0.028681546353923407,0.0323648674704517,0.012680351312191267,0.012356246509500728,0.023332395657943508,0.27446749166875745,0.43665887277551235,0.532166264282218,0.8466398686335935,0.532166264282218,814160,203540,81416,122124,0.75,,,,,,,,,0.007382945565154382,1
bayesfl_observability_v1,vi_sparse_bayesian_keep010_seed42,179,vi,16,1,1,,5,256,4.927822875976562,0.01780947856605053,14.81616995626409,14.81616995626409,,,0.5178832176884599,0.003135569393634796,0.9999569069943536,0.5178832176884599,,-0.0,2.311121424016332,4.927822875976562,14.81616995626409,14.81616995626409,0.00014558484775733605,0.01780947856605053,14.81616995626409,0.000625,55.7849675136724,0.09718024677411125,0.09803494811058044,0.1058313399553299,0.1292499154806137,1.447276948935858,1.2163545274998746,2.9863223110457127,,,,,,,,,,,,,,,,,,1,update_snr,bayesian,0.1,20,101770,10177,0.1,0.026519634484276466,0.014396722701765681,0.013958619711646345,0.026519560094604107,0.014396722701765681,0.013958619711646345,0.026519560094604107,0.02928510832412905,0.028724774511889737,0.0323804980125965,0.012742457632614196,0.012421187595494152,0.02347052077176689,0.02928510832412905,0.028724774511889737,0.0323804980125965,0.012742457632614196,0.012421187595494152,0.02347052077176689,0.27475745400895,0.4389890301930932,0.5305394046853132,0.847660273975461,0.5305394046853132,814160,203540,81416,122124,0.75,,,,,,,,,0.007376648534803388,1
bayesfl_observability_v1,vi_sparse_bayesian_keep010_seed42,179,vi,17,1,202,,5,256,168.76975021362304,0.15555211813142983,0.07444255964493676,0.07444255964493676,,,0.5216362079457042,0.0031359344720840454,0.9999562872329661,0.5216362079457042,,-0.0,2.3292713582565514,168.76975021362304,15.037397048277226,0.07444255964493676,0.00014775864251033926,0.15555211813142983,0.07444255964493676,0.000625,55.78883337735725,0.09718035164965362,0.09803856909275055,0.10582606494426727,0.12889879941940308,1.4473299401984787,1.2163492202790467,2.987827309612147,,,,,,,,,,,,,,,,,,1,update_snr,bayesian,0.1,20,101770,10177,0.1,0.0266653921111182,0.01453286578861604,0.014155581966758209,0.026664300946412544,0.01453286578861604,0.014155581966758209,0.026664300946412544,0.02942434778890126,0.028879326157134785,0.03251589709543659,0.01287825667747324,0.012646710000890217,0.023590328653801153,0.02942434778890126,0.028879326157134785,0.03251589709543659,0.01287825667747324,0.012646710000890217,0.023590328653801153,0.27536573341368853,0.44303278242305666,0.5278884579314913,0.8493137088159548,0.5278884579314913,814160,203540,81416,122124,0.75,,,,,,,,,0.007377618457503091,202
bayesfl_observability_v1,vi_sparse_bayesian_keep010_seed42,179,vi,19,1,279,,5,256,248.09540648460387,0.218728548309709,0.11935493800554231,0.11935493800554231,,,0.7768063607739331,0.0061070919036865234,0.9999030623570029,0.7768063607739331,,0.3705115655529096,1.9463369459516098,248.09540648460387,33.300027703546306,0.11935493800554231,0.00032720868334033907,0.218728548309709,0.11935493800554231,0.000625,55.79061972929873,0.09722069117440196,0.09807803109288216,0.10589177832007408,0.12940280139446259,1.4467808257905261,1.215643962650316,2.9864267004574145,,,,,,,,,,,,,,,,,,1,update_snr,bayesian,0.1,20,101770,10177,0.1,0.04111098121126833,0.0210077847531223,0.019196629802394866,0.04111050575450372,0.0210077847531223,0.019196629802394866,0.04111050575450372,0.047588786080309586,0.046390129751299934,0.054715308708088814,0.018054340161212597,0.017101436241268506,0.03459479986447835,0.047588786080309586,0.046390129751299934,0.054715308708088814,0.018054340161212597,0.017101436241268506,0.03459479986447835,0.45510391145225015,0.6295304217587141,0.5858653255604519,0.8104084280817581,0.5858653255604519,814160,203540,81416,122124,0.75,,,,,,,,,0.007381571270678746,279
bayesfl_observability_v1,vi_sparse_bayesian_keep010_seed42,179,vi,148,11,2,,5,256,6.718762445449829,0.0073242709040641785,7.388404203837884,7.388404203837884,,,0.517139002246327,0.0031374283134937286,0.9999570314513473,0.517139002246327,,-0.0,2.3277319754160017,6.718762445449829,14.776808407675768,7.388404203837884,0.00014519807809448528,0.0073242709040641785,7.388404203837884,0.000625,55.78550761819008,0.0971802223127504,0.09803273528814316,0.10582371726632119,0.12873101234436035,1.4472466886928332,1.2166538866689447,2.988083707047208,,,,,,,,,,,,,,,,,,1,update_snr,bayesian,0.1,20,101770,10177,0.1,0.026477153160763826,0.014371781390078803,0.013916917272208097,0.02647704687967938,0.014371781390078803,0.013916917272208097,0.02647704687967938,0.029274890186835163,0.02870896591159281,0.03234589612327872,0.01271588041266143,0.012404591782600779,0.023429685433130655,0.029274890186835163,0.02870896591159281,0.03234589612327872,0.01271588041266143,0.012404591782600779,0.023429685433130655,0.27457364391366734,0.43822603951875955,0.5309474681294307,0.8474047357000949,0.5309474681294307,814160,203540,81416,122124,0.75,,,,,,,,,0.0073762946368527305,2
bayesfl_observability_v1,vi_sparse_bayesian_keep010_seed42,179,vi,100,8,22,,5,256,30.046680545806886,0.07323695312846791,0.674626732594999,0.674626732594999,,,0.5184032862272269,0.003136247396469116,0.9999568209796775,0.5184032862272269,,-0.0,2.3163460082440825,30.046680545806886,14.841788117089976,0.674626732594999,0.00014583657381438513,0.07323695312846791,0.674626732594999,0.000625,55.78542232033922,0.09718014870512119,0.09803329408168793,0.10583840757608413,0.1291120946407318,1.4472752174394115,1.2173075612826345,2.987221515752562,,,,,,,,,,,,,,,,,,1,update_snr,bayesian,0.1,20,101770,10177,0.1,0.026557039865813106,0.014408927168633226,0.01397471348849819,0.026556899990043042,0.014408927168633226,0.01397471348849819,0.026556899990043042,0.029315416716238038,0.028767300461561528,0.03242109315196644,0.01275265055223269,0.01248831102210389,0.023486968159089038,0.029315416716238038,0.028767300461561528,0.03242109315196644,0.01275265055223269,0.01248831102210389,0.023486968159089038,0.27506990483730637,0.43940700338522537,0.5306098787281559,0.8476161611225285,0.5306098787281559,814160,203540,81416,122124,0.75,,,,,,,,,0.00737718474307438,22
bayesfl_observability_v1,vi_sparse_bayesian_keep010_seed42,179,vi,212,17,1,,5,256,5.3022039353847505,0.0019595485646277666,14.753696097832696,14.753696097832696,,,0.5168824077729217,0.0031329095363616943,0.9999570717645622,0.5168824077729217,,-0.0,2.185987945410232,5.3022039353847505,14.753696097832696,14.753696097832696,0.00014497097472568237,0.0019595485646277666,14.753696097832696,0.000625,55.78317875184998,0.09718094973240061,0.0980348140001297,0.10583958402276039,0.1289271116256714,1.4472533359464894,1.2173282632245543,2.9873121546151324,,,,,,,,,,,,,,,,,,1,update_snr,bayesian,0.1,20,101770,10177,0.1,0.02647466589413298,0.014364673221329468,0.01385832574443862,0.0264746374074639,0.014364673221329468,0.01385832574443862,0.0264746374074639,0.029252049559292715,0.02871856178026935,0.03229496625113943,0.012710520294889109,0.012392942304084989,0.02339935269296301,0.029252049559292715,0.02871856178026935,0.03229496625113943,0.012710520294889109,0.012392942304084989,0.02339935269296301,0.2744539704342814,0.4379982209758295,0.5309795154700937,0.8473846553668203,0.5309795154700937,814160,203540,81416,122124,0.75,,,,,,,,,0.007377182972118476,1
bayesfl_observability_v1,vi_sparse_bayesian_keep010_seed42,179,vi,244,19,1,,5,256,4.708098340034485,0.0008704449282959104,14.788136383765849,14.788136383765849,,,0.517460124822694,0.003130793571472168,0.9999569793419943,0.517460124822694,,-0.0,2.28098669344155,4.708098340034485,14.788136383765849,14.788136383765849,0.0001453093876757969,0.0008704449282959104,14.788136383765849,0.000625,55.786351616288655,0.09718148755033176,0.0980365052819252,0.10583606660366059,0.1291765421628952,1.447247045881215,1.2167670536783253,2.9863998181776656,,,,,,,,,,,,,,,,,,1,update_snr,bayesian,0.1,20,101770,10177,0.1,0.026556251905112817,0.01436721378554597,0.013834385099937669,0.02655617294302985,0.01436721378554597,0.013834385099937669,0.02655617294302985,0.02928917576804639,0.02871692125360777,0.032416897080168046,0.012709218009712591,0.012316455343826147,0.02348633779740078,0.02928917576804639,0.02871692125360777,0.032416897080168046,0.012709218009712591,0.012316455343826147,0.02348633779740078,0.2749421845832053,0.4383740137349986,0.531330186412747,0.8471648204491236,0.531330186412747,814160,203540,81416,122124,0.75,,,,,,,,,0.007376438716135579,1
bayesfl_observability_v1,vi_sparse_bayesian_keep010_seed42,179,vi,2,0,48,,5,256,29.099330711364747,0.11953765153884888,0.30715997500787434,0.30715997500787434,,,0.5166648900539629,0.0031337961554527283,0.9999571125644664,0.5166648900539629,,-0.0,2.185987945410232,29.099330711364747,14.743678800377968,0.30715997500787434,0.00014487254397541483,0.11953765153884888,0.30715997500787434,0.000625,55.78697895742994,0.09718086023157825,0.09802854061126709,0.10584353804588317,0.12884566187858582,1.447337943086255,1.2164459583604235,2.986302522613687,,,,,,,,,,,,,,,,,,1,update_snr,bayesian,0.1,20,101770,10177,0.1,0.026495533533486538,0.014339511726498043,0.013840258863381034,0.026495220852927482,0.014339511726498043,0.013840258863381034,0.026495220852927482,0.029279364422770276,0.028692742463011997,0.032441251677708546,0.012679528093578906,0.012346287068105944,0.0234362295168991,0.029279364422770276,0.028692742463011997,0.032441251677708546,0.012679528093578906,0.012346287068105944,0.0234362295168991,0.2742654981150445,0.4378596180948639,0.5308382733078668,0.8474731426962877,0.5308382733078668,814160,203540,81416,122124,0.75,,,,,,,,,0.007377584290228487,48
bayesfl_observability_v1,vi_sparse_bayesian_keep010_seed42,179,vi,67,5,1,,5,256,5.74211893081665,0.00020346954988781363,14.816536489110366,14.816536489110366,,,0.5177827397675661,0.0031332671642303467,0.9999569234889311,0.5177827397675661,,-0.0,2.3163460082440825,5.74211893081665,14.816536489110366,14.816536489110366,0.00014558844933782418,0.00020346954988781363,14.816536489110366,0.000625,55.784774382568976,0.0971808136982842,0.09804027527570724,0.10584028959274291,0.12925837934017181,1.4472283077390373,1.2167468945057789,2.987624687351667,,,,,,,,,,,,,,,,,,1,update_snr,bayesian,0.1,20,101770,10177,0.1,0.026524128047069027,0.014393580937587651,0.013917320153462068,0.026523518247857862,0.014393580937587651,0.013917320153462068,0.026523518247857862,0.02931909267467744,0.02872593493895527,0.03248692071065036,0.012735190744577674,0.012425336975124513,0.02345601197576462,0.02931909267467744,0.02872593493895527,0.03248692071065036,0.012735190744577674,0.012425336975124513,0.02345601197576462,0.2747058033646765,0.4389028220448973,0.530542604583522,0.847658271192898,0.530542604583522,814160,203540,81416,122124,0.75,,,,,,,,,0.007377015542912326,1
bayesfl_observability_v1,vi_sparse_bayesian_keep010_seed42,179,vi,73,5,1,,5,256,5.9375160217285154,0.0007388246012851596,14.721879709041318,14.721879709041318,,,0.5162507370694114,0.0031341402791440487,0.9999571844732354,0.5162507370694114,,-0.0,2.28098669344155,5.9375160217285154,14.721879709041318,14.721879709041318,0.00014465834439462825,0.0007388246012851596,14.721879709041318,0.000625,55.78850300794833,0.09718038566696792,0.09803972765803337,0.10583210214972497,0.12896937131881714,1.4473006707649398,1.2168970505227297,2.9875832416620796,,,,,,,,,,,,,,,,,,1,update_snr,bayesian,0.1,20,101770,10177,0.1,0.026474404263266894,0.01433465874464994,0.013833988750121267,0.026474101846854912,0.01433465874464994,0.013833988750121267,0.026474101846854912,0.029229700627508497,0.028623963921303237,0.032427845043143014,0.012679654090998993,0.012350676934905125,0.023409048072698564,0.029229700627508497,0.028623963921303237,0.032427845043143014,0.012679654090998993,0.012350676934905125,0.023409048072698564,0.27429106904989875,0.4373548135829469,0.5313136608907534,0.8471751848058734,0.5313136608907534,814160,203540,81416,122124,0.75,,,,,,,,,0.0073775341851850034,1
bayesfl_observability_v1,vi_sparse_bayesian_keep010_seed42,179,vi,291,23,1,,5,256,3.8912774324417114,6.16293036728166e-05,14.799154757289747,14.799154757289747,,,0.5177327056555102,0.003131166100502014,0.9999569375530609,0.5177327056555102,,-0.0,2.3096097079310103,3.8912774324417114,14.799154757289747,14.799154757289747,0.00014541765507801658,6.16293036728166e-05,14.799154757289747,0.000625,55.78818327174947,0.09718105702936339,0.09803988039493561,0.10583741217851639,0.1288549154996872,1.4473559987006765,1.2169424129489297,2.986935298495464,,,,,,,,,,,,,,,,,,1,update_snr,bayesian,0.1,20,101770,10177,0.1,0.026515016217346674,0.014372437517430487,0.013873943724926112,0.026514313105784056,0.014372437517430487,0.013873943724926112,0.026514313105784056,0.02928430738927455,0.028729889496491554,0.032407086702833314,0.012715563087225592,0.012392870873842473,0.023467066953319043,0.02928430738927455,0.028729889496491554,0.032407086702833314,0.012715563087225592,0.012392870873842473,0.023467066953319043,0.27465215226736767,0.4388773744000457,0.5304902496349461,0.8476910374908141,0.5304902496349461,814160,203540,81416,122124,0.75,,,,,,,,,0.007377559796634871,1
bayesfl_observability_v1,vi_sparse_bayesian_keep010_seed42,179,vi,209,16,1,,5,256,3.433418560028076,0.10050127655267715,14.785691866116927,14.785691866116927,,,0.5175298665892715,0.003130882978439331,0.999956967290008,0.5175298665892715,,-0.0,2.259365973874069,3.433418560028076,14.785691866116927,14.785691866116927,0.00014528536765369882,0.10050127655267715,14.785691866116927,0.000625,55.78606693057483,0.09718098443221505,0.09804308414459229,0.10584467202425003,0.1288410872220993,1.447218447526837,1.2168383941096579,2.988243085979188,,,,,,,,,,,,,,,,,,1,update_snr,bayesian,0.1,20,101770,10177,0.1,0.026555894784769718,0.014365419866979917,0.013843989843268605,0.026555799081966244,0.014365419866979917,0.013843989843268605,0.026555799081966244,0.029298885610108665,0.028749572813928377,0.032372921773687,0.012706145895521168,0.012371991111810797,0.02348754191902023,0.029298885610108665,0.028749572813928377,0.032372921773687,0.012706145895521168,0.012371991111810797,0.02348754191902023,0.27529933503900034,0.43823217469623726,0.5319486909100202,0.8467765881500953,0.5319486909100202,814160,203540,81416,122124,0.75,,,,,,,,,0.007377124686627955,1
bayesfl_observability_v1,vi_sparse_bayesian_keep010_seed42,179,vi,184,14,1,,5,256,11.826580715179443,0.0027853762730956078,14.70032130631808,14.70032130631808,,,0.5158052640715123,0.0031355321407318115,0.9999572541874827,0.5158052640715123,,-0.0,2.3163460082440825,11.826580715179443,14.70032130631808,14.70032130631808,0.00014444650983902997,0.0027853762730956078,14.70032130631808,0.000625,55.786420753489516,0.097179701663184,0.09804023429751396,0.10583330020308494,0.12865710258483887,1.4473354658389492,1.2173011239229203,2.9886469007572445,,,,,,,,,,,,,,,,,,1,update_snr,bayesian,0.1,20,101770,10177,0.1,0.02643617183226819,0.014323511649189179,0.013806391310972789,0.026436074433791014,0.014323511649189179,0.013806391310972789,0.026436074433791014,0.029246316408193397,0.028658362292203355,0.03235907720794646,0.012665422231522047,0.012328181112556132,0.023396551609255398,0.029246316408193397,0.028658362292203355,0.03235907720794646,0.012665422231522047,0.012328181112556132,0.023396551609255398,0.27431268890692034,0.4368153146909317,0.531814442415014,0.8468609087912891,0.531814442415014,814160,203540,81416,122124,0.75,,,,,,,,,0.007377304692507865,1
bayesfl_observability_v1,vi_sparse_bayesian_keep010_seed42,179,vi,264,21,1,,5,256,6.921047997474671,2.3841855067985307e-07,14.681760456262051,14.681760456262051,,,0.5154837997942695,0.0031377077102661133,0.9999573066203274,0.5154837997942695,,-0.0,2.259365973874069,6.921047997474671,14.681760456262051,14.681760456262051,0.0001442641294709841,2.3841855067985307e-07,14.681760456262051,0.000625,55.7858913651091,0.09718063779818065,0.0980343297123909,0.10582602694630623,0.12886644899845123,1.447261803626644,1.2168914124311767,2.987673285624183,,,,,,,,,,,,,,,,,,1,update_snr,bayesian,0.1,20,101770,10177,0.1,0.026461842538834403,0.014304047271428076,0.013779564504580155,0.02646112653154476,0.014304047271428076,0.013779564504580155,0.02646112653154476,0.029238228045933148,0.028656080377328527,0.03233652398913481,0.012644693852038631,0.012276968611114592,0.023377528611849947,0.029238228045933148,0.028656080377328527,0.03233652398913481,0.012644693852038631,0.012276968611114592,0.023377528611849947,0.27439941253484795,0.43638115249271364,0.5323143281017972,0.8465467831712153,0.5323143281017972,814160,203540,81416,122124,0.75,,,,,,,,,0.007376951843130998,1
bayesfl_observability_v1,vi_sparse_bayesian_keep010_seed42,179,vi,273,21,19,,5,256,21.066790199279787,0.3724709811963533,0.7773114490182106,0.7773114490182106,,,0.5171001412062374,0.003133706748485565,0.999957038698938,0.5171001412062374,,-0.0,2.3096097079310103,21.066790199279787,14.768917531346,0.7773114490182106,0.00014512054172492877,0.3724709811963533,0.7773114490182106,0.000625,55.78604981693394,0.09718115547937484,0.0980343259871006,0.10583388805389404,0.1286572366952896,1.4472922191589166,1.2177109520138043,2.988251991266858,,,,,,,,,,,,,,,,,,1,update_snr,bayesian,0.1,20,101770,10177,0.1,0.026492648312154768,0.014371612208274044,0.013891067860169033,0.026492282782279265,0.014371612208274044,0.013891067860169033,0.026492282782279265,0.02924980589848805,0.02868431283764283,0.032396611495330005,0.012718479576028044,0.01237481621036953,0.023399473824220075,0.02924980589848805,0.02868431283764283,0.032396611495330005,0.012718479576028044,0.01237481621036953,0.023399473824220075,0.2743497487664919,0.43832039809627105,0.530554387640501,0.8476508961567925,0.530554387640501,814160,203540,81416,122124,0.75,,,,,,,,,0.007376186184762621,19
bayesfl_observability_v1,vi_sparse_bayesian_keep010_seed42,180,vi,218,17,1,,5,256,4.900742912292481,0.004697122145444155,14.783325012891087,14.783325012891087,,,0.5177885030513141,0.003137916326522827,0.9999569341371586,0.5177885030513141,,-0.0,2.185987945410232,4.900742912292481,14.783325012891087,14.783325012891087,0.00014526211076831174,0.004697122145444155,14.783325012891087,0.000625,55.79245538790838,0.09723420767993002,0.09808823838829994,0.10587414279580117,0.1291602998971939,1.4466491094330651,1.2165616067656826,2.9853882145163038,,,,,,,,,,,,,,,,,,1,update_snr,bayesian,0.1,20,101770,10177,0.1,0.02648639577857131,0.01437425584964035,0.013896917488776979,0.02648596365390908,0.01437425584964035,0.013896917488776979,0.02648596365390908,0.029234293728255888,0.028688878598455567,0.032386598573708104,0.012723140529794175,0.012435568261475228,0.02348131312278047,0.029234293728255888,0.028688878598455567,0.032386598573708104,0.012723140529794175,0.012435568261475228,0.02348131312278047,0.2747557888349442,0.4388783321078957,0.5306332358015204,0.8476015390870928,0.5306332358015204,814160,203540,81416,122124,0.75,,,,,,,,,0.007370738901416416,1
bayesfl_observability_v1,vi_sparse_bayesian_keep010_seed42,180,vi,135,10,1,,5,256,7.681434631347656,0.11632879078388214,14.768734369278285,14.768734369278285,,,0.5175623761722375,0.003135189414024353,0.9999569698002783,0.5175623761722375,,-0.0,2.311121424016332,7.681434631347656,14.768734369278285,14.768734369278285,0.00014511874196008928,0.11632879078388214,14.768734369278285,0.000625,55.790870411911406,0.097234120066754,0.09808770567178726,0.10587651133537293,0.12925565242767334,1.4466051827894306,1.2167520376428362,2.9875415118342574,,,,,,,,,,,,,,,,,,1,update_snr,bayesian,0.1,20,101770,10177,0.1,0.026530635363659984,0.01437339198531396,0.01390000718798826,0.026530488055983528,0.01437339198531396,0.01390000718798826,0.026530488055983528,0.029223786571126575,0.028691386659443825,0.03227461979650116,0.01272334814244589,0.012382053101843045,0.023442318898145964,0.029223786571126575,0.028691386659443825,0.03227461979650116,0.01272334814244589,0.012382053101843045,0.023442318898145964,0.2743850641180659,0.43884353683058575,0.5301487835096312,0.8479046334012207,0.5301487835096312,814160,203540,81416,122124,0.75,,,,,,,,,0.007371041799821713,1
bayesfl_observability_v1,vi_sparse_bayesian_keep010_seed42,180,vi,136,10,1,,5,256,5.272605228424072,0.0,14.759056422621084,14.759056422621084,,,0.5173452503859508,0.003132220357656479,0.9999570103765159,0.5173452503859508,,-0.0,2.3155014849272724,5.272605228424072,14.759056422621084,14.759056422621084,0.00014502364569736744,0.0,14.759056422621084,0.000625,55.79393192908285,0.09723300011296854,0.09809556230902672,0.10587460547685623,0.1292044222354889,1.4466255598498061,1.217451276909931,2.9874236353164294,,,,,,,,,,,,,,,,,,1,update_snr,bayesian,0.1,20,101770,10177,0.1,0.02648658317485701,0.01437307338878005,0.013876781775583354,0.026486569226788607,0.01437307338878005,0.013876781775583354,0.026486569226788607,0.029217119304278446,0.02866944082559993,0.032367458925376034,0.012723734953724673,0.012384924579869715,0.023431942755902,0.029217119304278446,0.02866944082559993,0.032367458925376034,0.012723734953724673,0.012384924579869715,0.023431942755902,0.2742592041226989,0.4386661567193052,0.5301280023699755,0.8479176263666298,0.5301280023699755,814160,203540,81416,122124,0.75,,,,,,,,,0.007370755812904368,1
bayesfl_observability_v1,vi_sparse_bayesian_keep010_seed42,180,vi,246,19,85,,5,256,97.65890312194824,0.16224377576042623,0.1762306485223752,0.1762306485223752,,,0.5209037900448559,0.003132847137749195,0.9999564119710388,0.5209037900448559,,-0.0,2.3096097079310103,97.65890312194824,14.97960512440189,0.1762306485223752,0.00014719077453475378,0.16224377576042623,0.1762306485223752,0.000625,55.79040330730649,0.09723376986300054,0.09809132665395737,0.10586836859583855,0.12916076183319092,1.4465670024785213,1.2166472383108378,2.987211953488079,,,,,,,,,,,,,,,,,,1,update_snr,bayesian,0.1,20,101770,10177,0.1,0.026624531095552975,0.014482640336225615,0.01405710464377306,0.02662450795650007,0.014482640336225615,0.01405710464377306,0.02662450795650007,0.029428375388037307,0.0288634652212591,0.032531475458707125,0.012822003108246533,0.012548878781963684,0.023557277895634686,0.029428375388037307,0.0288634652212591,0.032531475458707125,0.012822003108246533,0.012548878781963684,0.023557277895634686,0.27541313890790853,0.4421406579358977,0.5287217028775933,0.8487952408597838,0.5287217028775933,814160,203540,81416,122124,0.75,,,,,,,,,0.007370908660818784,85
bayesfl_observability_v1,vi_sparse_bayesian_keep010_seed42,180,vi,188,15,1,,5,256,6.904184246063233,1.5773285627365112,14.751742533164382,14.751742533164382,,,0.5172646479575518,0.0031326673924922943,0.9999570235686409,0.5172646479575518,,-0.0,2.28098669344155,6.904184246063233,14.751742533164382,14.751742533164382,0.0001449517788460684,1.5773285627365112,14.751742533164382,0.000625,55.79382713460473,0.09723463427676976,0.09809981659054756,0.10587106794118882,0.12873317301273346,1.44661197423024,1.2159027260401918,2.9880291747249634,,,,,,,,,,,,,,,,,,1,update_snr,bayesian,0.1,20,101770,10177,0.1,0.02645137237223306,0.014371434610944856,0.01390896791701722,0.026451145023287846,0.014371434610944856,0.01390896791701722,0.026451145023287846,0.029212684077860214,0.0286387813600406,0.032412887438034665,0.012722406892398707,0.012434263767641385,0.023415256374930728,0.029212684077860214,0.0286387813600406,0.032412887438034665,0.012722406892398707,0.012434263767641385,0.023415256374930728,0.2745831289890389,0.4383683625687863,0.530836835792366,0.8474740431222357,0.530836835792366,814160,203540,81416,122124,0.75,,,,,,,,,0.007371094146996003,1
bayesfl_observability_v1,vi_sparse_bayesian_keep010_seed42,180,vi,282,22,9,,5,256,11.312702655792236,0.43996673160129124,1.6425606105210167,1.6425606105210167,,,0.5178003018055646,0.0031349509954452515,0.9999569319722906,0.5178003018055646,,-0.0,2.185987945410232,11.312702655792236,14.78304549468915,1.6425606105210167,0.00014525936420054192,0.43996673160129124,1.6425606105210167,0.000625,55.79231692236506,0.09723318901648395,0.0980873741209507,0.10587417632341385,0.1287807822227478,1.4466454602295236,1.217231250399479,2.986221261218266,,,,,,,,,,,,,,,,,,1,update_snr,bayesian,0.1,20,101770,10177,0.1,0.026533038473064548,0.014384741493052753,0.013921711294501551,0.026532826043227268,0.014384741493052753,0.013921711294501551,0.026532826043227268,0.029256016367656387,0.028701005692328238,0.0324177872210618,0.012732377618096794,0.012415833987808725,0.02343739006092049,0.029256016367656387,0.028701005692328238,0.0324177872210618,0.012732377618096794,0.012415833987808725,0.02343739006092049,0.27494584411246464,0.4387732163147816,0.5309881882141265,0.8473792208787513,0.5309881882141265,814160,203540,81416,122124,0.75,,,,,,,,,0.007370102221706242,9
bayesfl_observability_v1,vi_sparse_bayesian_keep010_seed42,180,vi,283,22,9,,5,256,13.505247461795808,0.009032204747200012,1.6281085050987762,1.6281085050987762,,,0.515205265837559,0.003134220838546753,0.9999573601155378,0.515205265837559,,-0.0,2.185987945410232,13.505247461795808,14.652976545888986,1.6281085050987762,0.00014398129651065132,0.009032204747200012,1.6281085050987762,0.000625,55.78997769083512,0.09723488567760304,0.09809188172221184,0.1058804802596569,0.1288701593875885,1.4465248216232622,1.217183852813418,2.985332464647815,,,,,,,,,,,,,,,,,,1,update_snr,bayesian,0.1,20,101770,10177,0.1,0.026451104074061718,0.014284442986423822,0.013786520289325123,0.02645070347114545,0.014284442986423822,0.013786520289325123,0.02645070347114545,0.029254230351743096,0.02870815108799582,0.032473449921603274,0.012621133279166126,0.012261302458868955,0.02337471041806327,0.029254230351743096,0.02870815108799582,0.032473449921603274,0.012621133279166126,0.012261302458868955,0.02337471041806327,0.2744556329992481,0.4360167100716805,0.5327112341390203,0.8462970761039423,0.5327112341390203,814160,203540,81416,122124,0.75,,,,,,,,,0.007371308930525869,9
bayesfl_observability_v1,vi_sparse_bayesian_keep010_seed42,180,vi,284,22,369,,5,256,143.121896648407,0.13765601026333443,0.0852019864285298,0.0852019864285298,,,0.7539705308281861,0.0060695745050907135,0.9999086925606102,0.7539705308281861,,-0.0,2.3096097079310103,143.121896648407,31.439532992127496,0.0852019864285298,0.00030892731642062984,0.13765601026333443,0.0852019864285298,0.000625,55.79511625346831,0.09727644784178541,0.09812549501657486,0.10593892112374306,0.12957613170146942,1.446074846317838,1.2170010778788813,2.9836570046808957,,,,,,,,,,,,,,,,,,1,update_snr,bayesian,0.1,20,101770,10177,0.1,0.03995439580841798,0.02033639896656079,0.018395840635586334,0.03995396794258351,0.02033639896656079,0.018395840635586334,0.03995396794258351,0.04672606626336724,0.045429415278134454,0.05407087493953169,0.017404213711360063,0.016425456330284024,0.03336520067132069,0.04672606626336724,0.045429415278134454,0.05407087493953169,0.017404213711360063,0.016425456330284024,0.03336520067132069,0.44771513556743103,0.6066487606030149,0.5938098602814701,0.8046054000766474,0.5938098602814701,814160,203540,81416,122124,0.75,,,,,,,,,0.0073764265242903014,369
bayesfl_observability_v1,vi_sparse_bayesian_keep010_seed42,180,vi,60,4,51,,5,256,75.48321342468262,0.22846358430151845,0.29116770206119996,0.29116770206119996,,,0.5187796617916122,0.003135155886411667,0.9999567750941057,0.5187796617916122,,0.15407610367102942,2.157614259471844,75.48321342468262,14.849552805121197,0.29116770206119996,0.00014591287024782546,0.22846358430151845,0.29116770206119996,0.000625,55.79549284407544,0.09723399386408024,0.09809233248233795,0.10586826875805855,0.12904676795005798,1.4466577524033497,1.2169301936966943,2.985267911624752,,,,,,,,,,,,,,,,,,1,update_snr,bayesian,0.1,20,101770,10177,0.1,0.02655669316887777,0.014403783463911442,0.013959098821825706,0.026556438300136497,0.014403783463911442,0.013959098821825706,0.026556438300136497,0.02934681040055137,0.028778705331290826,0.032492122489218705,0.012743447137618122,0.012441650159457166,0.023475932697453874,0.02934681040055137,0.028778705331290826,0.032492122489218705,0.012743447137618122,0.012441650159457166,0.023475932697453874,0.27539959167956873,0.4396446319373709,0.5308604248834133,0.8474592670403704,0.5308604248834133,814160,203540,81416,122124,0.75,,,,,,,,,0.007371141429763726,51
bayesfl_observability_v1,vi_sparse_bayesian_keep010_seed42,180,vi,30,2,189,,5,256,273.9916349411011,0.4807098630874876,0.0823563887718421,0.0823563887718421,,,0.5313974597359677,0.0031353235244750977,0.9999546479000012,0.5313974597359677,,-0.0,2.4040642619438994,273.9916349411011,15.565357477878157,0.0823563887718421,0.00015294642309008702,0.4807098630874876,0.0823563887718421,0.000625,55.79597148324517,0.09723414839806808,0.09809406846761703,0.1058723196387291,0.1286207139492035,1.4467545947221085,1.216983085034209,2.9860345616123696,,,,,,,,,,,,,,,,,,1,update_snr,bayesian,0.1,20,101770,10177,0.1,0.026895486052861118,0.014858375352812411,0.014621701636532956,0.026895281440691428,0.014858375352812411,0.014621701636532956,0.026895281440691428,0.02961125610542383,0.029015831819646693,0.032716436683879434,0.013219166380300029,0.013104861496690112,0.02390806567891141,0.02961125610542383,0.029015831819646693,0.032716436683879434,0.013219166380300029,0.013104861496690112,0.02390806567891141,0.27675734118915263,0.45363932183150807,0.5208104331674137,0.8536723567645678,0.5208104331674137,814160,203540,81416,122124,0.75,,,,,,,,,0.00737027369035345,189
bayesfl_observability_v1,vi_sparse_bayesian_keep010_seed42,180,vi,149,11,1,,5,256,5.648193645477295,0.021042784675955772,14.813397530543241,14.813397530543241,,,0.5182649862532595,0.0031367242336273193,0.9999568587883764,0.5182649862532595,,-0.0,2.3277319754160017,5.648193645477295,14.813397530543241,14.813397530543241,0.00014555760568481127,0.021042784675955772,14.813397530543241,0.000625,55.7946136665125,0.09723373133434028,0.09809206426143646,0.10587178617715837,0.12919296324253082,1.4467110539218988,1.2167268825796294,2.987001684120029,,,,,,,,,,,,,,,,,,1,update_snr,bayesian,0.1,20,101770,10177,0.1,0.02651664134667591,0.014401938712883599,0.013967030436447255,0.026516402673278636,0.014401938712883599,0.013967030436447255,0.026516402673278636,0.029231405457239307,0.028656369062798562,0.03233782894746676,0.012754220185732966,0.012448659565071738,0.023486975707253478,0.029231405457239307,0.028656369062798562,0.03233782894746676,0.012754220185732966,0.012448659565071738,0.023486975707253478,0.2745378584700407,0.4395765692604364,0.5297248815799469,0.8481695289475517,0.5297248815799469,814160,203540,81416,122124,0.75,,,,,,,,,0.0073703426538739136,1
bayesfl_observability_v1,vi_sparse_bayesian_keep010_seed42,180,vi,164,13,1,,5,256,5.160732746124268,0.0026554344221949577,14.789821782213668,14.789821782213668,,,0.5177688955782787,0.0031338930130004883,0.9999569358315509,0.5177688955782787,,-0.0,2.185987945410232,5.160732746124268,14.789821782213668,14.789821782213668,0.0001453259485331008,0.0026554344221949577,14.789821782213668,0.000625,55.791237038277295,0.09723494160699653,0.09809720888733864,0.10587536171078682,0.12914474308490753,1.4465753658981961,1.2169727559721784,2.9847595889649208,,,,,,,,,,,,,,,,,,1,update_snr,bayesian,0.1,20,101770,10177,0.1,0.02653457803509183,0.014382392269424248,0.013893393872449027,0.026534551538140053,0.014382392269424248,0.013893393872449027,0.026534551538140053,0.029270824705382684,0.028683317179472298,0.0324297571160153,0.012728121998762202,0.012389950562732453,0.023434348137182474,0.029270824705382684,0.028683317179472298,0.0324297571160153,0.012728121998762202,0.012389950562732453,0.023434348137182474,0.2747102551733884,0.43888370319587217,0.5305653883796433,0.8476440105690353,0.5305653883796433,814160,203540,81416,122124,0.75,,,,,,,,,0.007371100207790349,1
bayesfl_observability_v1,vi_sparse_bayesian_keep010_seed42,180,vi,257,20,22,,5,256,22.42029733657837,0.3141750422391025,0.6725488179617497,0.6725488179617497,,,0.5178598682664423,0.0031369999051094055,0.9999569238702727,0.5178598682664423,,-0.0,2.259365973874069,22.42029733657837,14.796073995158494,0.6725488179617497,0.00014538738326774585,0.3141750422391025,0.6725488179617497,0.000625,55.79343457205672,0.0972334759560083,0.09810024499893188,0.10587679371237756,0.12878049910068512,1.446691374222655,1.2161453760372547,2.986476174652707,,,,,,,,,,,,,,,,,,1,update_snr,bayesian,0.1,20,101770,10177,0.1,0.026533171498163765,0.014374521388155795,0.013913166040190982,0.026533131302867285,0.014374521388155795,0.013913166040190982,0.026533131302867285,0.02927518049456592,0.028723283333851008,0.032402051706926505,0.012718892598554672,0.012421986038800929,0.02350594438853497,0.02927518049456592,0.028723283333851008,0.032402051706926505,0.012718892598554672,0.012421986038800929,0.02350594438853497,0.2746882361833476,0.43900480186829216,0.5304296645014761,0.8477289490260739,0.5304296645014761,814160,203540,81416,122124,0.75,,,,,,,,,0.007369697279348265,22
bayesfl_observability_v1,vi_sparse_bayesian_keep010_seed42,180,vi,94,7,1,,5,256,5.8887810707092285,0.1478995382785797,14.80299144897285,14.80299144897285,,,0.5178534392975718,0.003134399652481079,0.9999569221358071,0.5178534392975718,,-0.0,2.3292713582565514,5.8887810707092285,14.80299144897285,14.80299144897285,0.0001454553547113378,0.1478995382785797,14.80299144897285,0.000625,55.79155984635778,0.09723451927537076,0.09809660911560059,0.10588917881250381,0.12921959161758423,1.4466001306088707,1.2161353947547169,2.9854525881578113,,,,,,,,,,,,,,,,,,1,update_snr,bayesian,0.1,20,101770,10177,0.1,0.026528656166918956,0.014382638392553306,0.013862261634225732,0.026528015338358277,0.014382638392553306,0.013862261634225732,0.026528015338358277,0.029279425972781947,0.028722228704406962,0.0324805771175927,0.012727439772527901,0.012334722337439784,0.023521858186360555,0.029279425972781947,0.028722228704406962,0.0324805771175927,0.012727439772527901,0.012334722337439784,0.023521858186360555,0.27460347724376966,0.43905024186071734,0.5302725759941811,0.8478272201035395,0.5302725759941811,814160,203540,81416,122124,0.75,,,,,,,,,0.007371449110123922,1
bayesfl_observability_v1,vi_sparse_bayesian_keep010_seed42,180,vi,41,3,6,,5,256,31.750271606445313,0.8947542508443197,2.4544356804764176,2.4544356804764176,,,0.5164774242873316,0.003136187791824341,0.9999571498840547,0.5164774242873316,,-0.0,2.4040642619438994,31.750271606445313,14.726614082858505,2.4544356804764176,0.00014470486472298818,0.8947542508443197,2.4544356804764176,0.000625,55.790729391079395,0.09723391841346275,0.0980900339782238,0.10587974339723587,0.12922243773937225,1.4465698650854348,1.2177356700359634,2.9864623989117973,,,,,,,,,,,,,,,,,,1,update_snr,bayesian,0.1,20,101770,10177,0.1,0.026476981806304093,0.014339952665825922,0.01384595566858542,0.026476265969678933,0.014339952665825922,0.01384595566858542,0.026476265969678933,0.02924546459047335,0.0286787097933861,0.03236595100450315,0.012683784674198428,0.012345434757978934,0.02338186588416134,0.02924546459047335,0.0286787097933861,0.03236595100450315,0.012683784674198428,0.012345434757978934,0.02338186588416134,0.27447835218384525,0.43750493023612574,0.5314430781995708,0.8470940057831625,0.5314430781995708,814160,203540,81416,122124,0.75,,,,,,,,,0.007371559165119974,6
bayesfl_observability_v1,vi_sparse_bayesian_keep010_seed42,181,vi,73,5,1,,5,256,1.331365966796875,0.00266875047236681,14.839180232140803,14.839180232140803,,,0.5189911612477305,0.0031338781118392944,0.9999567389507411,0.5189911612477305,,-0.0,2.28098669344155,1.331365966796875,14.839180232140803,14.839180232140803,0.0001458109485323848,0.00266875047236681,14.839180232140803,0.000625,55.795690202569865,0.09728794437949809,0.09815236926078796,0.1059211865067482,0.12923820316791534,1.4459254841935019,1.2157455490628877,2.983678287817223,,,,,,,,,,,,,,,,,,1,update_snr,bayesian,0.1,20,101770,10177,0.1,0.026547678356253736,0.014416976196720848,0.013937793266548985,0.02654767021403299,0.014416976196720848,0.013937793266548985,0.02654767021403299,0.029252322902285417,0.028697499351241867,0.03239395484719729,0.012768604340547007,0.012473277988838644,0.02346585807148627,0.029252322902285417,0.028697499351241867,0.03239395484719729,0.012768604340547007,0.012473277988838644,0.02346585807148627,0.2746181235187345,0.440382460695606,0.5291383438178647,0.8485355697327529,0.5291383438178647,814160,203540,81416,122124,0.75,,,,,,,,,0.007364899498761895,1
bayesfl_observability_v1,vi_sparse_bayesian_keep010_seed42,181,vi,107,8,1372,,5,256,88.53807595173518,0.017654387915707885,0.05764782790058689,0.05764782790058689,,,1.1943118178662526,0.014661908149719238,0.9997709372146267,1.1943118178662526,,-0.0,2.3155014849272724,88.53807595173518,79.09281987960522,0.05764782790058689,0.0007771722499715556,0.017654387915707885,0.05764782790058689,0.000625,55.80184125167691,0.09741069473911154,0.09827550500631332,0.10607114583253861,0.1298951953649521,1.4441954800676398,1.2144392807705202,2.9784764539472106,,,,,,,,,,,,,,,,,,1,update_snr,bayesian,0.1,20,101770,10177,0.1,0.06366572861819622,0.031230082371364265,0.026829372678727346,0.06366389644319762,0.031230082371364265,0.026829372678727346,0.06366389644319762,0.07867601471714854,0.07503023728712283,0.09701037064014101,0.025958312110721568,0.023865014857059705,0.05126318106725315,0.07867601471714854,0.07503023728712283,0.09701037064014101,0.025958312110721568,0.023865014857059705,0.05126318106725315,0.7657084905570954,0.9165539950181715,0.6411294597462024,0.7674327435323206,0.6411294597462024,814160,203540,81416,122124,0.75,,,,,,,,,0.007383000076755935,1372
bayesfl_observability_v1,vi_sparse_bayesian_keep010_seed42,181,vi,266,21,1,,5,256,10.027314949035645,1.828060507774353,14.744829734260954,14.744829734260954,,,0.5171950360490861,0.003133624792098999,0.9999570374445734,0.5171950360490861,,-0.0,2.185987945410232,10.027314949035645,14.744829734260954,14.744829734260954,0.0001448838531419962,1.828060507774353,14.744829734260954,0.000625,55.795442157043446,0.09728858783387963,0.09814968705177307,0.10591265857219696,0.12887516617774963,1.4458834327652603,1.216308400782339,2.9821325468306865,,,,,,,,,,,,,,,,,,1,update_snr,bayesian,0.1,20,101770,10177,0.1,0.026474788936548876,0.014361215609460486,0.013919581680697943,0.026474644090617193,0.014361215609460486,0.013919581680697943,0.026474644090617193,0.029192421448024204,0.028620968933832643,0.03225606023152309,0.012713303849620067,0.01240148290199411,0.023422669666718236,0.029192421448024204,0.028620968933832643,0.03225606023152309,0.012713303849620067,0.01240148290199411,0.023422669666718236,0.27435015762626846,0.4384320886115171,0.5304578321595306,0.8477113236831342,0.5304578321595306,814160,203540,81416,122124,0.75,,,,,,,,,0.007364390148968499,1
bayesfl_observability_v1,vi_sparse_bayesian_keep010_seed42,181,vi,193,15,1,,5,256,3.3881166219711303,0.008037485182285309,14.825722970772288,14.825722970772288,,,0.5184852180452737,0.0031318962574005127,0.999956822350104,0.5184852180452737,,-0.0,2.3163460082440825,3.3881166219711303,14.825722970772288,14.825722970772288,0.0001456787164269656,0.008037485182285309,14.825722970772288,0.000625,55.79515904289789,0.09728757382717455,0.0981392078101635,0.1059164635837078,0.12914113700389862,1.4458850008567954,1.2164474080145324,2.9820163755622,,,,,,,,,,,,,,,,,,1,update_snr,bayesian,0.1,20,101770,10177,0.1,0.02654158778856642,0.01441068184353759,0.013973022953132675,0.026540950079446686,0.01441068184353759,0.013973022953132675,0.026540950079446686,0.02929904594611904,0.028752111224662546,0.03237307441413699,0.01275641916547298,0.012494349611981224,0.023447552708903613,0.02929904594611904,0.028752111224662546,0.03237307441413699,0.01275641916547298,0.012494349611981224,0.023447552708903613,0.2749137999559768,0.4396013238437985,0.530224952202922,0.8478570044892059,0.530224952202922,814160,203540,81416,122124,0.75,,,,,,,,,0.007364470702886327,1
bayesfl_observability_v1,vi_sparse_bayesian_keep010_seed42,181,vi,59,4,1,,5,256,8.848102474212647,0.0,14.68632270533487,14.68632270533487,,,0.5163338795368648,0.003131285309791565,0.9999571823457418,0.5163338795368648,,-0.0,2.3155014849272724,8.848102474212647,14.68632270533487,14.68632270533487,0.00014430895848810917,0.0,14.68632270533487,0.000625,55.79647831151205,0.09728747927954837,0.09814553335309029,0.10591827854514123,0.12865954637527466,1.4459108453179448,1.2152517891374408,2.9811254919037293,,,,,,,,,,,,,,,,,,1,update_snr,bayesian,0.1,20,101770,10177,0.1,0.026418928393930157,0.014322063189747273,0.01386427058142448,0.026418721126445905,0.014322063189747273,0.01386427058142448,0.026418721126445905,0.02916729675511859,0.02858870243072434,0.03227080028905937,0.012672592793594905,0.012337096839669453,0.023396122483288522,0.02916729675511859,0.02858870243072434,0.03227080028905937,0.012672592793594905,0.012337096839669453,0.023396122483288522,0.2740964697703793,0.43757490834942214,0.5308512197887058,0.8474650331717783,0.5308512197887058,814160,203540,81416,122124,0.75,,,,,,,,,0.007364540385329572,1
bayesfl_observability_v1,vi_sparse_bayesian_keep010_seed42,181,vi,290,23,1103,,5,256,107.12452117443085,0.033808015793534915,0.06414088642344691,0.06414088642344691,,,1.1291657295837776,0.013514641672372818,0.9997952623555336,1.1291657295837776,,-0.0,2.3096097079310103,107.12452117443085,70.74739772506194,0.06414088642344691,0.0006951694774988891,0.033808015793534915,0.06414088642344691,0.000625,55.80409447272115,0.0973946889604536,0.09824970364570618,0.10605107173323632,0.12891629338264465,1.4445361022584513,1.2160109491174338,2.9807153272920965,,,,,,,,,,,,,,,,,,1,update_snr,bayesian,0.1,20,101770,10177,0.1,0.06023361272054526,0.029595679158954034,0.02551032577844163,0.060232705231021054,0.029595679158954034,0.02551032577844163,0.060232705231021054,0.0742594055486994,0.07084253671899787,0.09104504879884733,0.024633042893426778,0.022606515135808716,0.04857796541476629,0.0742594055486994,0.07084253671899787,0.09104504879884733,0.024633042893426778,0.022606515135808716,0.04857796541476629,0.7205847959753826,0.8693519406291003,0.6381568064778212,0.7699064166157014,0.6381568064778212,814160,203540,81416,122124,0.75,,,,,,,,,0.007382450073970884,1103
bayesfl_observability_v1,vi_sparse_bayesian_keep010_seed42,181,vi,294,23,1,,5,256,6.5796589851379395,9.536697689327411e-06,14.696449920703998,14.696449920703998,,,0.5163290589644457,0.0031333565711975098,0.9999571790799698,0.5163290589644457,,-0.0,2.3096097079310103,6.5796589851379395,14.696449920703998,14.696449920703998,0.0001444084693004225,9.536697689327411e-06,14.696449920703998,0.000625,55.79401196006107,0.09728841113937449,0.09814776107668877,0.10591468289494514,0.12921376526355743,1.445852441629063,1.2160137562555013,2.9833492198880696,,,,,,,,,,,,,,,,,,1,update_snr,bayesian,0.1,20,101770,10177,0.1,0.026463711493446503,0.014323016725553257,0.01381747150299937,0.026463311987080244,0.014323016725553257,0.01381747150299937,0.026463311987080244,0.029223643824554293,0.028669261294412766,0.03232445428851969,0.01266739149233092,0.012322522713004231,0.023411029791896854,0.029223643824554293,0.028669261294412766,0.03232445428851969,0.01266739149233092,0.012322522713004231,0.023411029791896854,0.27440597432741276,0.43737519177993334,0.5314556087115528,0.8470861443613827,0.5314556087115528,814160,203540,81416,122124,0.75,,,,,,,,,0.007363722941730572,1
bayesfl_observability_v1,vi_sparse_bayesian_keep010_seed42,181,vi,238,19,72,,5,256,66.12785730361938,0.15564041667514378,0.20636148084751801,0.20636148084751801,,,0.5192847063112807,0.0031384676694869995,0.9999566922101091,0.5192847063112807,,-0.0,2.3163460082440825,66.12785730361938,14.858026621021297,0.20636148084751801,0.0001459961346273096,0.15564041667514378,0.20636148084751801,0.000625,55.796807907685384,0.09728733447267895,0.09814783558249474,0.10591539740562439,0.12894295156002045,1.4459330327708315,1.2166962248758113,2.981593422147131,,,,,,,,,,,,,,,,,,1,update_snr,bayesian,0.1,20,101770,10177,0.1,0.0266248118988718,0.014415730768634671,0.013974226257921763,0.026624409982752444,0.014415730768634671,0.013974226257921763,0.026624409982752444,0.02932450948854504,0.028754734710809717,0.03243329609296535,0.012759199799755741,0.012456679931431628,0.02350607294994688,0.02932450948854504,0.028754734710809717,0.03243329609296535,0.012759199799755741,0.012456679931431628,0.02350607294994688,0.27535416095110765,0.44026888631347166,0.5302566349528673,0.8478371902013158,0.5302566349528673,814160,203540,81416,122124,0.75,,,,,,,,,0.007363826636993855,72
bayesfl_observability_v1,vi_sparse_bayesian_keep010_seed42,181,vi,240,19,1,,5,256,3.6047692775726317,0.00011836781777674332,14.812858449444285,14.812858449444285,,,0.5185552224313312,0.003137350082397461,0.9999568139362708,0.5185552224313312,,-0.0,2.3096097079310103,3.6047692775726317,14.812858449444285,14.812858449444285,0.00014555230863166243,0.00011836781777674332,14.812858449444285,0.000625,55.796866495707,0.09728677794648415,0.09814805537462234,0.10591613203287126,0.1288078874349594,1.4458881073789223,1.2173910292481,2.983705873735,,,,,,,,,,,,,,,,,,1,update_snr,bayesian,0.1,20,101770,10177,0.1,0.02649401694509623,0.014409441221569029,0.01394548181188255,0.02649387265365374,0.014409441221569029,0.01394548181188255,0.02649387265365374,0.029232066279473123,0.02867634242494223,0.03224819912257486,0.012762482881801906,0.012461512027447988,0.02342916324171844,0.029232066279473123,0.02867634242494223,0.03224819912257486,0.012762482881801906,0.012461512027447988,0.02342916324171844,0.274712482925689,0.4398096979781261,0.5297651456245189,0.8481443806813981,0.5297651456245189,814160,203540,81416,122124,0.75,,,,,,,,,0.007364271785456803,1
bayesfl_observability_v1,vi_sparse_bayesian_keep010_seed42,181,vi,35,2,1,,5,256,7.376156139373779,0.00012540031457319856,14.721845622234433,14.721845622234433,,,0.5169111562652479,0.003134682774543762,0.9999570864728045,0.5169111562652479,,-0.0,2.3163460082440825,7.376156139373779,14.721845622234433,14.721845622234433,0.000144658009454991,0.00012540031457319856,14.721845622234433,0.000625,55.796443566487525,0.09728769798410498,0.09814432263374329,0.10592355579137802,0.12900863587856293,1.4459027849781105,1.2155374737001292,2.9823830571057854,,,,,,,,,,,,,,,,,,1,update_snr,bayesian,0.1,20,101770,10177,0.1,0.026473655282192126,0.014345701630650564,0.013833385690527809,0.026473265619445817,0.014345701630650564,0.013833385690527809,0.026473265619445817,0.029213057241672835,0.028657575052980885,0.03234361511369516,0.012693773229425862,0.012338483903212953,0.02340377437600939,0.029213057241672835,0.028657575052980885,0.03234361511369516,0.012693773229425862,0.012338483903212953,0.02340377437600939,0.2745641462356747,0.43796309556097374,0.5311631271792184,0.8472695747666109,0.5311631271792184,814160,203540,81416,122124,0.75,,,,,,,,,0.007364667239291771,1
bayesfl_observability_v1,vi_sparse_bayesian_keep010_seed42,181,vi,92,7,1,,5,256,6.5837082862854,0.01667209342122078,14.724668390840984,14.724668390840984,,,0.5168408486973334,0.003126367926597595,0.9999570981651106,0.5168408486973334,,-0.0,2.3163460082440825,6.5837082862854,14.724668390840984,14.724668390840984,0.00014468574620065818,0.01667209342122078,14.724668390840984,0.000625,55.796452735976914,0.09728757735747004,0.09815381094813347,0.10591518878936768,0.12872347235679626,1.445956266956525,1.2165311694602199,2.9824677012881744,,,,,,,,,,,,,,,,,,1,update_snr,bayesian,0.1,20,101770,10177,0.1,0.026448261880046564,0.014337005316891742,0.013832276026927673,0.026448069709254392,0.014337005316891742,0.013832276026927673,0.026448069709254392,0.029249371682047227,0.02870540332765377,0.032357265127739704,0.012680075720763356,0.012361862488343677,0.023414545317911813,0.029249371682047227,0.02870540332765377,0.032357265127739704,0.012680075720763356,0.012361862488343677,0.023414545317911813,0.27472479486745977,0.43777933935626995,0.5315462111013232,0.8470292943362869,0.5315462111013232,814160,203540,81416,122124,0.75,,,,,,,,,0.007364977010186797,1
bayesfl_observability_v1,vi_sparse_bayesian_keep010_seed42,181,vi,165,13,1662,,5,256,175.16978338786535,0.03351472345069858,0.056727840745185276,0.056727840745185276,,,1.3049858799429899,0.01564529538154602,0.9997266697123244,1.3049858799429899,,-0.0,2.3292713582565514,175.16978338786535,94.28167131849793,0.056727840745185276,0.0009264190951999403,0.03351472345069858,0.056727840745185276,0.000625,55.816924488665165,0.09741727443809294,0.09827203303575516,0.10607324242591859,0.12877865135669708,1.4445006268453024,1.2157725701478237,2.980179894603555,,,,,,,,,,,,,,,,,,1,update_snr,bayesian,0.1,20,101770,10177,0.1,0.06952414327996871,0.03402192489918162,0.029056411363179886,0.0695227757886651,0.03402192489918162,0.029056411363179886,0.0695227757886651,0.08644765408354414,0.08223830274807808,0.10695876382970948,0.028196843878696892,0.02582688877515562,0.05584269946449639,0.08644765408354414,0.08223830274807808,0.10695876382970948,0.028196843878696892,0.02582688877515562,0.05584269946449639,0.8418867715116032,0.9971032097051701,0.645130943139693,0.7640720294603723,0.645130943139693,814160,203540,81416,122124,0.75,,,,,,,,,0.007384911187314398,1662
bayesfl_observability_v1,vi_sparse_bayesian_keep010_seed42,181,vi,123,9,387,,5,256,172.60902214050293,0.17508136147984546,0.08542565547887095,0.08542565547887095,,,0.7746502815329182,0.006025686860084534,0.9999036196552741,0.7746502815329182,,-0.0,2.3277319754160017,172.60902214050293,33.059728670323054,0.08542565547887095,0.0003248474861975342,0.17508136147984546,0.08542565547887095,0.000625,55.79639103095008,0.09733039648979946,0.09818284213542938,0.10598490461707115,0.12903942167758942,1.4452438990014649,1.2170417935841604,2.9805291932439917,,,,,,,,,,,,,,,,,,1,update_snr,bayesian,0.1,20,101770,10177,0.1,0.04107914690022855,0.020893605698489012,0.018978229176168725,0.04107787651815781,0.020893605698489012,0.018978229176168725,0.04107787651815781,0.047721969682029027,0.04646372203904998,0.05505316614879562,0.017912676366984563,0.016896504461845187,0.03440019184486645,0.047721969682029027,0.04646372203904998,0.05505316614879562,0.017912676366984563,0.016896504461845187,0.03440019184486645,0.45737175829501864,0.6252152696417074,0.5904235358824729,0.8070935808665801,0.5904235358824729,814160,203540,81416,122124,0.75,,,,,,,,,0.00736967260601159,387
bayesfl_observability_v1,vi_sparse_bayesian_keep010_seed42,181,vi,136,10,1,,5,256,6.02979609966278,0.0,14.735451856571762,14.735451856571762,,,0.5172310490151872,0.0031306296586990356,0.9999570309942051,0.5172310490151872,,-0.0,2.3155014849272724,6.02979609966278,14.735451856571762,14.735451856571762,0.00014479170538048307,0.0,14.735451856571762,0.000625,55.79516247437268,0.09728797203698743,0.09814928844571114,0.10591593459248543,0.12898752093315125,1.4459056632208367,1.2159376043580363,2.98279776603088,,,,,,,,,,,,,,,,,,1,update_snr,bayesian,0.1,20,101770,10177,0.1,0.026447663108501693,0.014348504786633161,0.0138941071621451,0.026447264095795685,0.014348504786633161,0.0138941071621451,0.026447264095795685,0.029192591431637993,0.028635397129460026,0.03232500150322371,0.012699161826077065,0.01241161733808359,0.023390796455547147,0.029192591431637993,0.028635397129460026,0.03232500150322371,0.012699161826077065,0.01241161733808359,0.023390796455547147,0.27425405953650794,0.4385346837971846,0.5302351049085128,0.8478506551997579,0.5302351049085128,814160,203540,81416,122124,0.75,,,,,,,,,0.007365114908935302,1
bayesfl_observability_v1,vi_sparse_bayesian_keep010_seed42,181,vi,17,1,202,,5,256,142.66131258010864,0.1564679476294187,0.0745301513187797,0.0745301513187797,,,0.5226927931038632,0.0031383633613586426,0.9999561178850487,0.5226927931038632,,-0.0,2.3292713582565514,142.66131258010864,15.055090566393499,0.0745301513187797,0.00014793250040673578,0.1564679476294187,0.0745301513187797,0.000625,55.79463266350783,0.09728808861983201,0.09814829379320145,0.10591416358947754,0.1286572366952896,1.4458899645343664,1.2158015948530227,2.9833542692626276,,,,,,,,,,,,,,,,,,1,update_snr,bayesian,0.1,20,101770,10177,0.1,0.026698570881908697,0.014518155509644269,0.014062609774926653,0.026698280596838285,0.014518155509644269,0.014062609774926653,0.026698280596838285,0.02942784893372048,0.028798705880268657,0.03258636909805533,0.012861522906969135,0.012530345252739323,0.02368983593032229,0.02942784893372048,0.028798705880268657,0.03258636909805533,0.012861522906969135,0.012530345252739323,0.02368983593032229,0.27582253748642765,0.4439928870795862,0.5276953138162354,0.8494337265357345,0.5276953138162354,814160,203540,81416,122124,0.75,,,,,,,,,0.007363772231384785,202
bayesfl_observability_v1,vi_sparse_bayesian_keep010_seed42,182,vi,123,9,387,,5,256,187.7956134915352,0.1861516770158319,0.08370276670980574,0.08370276670980574,,,0.7670862583074843,0.00618010014295578,0.9999055815268281,0.7670862583074843,,-0.0,2.3277319754160017,187.7956134915352,32.39297071669482,0.08370276670980574,0.000318295870263288,0.1861516770158319,0.08370276670980574,0.000625,55.82180857861943,0.09741363351787778,0.09826913475990295,0.1060427300632,0.1293124556541443,1.444629791823736,1.2148576379771403,2.980472194116186,,,,,,,,,,,,,,,,,,1,update_snr,bayesian,0.1,20,101770,10177,0.1,0.04061551089094398,0.020660526725318686,0.018755261575346193,0.04061537823587188,0.020660526725318686,0.018755261575346193,0.04061537823587188,0.04726949138679772,0.04592145797743789,0.05469524508028883,0.017703975096265458,0.016712258622310495,0.03401455618761756,0.04726949138679772,0.04592145797743789,0.05469524508028883,0.017703975096265458,0.016712258622310495,0.03401455618761756,0.4530907130074196,0.6189750669216046,0.590664619657154,0.8069171624679141,0.590664619657154,814160,203540,81416,122124,0.75,,,,,,,,,0.0073628955610533856,387
bayesfl_observability_v1,vi_sparse_bayesian_keep010_seed42,182,vi,47,3,1,,5,256,6.234141635894775,0.2345772534608841,14.692665370354161,14.692665370354161,,,0.5169409853130029,0.0031295046210289,0.9999571114031175,0.5169409853130029,,-0.0,2.3292713582565514,6.234141635894775,14.692665370354161,14.692665370354161,0.00014437128201193045,0.2345772534608841,14.692665370354161,0.000625,55.81593061804724,0.09737097211606735,0.09824268147349358,0.10598710104823113,0.12912441790103912,1.44512965292826,1.215195883289835,2.9804264330970205,,,,,,,,,,,,,,,,,,1,update_snr,bayesian,0.1,20,101770,10177,0.1,0.026446540024270215,0.0143199688836671,0.013819414461891498,0.026445957358871574,0.0143199688836671,0.013819414461891498,0.026445957358871574,0.029195529498737344,0.028599013219634054,0.032330901480024696,0.012667128815325963,0.012332932890890257,0.023426020263471105,0.029195529498737344,0.028599013219634054,0.032330901480024696,0.012667128815325963,0.012332932890890257,0.023426020263471105,0.2747622425500764,0.43787405993645173,0.5315156862319795,0.8470484491983608,0.5315156862319795,814160,203540,81416,122124,0.75,,,,,,,,,0.007357261568475272,1
bayesfl_observability_v1,vi_sparse_bayesian_keep010_seed42,182,vi,97,7,1882,,5,256,113.96770858168603,0.018886241060261013,0.05235533158491649,0.05235533158491649,,,1.333567035561701,0.016896113753318787,0.9997146441027132,1.333567035561701,,-0.0,2.3096097079310103,113.96770858168603,98.53273404281283,0.05235533158491649,0.0009681903708638384,0.018886241060261013,0.05235533158491649,0.000625,55.82605034542414,0.09751590992261551,0.0983789823949337,0.10617929473519326,0.12993958592414856,1.4433703723051172,1.213670916845948,2.9774519361289777,,,,,,,,,,,,,,,,,,1,update_snr,bayesian,0.1,20,101770,10177,0.1,0.0708760199353706,0.03456677869218863,0.02941955226412599,0.07087539928762662,0.03456677869218863,0.02941955226412599,0.07087539928762662,0.08888773731211287,0.08420470775265146,0.11052945830837507,0.028531116623308147,0.02605185640781044,0.056703255764187784,0.08888773731211287,0.08420470775265146,0.11052945830837507,0.028531116623308147,0.02605185640781044,0.056703255764187784,0.8689018488575476,1.011637590933019,0.6515621829925966,0.7585952291531526,0.6515621829925966,814160,203540,81416,122124,0.75,,,,,,,,,0.007382629696575706,1882
bayesfl_observability_v1,vi_sparse_bayesian_keep010_seed42,182,vi,225,18,45,,5,256,63.35780982971191,0.5737292819552952,0.3302666272134159,0.3302666272134159,,,0.5199762784805757,0.0031355321407318115,0.9999566011805693,0.5199762784805757,,-0.0,2.311121424016332,63.35780982971191,14.861998224603713,0.3302666272134159,0.0001460351599155322,0.5737292819552952,0.3302666272134159,0.000625,55.81234279489872,0.09737150234215923,0.09823957085609436,0.1059937097132206,0.12871237099170685,1.4450556244649746,1.2156174290505586,2.9820378537287797,,,,,,,,,,,,,,,,,,1,update_snr,bayesian,0.1,20,101770,10177,0.1,0.026599334454547353,0.014418347490977954,0.01394884813400447,0.026599053502928398,0.014418347490977954,0.01394884813400447,0.026599053502928398,0.029308820170664784,0.028752801066228142,0.032361067054835865,0.012763850526568307,0.012473176722461824,0.023515657531435304,0.029308820170664784,0.028752801066228142,0.032361067054835865,0.012763850526568307,0.012473176722461824,0.023515657531435304,0.2755019003373691,0.4409921009417376,0.5298355170016872,0.848100421485307,0.5298355170016872,814160,203540,81416,122124,0.75,,,,,,,,,0.007357354484005716,45
bayesfl_observability_v1,vi_sparse_bayesian_keep010_seed42,182,vi,232,18,259,,5,256,199.1747655391693,0.28344469739692324,0.12516582434861442,0.12516582434861442,,,0.7674463028787545,0.006119817495346069,0.9999054902657024,0.7674463028787545,,-0.0,2.311121424016332,199.1747655391693,32.41794850629113,0.12516582434861442,0.00031854130398242244,0.28344469739692324,0.12516582434861442,0.000625,55.82125706693799,0.09741170002156524,0.09826879948377609,0.10604183152318,0.1293627917766571,1.444688525851506,1.2139086711532425,2.9801533804383524,,,,,,,,,,,,,,,,,,1,update_snr,bayesian,0.1,20,101770,10177,0.1,0.0404422254675414,0.020759326125207596,0.019010492614621996,0.0404402195143361,0.020759326125207596,0.019010492614621996,0.0404402195143361,0.04686220919416916,0.04564740127725115,0.05413295070771747,0.017859005784211866,0.01699449920298671,0.03408025148992084,0.04686220919416916,0.04564740127725115,0.05413295070771747,0.017859005784211866,0.01699449920298671,0.03408025148992084,0.448811506057379,0.622528762253421,0.5848116075012023,0.8111691461907683,0.5848116075012023,814160,203540,81416,122124,0.75,,,,,,,,,0.007362155881281319,259
bayesfl_observability_v1,vi_sparse_bayesian_keep010_seed42,182,vi,166,13,9,,5,256,19.418443775177003,0.49588314692179364,1.6366119381966466,1.6366119381966466,,,0.5174172157386925,0.003134623169898987,0.9999570281723626,0.5174172157386925,,-0.0,2.3277319754160017,19.418443775177003,14.729507443769819,1.6366119381966466,0.00014473329511417726,0.49588314692179364,1.6366119381966466,0.000625,55.813236718770156,0.09737175714652489,0.09823892265558243,0.10599314421415329,0.12926295399665833,1.4450513163206669,1.2145463285258855,2.9812159305444204,,,,,,,,,,,,,,,,,,1,update_snr,bayesian,0.1,20,101770,10177,0.1,0.026513599710220413,0.014334829050749578,0.013840482200920996,0.02651309058260647,0.014334829050749578,0.013840482200920996,0.02651309058260647,0.029238534484216677,0.028676124886093415,0.032366098347429755,0.01267886178036434,0.012364636586245585,0.023434421257552233,0.029238534484216677,0.028676124886093415,0.032366098347429755,0.01267886178036434,0.012364636586245585,0.023434421257552233,0.2748879572223532,0.4383573726047077,0.5312694453544775,0.847202913375979,0.5312694453544775,814160,203540,81416,122124,0.75,,,,,,,,,0.007357328304757538,9
bayesfl_observability_v1,vi_sparse_bayesian_keep010_seed42,182,vi,78,6,1,,5,256,5.02539894580841,0.0,14.77990215446099,14.77990215446099,,,0.5183707745943053,0.0031329095363616943,0.9999568736702904,0.5183707745943053,,-0.0,2.3155014849272724,5.02539894580841,14.77990215446099,14.77990215446099,0.00014522847749298408,0.0,14.77990215446099,0.000625,55.81585759173301,0.0973715541385194,0.09823653474450111,0.10599182993173599,0.12912927567958832,1.4451299967329243,1.2167246882732679,2.9803843570838073,,,,,,,,,,,,,,,,,,1,update_snr,bayesian,0.1,20,101770,10177,0.1,0.02648255919867177,0.014389676529065762,0.013915702677778249,0.026482281521803337,0.014389676529065762,0.013915702677778249,0.026482281521803337,0.02922148959285951,0.02868971207322656,0.03227052771729417,0.012741697299755345,0.01245915281961776,0.023416194872119277,0.02922148959285951,0.02868971207322656,0.03227052771729417,0.012741697299755345,0.01245915281961776,0.023416194872119277,0.2748411822558891,0.43951175694136474,0.5302019244255991,0.8478714049520668,0.5302019244255991,814160,203540,81416,122124,0.75,,,,,,,,,0.007356706378572436,1
bayesfl_observability_v1,vi_sparse_bayesian_keep010_seed42,182,vi,84,6,12,,5,256,27.189885139465332,0.9503414630889893,1.2248701240300057,1.2248701240300057,,,0.5166882487278909,0.0031350553035736084,0.9999571510331966,0.5166882487278909,,-0.0,2.3277319754160017,27.189885139465332,14.698441488360068,1.2248701240300057,0.00014442803860037406,0.9503414630889893,1.2248701240300057,0.000625,55.81463085084223,0.09737241612427933,0.09823299199342728,0.1059877023100853,0.12895400822162628,1.444991940462876,1.2157285408763818,2.979816043833367,,,,,,,,,,,,,,,,,,1,update_snr,bayesian,0.1,20,101770,10177,0.1,0.026494442120643908,0.014305265473997492,0.01372727588030925,0.02649403552886486,0.014305265473997492,0.01372727588030925,0.02649403552886486,0.0292407444188933,0.02868461074081039,0.032336050740448645,0.012645767813453512,0.012256278780363747,0.0234468909148501,0.0292407444188933,0.02868461074081039,0.032336050740448645,0.012645767813453512,0.012256278780363747,0.0234468909148501,0.27482610896447995,0.4375355485042772,0.5318992828675974,0.8468076244844138,0.5318992828675974,814160,203540,81416,122124,0.75,,,,,,,,,0.0073577479171988164,12
bayesfl_observability_v1,vi_sparse_bayesian_keep010_seed42,182,vi,22,1,18,,5,256,26.463400459289552,0.5114486482408311,0.8233624329591179,0.8233624329591179,,,0.5189926205500711,0.003134429454803467,0.9999567688339017,0.5189926205500711,,-0.0,2.3277319754160017,26.463400459289552,14.820523793264123,0.8233624329591179,0.0001456276289010919,0.5114486482408311,0.8233624329591179,0.000625,55.81515469023338,0.09737254537278149,0.09824108704924583,0.10599909648299218,0.1287383884191513,1.445028777955423,1.214919758439115,2.97995999686588,,,,,,,,,,,,,,,,,,1,update_snr,bayesian,0.1,20,101770,10177,0.1,0.0265002741350845,0.014414321724366363,0.013989149330519418,0.0264988812808463,0.014414321724366363,0.013989149330519418,0.0264988812808463,0.02926193845954768,0.028680246444095843,0.03241208260985106,0.012764586531568442,0.01248274294160142,0.023409017251602014,0.02926193845954768,0.028680246444095843,0.03241208260985106,0.012764586531568442,0.01248274294160142,0.023409017251602014,0.27483266232050846,0.4402503241421311,0.5295502314256765,0.8482785818332399,0.5295502314256765,814160,203540,81416,122124,0.75,,,,,,,,,0.007358393252526703,18
bayesfl_observability_v1,vi_sparse_bayesian_keep010_seed42,182,vi,23,1,73,,5,256,27.46677417755127,0.14782848096873663,0.20172181950532111,0.20172181950532111,,,0.5173299001276067,0.0031364087481051683,0.9999570437729807,0.5173299001276067,,-0.0,2.185987945410232,27.46677417755127,14.72569282388844,0.20172181950532111,0.00014469581236011044,0.14782848096873663,0.20172181950532111,0.000625,55.81411195881479,0.09737125768041528,0.09823515266180038,0.10599734261631966,0.12897227704524994,1.4450671428018664,1.2147360401940572,2.981487381073656,,,,,,,,,,,,,,,,,,1,update_snr,bayesian,0.1,20,101770,10177,0.1,0.02645171113862522,0.014349097262965455,0.013858318939751986,0.026451620053343602,0.014349097262965455,0.013858318939751986,0.026451620053343602,0.029215414581749016,0.028690414031876013,0.03225662870793673,0.012697284227545064,0.012355231886199351,0.023381072117089483,0.029215414581749016,0.028690414031876013,0.03225662870793673,0.012697284227545064,0.012355231886199351,0.023381072117089483,0.2747810357573174,0.4383213523822168,0.531152434238846,0.8472762782010061,0.531152434238846,814160,203540,81416,122124,0.75,,,,,,,,,0.007358027313859683,73
bayesfl_observability_v1,vi_sparse_bayesian_keep010_seed42,182,vi,61,4,19,,5,256,15.636030411720276,0.016201732974303395,0.7730832627159774,0.7730832627159774,,,0.5167165724666579,0.0031347572803497314,0.9999571482584811,0.5167165724666579,,0.19144408195771734,2.068951449990993,15.636030411720276,14.68858199160357,0.7730832627159774,0.0001443311584121408,0.016201732974303395,0.7730832627159774,0.000625,55.8157375182884,0.09737194011373511,0.09823130443692207,0.10600367709994316,0.12876206636428833,1.445093325399894,1.2165160179927492,2.9810557174513077,,,,,,,,,,,,,,,,,,1,update_snr,bayesian,0.1,20,101770,10177,0.1,0.026427876625301334,0.014332785609855282,0.01388126130979686,0.026427542381770804,0.014332785609855282,0.01388126130979686,0.026427542381770804,0.029165900280242168,0.028594453957431643,0.032260821773167546,0.012684661757590076,0.01236989392080522,0.023330996513065878,0.029165900280242168,0.028594453957431643,0.032260821773167546,0.012684661757590076,0.01236989392080522,0.023330996513065878,0.2743273884360389,0.43788183362130206,0.5309049545797959,0.8474313713821462,0.5309049545797959,814160,203540,81416,122124,0.75,,,,,,,,,0.007357570487624507,19
bayesfl_observability_v1,vi_sparse_bayesian_keep010_seed42,182,vi,252,20,1,,5,256,8.307378602027892,1.7881377516459906e-06,14.605928613638097,14.605928613638097,,,0.5152387448614616,0.003136575222015381,0.999957388458385,0.5152387448614616,,-0.0,2.28098669344155,8.307378602027892,14.605928613638097,14.605928613638097,0.00014351899983922666,1.7881377516459906e-06,14.605928613638097,0.000625,55.81241725780437,0.09737234261211594,0.0982418805360794,0.10599514544010162,0.12895748019218445,1.4450121586277347,1.2149762857166642,2.981302890882464,,,,,,,,,,,,,,,,,,1,update_snr,bayesian,0.1,20,101770,10177,0.1,0.026419176558134333,0.014267985196687495,0.013763912545223944,0.026418774156294945,0.014267985196687495,0.013763912545223944,0.026418774156294945,0.029182643268485523,0.028616726842437788,0.03232039315078951,0.012610800966487713,0.012280367683608845,0.023299707469635476,0.029182643268485523,0.028616726842437788,0.03232039315078951,0.012610800966487713,0.012280367683608845,0.023299707469635476,0.27458129124827846,0.4359771538771756,0.5329205033330877,0.846165313119847,0.5329205033330877,814160,203540,81416,122124,0.75,,,,,,,,,0.007358021944074051,1
bayesfl_observability_v1,vi_sparse_bayesian_keep010_seed42,182,vi,257,20,22,,5,256,34.70414342880249,0.3852450197393244,0.6734616452196108,0.6734616452196108,,,0.5192096034402419,0.003136858344078064,0.9999567342089258,0.5192096034402419,,-0.0,2.259365973874069,34.70414342880249,14.816156194831438,0.6734616452196108,0.00014558471253641974,0.3852450197393244,0.6734616452196108,0.000625,55.81597521039703,0.09737144174248089,0.09824459999799728,0.10599847137928009,0.1291319876909256,1.4450985593602945,1.2148520126432665,2.9807912786474406,,,,,,,,,,,,,,,,,,1,update_snr,bayesian,0.1,20,101770,10177,0.1,0.02648667710000624,0.01440834118018066,0.013953850989374605,0.026486538140684846,0.01440834118018066,0.013953850989374605,0.026486538140684846,0.029221376233790668,0.028685055990096856,0.03231098274674998,0.012762448396446214,0.012470766091191517,0.02345886986270853,0.029221376233790668,0.028685055990096856,0.03231098274674998,0.012762448396446214,0.012470766091191517,0.02345886986270853,0.27481756028331794,0.4405155171665333,0.5292998404929309,0.8484348406649496,0.5292998404929309,814160,203540,81416,122124,0.75,,,,,,,,,0.0073573947681768274,22
bayesfl_observability_v1,vi_sparse_bayesian_keep010_seed42,182,vi,266,21,1,,5,256,12.567063045501708,2.059264898300171,14.669218361218682,14.669218361218682,,,0.5162869227787892,0.0031356215476989746,0.9999572147036517,0.5162869227787892,,-0.0,2.185987945410232,12.567063045501708,14.669218361218682,14.669218361218682,0.00014414088986163586,2.059264898300171,14.669218361218682,0.000625,55.812164224094474,0.0973724574460837,0.09824424237012863,0.10599695146083832,0.12893420457839966,1.4449383052379616,1.2156498921531438,2.98041044411486,,,,,,,,,,,,,,,,,,1,update_snr,bayesian,0.1,20,101770,10177,0.1,0.02640093331559998,0.014320129705970065,0.013821022794212205,0.026400864261483557,0.014320129705970065,0.013821022794212205,0.026400864261483557,0.029177985664836738,0.028588593674593845,0.0323559587058004,0.012669256821651544,0.012316954159740776,0.02333632944688841,0.029177985664836738,0.028588593674593845,0.0323559587058004,0.012669256821651544,0.012316954159740776,0.02333632944688841,0.2742990686967072,0.4373925097032534,0.5312919165574812,0.8471888215744343,0.5312919165574812,814160,203540,81416,122124,0.75,,,,,,,,,0.007357795811593228,1
bayesfl_observability_v1,vi_sparse_bayesian_keep010_seed42,182,vi,193,15,1,,5,256,3.815468692779541,0.012368994764983654,14.764996487399088,14.764996487399088,,,0.5180804373616318,0.0031313449144363403,0.9999569242466005,0.5180804373616318,,-0.0,2.3163460082440825,3.815468692779541,14.764996487399088,14.764996487399088,0.0001450820132396491,0.012368994764983654,14.764996487399088,0.000625,55.81692705224844,0.09737197334726327,0.09823877736926079,0.10600710138678551,0.1287940889596939,1.445086925175571,1.2160149512703544,2.979550639320054,,,,,,,,,,,,,,,,,,1,update_snr,bayesian,0.1,20,101770,10177,0.1,0.02647873989381306,0.014356029752135737,0.013895321361671514,0.026478500334134597,0.014356029752135737,0.013895321361671514,0.026478500334134597,0.029235764935796275,0.028699372651249184,0.03232839759821306,0.012702725842840124,0.012375558506785808,0.02344799082122073,0.029235764935796275,0.028699372651249184,0.03232839759821306,0.012702725842840124,0.012375558506785808,0.02344799082122073,0.2748102742310116,0.4391886300371356,0.5304393959179506,0.847722859936076,0.5304393959179506,814160,203540,81416,122124,0.75,,,,,,,,,0.007357344835705285,1
bayesfl_observability_v1,vi_sparse_bayesian_keep010_seed42,183,vi,121,9,1,,5,256,3.358962059020996,0.00040844682371243834,14.742237720284908,14.742237720284908,,,0.5179250469000851,0.0031313449144363403,0.9999569745586728,0.5179250469000851,,-0.0,2.28098669344155,3.358962059020996,14.742237720284908,14.742237720284908,0.0001448583838094223,0.00040844682371243834,14.742237720284908,0.000625,55.83313213933783,0.09744263194088496,0.0983140729367733,0.10606322288513184,0.12875768542289734,1.4445408912277662,1.2154784146963937,2.980818552079516,,,,,,,,,,,,,,,,,,1,update_snr,bayesian,0.1,20,101770,10177,0.1,0.02645076165267449,0.014362322420556161,0.013892058185572358,0.026450293724838352,0.014362322420556161,0.013892058185572358,0.026450293724838352,0.029206436027267302,0.02865651433556588,0.032270570676600836,0.012712976464254924,0.012426060730861726,0.023431669223426918,0.029206436027267302,0.02865651433556588,0.032270570676600836,0.012712976464254924,0.012426060730861726,0.023431669223426918,0.27476176761966914,0.4390356765240957,0.5305048853385044,0.8476818782019471,0.5305048853385044,814160,203540,81416,122124,0.75,,,,,,,,,0.007352264727140674,1
bayesfl_observability_v1,vi_sparse_bayesian_keep010_seed42,183,vi,10,0,11,,5,256,51.24731416702271,1.5395407243208452,1.34267702420573,1.34267702420573,,,0.518526574224175,0.0031325146555900574,0.9999568698247012,0.518526574224175,,-0.0,2.3163460082440825,51.24731416702271,14.76944726626303,1.34267702420573,0.00014512574694176115,1.5395407243208452,1.34267702420573,0.000625,55.83007819031996,0.09744315948943129,0.09831881895661354,0.10606227740645409,0.12910276651382446,1.4444306835708802,1.2146148050614443,2.979151203895814,,,,,,,,,,,,,,,,,,1,update_snr,bayesian,0.1,20,101770,10177,0.1,0.02646808663612408,0.014365443471370238,0.013896089010886917,0.026467686595608938,0.014365443471370238,0.013896089010886917,0.026467686595608938,0.029257060108374876,0.02867970283566943,0.032384106383947155,0.012710819400591943,0.012400320604135298,0.02342553463113322,0.029257060108374876,0.02867970283566943,0.032384106383947155,0.012710819400591943,0.012400320604135298,0.02342553463113322,0.27512677013334713,0.43951685807560487,0.5305933848134876,0.8476264861318142,0.5305933848134876,814160,203540,81416,122124,0.75,,,,,,,,,0.00735257666397269,11
bayesfl_observability_v1,vi_sparse_bayesian_keep010_seed42,183,vi,291,23,1,,5,256,2.9197646379470825,0.0,14.779200849368118,14.779200849368118,,,0.51870001424091,0.0031349211931228638,0.9999568426856102,0.51870001424091,,-0.0,2.3096097079310103,2.9197646379470825,14.779200849368118,14.779200849368118,0.00014522158641415073,0.0,14.779200849368118,0.000625,55.83142581072446,0.0974418920654336,0.09831026941537857,0.10606031045317652,0.12925724685192108,1.444456001237668,1.2150737071244684,2.9788142299057014,,,,,,,,,,,,,,,,,,1,update_snr,bayesian,0.1,20,101770,10177,0.1,0.026519748170829048,0.014377127321293776,0.013917115065912162,0.026519655951341356,0.014377127321293776,0.013917115065912162,0.026519655951341356,0.029218443485739046,0.028651710730795817,0.03235993290593073,0.012728092191910968,0.012377517749887487,0.023488324619728662,0.029218443485739046,0.028651710730795817,0.03235993290593073,0.012728092191910968,0.012377517749887487,0.023488324619728662,0.27495265620004566,0.43983035550318683,0.5300802942957777,0.8479474521450617,0.5300802942957777,814160,203540,81416,122124,0.75,,,,,,,,,0.007352716746228427,1
bayesfl_observability_v1,vi_sparse_bayesian_keep010_seed42,183,vi,158,12,58,,5,256,50.75215377807617,0.08766848465491986,0.2540677038155015,0.2540677038155015,,,0.518041153624541,0.0031335055828094482,0.9999569538979524,0.518041153624541,,-0.0,2.3292713582565514,50.75215377807617,14.735926821299085,0.2540677038155015,0.00014479637242113672,0.08766848465491986,0.2540677038155015,0.000625,55.83242130532214,0.09744289218863295,0.09831218048930168,0.10606347769498825,0.128952294588089,1.4444894173225649,1.2147436728584888,2.9799684644714977,,,,,,,,,,,,,,,,,,1,update_snr,bayesian,0.1,20,101770,10177,0.1,0.026445540844956962,0.014350297695409395,0.013879807830542865,0.02644408224594151,0.014350297695409395,0.013879807830542865,0.02644408224594151,0.029195923542346184,0.028631174847894323,0.032269420100598474,0.012700783712416421,0.012382902710981176,0.023411621748853462,0.029195923542346184,0.028631174847894323,0.032269420100598474,0.012700783712416421,0.012382902710981176,0.023411621748853462,0.27493084958176617,0.4390668113133735,0.530712372285826,0.8475519912682353,0.530712372285826,814160,203540,81416,122124,0.75,,,,,,,,,0.0073527355060384395,58
bayesfl_observability_v1,vi_sparse_bayesian_keep010_seed42,183,vi,82,6,1,,5,256,2.0515026092529296,2.372236667724792e-05,14.79748281953291,14.79748281953291,,,0.5190872611035731,0.0031326785683631897,0.9999567768536177,0.5190872611035731,,-0.0,2.3155014849272724,2.0515026092529296,14.79748281953291,14.79748281953291,0.00014540122648651774,2.372236667724792e-05,14.79748281953291,0.000625,55.830396359818195,0.09744317721452139,0.09831304475665092,0.10606266930699348,0.12887677550315857,1.4443903121052861,1.2151680780762666,2.980119024620812,,,,,,,,,,,,,,,,,,1,update_snr,bayesian,0.1,20,101770,10177,0.1,0.026449968406991316,0.014409693928465299,0.014007085820032187,0.026449883451215354,0.014409693928465299,0.014007085820032187,0.026449883451215354,0.029206112804050357,0.028648985730251483,0.03234393235560319,0.012765647386733628,0.012485429147265316,0.023405626488123197,0.029206112804050357,0.028648985730251483,0.03234393235560319,0.012765647386733628,0.012485429147265316,0.023405626488123197,0.27488640560660016,0.44032834186853426,0.5295572174554911,0.8482742206626332,0.5295572174554911,814160,203540,81416,122124,0.75,,,,,,,,,0.00735207784359556,1
bayesfl_observability_v1,vi_sparse_bayesian_keep010_seed42,183,vi,233,18,90,,5,256,26.211032485961915,0.012806532118055556,0.1630975241991931,0.1630975241991931,,,0.5168444292864584,0.003133833408355713,0.9999571516177359,0.5168444292864584,,-0.0,2.3096097079310103,26.211032485961915,14.678777177927378,0.1630975241991931,0.00014423481554414245,0.012806532118055556,0.1630975241991931,0.000625,55.83187436097238,0.09744181610908152,0.09831074252724648,0.10606207996606827,0.1291482299566269,1.4444660049403086,1.2150047766646108,2.980701196823974,,,,,,,,,,,,,,,,,,1,update_snr,bayesian,0.1,20,101770,10177,0.1,0.02646399980954674,0.014308548779342319,0.013793596690632955,0.026463949334612727,0.014308548779342319,0.013793596690632955,0.026463949334612727,0.02917974540238033,0.028595985784552812,0.0322639637967512,0.012656193599004759,0.012310884955925751,0.023408432903702866,0.02917974540238033,0.028595985784552812,0.0322639637967512,0.012656193599004759,0.012310884955925751,0.023408432903702866,0.27430198179400306,0.43804861244880955,0.5307244622384671,0.8475444207719677,0.5307244622384671,814160,203540,81416,122124,0.75,,,,,,,,,0.00735345709280848,90
bayesfl_observability_v1,vi_sparse_bayesian_keep010_seed42,183,vi,197,15,49,,5,256,87.46622486114502,0.43559813986019214,0.30380984789452414,0.30380984789452414,,,0.520650791412777,0.003136947751045227,0.9999565156297492,0.520650791412777,,-0.0,2.259365973874069,87.46622486114502,14.886682546831684,0.30380984789452414,0.00014627771000129395,0.43559813986019214,0.30380984789452414,0.000625,55.82999028063058,0.09744221012776892,0.09831301495432854,0.10605812817811966,0.12899735569953918,1.4443962782502706,1.2150283660465473,2.9797365050651554,,,,,,,,,,,,,,,,,,1,update_snr,bayesian,0.1,20,101770,10177,0.1,0.026564471865462732,0.01444224819653573,0.01400932803330188,0.026564143323178264,0.01444224819653573,0.01400932803330188,0.026564143323178264,0.02930304933653079,0.028728229843073567,0.032445854378767895,0.012791048069869613,0.012534710902030755,0.023493874757038662,0.02930304933653079,0.028728229843073567,0.032445854378767895,0.012791048069869613,0.012534710902030755,0.023493874757038662,0.2754515042841666,0.4418186453584106,0.5290523107373633,0.848589213049198,0.5290523107373633,814160,203540,81416,122124,0.75,,,,,,,,,0.00735230539534093,49
bayesfl_observability_v1,vi_sparse_bayesian_keep010_seed42,183,vi,93,7,45,,5,256,15.649908828735352,0.11503336164686415,0.32881581183612424,0.32881581183612424,,,0.5188948649476706,0.003137648105621338,0.9999568081563626,0.5188948649476706,,-0.0,2.3096097079310103,15.649908828735352,14.796711532625592,0.32881581183612424,0.0001453936477608882,0.11503336164686415,0.32881581183612424,0.000625,55.82969902761727,0.09744239605438315,0.09831129759550095,0.10605725646018982,0.12894675135612488,1.4443931380541988,1.2147993050471029,2.9781366147795496,,,,,,,,,,,,,,,,,,1,update_snr,bayesian,0.1,20,101770,10177,0.1,0.02647848210180195,0.014399381649773712,0.013914104883229906,0.026478248426497795,0.014399381649773712,0.013914104883229906,0.026478248426497795,0.029218917895055777,0.02866162941798093,0.032325939593643355,0.012752766511409039,0.012439206993186567,0.02344222610791396,0.029218917895055777,0.02866162941798093,0.032325939593643355,0.012752766511409039,0.012439206993186567,0.02344222610791396,0.27500399638391554,0.4400280477900661,0.5299801847367465,0.848010025758189,0.5299801847367465,814160,203540,81416,122124,0.75,,,,,,,,,0.007352651561165437,45
bayesfl_observability_v1,vi_sparse_bayesian_keep010_seed42,183,vi,95,7,18,,5,256,36.07014141082764,1.0085244708591037,0.8191596920586393,0.8191596920586393,,,0.5181701128910831,0.0031378865242004395,0.9999569358980162,0.5181701128910831,,-0.0,2.28098669344155,36.07014141082764,14.744874457055507,0.8191596920586393,0.0001448842925916823,1.0085244708591037,0.8191596920586393,0.000625,55.83407693769161,0.0974428752064046,0.0983077697455883,0.10606186762452126,0.1286841481924057,1.4445334985588485,1.215869308604861,2.980918117836424,,,,,,,,,,,,,,,,,,1,update_snr,bayesian,0.1,20,101770,10177,0.1,0.02645225304520946,0.01435700208600082,0.013907747784003228,0.026452119742448918,0.01435700208600082,0.013907747784003228,0.026452119742448918,0.02919538744628307,0.028627254347827258,0.03229307477898981,0.012708292601525015,0.012404149949970928,0.023411513052594583,0.02919538744628307,0.028627254347827258,0.03229307477898981,0.012708292601525015,0.012404149949970928,0.023411513052594583,0.27474508479992144,0.4393351844228298,0.5302217900353345,0.8478589820080495,0.5302217900353345,814160,203540,81416,122124,0.75,,,,,,,,,0.007351940695773721,18
bayesfl_observability_v1,vi_sparse_bayesian_keep010_seed42,183,vi,245,19,178,,5,256,127.98446311950684,0.0800280731715513,0.08555496190356697,0.08555496190356697,,,0.5268698418263211,0.0031342492438852787,0.9999554758298284,0.5268698418263211,,-0.0,2.185987945410232,127.98446311950684,15.228783218834922,0.08555496190356697,0.00014963921802923182,0.0800280731715513,0.08555496190356697,0.000625,55.83328925369951,0.09744195834917212,0.09830465167760849,0.1060539074242115,0.12924891710281372,1.4445099344344716,1.2150725995911307,2.9816556361855797,,,,,,,,,,,,,,,,,,1,update_snr,bayesian,0.1,20,101770,10177,0.1,0.02677979484671972,0.01463731762223414,0.014295395665306083,0.02677938511728983,0.01463731762223414,0.014295395665306083,0.02677938511728983,0.029444514883464532,0.028872009547839278,0.03250885474356411,0.01299207348209743,0.012779966468342244,0.023794468380965845,0.029444514883464532,0.028872009547839278,0.03250885474356411,0.01299207348209743,0.012779966468342244,0.023794468380965845,0.27661866046885863,0.4484126970844013,0.5250227637057351,0.851088184379734,0.5250227637057351,814160,203540,81416,122124,0.75,,,,,,,,,0.007352201508608422,178
bayesfl_observability_v1,vi_sparse_bayesian_keep010_seed42,183,vi,249,19,1,,5,256,5.647882580757141,0.006368106231093407,14.701708356280852,14.701708356280852,,,0.5171276113443867,0.003130577504634857,0.9999571037316808,0.5171276113443867,,-0.0,2.3163460082440825,5.647882580757141,14.701708356280852,14.701708356280852,0.00014446013910072568,0.006368106231093407,14.701708356280852,0.000625,55.83127611596694,0.09744320403291444,0.09831244498491287,0.10605876669287681,0.1290825456380844,1.4444352053982223,1.2152547478889546,2.9799513804283406,,,,,,,,,,,,,,,,,,1,update_snr,bayesian,0.1,20,101770,10177,0.1,0.02645740874326056,0.01433750307965553,0.013823566236015808,0.026457375113896533,0.01433750307965553,0.013823566236015808,0.026457375113896533,0.029210297720475276,0.028639295181674802,0.03237007026955877,0.012684970341786672,0.012333642411580466,0.023365510185698744,0.029210297720475276,0.028639295181674802,0.03237007026955877,0.012684970341786672,0.012333642411580466,0.023365510185698744,0.27456980285148125,0.43821500405263375,0.5309517357575954,0.8474020617723307,0.5309517357575954,814160,203540,81416,122124,0.75,,,,,,,,,0.00735240558742725,1
bayesfl_observability_v1,vi_sparse_bayesian_keep010_seed42,183,vi,48,3,1,,5,256,6.310280990600586,0.0008299481705762446,14.670698764459496,14.670698764459496,,,0.5165299311995846,0.003133833408355713,0.9999572005992776,0.5165299311995846,,-0.0,2.3292713582565514,6.310280990600586,14.670698764459496,14.670698764459496,0.00014415543641996164,0.0008299481705762446,14.670698764459496,0.000625,55.82927541268488,0.09744247807504808,0.09831348434090614,0.1060621827840805,0.12892082333564758,1.444420646126121,1.2148307595523176,2.978920240878592,,,,,,,,,,,,,,,,,,1,update_snr,bayesian,0.1,20,101770,10177,0.1,0.026384387827323413,0.014312173283418625,0.013850664262570946,0.026384111881657204,0.014312173283418625,0.013850664262570946,0.026384111881657204,0.029183702033533824,0.02861448574842143,0.03229794269937739,0.01265978120007249,0.012368152993647042,0.023339802580669776,0.029183702033533824,0.02861448574842143,0.03229794269937739,0.01265978120007249,0.012368152993647042,0.023339802580669776,0.2743296092815488,0.437660182443503,0.5311010896202049,0.8473084636684749,0.5311010896202049,814160,203540,81416,122124,0.75,,,,,,,,,0.007352873084987451,1
bayesfl_observability_v1,vi_sparse_bayesian_keep010_seed42,183,vi,23,1,73,,5,256,75.63542461395264,0.14884776285249893,0.20401856334135213,0.20401856334135213,,,0.5207569784799246,0.003135278820991516,0.9999565030920383,0.5207569784799246,,-0.0,2.185987945410232,75.63542461395264,14.893355123918704,0.20401856334135213,0.00014634327526696182,0.14884776285249893,0.20401856334135213,0.000625,55.833305627504856,0.09744249736580701,0.09830809384584427,0.1060654416680336,0.12911511957645416,1.4445880380744334,1.2148673053172971,2.980181737616092,,,,,,,,,,,,,,,,,,1,update_snr,bayesian,0.1,20,101770,10177,0.1,0.026569527653097585,0.014443233056850911,0.013970683838832485,0.026569256700898117,0.014443233056850911,0.013970683838832485,0.026569256700898117,0.029291235515093907,0.028699517493099232,0.03243302653811159,0.01279345500593502,0.012465211343471337,0.023536284684447555,0.029291235515093907,0.028699517493099232,0.03243302653811159,0.01279345500593502,0.012465211343471337,0.023536284684447555,0.27533402785984623,0.44201697222845887,0.5287188443706289,0.8487970214411611,0.5287188443706289,814160,203540,81416,122124,0.75,,,,,,,,,0.007352446111901124,73
bayesfl_observability_v1,vi_sparse_bayesian_keep010_seed42,183,vi,276,22,1,,5,256,9.522852611541747,2.8121628761291504,14.707069079092896,14.707069079092896,,,0.517492428259327,0.0031281020492315292,0.9999570415901594,0.517492428259327,,-0.0,2.311121424016332,9.522852611541747,14.707069079092896,14.707069079092896,0.0001445128139834224,2.8121628761291504,14.707069079092896,0.000625,55.829981502382026,0.09744330232556102,0.09831352904438972,0.10605430081486703,0.1292475014925003,1.4443903788986523,1.2145780485748967,2.9804892768768974,,,,,,,,,,,,,,,,,,1,update_snr,bayesian,0.1,20,101770,10177,0.1,0.026384060879347766,0.014346403539224178,0.013891377623305619,0.02638404529845326,0.014346403539224178,0.013891377623305619,0.02638404529845326,0.029144195868532154,0.028592825362716675,0.032185590696841695,0.01270220439152329,0.012382527938918102,0.023396151205492495,0.029144195868532154,0.028592825362716675,0.032185590696841695,0.01270220439152329,0.012382527938918102,0.023396151205492495,0.2743442559217548,0.43878655693682483,0.5301415845726632,0.8479091344635851,0.5301415845726632,814160,203540,81416,122124,0.75,,,,,,,,,0.007352667703858017,1
bayesfl_observability_v1,vi_sparse_bayesian_keep010_seed42,183,vi,31,2,1,,5,256,13.489158630371094,0.014514222741127014,14.685294612186217,14.685294612186217,,,0.5171326197863431,0.0031375885009765625,0.9999571009712659,0.5171326197863431,,-0.0,2.3163460082440825,13.489158630371094,14.685294612186217,14.685294612186217,0.00014429885636421555,0.014514222741127014,14.685294612186217,0.000625,55.82963482473518,0.09744282755039876,0.09831222519278526,0.10605402663350105,0.12902407348155975,1.444395269231727,1.2153599304991674,2.9809966343705456,,,,,,,,,,,,,,,,,,1,update_snr,bayesian,0.1,20,101770,10177,0.1,0.026439170842003923,0.014327987739644886,0.013829095258833454,0.0264390992009018,0.014327987739644886,0.013829095258833454,0.0264390992009018,0.02917860369949943,0.028676988942377534,0.032211835496726265,0.012677919299661044,0.012379747284571075,0.0233677002943022,0.02917860369949943,0.028676988942377534,0.032211835496726265,0.012677919299661044,0.012379747284571075,0.0233677002943022,0.27492993118009845,0.43799506776719854,0.5316429880089322,0.8469685550839149,0.5316429880089322,814160,203540,81416,122124,0.75,,,,,,,,,0.007351960141078508,1
bayesfl_observability_v1,vi_sparse_bayesian_keep010_seed42,184,vi,0,0,1,,5,256,6.711723709106446,0.0015068616485223174,14.660065360012167,14.660065360012167,,,0.5168983586268833,0.0031331591308116913,0.9999571452728009,0.5168983586268833,,-0.0,2.28098669344155,6.711723709106446,14.660065360012167,14.660065360012167,0.00014405095175407456,0.0015068616485223174,14.660065360012167,0.000625,55.83357393135058,0.09749207684320534,0.09836003184318542,0.10611692517995834,0.1289130449295044,1.4438307732022284,1.2136741933089286,2.9784289134890907,,,,,,,,,,,,,,,,,,1,update_snr,bayesian,0.1,20,101770,10177,0.1,0.026397408801543495,0.01431314704239011,0.013854674366630968,0.026397228683894658,0.01431314704239011,0.013854674366630968,0.026397228683894658,0.029150450336407927,0.028603809636609794,0.03222830950767293,0.012664557787499238,0.01236534067250126,0.02335224747729349,0.029150450336407927,0.028603809636609794,0.03222830950767293,0.012664557787499238,0.01236534067250126,0.02335224747729349,0.27470578149463015,0.43785916316161594,0.5314502878754992,0.8470894825914492,0.5314502878754992,814160,203540,81416,122124,0.75,,,,,,,,,0.007347054413438251,1
bayesfl_observability_v1,vi_sparse_bayesian_keep010_seed42,184,vi,145,11,1,,5,256,5.290186907351017,0.0012513910187408328,14.717744986715008,14.717744986715008,,,0.5177868659609327,0.0031363144516944885,0.9999569952346963,0.5177868659609327,,-0.0,2.3096097079310103,5.290186907351017,14.717744986715008,14.717744986715008,0.00014461771628883767,0.0012513910187408328,14.717744986715008,0.000625,55.83150252410856,0.09749218852449473,0.09836326912045479,0.10610610246658325,0.12885600328445435,1.4436648876211324,1.2139289977864824,2.977180787963819,,,,,,,,,,,,,,,,,,1,update_snr,bayesian,0.1,20,101770,10177,0.1,0.026429649939176122,0.014348595594809515,0.013921732746087698,0.026429336950012143,0.014348595594809515,0.013921732746087698,0.026429336950012143,0.029142697526529145,0.028591649841802513,0.032232771986150766,0.01270480649128511,0.012436618323037692,0.02341194129403143,0.029142697526529145,0.028591649841802513,0.032232771986150766,0.01270480649128511,0.012436618323037692,0.02341194129403143,0.27442534843627536,0.4390830977130341,0.5299967350986862,0.8479996820664106,0.5299967350986862,814160,203540,81416,122124,0.75,,,,,,,,,0.007346108703095462,1
bayesfl_observability_v1,vi_sparse_bayesian_keep010_seed42,184,vi,80,6,1188,,5,256,194.35425872802733,0.08473319878883233,0.06566239269795932,0.06566239269795932,,,1.1909178154546276,0.013070419430732727,0.9997726112417347,1.1909178154546276,,-0.0,2.28098669344155,194.35425872802733,78.00692252517567,0.06566239269795932,0.0007665021374194327,0.08473319878883233,0.06566239269795932,0.000625,55.84762361974037,0.09759545244914915,0.0984702780842781,0.10621971115469933,0.12859272956848145,1.4425949469704262,1.213865010879419,2.9734289795044146,,,,,,,,,,,,,,,,,,1,update_snr,bayesian,0.1,20,101770,10177,0.1,0.06344678284406101,0.031246930449095798,0.027058402966304518,0.06344596585407536,0.031246930449095798,0.027058402966304518,0.06344596585407536,0.07757050635156795,0.07427724024978312,0.09415474630237029,0.026099866459932224,0.024108592602722835,0.05136558894168533,0.07757050635156795,0.07427724024978312,0.09415474630237029,0.026099866459932224,0.024108592602722835,0.05136558894168533,0.7536766924226425,0.9220936430027542,0.6328536550903219,0.7742714325343677,0.6328536550903219,814160,203540,81416,122124,0.75,,,,,,,,,0.00736147572525369,1188
bayesfl_observability_v1,vi_sparse_bayesian_keep010_seed42,184,vi,83,6,1,,5,256,6.159178733825684,0.1765538454055786,14.736624806866043,14.736624806866043,,,0.5183545106093506,0.0031320154666900635,0.9999569021592157,0.5183545106093506,,-0.0,2.259365973874069,6.159178733825684,14.736624806866043,14.736624806866043,0.00014480323088204817,0.1765538454055786,14.736624806866043,0.000625,55.832655007880156,0.09749276779849736,0.09836101904511452,0.10610772371292114,0.12922199070453644,1.4437047482639271,1.213908433521567,2.9772110099526317,,,,,,,,,,,,,,,,,,1,update_snr,bayesian,0.1,20,101770,10177,0.1,0.026479094563266605,0.014357430964464069,0.013880344054651831,0.026478470419589808,0.014357430964464069,0.013880344054651831,0.026478470419589808,0.029194705678937317,0.02867136104290109,0.032183122707925074,0.012708844885078148,0.012425738040878147,0.02342653831004585,0.029194705678937317,0.02867136104290109,0.032183122707925074,0.012708844885078148,0.012425738040878147,0.02342653831004585,0.2748537123621171,0.4394847386085459,0.5302427329879186,0.8478458846473826,0.5302427329879186,814160,203540,81416,122124,0.75,,,,,,,,,0.00734670788715998,1
bayesfl_observability_v1,vi_sparse_bayesian_keep010_seed42,184,vi,179,14,604,,5,256,320.43023379643756,0.10948825671972819,0.08904038259970899,0.08904038259970899,,,0.9907786906788882,0.008688054047524929,0.9998425980355821,0.9907786906788882,,-0.0,2.311121424016332,320.43023379643756,53.78039109022423,0.08904038259970899,0.0005284503398862555,0.10948825671972819,0.08904038259970899,0.000625,55.84329595948899,0.0975591550802709,0.09842640161514282,0.10617668479681015,0.12951745092868805,1.443100802367334,1.2143211110116752,2.974433054311398,,,,,,,,,,,,,,,,,,1,update_snr,bayesian,0.1,20,101770,10177,0.1,0.05263825965586872,0.02642732387042312,0.0235475014727309,0.05263686948981323,0.02642732387042312,0.0235475014727309,0.05263686948981323,0.06205415655750471,0.06009064008674839,0.0726278030941196,0.022468786905191832,0.020935090395821827,0.04360825003622363,0.06205415655750471,0.06009064008674839,0.0726278030941196,0.022468786905191832,0.020935090395821827,0.04360825003622363,0.5984690296011771,0.7896057462503663,0.6040390606211989,0.7969547121661681,0.6040390606211989,814160,203540,81416,122124,0.75,,,,,,,,,0.007355298874588859,604
bayesfl_observability_v1,vi_sparse_bayesian_keep010_seed42,184,vi,180,14,4,,5,256,20.17157154083252,0.7199902534484863,3.683408454014338,3.683408454014338,,,0.5181481745643972,0.00313500314950943,0.9999569366814879,0.5181481745643972,,-0.0,2.3163460082440825,20.17157154083252,14.733633816057353,3.683408454014338,0.0001447738411718321,0.7199902534484863,3.683408454014338,0.000625,55.83282112546617,0.09749192760262916,0.09836051240563393,0.10610029324889184,0.12867534160614014,1.443706555566983,1.215470146413463,2.9788771233825324,,,,,,,,,,,,,,,,,,1,update_snr,bayesian,0.1,20,101770,10177,0.1,0.02644027191035393,0.014356416443007303,0.013914949439692497,0.026440095929195988,0.014356416443007303,0.013914949439692497,0.026440095929195988,0.029204152022006845,0.02867035627082742,0.03226555960925217,0.012706668045340685,0.012411002918321376,0.023414676677027638,0.029204152022006845,0.02867035627082742,0.03226555960925217,0.012706668045340685,0.012411002918321376,0.023414676677027638,0.2747932654714149,0.43927917325542937,0.5303372258378238,0.8477867815026612,0.5303372258378238,814160,203540,81416,122124,0.75,,,,,,,,,0.00734573483076014,4
bayesfl_observability_v1,vi_sparse_bayesian_keep010_seed42,184,vi,253,20,1,,5,256,5.218840765953064,0.002253851620480418,14.710230014647616,14.710230014647616,,,0.5178040416780411,0.0031345784664154053,0.9999569977958745,0.5178040416780411,,-0.0,2.259365973874069,5.218840765953064,14.710230014647616,14.710230014647616,0.00014454387358403867,0.002253851620480418,14.710230014647616,0.000625,55.83512535262084,0.09749198833818525,0.09836429357528687,0.10610293000936508,0.12891201674938202,1.44380653302623,1.2136510057435648,2.976586425275206,,,,,,,,,,,,,,,,,,1,update_snr,bayesian,0.1,20,101770,10177,0.1,0.026417510017452857,0.014340099839107867,0.01383454311471141,0.02641689306789388,0.014340099839107867,0.01383454311471141,0.02641689306789388,0.029212289429742407,0.02862602526364288,0.03238895992912001,0.012687634329037365,0.012359655835165826,0.023372875972651235,0.029212289429742407,0.02862602526364288,0.03238895992912001,0.012687634329037365,0.012359655835165826,0.023372875972651235,0.27496159248853186,0.4387677611610556,0.531014766894185,0.8473625654584434,0.531014766894185,814160,203540,81416,122124,0.75,,,,,,,,,0.007346081895812049,1
bayesfl_observability_v1,vi_sparse_bayesian_keep010_seed42,184,vi,259,20,353,,5,256,103.14371423721313,0.058249345244496806,0.09020102577050612,0.09020102577050612,,,0.7616571894264261,0.006091445684432983,0.9999069628452772,0.7616571894264261,,-0.0,2.185987945410232,103.14371423721313,31.84096209698866,0.09020102577050612,0.00031287179028189705,0.058249345244496806,0.09020102577050612,0.000625,55.83748740197581,0.097535685449619,0.09839866682887077,0.10615577101707459,0.1284293234348297,1.4431124502658277,1.213490777825013,2.976561027921994,,,,,,,,,,,,,,,,,,1,update_snr,bayesian,0.1,20,101770,10177,0.1,0.04012210618414351,0.02053462320761265,0.018724447021554257,0.040122044094001365,0.02053462320761265,0.018724447021554257,0.040122044094001365,0.04661942031353789,0.04542043035602897,0.05395734269605936,0.017636312418065403,0.01670117577791076,0.03372471378300461,0.04661942031353789,0.04542043035602897,0.05395734269605936,0.017636312418065403,0.01670117577791076,0.03372471378300461,0.4478876907632355,0.6160505585321221,0.5880436723777556,0.8088291781188928,0.5880436723777556,814160,203540,81416,122124,0.75,,,,,,,,,0.00735182843800034,353
bayesfl_observability_v1,vi_sparse_bayesian_keep010_seed42,184,vi,95,7,18,,5,256,35.514670753479,0.9587923685709635,0.8190884291639855,0.8190884291639855,,,0.5184738183054951,0.0031330138444900513,0.9999568832884976,0.5184738183054951,,-0.0,2.28098669344155,35.514670753479,14.743591724951738,0.8190884291639855,0.00014487168836544893,0.9587923685709635,0.8190884291639855,0.000625,55.833350305920334,0.09749314718799869,0.09835720434784889,0.10610446482896804,0.1286684274673462,1.4437472690792654,1.2139439965827936,2.97781848090592,,,,,,,,,,,,,,,,,,1,update_snr,bayesian,0.1,20,101770,10177,0.1,0.02647651513140764,0.014351406504441657,0.013901765882613576,0.02647637471075515,0.014351406504441657,0.013901765882613576,0.02647637471075515,0.029173456133058162,0.02862980675116158,0.03224116641686058,0.012704512101262048,0.012415500913174008,0.023418085118334292,0.029173456133058162,0.02862980675116158,0.03224116641686058,0.012704512101262048,0.012415500913174008,0.023418085118334292,0.2749116113107437,0.43958924717832926,0.5302323889935756,0.8478523536926498,0.5302323889935756,814160,203540,81416,122124,0.75,,,,,,,,,0.007346424285452168,18
bayesfl_observability_v1,vi_sparse_bayesian_keep010_seed42,184,vi,69,5,63,,5,256,101.2005160331726,0.7864141312856523,0.23515736562417636,0.23515736562417636,,,0.5195350991717013,0.0031353235244750977,0.9999567112117607,0.5195350991717013,,0.6915136378174996,1.579280430685095,101.2005160331726,14.81491403432311,0.23515736562417636,0.0001455725069698645,0.7864141312856523,0.23515736562417636,0.000625,55.83578114204484,0.09749201650924265,0.09836126863956451,0.10610890612006188,0.12863215804100037,1.4437999825448278,1.2143033464052517,2.9773591162137163,,,,,,,,,,,,,,,,,,1,update_snr,bayesian,0.1,20,101770,10177,0.1,0.02650768426839057,0.01439332159357062,0.013953594593467365,0.026507459172705864,0.01439332159357062,0.013953594593467365,0.026507459172705864,0.029265834723292816,0.028681862706090078,0.032438379184471185,0.012740820134712599,0.012433447018633631,0.023471231331605957,0.029265834723292816,0.028681862706090078,0.032438379184471185,0.012740820134712599,0.012433447018633631,0.023471231331605957,0.2749998880363979,0.4407854136099766,0.5293191710720456,0.8484227808914626,0.5293191710720456,814160,203540,81416,122124,0.75,,,,,,,,,0.007345719302715537,63
bayesfl_observability_v1,vi_sparse_bayesian_keep010_seed42,184,vi,226,18,1,,5,256,3.1447686195373534,0.01035566907376051,14.75472461414189,14.75472461414189,,,0.5185298748533966,0.0031311549246311188,0.9999568751660913,0.5185298748533966,,-0.0,2.259365973874069,3.1447686195373534,14.75472461414189,14.75472461414189,0.00014498108100758465,0.01035566907376051,14.75472461414189,0.000625,55.8340889986307,0.09749282067477809,0.09836052730679512,0.10610649287700653,0.12880054116249084,1.443781835626586,1.2152505998211516,2.9784591980192294,,,,,,,,,,,,,,,,,,1,update_snr,bayesian,0.1,20,101770,10177,0.1,0.02651946746706116,0.014355803302489548,0.013873958964173816,0.026519099842838803,0.014355803302489548,0.013873958964173816,0.026519099842838803,0.029215665926048583,0.028677554978280704,0.03224910999910289,0.012704707455427434,0.01236467901440069,0.023461954280309383,0.029215665926048583,0.028677554978280704,0.03224910999910289,0.012704707455427434,0.01236467901440069,0.023461954280309383,0.2752013689734161,0.43947404659506,0.5307338734363637,0.8475385274943166,0.5307338734363637,814160,203540,81416,122124,0.75,,,,,,,,,0.007346572465609377,1
bayesfl_observability_v1,vi_sparse_bayesian_keep010_seed42,184,vi,101,8,1,,5,256,7.298422002792359,0.08478321135044098,14.662967852297363,14.662967852297363,,,0.5169386813047298,0.003133825957775116,0.999957138295343,0.5169386813047298,,-0.0,2.185987945410232,7.298422002792359,14.662967852297363,14.662967852297363,0.00014407947187085942,0.08478321135044098,14.662967852297363,0.000625,55.8333856370352,0.09749267446963447,0.09835958108305931,0.10610637292265893,0.12904851138591766,1.4437952026388898,1.214502389748254,2.9771183267678882,,,,,,,,,,,,,,,,,,1,update_snr,bayesian,0.1,20,101770,10177,0.1,0.02639398417754068,0.014325012890284037,0.013850734036209678,0.02639371209989115,0.014325012890284037,0.013850734036209678,0.02639371209989115,0.02913738272346263,0.028613768468552736,0.032228103215802044,0.012679194019930857,0.012371372610890512,0.0233420486259201,0.02913738272346263,0.028613768468552736,0.032228103215802044,0.012679194019930857,0.012371372610890512,0.0233420486259201,0.27432237561057804,0.4381470466275471,0.530667147829218,0.8475803078262278,0.530667147829218,814160,203540,81416,122124,0.75,,,,,,,,,0.007346302317514472,1
bayesfl_observability_v1,vi_sparse_bayesian_keep010_seed42,184,vi,215,17,2060,,5,256,113.7272600862715,0.038059296590152863,0.05133961103725765,0.05133961103725765,,,1.3840857290244126,0.01921665668487549,0.9996929663300527,1.3840857290244126,,-0.0,2.185987945410232,113.7272600862715,105.75959873675076,0.05133961103725765,0.001039202110020151,0.038059296590152863,0.05133961103725765,0.000625,55.857199888856194,0.09764240669635467,0.09851586073637009,0.10630080848932266,0.12919370830059052,1.4422534611393187,1.2134868082345014,2.9763397149877773,,,,,,,,,,,,,,,,,,1,update_snr,bayesian,0.1,20,101770,10177,0.1,0.07348950237237126,0.03589059588830742,0.030629441796504717,0.07348687014221443,0.03589059588830742,0.030629441796504717,0.07348687014221443,0.09170519180935595,0.08714431339731218,0.11356085601984138,0.029688974119302027,0.02712722853201795,0.05909403521344551,0.09170519180935595,0.08714431339731218,0.11356085601984138,0.029688974119302027,0.02712722853201795,0.05909403521344551,0.8972170338308123,1.053895108392141,0.6482380498664813,0.7614377392179241,0.6482380498664813,814160,203540,81416,122124,0.75,,,,,,,,,0.007370661147075297,2060
bayesfl_observability_v1,vi_sparse_bayesian_keep010_seed42,184,vi,193,15,1,,5,256,6.335460233688354,0.03032974898815155,14.70486196154449,14.70486196154449,,,0.517577067551437,0.0031365901231765747,0.9999570307835535,0.517577067551437,,-0.0,2.3163460082440825,6.335460233688354,14.70486196154449,14.70486196154449,0.000144491126673327,0.03032974898815155,14.70486196154449,0.000625,55.83219261883108,0.09749289553557929,0.09836449474096298,0.10610934272408486,0.12910236418247223,1.4437205427590845,1.2148034579793594,2.9775671743777363,,,,,,,,,,,,,,,,,,1,update_snr,bayesian,0.1,20,101770,10177,0.1,0.026435992911263983,0.014339352922695897,0.01383365319668535,0.026435619081489142,0.014339352922695897,0.01383365319668535,0.026435619081489142,0.02918675274816148,0.028629621221309107,0.03229473916042927,0.012689641830977504,0.012348512573928334,0.02338838664807195,0.02918675274816148,0.028629621221309107,0.03229473916042927,0.012689641830977504,0.012348512573928334,0.02338838664807195,0.2748804134884472,0.438550771445639,0.5310907896071526,0.8473149197284628,0.5310907896071526,814160,203540,81416,122124,0.75,,,,,,,,,0.007345409538680612,1
bayesfl_observability_v1,vi_sparse_bayesian_keep010_seed42,184,vi,265,21,1,,5,256,4.072759342193604,1.6689286894688848e-06,14.72037210895748,14.72037210895748,,,0.5178743672003178,0.003134004771709442,0.9999569865209379,0.5178743672003178,,-0.0,2.259365973874069,4.072759342193604,14.72037210895748,14.72037210895748,0.00014464353059799037,1.6689286894688848e-06,14.72037210895748,0.000625,55.83531867224439,0.09749292113455015,0.09836620464920998,0.10609860345721245,0.12912653386592865,1.4437743640259317,1.214814770346474,2.97969641438169,,,,,,,,,,,,,,,,,,1,update_snr,bayesian,0.1,20,101770,10177,0.1,0.026444900294261945,0.014337558933088895,0.01387066944364657,0.026444188744525532,0.014337558933088895,0.01387066944364657,0.026444188744525532,0.02918592470856726,0.028591831544952356,0.032295533958926294,0.012687740513591297,0.012352870894824269,0.02340336178642756,0.02918592470856726,0.028591831544952356,0.032295533958926294,0.012687740513591297,0.012352870894824269,0.02340336178642756,0.2746713265072961,0.4390324846726628,0.5303821619753022,0.8477586698220221,0.5303821619753022,814160,203540,81416,122124,0.75,,,,,,,,,0.007345583818535024,1
bayesfl_observability_v1,vi_sparse_bayesian_keep010_seed42,185,vi,281,22,9,,5,256,5.8844132959842685,0.01518062088224623,1.6347506305266701,1.6347506305266701,,,0.5179593860181153,0.003135181963443756,0.9999569978499807,0.5179593860181153,,-0.0,2.3096097079310103,5.8844132959842685,14.71275567474003,1.6347506305266701,0.00014456869091814906,0.01518062088224623,1.6347506305266701,0.000625,55.85218435364625,0.09757407372346108,0.09844538196921349,0.1061856247484684,0.1287364512681961,1.443249989615478,1.213644662469429,2.977757567228413,,,,,,,,,,,,,,,,,,1,update_snr,bayesian,0.1,20,101770,10177,0.1,0.026419304333367758,0.014346496118567186,0.013874897443040251,0.026418751359017636,0.014346496118567186,0.013874897443040251,0.026418751359017636,0.02916682318771058,0.02864114772544454,0.032264960568661336,0.012699793110884587,0.012405118280937315,0.02339252644374627,0.02916682318771058,0.02864114772544454,0.032264960568661336,0.012699793110884587,0.012405118280937315,0.02339252644374627,0.27477794585686965,0.439066061128553,0.5305009490594683,0.8476843416313667,0.5305009490594683,814160,203540,81416,122124,0.75,,,,,,,,,0.007339623492797299,9
bayesfl_observability_v1,vi_sparse_bayesian_keep010_seed42,185,vi,200,16,2,,5,256,7.624846458435059,0.003729364136233926,7.270558327614066,7.270558327614066,,,0.5152387730884305,0.0031315088272094727,0.9999574490407718,0.5152387730884305,,0.6931471805599453,1.5546516461106756,7.624846458435059,14.541116655228132,7.270558327614066,0.0001428821524538482,0.003729364136233926,7.270558327614066,0.000625,55.85261096420591,0.09757468612000553,0.0984496995806694,0.10617446824908257,0.1291835606098175,1.443226767842381,1.2132962146191397,2.976108626908464,,,,,,,,,,,,,,,,,,1,update_snr,bayesian,0.1,20,101770,10177,0.1,0.026308870785238494,0.014244719061462015,0.013724616434982594,0.026307698613215594,0.014244719061462015,0.013724616434982594,0.026307698613215594,0.029099439453447895,0.02855843928241099,0.032203517462620776,0.012594194573463589,0.012250135580616932,0.023270445766840148,0.029099439453447895,0.02855843928241099,0.032203517462620776,0.012594194573463589,0.012250135580616932,0.023270445766840148,0.27440762341538893,0.43608651607816235,0.5325834113192649,0.8463775221421793,0.5325834113192649,814160,203540,81416,122124,0.75,,,,,,,,,0.007340626132589766,2
bayesfl_observability_v1,vi_sparse_bayesian_keep010_seed42,185,vi,141,11,1,,5,256,5.515956163406372,0.002374569419771433,14.706772850031129,14.706772850031129,,,0.5183753263918138,0.0031336359679698944,0.9999569276268667,0.5183753263918138,,-0.0,2.3096097079310103,5.515956163406372,14.706772850031129,14.706772850031129,0.0001445099032134335,0.002374569419771433,14.706772850031129,0.000625,55.851294567877034,0.09757355334140398,0.09844384342432022,0.10617514476180077,0.12863004207611084,1.4432251983254774,1.2135633846015657,2.9777137376510034,,,,,,,,,,,,,,,,,,1,update_snr,bayesian,0.1,20,101770,10177,0.1,0.026401310643428554,0.014349771045166248,0.013917242738262364,0.02640125750831944,0.014349771045166248,0.013917242738262364,0.02640125750831944,0.029124562295526214,0.028605253524491826,0.03224138850715141,0.012708127572904026,0.012423905711356983,0.023357213416930655,0.029124562295526214,0.028605253524491826,0.03224138850715141,0.012708127572904026,0.012423905711356983,0.023357213416930655,0.2749531104243771,0.4394471140874405,0.5304131898757732,0.8477392570866396,0.5304131898757732,814160,203540,81416,122124,0.75,,,,,,,,,0.007340302492139581,1
bayesfl_observability_v1,vi_sparse_bayesian_keep010_seed42,185,vi,148,11,2,,5,256,3.9346640586853026,0.014311464503407478,7.328981903660153,7.328981903660153,,,0.5174074130037599,0.0031353533267974854,0.9999570880447345,0.5174074130037599,,-0.0,2.3277319754160017,3.9346640586853026,14.657963807320305,7.328981903660153,0.00014403030173253714,0.014311464503407478,7.328981903660153,0.000625,55.85103341035147,0.09757398035612634,0.09844686836004257,0.10617767199873925,0.12899017333984375,1.4432227681148846,1.2147106866444117,2.978314074851142,,,,,,,,,,,,,,,,,,1,update_snr,bayesian,0.1,20,101770,10177,0.1,0.02641429102614921,0.014310637926453389,0.013841608203996776,0.02641427434980454,0.014310637926453389,0.013841608203996776,0.02641427434980454,0.029120720622229125,0.028576733737785586,0.032145009686883094,0.012665073182478307,0.012365096667750089,0.02336430185111049,0.029120720622229125,0.028576733737785586,0.032145009686883094,0.012665073182478307,0.012365096667750089,0.02336430185111049,0.2746867975559813,0.43847188539253323,0.5308907268284252,0.8474402847207505,0.5308907268284252,814160,203540,81416,122124,0.75,,,,,,,,,0.0073416054523207175,2
bayesfl_observability_v1,vi_sparse_bayesian_keep010_seed42,185,vi,59,4,1,,5,256,6.721231269836426,0.0,14.633613631716424,14.633613631716424,,,0.516645769940026,0.0031338632106781006,0.9999572185784106,0.516645769940026,,-0.0,2.3155014849272724,6.721231269836426,14.633613631716424,14.633613631716424,0.00014379103499770487,0.0,14.633613631716424,0.000625,55.85389855417194,0.09757366369887374,0.09844294562935829,0.10617243945598602,0.12914063036441803,1.4433120119020573,1.2138988786737133,2.9768653507874556,,,,,,,,,,,,,,,,,,1,update_snr,bayesian,0.1,20,101770,10177,0.1,0.02639468363594791,0.014300840592724974,0.013791939270793373,0.026394230352893743,0.014300840592724974,0.013791939270793373,0.026394230352893743,0.02915830691180649,0.028613526544462396,0.032195419039236,0.01265001100171592,0.012319781952333339,0.023320294222320733,0.02915830691180649,0.028613526544462396,0.032195419039236,0.01265001100171592,0.012319781952333339,0.023320294222320733,0.27479012823311677,0.4375079850957575,0.5318733728624457,0.8468238985998955,0.5318733728624457,814160,203540,81416,122124,0.75,,,,,,,,,0.00733934368344168,1
bayesfl_observability_v1,vi_sparse_bayesian_keep010_seed42,185,vi,185,14,41,,5,256,9.789148330688477,0.02097220391761966,0.3576677694428634,0.3576677694428634,,,0.5174871859705866,0.0031310617923736572,0.9999570753142718,0.5174871859705866,,-0.0,2.185987945410232,9.789148330688477,14.664378547157398,0.3576677694428634,0.00014409333346916968,0.02097220391761966,0.3576677694428634,0.000625,55.851485087918626,0.0975737399657094,0.09844657778739929,0.10618590265512466,0.12869451940059662,1.4432216365125916,1.2133046061469512,2.9790980178486586,,,,,,,,,,,,,,,,,,1,update_snr,bayesian,0.1,20,101770,10177,0.1,0.026402631529098993,0.014307905313881635,0.01379599242052764,0.02640205494307379,0.014307905313881635,0.01379599242052764,0.02640205494307379,0.02915250800098042,0.02860594649109586,0.032279930800154705,0.012658505015315104,0.012307653928096986,0.023389291536500188,0.02915250800098042,0.02860594649109586,0.032279930800154705,0.012658505015315104,0.012307653928096986,0.023389291536500188,0.2751517280037446,0.4382744736124954,0.531707326216545,0.8469281665216082,0.531707326216545,814160,203540,81416,122124,0.75,,,,,,,,,0.007340195915360316,41
bayesfl_observability_v1,vi_sparse_bayesian_keep010_seed42,185,vi,218,17,1,,5,256,3.9102834701538085,0.00038795097498223186,14.691350612358839,14.691350612358839,,,0.5180329645518003,0.003134205937385559,0.9999569872404077,0.5180329645518003,,-0.0,2.185987945410232,3.9102834701538085,14.691350612358839,14.691350612358839,0.00014435836309677547,0.00038795097498223186,14.691350612358839,0.000625,55.8532058205475,0.09757352854986609,0.09845194220542908,0.10617724135518074,0.1286531537771225,1.4432367944076676,1.2136662275166752,2.976991886207899,,,,,,,,,,,,,,,,,,1,update_snr,bayesian,0.1,20,101770,10177,0.1,0.026422718399043442,0.014336007869930218,0.01387072303371837,0.026421911814557872,0.014336007869930218,0.01387072303371837,0.026421911814557872,0.02913107960702829,0.02855835077309433,0.03218881990902523,0.012692111010252654,0.012357919631906876,0.023377513541395833,0.02913107960702829,0.02855835077309433,0.03218881990902523,0.012692111010252654,0.012357919631906876,0.023377513541395833,0.2746007098663922,0.4392637049691225,0.5300834669932163,0.847945468777593,0.5300834669932163,814160,203540,81416,122124,0.75,,,,,,,,,0.007340196296070848,1
bayesfl_observability_v1,vi_sparse_bayesian_keep010_seed42,185,vi,169,13,456,,5,256,240.7389216899872,0.08435068214148805,0.07691515267552984,0.07691515267552984,,,0.8009956221377794,0.006157390773296356,0.9998971790427232,0.8009956221377794,,-0.0,2.3163460082440825,240.7389216899872,35.073309620041606,0.07691515267552984,0.000344633090498591,0.08435068214148805,0.07691515267552984,0.000625,55.85785233123428,0.09761473251301882,0.09849126264452934,0.10621532127261162,0.12957613170146942,1.4428020755090076,1.2130755677943768,2.9770917610963985,,,,,,,,,,,,,,,,,,1,update_snr,bayesian,0.1,20,101770,10177,0.1,0.04205498511516625,0.021658128646150753,0.019846174710394425,0.04205496773432237,0.021658128646150753,0.019846174710394425,0.04205496773432237,0.048438242186417756,0.0472495946072584,0.05553853688252606,0.018682560475009973,0.017707005223189642,0.03557045874798335,0.048438242186417756,0.0472495946072584,0.05553853688252606,0.018682560475009973,0.017707005223189642,0.03557045874798335,0.4648863174415535,0.6522842160741893,0.5803855908735396,0.814341799188997,0.5803855908735396,814160,203540,81416,122124,0.75,,,,,,,,,0.0073453705624919935,456
bayesfl_observability_v1,vi_sparse_bayesian_keep010_seed42,185,vi,173,13,1,,5,256,7.545798301696777,0.011292001232504845,14.562307834564166,14.562307834564166,,,0.515545207748141,0.003130566328763962,0.9999574018178009,0.515545207748141,,-0.0,2.3292713582565514,7.545798301696777,14.562307834564166,14.562307834564166,0.00014309037864364908,0.011292001232504845,14.562307834564166,0.000625,55.854464869469524,0.09757351026838007,0.09843776747584343,0.10617041513323784,0.12891525030136108,1.4433385840765345,1.2129564665071197,2.9794427782896697,,,,,,,,,,,,,,,,,,1,update_snr,bayesian,0.1,20,101770,10177,0.1,0.02636656501710055,0.014256265386019365,0.013757380973897258,0.02636651439122326,0.014256265386019365,0.013757380973897258,0.02636651439122326,0.029113450767913846,0.028578546868546623,0.03214659243830647,0.01260546701025331,0.012282659657141091,0.0232511569004873,0.029113450767913846,0.028578546868546623,0.03214659243830647,0.01260546701025331,0.012282659657141091,0.0232511569004873,0.27447336338539724,0.4364071883275774,0.5323943647624507,0.846496450299224,0.5323943647624507,814160,203540,81416,122124,0.75,,,,,,,,,0.007340233595547662,1
bayesfl_observability_v1,vi_sparse_bayesian_keep010_seed42,185,vi,45,3,1,,5,256,5.962556028366089,0.0013992529129609466,14.593864893059816,14.593864893059816,,,0.5159482259656254,0.0031349360942840576,0.9999573293345907,0.5159482259656254,,-0.0,2.28098669344155,5.962556028366089,14.593864893059816,14.593864893059816,0.00014340046077488273,0.0013992529129609466,14.593864893059816,0.000625,55.85061087479733,0.09757386397779386,0.09845283627510071,0.10617562606930733,0.12885808944702148,1.4431913413380852,1.213680133952748,2.9763373257556345,,,,,,,,,,,,,,,,,,1,update_snr,bayesian,0.1,20,101770,10177,0.1,0.026358199011416054,0.014264814989622754,0.013745230646943317,0.026358032796528947,0.014264814989622754,0.013745230646943317,0.026358032796528947,0.029133830342843406,0.028582101841763134,0.03220348034593092,0.01261270217259824,0.012269014115236619,0.023264763582093274,0.029133830342843406,0.028582101841763134,0.03220348034593092,0.01261270217259824,0.012269014115236619,0.023264763582093274,0.2745258860581087,0.4368502143310525,0.5320802984530443,0.8466938974612488,0.5320802984530443,814160,203540,81416,122124,0.75,,,,,,,,,0.0073403223555426845,1
bayesfl_observability_v1,vi_sparse_bayesian_keep010_seed42,185,vi,25,2,1,,5,256,5.806555461883545,0.030579864978790283,14.666689835035221,14.666689835035221,,,0.5174871338527437,0.003132730722427368,0.9999570802713882,0.5174871338527437,,-0.0,2.4040642619438994,5.806555461883545,14.666689835035221,14.666689835035221,0.00014411604436509012,0.030579864978790283,14.666689835035221,0.000625,55.85446156323672,0.09757285562311957,0.09844740107655525,0.1061690054833889,0.12874430418014526,1.443286051068544,1.2135813245279148,2.977656518269311,,,,,,,,,,,,,,,,,,1,update_snr,bayesian,0.1,20,101770,10177,0.1,0.02641963249561999,0.014325044505038869,0.013875942560734572,0.026419454770062658,0.014325044505038869,0.013875942560734572,0.026419454770062658,0.029157053339486382,0.02859720130095944,0.03225218010520871,0.01267704352343359,0.012383959118470405,0.023343635267693057,0.029157053339486382,0.02859720130095944,0.03225218010520871,0.01267704352343359,0.012383959118470405,0.023343635267693057,0.2750157795761347,0.43835973205491685,0.531444670959478,0.8470930065280746,0.531444670959478,814160,203540,81416,122124,0.75,,,,,,,,,0.007340562351495625,1
bayesfl_observability_v1,vi_sparse_bayesian_keep010_seed42,185,vi,34,2,1824,,5,256,157.94904429093003,0.025798210163453694,0.061703282990709096,0.061703282990709096,,,1.4337448142158118,0.01737704873085022,0.9996706251868097,1.4337448142158118,,-0.0,2.3163460082440825,157.94904429093003,112.5467881750534,0.061703282990709096,0.0011058935656387285,0.025798210163453694,0.061703282990709096,0.000625,55.8658822517959,0.09771360573567024,0.09858298674225807,0.10636760219931603,0.12913046777248383,1.4414891919007295,1.2127554577802204,2.9718981771463606,,,,,,,,,,,,,,,,,,1,update_snr,bayesian,0.1,20,101770,10177,0.1,0.07628516635126362,0.03719771938375827,0.03174866163137972,0.07628345233509072,0.03719771938375827,0.03174866163137972,0.07628345233509072,0.09445809262795499,0.09016054385961828,0.11665392624565178,0.030835455689958637,0.02813189452012759,0.061209554491242234,0.09445809262795499,0.09016054385961828,0.11665392624565178,0.030835455689958637,0.02813189452012759,0.061209554491242234,0.9257417491600608,1.0948179785484013,0.645680974732171,0.7636072805237752,0.645680974732171,814160,203540,81416,122124,0.75,,,,,,,,,0.007364844090788511,1824
bayesfl_observability_v1,vi_sparse_bayesian_keep010_seed42,185,vi,251,20,1,,5,256,8.58657102584839,0.13692496716976166,14.582698762545112,14.582698762545112,,,0.5157256524022346,0.003133174031972885,0.9999573664020401,0.5157256524022346,,-0.0,2.3163460082440825,8.58657102584839,14.582698762545112,14.582698762545112,0.00014329074150088545,0.13692496716976166,14.582698762545112,0.000625,55.85088643276524,0.09757311158592351,0.09843859821557999,0.10618799850344658,0.12920211255550385,1.4432165640791303,1.2132580346780477,2.976175011684283,,,,,,,,,,,,,,,,,,1,update_snr,bayesian,0.1,20,101770,10177,0.1,0.026361719722142695,0.01427272740806133,0.013734817430065159,0.026361703955042337,0.01427272740806133,0.013734817430065159,0.026361703955042337,0.02910537648381215,0.02853104309782971,0.03229048433780552,0.012624655288533461,0.012298191085581596,0.0232997168200792,0.02910537648381215,0.02853104309782971,0.03229048433780552,0.012624655288533461,0.012298191085581596,0.0232997168200792,0.27438949896112863,0.43667304863658724,0.5320454735633774,0.8467157811572438,0.5320454735633774,814160,203540,81416,122124,0.75,,,,,,,,,0.007340228852943944,1
bayesfl_observability_v1,vi_sparse_bayesian_keep010_seed42,185,vi,128,10,1025,,5,256,152.75180061340333,0.04531583983643142,0.07121877305627541,0.07121877305627541,,,1.1520219523782822,0.012295164167881012,0.9997873469187866,1.1520219523782822,,0.10892171136653514,2.2170760364031934,152.75180061340333,72.9992423826823,0.07121877305627541,0.0007172962796765481,0.04531583983643142,0.07121877305627541,0.000625,55.864043339031504,0.09767951833934743,0.09855218604207039,0.10630498975515365,0.12985368072986603,1.4419565748650864,1.2139511942071501,2.9751941368174366,,,,,,,,,,,,,,,,,,1,update_snr,bayesian,0.1,20,101770,10177,0.1,0.06147753952018649,0.03013301077281967,0.026094351140101116,0.06147719343472985,0.03013301077281967,0.026094351140101116,0.06147719343472985,0.07535021110766878,0.07207038152338953,0.09188114312387892,0.025108877402280877,0.02319942952199817,0.04948718822817026,0.07535021110766878,0.07207038152338953,0.09188114312387892,0.025108877402280877,0.02319942952199817,0.04948718822817026,0.7331044802693681,0.8886576392348465,0.6363632904354962,0.7713895012158967,0.6363632904354962,814160,203540,81416,122124,0.75,,,,,,,,,0.007356918972055369,1025
bayesfl_observability_v1,vi_sparse_bayesian_keep010_seed42,185,vi,136,10,1,,5,256,4.257493162155152,0.0,14.76132816886096,14.76132816886096,,,0.5191341003764681,0.0031357407569885254,0.9999568006167378,0.5191341003764681,,-0.0,2.3155014849272724,4.257493162155152,14.76132816886096,14.76132816886096,0.00014504596805405286,0.0,14.76132816886096,0.000625,55.85046965886244,0.09757340897833351,0.09844402968883514,0.10616789013147354,0.12904372811317444,1.4432484010742022,1.2133646952611117,2.9749769218578037,,,,,,,,,,,,,,,,,,1,update_snr,bayesian,0.1,20,101770,10177,0.1,0.02646416534418402,0.01437794809712318,0.013953705764608474,0.02646413226964638,0.01437794809712318,0.013953705764608474,0.02646413226964638,0.02917183242318407,0.02859595290720979,0.03222352967654748,0.012734183172005304,0.012431357202565097,0.02345659312362319,0.02917183242318407,0.02859595290720979,0.03222352967654748,0.012734183172005304,0.012431357202565097,0.02345659312362319,0.27507210150148,0.4402675926629672,0.5298671408832551,0.8480806642131424,0.5298671408832551,814160,203540,81416,122124,0.75,,,,,,,,,0.007340329105088471,1
bayesfl_observability_v1,vi_sparse_bayesian_keep010_seed42,186,vi,120,9,935,,5,256,166.69902176856993,0.09236304747229591,0.06794021406890825,0.06794021406890825,,,1.0762640856332415,0.011238981038331985,0.9998144777205411,1.0762640856332415,,0.007653727565891914,2.2517606506762466,166.69902176856993,63.52410015442922,0.06794021406890825,0.0006241927891758791,0.09236304747229591,0.06794021406890825,0.000625,55.87584201074675,0.09773863763527843,0.09861139208078384,0.10635189786553383,0.12943294644355774,1.4413695516632439,1.212583455072647,2.9732040646012377,,,,,,,,,,,,,,,,,,1,update_snr,bayesian,0.1,20,101770,10177,0.1,0.05707734856443162,0.028194932348143034,0.02451573347420681,0.05707731340152947,0.028194932348143034,0.02451573347420681,0.05707731340152947,0.06999321932533249,0.06688138279582727,0.08535226643196328,0.02355067823956643,0.021761157911479714,0.046214103055624546,0.06999321932533249,0.06688138279582727,0.08535226643196328,0.02355067823956643,0.021761157911479714,0.046214103055624546,0.6818311857298296,0.8327368228859665,0.6335166199740472,0.7737290819251013,0.6335166199740472,814160,203540,81416,122124,0.75,,,,,,,,,0.007346448096658193,935
bayesfl_observability_v1,vi_sparse_bayesian_keep010_seed42,186,vi,83,6,1,,5,256,6.446013355255127,0.7100671529769897,14.637263728439414,14.637263728439414,,,0.5173466295982255,0.003134962171316147,0.9999571190447802,0.5173466295982255,,-0.0,2.259365973874069,6.446013355255127,14.637263728439414,14.637263728439414,0.00014382690113431674,0.7100671529769897,14.637263728439414,0.000625,55.86490005188774,0.09764829922778247,0.09851518645882607,0.10623867958784104,0.12918472290039062,1.4424863852312495,1.2133286403171004,2.9735281971756535,,,,,,,,,,,,,,,,,,1,update_snr,bayesian,0.1,20,101770,10177,0.1,0.026392221489998258,0.014293794486546572,0.01382738880481187,0.026392022049693323,0.014293794486546572,0.01382738880481187,0.026392022049693323,0.029129552200436833,0.028591520193744696,0.032302148908089044,0.012645376962780983,0.012320991717177134,0.02334531649105943,0.029129552200436833,0.028591520193744696,0.032302148908089044,0.012645376962780983,0.012320991717177134,0.02334531649105943,0.2748835404257326,0.43827682389062994,0.5313333937039636,0.8471628088714879,0.5313333937039636,814160,203540,81416,122124,0.75,,,,,,,,,0.007333014775575506,1
bayesfl_observability_v1,vi_sparse_bayesian_keep010_seed42,186,vi,138,11,1,,5,256,5.6898222923278805,0.015111137181520462,14.629812609838861,14.629812609838861,,,0.5169271852445382,0.0031351670622825623,0.9999571858447532,0.5169271852445382,,-0.0,2.3277319754160017,5.6898222923278805,14.629812609838861,14.629812609838861,0.0001437536858586898,0.015111137181520462,14.629812609838861,0.000625,55.862733337316484,0.09764897869602453,0.0985243134200573,0.10624786838889122,0.12881632149219513,1.4423915873076147,1.2126604314762497,2.9738798805011717,,,,,,,,,,,,,,,,,,1,update_snr,bayesian,0.1,20,101770,10177,0.1,0.02636589311358024,0.014292517174121612,0.013828483024080207,0.02636537866162512,0.014292517174121612,0.013828483024080207,0.02636537866162512,0.029120086510623103,0.02856796257064245,0.032220494500078835,0.01264500947006589,0.012305364628551776,0.023306477722514315,0.029120086510623103,0.02856796257064245,0.032220494500078835,0.01264500947006589,0.012305364628551776,0.023306477722514315,0.27452745781957183,0.4380050110991476,0.5310756827186474,0.8473243884280228,0.5310756827186474,814160,203540,81416,122124,0.75,,,,,,,,,0.007333891740547355,1
bayesfl_observability_v1,vi_sparse_bayesian_keep010_seed42,186,vi,147,11,1921,,5,256,237.84810788631438,0.0951103590727473,0.059851890390410514,0.059851890390410514,,,1.4481195639973021,0.017455652356147766,0.9996642522161615,1.4481195639973021,,0.7419061377582201,1.6227932907659905,237.84810788631438,114.9754814399786,0.059851890390410514,0.0011297580960988366,0.0951103590727473,0.059851890390410514,0.000625,55.887537854867404,0.09778482181644105,0.09865088015794754,0.10640700086951256,0.12994350492954254,1.4411898129608596,1.2122644053324456,2.969150436262912,,,,,,,,,,,,,,,,,,1,update_snr,bayesian,0.1,20,101770,10177,0.1,0.07691658103444393,0.037400918904126966,0.031713182123235734,0.07691527503934602,0.037400918904126966,0.031713182123235734,0.07691527503934602,0.09647458137282613,0.09136290717322007,0.11976170878251301,0.03083717862982707,0.028118318527425554,0.06138786024295999,0.09647458137282613,0.09136290717322007,0.11976170878251301,0.03083717862982707,0.028118318527425554,0.06138786024295999,0.944659286247826,1.0975741909035073,0.6523351453385834,0.7579306420485263,0.6523351453385834,814160,203540,81416,122124,0.75,,,,,,,,,0.007357428754186899,1921
bayesfl_observability_v1,vi_sparse_bayesian_keep010_seed42,186,vi,98,7,50,,5,256,5.807859992980957,0.00359761118888855,0.2928921791483399,0.2928921791483399,,,0.5176444522559416,0.003138124942779541,0.9999570665525873,0.5176444522559416,,-0.0,2.185987945410232,5.807859992980957,14.644608957416997,0.2928921791483399,0.00014389907593020533,0.00359761118888855,0.2928921791483399,0.000625,55.862255528503766,0.09764874534112415,0.09852002188563347,0.10624514743685723,0.12918084859848022,1.4423330822142788,1.211907474269173,2.974834223332703,,,,,,,,,,,,,,,,,,1,update_snr,bayesian,0.1,20,101770,10177,0.1,0.02632441174022485,0.014313134356488273,0.013831093430734347,0.02632386074436515,0.014313134356488273,0.013831093430734347,0.02632386074436515,0.029087137566848335,0.0285498515346374,0.032159611287429876,0.012671578444226044,0.012368866696836527,0.02331554843973009,0.029087137566848335,0.0285498515346374,0.032159611287429876,0.012671578444226044,0.012368866696836527,0.02331554843973009,0.27480561338898885,0.43867716352832353,0.5308771535971476,0.847448787708491,0.5308771535971476,814160,203540,81416,122124,0.75,,,,,,,,,0.0073332942281657465,50
bayesfl_observability_v1,vi_sparse_bayesian_keep010_seed42,186,vi,41,3,6,,5,256,18.365630626678467,1.4800527890523274,2.444684648028388,2.444684648028388,,,0.5177653594964089,0.003134489059448242,0.99995704937508,0.5177653594964089,,-0.0,2.4040642619438994,18.365630626678467,14.668107888170328,2.444684648028388,0.0001441299782663882,1.4800527890523274,2.444684648028388,0.000625,55.86475665643194,0.09764877536699323,0.09851899743080139,0.10623109340667725,0.12866146862506866,1.442321509711367,1.2132988480872402,2.9750204578525477,,,,,,,,,,,,,,,,,,1,update_snr,bayesian,0.1,20,101770,10177,0.1,0.02639140474510103,0.014310478444640503,0.013793400461005002,0.026391104104089742,0.014310478444640503,0.013793400461005002,0.026391104104089742,0.02915096351051847,0.02861081915434756,0.03223418790026717,0.01266153565954295,0.01230964642535805,0.023363519493194197,0.02915096351051847,0.02861081915434756,0.03223418790026717,0.01266153565954295,0.01230964642535805,0.023363519493194197,0.27488792631158443,0.4387682708019833,0.530912161792645,0.8474268561124675,0.530912161792645,814160,203540,81416,122124,0.75,,,,,,,,,0.007334162061580003,6
bayesfl_observability_v1,vi_sparse_bayesian_keep010_seed42,186,vi,288,23,3,,5,256,0.6857187271118164,0.0013158928292493026,4.912075548477629,4.912075548477629,,,0.5190476636813961,0.003133907914161682,0.9999568340781312,0.5190476636813961,,-0.0,2.185987945410232,0.6857187271118164,14.736226645432888,4.912075548477629,0.00014479931851658532,0.0013158928292493026,4.912075548477629,0.000625,55.862954351439974,0.0976477404907192,0.09852312132716179,0.10623667836189271,0.12882587313652039,1.4423516414897803,1.2130993124405687,2.9762490603349394,,,,,,,,,,,,,,,,,,1,update_snr,bayesian,0.1,20,101770,10177,0.1,0.026416351971716656,0.014367887324595255,0.01394177162202727,0.026415657450479565,0.014367887324595255,0.01394177162202727,0.026415657450479565,0.029141178633268355,0.028613449250890863,0.03219912705463117,0.012726410512520466,0.012455293901097057,0.023392082117702984,0.029141178633268355,0.028613449250890863,0.03219912705463117,0.012726410512520466,0.012455293901097057,0.023392082117702984,0.2748775059531427,0.440287217500231,0.5295804705169989,0.8482597038920299,0.5295804705169989,814160,203540,81416,122124,0.75,,,,,,,,,0.007333931596080459,3
bayesfl_observability_v1,vi_sparse_bayesian_keep010_seed42,186,vi,289,23,4615,,5,256,193.83666369789526,0.10090298416619699,0.03325971614705465,0.03325971614705465,,,1.6644675430296818,0.028757194057106972,0.9995565870849717,1.6644675430296818,,0.8496433488150035,1.4144019597737127,193.83666369789526,153.49359001865722,0.03325971614705465,0.001508240051278935,0.10090298416619699,0.03325971614705465,0.000625,55.89786531439109,0.09784567696587315,0.09870881959795952,0.10647501051425934,0.1292787492275238,1.4405207029623848,1.2131266044583326,2.9723085520010772,,,,,,,,,,,,,,,,,,1,update_snr,bayesian,0.1,20,101770,10177,0.1,0.08711915092038121,0.04249471895779414,0.03558445257480197,0.08711894417599464,0.04249471895779414,0.03558445257480197,0.08711894417599464,0.11250888896048672,0.10470683975469827,0.1423972609224329,0.034715366735272764,0.03163609092974721,0.06919083769192032,0.11250888896048672,0.10470683975469827,0.1423972609224329,0.034715366735272764,0.03163609092974721,0.06919083769192032,1.1148490274000908,1.2359465392582076,0.6697931912633337,0.7425476960689329,0.6697931912633337,814160,203540,81416,122124,0.75,,,,,,,,,0.0073766522964012465,4615
bayesfl_observability_v1,vi_sparse_bayesian_keep010_seed42,186,vi,293,23,2,,5,256,10.033395195007325,1.4586725234985352,7.27547331210555,7.27547331210555,,,0.5157386192624164,0.0031330734491348267,0.9999573848312222,0.5157386192624164,,-0.0,2.3096097079310103,10.033395195007325,14.5509466242111,7.27547331210555,0.00014297874249986342,1.4586725234985352,7.27547331210555,0.000625,55.864661967683205,0.0976479645064775,0.09852243959903717,0.10623625591397286,0.12903013825416565,1.4423723487048705,1.2130628169130575,2.9750699590108294,,,,,,,,,,,,,,,,,,1,update_snr,bayesian,0.1,20,101770,10177,0.1,0.026324324774511108,0.01425259840780397,0.013755540262209308,0.026324096234211745,0.01425259840780397,0.013755540262209308,0.026324096234211745,0.029089446927544053,0.028527589013675147,0.03220625695642284,0.012604059683388407,0.012282696553061464,0.023249384995622808,0.029089446927544053,0.028527589013675147,0.03220625695642284,0.012604059683388407,0.012282696553061464,0.023249384995622808,0.2747265236929168,0.4364764146873334,0.5326855764375701,0.8463132260903017,0.5326855764375701,814160,203540,81416,122124,0.75,,,,,,,,,0.00733419144661841,2
bayesfl_observability_v1,vi_sparse_bayesian_keep010_seed42,186,vi,169,13,456,,5,256,58.152494883537294,0.03317789236704508,0.06656995070316306,0.06656995070316306,,,0.7444644061927678,0.0061648935079574585,0.9999112162504474,0.7444644061927678,,-0.0,2.3163460082440825,58.152494883537294,30.355897520642355,0.06656995070316306,0.00029827942930767766,0.03317789236704508,0.06656995070316306,0.000625,55.86897479901665,0.09769052538614095,0.09856299310922623,0.10629893839359283,0.12916339933872223,1.4419790933348913,1.2123067006854735,2.9760919843985545,,,,,,,,,,,,,,,,,,1,update_snr,bayesian,0.1,20,101770,10177,0.1,0.03929797274278086,0.019978552195609945,0.01815999557012763,0.039297674773812595,0.019978552195609945,0.01815999557012763,0.039297674773812595,0.045750252169485695,0.044465453769343515,0.05310790844627368,0.017115029976290413,0.01619160088214891,0.032852682606861784,0.045750252169485695,0.044465453769343515,0.05310790844627368,0.017115029976290413,0.01619160088214891,0.032852682606861784,0.4409700754475713,0.5998105072835203,0.5923319795807521,0.8056940026870921,0.5923319795807521,814160,203540,81416,122124,0.75,,,,,,,,,0.007338864524550193,456
bayesfl_observability_v1,vi_sparse_bayesian_keep010_seed42,186,vi,171,13,11,,5,256,12.07175596356392,0.15257205746390604,1.3326608736187582,1.3326608736187582,,,0.5177376002243167,0.003136157989501953,0.9999570535930459,0.5177376002243167,,0.6791932659915256,1.6161745905690754,12.07175596356392,14.65926960980634,1.3326608736187582,0.00014404313265015565,0.15257205746390604,1.3326608736187582,0.000625,55.864500276355436,0.09764885210566727,0.09851927682757378,0.10624316707253456,0.1292465180158615,1.4423353008937594,1.2138444204887704,2.9764885861147627,,,,,,,,,,,,,,,,,,1,update_snr,bayesian,0.1,20,101770,10177,0.1,0.026390394146074244,0.014313939282298583,0.01385017648571182,0.026389736546318595,0.014313939282298583,0.01385017648571182,0.026389736546318595,0.029137492831403516,0.028555529043126235,0.03218204289991307,0.012666877776842481,0.012363014148615493,0.023352250151521835,0.029137492831403516,0.028555529043126235,0.03218204289991307,0.012666877776842481,0.012363014148615493,0.023352250151521835,0.27520060750598185,0.43853944898306807,0.5315445650204805,0.8470303273184429,0.5315445650204805,814160,203540,81416,122124,0.75,,,,,,,,,0.007333156017800466,11
bayesfl_observability_v1,vi_sparse_bayesian_keep010_seed42,186,vi,157,12,1,,5,256,4.569530582427978,0.00020096666412428021,14.660386685939674,14.660386685939674,,,0.5177520087769902,0.00313694030046463,0.9999570536942307,0.5177520087769902,,-0.0,2.28098669344155,4.569530582427978,14.660386685939674,14.660386685939674,0.0001440541091278341,0.00020096666412428021,14.660386685939674,0.000625,55.865962067987084,0.09764880479598129,0.09851955249905586,0.1062362790107727,0.1290244609117508,1.4424837942020965,1.2130454324016942,2.9744089196170207,,,,,,,,,,,,,,,,,,1,update_snr,bayesian,0.1,20,101770,10177,0.1,0.02640837674624927,0.014306834669375934,0.013839822866810365,0.026408111139269403,0.014306834669375934,0.013839822866810365,0.026408111139269403,0.029131436174377315,0.028558824142327605,0.032234912085718576,0.012659656724375782,0.01232467354567074,0.02336704376655525,0.029131436174377315,0.028558824142327605,0.032234912085718576,0.012659656724375782,0.01232467354567074,0.02336704376655525,0.2749095640696445,0.43873895903560556,0.530967643600308,0.8473920942807627,0.530967643600308,814160,203540,81416,122124,0.75,,,,,,,,,0.007334088794247802,1
bayesfl_observability_v1,vi_sparse_bayesian_keep010_seed42,186,vi,240,19,1,,5,256,6.858244395256042,0.0009650102583691478,14.621016138322142,14.621016138322142,,,0.5170479783905261,0.0031343866139650345,0.9999571672511239,0.5170479783905261,,-0.0,2.3096097079310103,6.858244395256042,14.621016138322142,14.621016138322142,0.00014366725103981667,0.0009650102583691478,14.621016138322142,0.000625,55.864013904807585,0.09764854716560022,0.09852686896920204,0.1062355488538742,0.12917038798332214,1.4423193512625032,1.2134209293635643,2.974208142790961,,,,,,,,,,,,,,,,,,1,update_snr,bayesian,0.1,20,101770,10177,0.1,0.026328399021963805,0.014305076138085227,0.013859902188907576,0.026328115820414253,0.014305076138085227,0.013859902188907576,0.026328115820414253,0.029041716590796234,0.028519312750869545,0.03203215721521232,0.012667671643339559,0.012385324359080421,0.023281950039182334,0.029041716590796234,0.028519312750869545,0.03203215721521232,0.012667671643339559,0.012385324359080421,0.023281950039182334,0.2740175746796508,0.4384666244133206,0.5299654696119622,0.8480192220810638,0.5299654696119622,814160,203540,81416,122124,0.75,,,,,,,,,0.007333006297804972,1
bayesfl_observability_v1,vi_sparse_bayesian_keep010_seed42,186,vi,283,22,9,,5,256,5.832008947432041,0.00044363452535536554,1.6289537716313252,1.6289537716313252,,,0.517836136309876,0.003136187791824341,0.9999570363253306,0.517836136309876,,-0.0,2.185987945410232,5.832008947432041,14.660583944681926,1.6289537716313252,0.00014405604740770292,0.00044363452535536554,1.6289537716313252,0.000625,55.86382604278086,0.09764991868047562,0.09852464497089386,0.10624327659606933,0.1286868005990982,1.4423639917967017,1.2131733638109692,2.973214622503588,,,,,,,,,,,,,,,,,,1,update_snr,bayesian,0.1,20,101770,10177,0.1,0.026394916442322867,0.014327791397825796,0.013845080564718268,0.02639438845564033,0.014327791397825796,0.013845080564718268,0.02639438845564033,0.029120693825416884,0.02859105983126559,0.03225354997358421,0.012684135572537898,0.012365912148631664,0.02337180489952388,0.029120693825416884,0.02859105983126559,0.03225354997358421,0.012684135572537898,0.012365912148631664,0.02337180489952388,0.27498873971607085,0.4387886246220468,0.5310342798315567,0.8473503370175643,0.5310342798315567,814160,203540,81416,122124,0.75,,,,,,,,,0.0073331848278410635,9
bayesfl_observability_v1,vi_sparse_bayesian_keep010_seed42,186,vi,7,0,80,,5,256,202.7772590637207,0.972389030456543,0.187875842365044,0.187875842365044,,,0.5241884393686933,0.0031371116638183594,0.9999559804260448,0.5241884393686933,,-0.0,2.4040642619438994,202.7772590637207,15.030067389203522,0.187875842365044,0.00014768662070554703,0.972389030456543,0.187875842365044,0.000625,55.866544963349355,0.0976481854227811,0.09851861745119095,0.10623094141483307,0.12916463613510132,1.4424442866679466,1.2131128101547346,2.97423261014084,,,,,,,,,,,,,,,,,,1,update_snr,bayesian,0.1,20,101770,10177,0.1,0.026668945423982446,0.014521131906848346,0.014079179919722708,0.026668571170595855,0.014521131906848346,0.014079179919722708,0.026668571170595855,0.029382857757888618,0.028795871704810037,0.03243517702681585,0.012869829034510545,0.012572390798987492,0.023666146463500938,0.029382857757888618,0.028795871704810037,0.03243517702681585,0.012869829034510545,0.012572390798987492,0.023666146463500938,0.276572532118123,0.44528772096876434,0.5276204344590532,0.8494802394059795,0.5276204344590532,814160,203540,81416,122124,0.75,,,,,,,,,0.007333415851626089,80
bayesfl_observability_v1,vi_sparse_bayesian_keep010_seed42,187,vi,175,14,1,,5,256,1.4872549057006836,2.3841855067985307e-07,14.636157233866447,14.636157233866447,,,0.5176745229662894,0.0031362175941467285,0.9999571112831457,0.5176745229662894,,-0.0,2.259365973874069,1.4872549057006836,14.636157233866447,14.636157233866447,0.00014381602863188019,2.3841855067985307e-07,14.636157233866447,0.000625,55.893330118440026,0.09773907688306055,0.09861763194203377,0.10632433220744134,0.12884345650672913,1.442052252327219,1.214323783490678,2.9723947892273346,,,,,,,,,,,,,,,,,,1,update_snr,bayesian,0.1,20,101770,10177,0.1,0.02642668969071456,0.014288489741812937,0.013777426585814583,0.026426526514874156,0.014288489741812937,0.013777426585814583,0.026426526514874156,0.029124581888205468,0.028585668506101964,0.03216637186652337,0.012640035058880434,0.012301541723361243,0.02334860357393205,0.029124581888205468,0.028585668506101964,0.03216637186652337,0.012640035058880434,0.012301541723361243,0.02334860357393205,0.27491094554503936,0.4386466502184961,0.5310497877504036,0.8473406180104028,0.5310497877504036,814160,203540,81416,122124,0.75,,,,,,,,,0.007330901476269334,1
bayesfl_observability_v1,vi_sparse_bayesian_keep010_seed42,187,vi,9,0,1,,5,256,6.139499759674072,0.01409233920276165,14.571910258400099,14.571910258400099,,,0.516851315719106,0.003135502338409424,0.9999572499723113,0.516851315719106,,-0.0,2.3292713582565514,6.139499759674072,14.571910258400099,14.571910258400099,0.00014318473281320723,0.01409233920276165,14.571910258400099,0.000625,55.89673463079288,0.09773974224333505,0.0986175537109375,0.10633219107985496,0.12916766107082367,1.4421849221373768,1.214840398866082,2.974790875832526,,,,,,,,,,,,,,,,,,1,update_snr,bayesian,0.1,20,101770,10177,0.1,0.026314914586742757,0.01427813355209266,0.013752672121261918,0.026314600505150016,0.01427813355209266,0.013752672121261918,0.026314600505150016,0.029023693681004204,0.028450476089385574,0.032082489733552606,0.012639737982213595,0.012310534604456108,0.02326467202624448,0.029023693681004204,0.028450476089385574,0.032082489733552606,0.012639737982213595,0.012310534604456108,0.02326467202624448,0.2745164878535208,0.4379223452361605,0.5311324156572578,0.8472888274007198,0.5311324156572578,814160,203540,81416,122124,0.75,,,,,,,,,0.007332421399854756,1
bayesfl_observability_v1,vi_sparse_bayesian_keep010_seed42,187,vi,42,3,1,,5,256,1.8269289016723633,0.0,14.695571565815797,14.695571565815797,,,0.518909891225795,0.0031366050243377686,0.9999569106050146,0.518909891225795,,-0.0,2.3163460082440825,1.8269289016723633,14.695571565815797,14.695571565815797,0.00014439983851641738,0.0,14.695571565815797,0.000625,55.89800656804189,0.09773902649548019,0.0986156053841114,0.10632734000682831,0.12893246114253998,1.442188243795443,1.2155849956478326,2.97211687289389,,,,,,,,,,,,,,,,,,1,update_snr,bayesian,0.1,20,101770,10177,0.1,0.02637349063873725,0.014345540138413656,0.013906779216371686,0.026373394233154664,0.014345540138413656,0.013906779216371686,0.026373394233154664,0.029139028834051315,0.028571203312467267,0.03227770990845783,0.012701819172231694,0.01240758522921115,0.023343570044094496,0.029139028834051315,0.028571203312467267,0.03227770990845783,0.012701819172231694,0.01240758522921115,0.023343570044094496,0.2752045769744658,0.4399203519096062,0.5303513801295322,0.847777927050888,0.5303513801295322,814160,203540,81416,122124,0.75,,,,,,,,,0.007331162469052723,1
bayesfl_observability_v1,vi_sparse_bayesian_keep010_seed42,187,vi,49,3,3,,5,256,11.428138828277588,0.6237372159957886,4.909475921926519,4.909475921926519,,,0.5195162068471577,0.003133222460746765,0.9999568090784275,0.5195162068471577,,-0.0,2.3277319754160017,11.428138828277588,14.728427765779557,4.909475921926519,0.00014472268611358512,0.6237372159957886,4.909475921926519,0.000625,55.89752064087087,0.09773784732890642,0.0986051857471466,0.10633325874805451,0.12924768030643463,1.442167767931553,1.2142510955963612,2.9720200658306695,,,,,,,,,,,,,,,,,,1,update_snr,bayesian,0.1,20,101770,10177,0.1,0.026378350733486544,0.014369719510058977,0.013956402514153993,0.0263778053880373,0.014369719510058977,0.013956402514153993,0.0263778053880373,0.029078735248376994,0.02852887802721283,0.032088873985868176,0.012735384428023638,0.012439929488837756,0.02338179557265541,0.029078735248376994,0.02852887802721283,0.032088873985868176,0.012735384428023638,0.012439929488837756,0.02338179557265541,0.2746761873018059,0.4409649433982276,0.5287153387740527,0.8487992050803528,0.5287153387740527,814160,203540,81416,122124,0.75,,,,,,,,,0.007331950885274875,3
bayesfl_observability_v1,vi_sparse_bayesian_keep010_seed42,187,vi,174,13,3,,5,256,10.890423107147218,0.7692325115203857,4.881443318809509,4.881443318809509,,,0.5178848372566709,0.0031356066465377808,0.9999570829966579,0.5178848372566709,,-0.0,2.28098669344155,10.890423107147218,14.644329956428528,4.881443318809509,0.00014389633444461558,0.7692325115203857,4.881443318809509,0.000625,55.89925436306785,0.09773922433112674,0.09862013906240463,0.10632909089326859,0.12893792986869812,1.4421976314486258,1.2152316414737676,2.9735024280137416,,,,,,,,,,,,,,,,,,1,update_snr,bayesian,0.1,20,101770,10177,0.1,0.026377547976522118,0.014302148997323188,0.01386270050186287,0.02637684257598608,0.014302148997323188,0.01386270050186287,0.02637684257598608,0.029103745909478274,0.028558702926213344,0.03220818225058627,0.012657527118194848,0.012348992178707817,0.023309710035350425,0.029103745909478274,0.028558702926213344,0.03220818225058627,0.012657527118194848,0.012348992178707817,0.023309710035350425,0.2748107380875155,0.43895758666659745,0.530640633433559,0.8475969078218909,0.530640633433559,814160,203540,81416,122124,0.75,,,,,,,,,0.00733207281916277,3
bayesfl_observability_v1,vi_sparse_bayesian_keep010_seed42,187,vi,155,12,1,,5,256,5.869988441467285,0.0311138816177845,14.661245933617696,14.661245933617696,,,0.5181935114646826,0.0031329095363616943,0.9999570257484565,0.5181935114646826,,-0.0,2.28098669344155,5.869988441467285,14.661245933617696,14.661245933617696,0.00014406255216289375,0.0311138816177845,14.661245933617696,0.000625,55.89467096333029,0.09773868503742864,0.09860968962311745,0.10632313266396523,0.12885518372058868,1.4421043730703937,1.2146025675063827,2.9734241718791026,,,,,,,,,,,,,,,,,,1,update_snr,bayesian,0.1,20,101770,10177,0.1,0.026368588652673487,0.014319536496704892,0.013850423589388032,0.02636857520297711,0.014319536496704892,0.013850423589388032,0.02636857520297711,0.02910817239360153,0.02858025867085042,0.032131153879428095,0.012676354730383038,0.012351194693311696,0.02337520588753281,0.02910817239360153,0.02858025867085042,0.032131153879428095,0.012676354730383038,0.012351194693311696,0.02337520588753281,0.27460453544182883,0.4394506393656466,0.5299266188525875,0.8480435004358353,0.5299266188525875,814160,203540,81416,122124,0.75,,,,,,,,,0.007330926978248205,1
bayesfl_observability_v1,vi_sparse_bayesian_keep010_seed42,187,vi,158,12,58,,5,256,97.46456117630005,0.16201999269682785,0.25386004451405225,0.25386004451405225,,,0.5193752267863839,0.0031367242336273193,0.9999568358490142,0.5193752267863839,,-0.0,2.3292713582565514,97.46456117630005,14.723882581815031,0.25386004451405225,0.00014467802477955224,0.16201999269682785,0.25386004451405225,0.000625,55.89936941267056,0.09773893963665992,0.09861131384968758,0.10632656738162041,0.12922035157680511,1.4421949124829738,1.215537965915591,2.9729133440799127,,,,,,,,,,,,,,,,,,1,update_snr,bayesian,0.1,20,101770,10177,0.1,0.02643042981046501,0.01436202353898023,0.0139213427443984,0.026430209650319246,0.01436202353898023,0.0139213427443984,0.026430209650319246,0.02913438697757828,0.02857129678421178,0.03219521280939631,0.012720649823580447,0.012418188204166585,0.023418897342937593,0.02913438697757828,0.02857129678421178,0.03219521280939631,0.012720649823580447,0.012418188204166585,0.023418897342937593,0.2750034042806868,0.440594772816747,0.5294888745122881,0.8483168816944,0.5294888745122881,814160,203540,81416,122124,0.75,,,,,,,,,0.007331430008945109,58
bayesfl_observability_v1,vi_sparse_bayesian_keep010_seed42,187,vi,110,8,1,,5,256,4.032802677154541,1.1324817933200393e-05,14.669465265267554,14.669465265267554,,,0.5185257176447289,0.003135368227958679,0.9999569806476224,0.5185257176447289,,-0.0,2.3096097079310103,4.032802677154541,14.669465265267554,14.669465265267554,0.00014414331596018036,1.1324817933200393e-05,14.669465265267554,0.000625,55.9009467196405,0.09773854496900256,0.09861071407794952,0.10632943883538246,0.12908872961997986,1.4422861959108417,1.2151480069804022,2.9727339281406877,,,,,,,,,,,,,,,,,,1,update_snr,bayesian,0.1,20,101770,10177,0.1,0.026359748218878775,0.014327337308030081,0.013891599547032122,0.026359505909863537,0.014327337308030081,0.013891599547032122,0.026359505909863537,0.029094085664779643,0.02852864201786607,0.032171370422683,0.012686587490613459,0.01239857269100394,0.023370723187118272,0.029094085664779643,0.02852864201786607,0.032171370422683,0.012686587490613459,0.01239857269100394,0.023370723187118272,0.2750251739918992,0.43957942801012284,0.5303983286328228,0.8477485552824661,0.5303983286328228,814160,203540,81416,122124,0.75,,,,,,,,,0.007331332038271606,1
bayesfl_observability_v1,vi_sparse_bayesian_keep010_seed42,187,vi,213,17,204,,5,256,218.66399087905884,0.10661657183778052,0.0742229844408292,0.0742229844408292,,,0.5270284333934601,0.003129720687866211,0.9999555518934896,0.5270284333934601,,-0.0,2.3163460082440825,218.66399087905884,15.141488825929157,0.0742229844408292,0.0001487814564796026,0.10661657183778052,0.0742229844408292,0.000625,55.89810923825411,0.0977383474623983,0.09860510751605034,0.10632502287626266,0.1290283501148224,1.4422315594517068,1.2145928378806548,2.9725098953862914,,,,,,,,,,,,,,,,,,1,update_snr,bayesian,0.1,20,101770,10177,0.1,0.026709325507271054,0.014588014823475798,0.014191174098145725,0.026709174796893057,0.014588014823475798,0.014191174098145725,0.026709174796893057,0.029398711101576946,0.02882400596538243,0.03242646480913219,0.01294238190368678,0.012669602221427054,0.02373425263715032,0.029398711101576946,0.02882400596538243,0.03242646480913219,0.01294238190368678,0.012669602221427054,0.02373425263715032,0.277228197945685,0.4482225963390878,0.5260213308808647,0.8504713748612142,0.5260213308808647,814160,203540,81416,122124,0.75,,,,,,,,,0.007331968427875597,204
bayesfl_observability_v1,vi_sparse_bayesian_keep010_seed42,187,vi,294,23,1,,5,256,5.56312141418457,1.6689286894688848e-06,14.64181637773048,14.64181637773048,,,0.517992685276853,0.003134496510028839,0.9999570632973737,0.517992685276853,,-0.0,2.3096097079310103,5.56312141418457,14.64181637773048,14.64181637773048,0.00014387163582323356,1.6689286894688848e-06,14.64181637773048,0.000625,55.89829766583841,0.09773858614398429,0.09860784932971,0.10633161887526513,0.12884780764579773,1.4422369469978662,1.2148909921284594,2.974206786342794,,,,,,,,,,,,,,,,,,1,update_snr,bayesian,0.1,20,101770,10177,0.1,0.026332020226140684,0.014316569484520683,0.0138656075384074,0.026331469417436058,0.014316569484520683,0.0138656075384074,0.026331469417436058,0.029042777478672618,0.028525382746239024,0.032065403044637224,0.012680324151837142,0.012354577649833384,0.02334781188898848,0.029042777478672618,0.028525382746239024,0.032065403044637224,0.012680324151837142,0.012354577649833384,0.02334781188898848,0.27450215977380155,0.4392778008047338,0.5299344326205834,0.8480386177074136,0.5299344326205834,814160,203540,81416,122124,0.75,,,,,,,,,0.00733128063553666,1
bayesfl_observability_v1,vi_sparse_bayesian_keep010_seed42,187,vi,140,11,2,,5,256,7.903010559082031,1.1141576766967773,7.323220537283819,7.323220537283819,,,0.5183396705252429,0.003133237361907959,0.9999570059637172,0.5183396705252429,,-0.0,2.3277319754160017,7.903010559082031,14.646441074567639,7.323220537283819,0.0001439170784569877,1.1141576766967773,7.323220537283819,0.000625,55.898416928456676,0.09773901060653321,0.09861253947019577,0.10634179413318634,0.1292235404253006,1.4422069374345095,1.214456084159068,2.973678463628792,,,,,,,,,,,,,,,,,,1,update_snr,bayesian,0.1,20,101770,10177,0.1,0.026355926720929342,0.014316650374632629,0.013856279929906977,0.026355834319159582,0.014316650374632629,0.013856279929906977,0.026355834319159582,0.029083507642392224,0.02855600082632708,0.03215112978031779,0.012675888455992676,0.012366624363076563,0.02332959142342928,0.029083507642392224,0.02855600082632708,0.03215112978031779,0.012675888455992676,0.012366624363076563,0.02332959142342928,0.27515458290013667,0.4392789199919218,0.5308383643901259,0.8474730856443857,0.5308383643901259,814160,203540,81416,122124,0.75,,,,,,,,,0.007330658589855686,2
bayesfl_observability_v1,vi_sparse_bayesian_keep010_seed42,187,vi,261,20,20,,5,256,73.61548080444337,1.9902635574340821,0.7298491155348289,0.7298491155348289,,,0.5168472878109528,0.003138035535812378,0.9999572493283185,0.5168472878109528,,-0.0,2.311121424016332,73.61548080444337,14.596982310696578,0.7298491155348289,0.00014343109276502484,1.9902635574340821,0.7298491155348289,0.000625,55.895483451157894,0.097738278160578,0.09860926866531372,0.10632728412747383,0.1292637139558792,1.4420933784189738,1.2145327854694026,2.9731522619315824,,,,,,,,,,,,,,,,,,1,update_snr,bayesian,0.1,20,101770,10177,0.1,0.026379637092688923,0.0142712420185644,0.013813919681577766,0.026379299908265263,0.0142712420185644,0.013813919681577766,0.026379299908265263,0.029123769587922496,0.028542560711108417,0.03223679947613198,0.012620961177524617,0.01231686577544172,0.023295830087966662,0.029123769587922496,0.028542560711108417,0.03223679947613198,0.012620961177524617,0.01231686577544172,0.023295830087966662,0.2746916125238694,0.43780776252434617,0.5314753874152927,0.8470737350265115,0.5314753874152927,814160,203540,81416,122124,0.75,,,,,,,,,0.007331538523353024,20
bayesfl_observability_v1,vi_sparse_bayesian_keep010_seed42,187,vi,187,15,29,,5,256,43.34656295776367,0.5136438567062904,0.5039136090458091,0.5039136090458091,,,0.5174995098168188,0.0031374096870422363,0.9999571493822128,0.5174995098168188,,-0.0,2.28098669344155,43.34656295776367,14.613494662328462,0.5039136090458091,0.000143593344426928,0.5136438567062904,0.5039136090458091,0.000625,55.900390240432436,0.09773877923130415,0.09861172363162041,0.10632244572043419,0.1288709044456482,1.4422368774652745,1.2149435046384234,2.9736843950691916,,,,,,,,,,,,,,,,,,1,update_snr,bayesian,0.1,20,101770,10177,0.1,0.026382136828997888,0.01429259605105785,0.013775475848500711,0.02638210201577902,0.01429259605105785,0.013775475848500711,0.02638210201577902,0.029094984549931147,0.02852080799748106,0.032166892948867536,0.0126478862178497,0.012306744836719808,0.02334086867517087,0.029094984549931147,0.02852080799748106,0.032166892948867536,0.0126478862178497,0.012306744836719808,0.02334086867517087,0.27512876415744514,0.4383034403171447,0.5316502893980198,0.8469639719509929,0.5316502893980198,814160,203540,81416,122124,0.75,,,,,,,,,0.007330780691972578,29
bayesfl_observability_v1,vi_sparse_bayesian_keep010_seed42,187,vi,117,9,1,,5,256,5.089682865142822,0.0006287504802457988,14.613942298702757,14.613942298702757,,,0.5173011125323407,0.003131713718175888,0.9999571874796246,0.5173011125323407,,-0.0,2.3277319754160017,5.089682865142822,14.613942298702757,14.613942298702757,0.0001435977429370419,0.0006287504802457988,14.613942298702757,0.000625,55.90231393264751,0.09773908127595274,0.0986107736825943,0.10631830766797067,0.12896746397018433,1.4423015132740378,1.2152710086025853,2.974912626361397,,,,,,,,,,,,,,,,,,1,update_snr,bayesian,0.1,20,101770,10177,0.1,0.026361167340669112,0.01428204757752587,0.013787079752775256,0.02636097081980412,0.01428204757752587,0.013787079752775256,0.02636097081980412,0.02912281611220963,0.028541798222888732,0.032186944963596184,0.012633073295894337,0.012284200288731742,0.023311581900659333,0.02912281611220963,0.028541798222888732,0.032186944963596184,0.012633073295894337,0.012284200288731742,0.023311581900659333,0.2749756432908915,0.4381653074171412,0.5315581904411631,0.8470217766828173,0.5315581904411631,814160,203540,81416,122124,0.75,,,,,,,,,0.0073321406067342505,1
bayesfl_observability_v1,vi_sparse_bayesian_keep010_seed42,187,vi,280,22,9,,5,256,8.933764554560184,1.980057277251035e-05,1.6213712233968895,1.6213712233968895,,,0.5170691623760021,0.003134101629257202,0.9999572159291467,0.5170691623760021,,-0.0,2.259365973874069,8.933764554560184,14.592341010572007,1.6213712233968895,0.00014338548698606668,1.980057277251035e-05,1.6213712233968895,0.000625,55.89809973467989,0.09773898490104183,0.09861297532916069,0.10631551295518876,0.12918530404567719,1.4422223106243424,1.2149968617155351,2.973930490460753,,,,,,,,,,,,,,,,,,1,update_snr,bayesian,0.1,20,101770,10177,0.1,0.02630298588144273,0.014292639629661827,0.013833382418106888,0.026302818059682504,0.014292639629661827,0.013833382418106888,0.026302818059682504,0.029028473920799186,0.028496684038489244,0.03199797840096359,0.012655324708424339,0.012357815306814233,0.02330487358356504,0.029028473920799186,0.028496684038489244,0.03199797840096359,0.012655324708424339,0.012357815306814233,0.02330487358356504,0.2742513599732335,0.43834542341976424,0.5303958927138718,0.8477500793230606,0.5303958927138718,814160,203540,81416,122124,0.75,,,,,,,,,0.007330914779543192,9
bayesfl_observability_v1,vi_sparse_bayesian_keep010_seed42,188,vi,102,8,341,,5,256,122.5761513710022,0.13800579641571492,0.0902172927040025,0.0902172927040025,,,0.7498893790372985,0.0061208754777908325,0.9999100403843594,0.7498893790372985,,-0.0,2.4040642619438994,122.5761513710022,30.764096812064853,0.0902172927040025,0.0003022904275529611,0.13800579641571492,0.0902172927040025,0.000625,55.90725464737113,0.0978332164949283,0.09871060028672218,0.10641544163227082,0.12868958711624146,1.4409621667256005,1.2131511737596483,2.9692815142166578,,,,,,,,,,,,,,,,,,1,update_snr,bayesian,0.1,20,101770,10177,0.1,0.039599854352939265,0.02009811097995535,0.018215592956696943,0.03959985197518554,0.02009811097995535,0.018215592956696943,0.03959985197518554,0.04618967477295035,0.04497432651720711,0.0535018825492955,0.017199048336289234,0.01623085090419353,0.03311348161001057,0.04618967477295035,0.04497432651720711,0.0535018825492955,0.017199048336289234,0.01623085090419353,0.03311348161001057,0.4449906539579483,0.6035871094407359,0.5934083964880573,0.8049015312306674,0.5934083964880573,814160,203540,81416,122124,0.75,,,,,,,,,0.007330954158902064,341
bayesfl_observability_v1,vi_sparse_bayesian_keep010_seed42,188,vi,250,20,1,,5,256,9.48050661087036,2.7748680114746094,14.636809798899431,14.636809798899431,,,0.5179817847476081,0.003136761486530304,0.9999570807577962,0.5179817847476081,,-0.0,2.311121424016332,9.48050661087036,14.636809798899431,14.636809798899431,0.00014382244078706328,2.7748680114746094,14.636809798899431,0.000625,55.90754652504865,0.09778972128108751,0.09866709262132645,0.10637409687042236,0.12920045852661133,1.4415531466343714,1.2137906789295316,2.9709153019702783,,,,,,,,,,,,,,,,,,1,update_snr,bayesian,0.1,20,101770,10177,0.1,0.02637395131201653,0.014308199636056146,0.01380789225085355,0.0263738586242132,0.014308199636056146,0.01380789225085355,0.0263738586242132,0.029122766894589414,0.028597813256700973,0.03216922692950841,0.012662136607330223,0.012336299530678345,0.023329485032436658,0.029122766894589414,0.028597813256700973,0.03216922692950841,0.012662136607330223,0.012336299530678345,0.023329485032436658,0.27503654077091055,0.4389305532440055,0.5309772445085591,0.8473860783692979,0.5309772445085591,814160,203540,81416,122124,0.75,,,,,,,,,0.007325390224149721,1
bayesfl_observability_v1,vi_sparse_bayesian_keep010_seed42,188,vi,257,20,22,,5,256,14.071100556850434,0.07655098763379184,0.66053858884771,0.66053858884771,,,0.5162597044673826,0.003137737512588501,0.9999573595825059,0.5162597044673826,,-0.0,2.259365973874069,14.071100556850434,14.53184895464962,0.66053858884771,0.00014279108730126384,0.07655098763379184,0.66053858884771,0.000625,55.90454642930876,0.0977891745301467,0.09866295009851456,0.10636583119630813,0.12883734703063965,1.441541539317732,1.213282092368071,2.970227564692084,,,,,,,,,,,,,,,,,,1,update_snr,bayesian,0.1,20,101770,10177,0.1,0.02628372438358064,0.014253182180715699,0.013775493290776528,0.026283569287808124,0.014253182180715699,0.013775493290776528,0.026283569287808124,0.028993521268079237,0.02847230402697701,0.03198952734307111,0.012615366726564195,0.012294542878152384,0.023227679499200175,0.028993521268079237,0.02847230402697701,0.03198952734307111,0.012615366726564195,0.012294542878152384,0.023227679499200175,0.2745341313582384,0.4372128694081714,0.5317752460294595,0.8468855221990207,0.5317752460294595,814160,203540,81416,122124,0.75,,,,,,,,,0.00732535908613066,22
bayesfl_observability_v1,vi_sparse_bayesian_keep010_seed42,188,vi,260,20,171,,5,256,454.787158203125,0.6962225841499908,0.09226858002757389,0.09226858002757389,,,0.5385287315045213,0.0031331516802310944,0.9999536024185008,0.5385287315045213,,-0.0,2.311121424016332,454.787158203125,15.777927184715136,0.09226858002757389,0.0001550351496975055,0.6962225841499908,0.09226858002757389,0.000625,55.905060925350746,0.09778885867710584,0.09866093099117279,0.10636183097958565,0.12890252470970154,1.4415298751023091,1.2142642911099475,2.971763603987258,,,,,,,,,,,,,,,,,,1,update_snr,bayesian,0.1,20,101770,10177,0.1,0.027081356015221533,0.014940042463760309,0.014709864870332469,0.02708117184798982,0.014940042463760309,0.014709864870332469,0.02708117184798982,0.029713157649043975,0.029106206893343374,0.03268991920500864,0.013298585220951013,0.013140338336769083,0.024217871666220497,0.029713157649043975,0.029106206893343374,0.03268991920500864,0.013298585220951013,0.013140338336769083,0.024217871666220497,0.2794885541319801,0.46032525757890397,0.5189854092856949,0.8547830981884005,0.5189854092856949,814160,203540,81416,122124,0.75,,,,,,,,,0.007325994402571451,171
bayesfl_observability_v1,vi_sparse_bayesian_keep010_seed42,188,vi,6,0,1,,5,256,6.400289106369018,0.004836526699364185,14.569104506950701,14.569104506950701,,,0.5169711954283037,0.003131955862045288,0.9999572433254866,0.5169711954283037,,-0.0,2.28098669344155,6.400289106369018,14.569104506950701,14.569104506950701,0.00014315716327946055,0.004836526699364185,14.569104506950701,0.000625,55.90535083324314,0.09778920602241188,0.0986674465239048,0.10636010840535165,0.12924881279468536,1.4415202048929827,1.213753059496507,2.9697526609666496,,,,,,,,,,,,,,,,,,1,update_snr,bayesian,0.1,20,101770,10177,0.1,0.02632430450115982,0.01427517046017551,0.013789632844430126,0.02632385815608679,0.01427517046017551,0.013789632844430126,0.02632385815608679,0.029036296475780987,0.028513409357157828,0.03212043828233833,0.012635045347330457,0.012321924161059502,0.023259857492782227,0.029036296475780987,0.028513409357157828,0.03212043828233833,0.012635045347330457,0.012321924161059502,0.023259857492782227,0.27472148481488823,0.43793529508783896,0.5314057867136779,0.8471174002741398,0.5314057867136779,814160,203540,81416,122124,0.75,,,,,,,,,0.007326376251721215,1
bayesfl_observability_v1,vi_sparse_bayesian_keep010_seed42,188,vi,139,11,6,,5,256,8.028619003295898,0.08640342950820923,2.442741102277266,2.442741102277266,,,0.5184640305533962,0.00313640758395195,0.9999570045884334,0.5184640305533962,,-0.0,2.28098669344155,8.028619003295898,14.656446613663595,2.442741102277266,0.00014401539366869996,0.08640342950820923,2.442741102277266,0.000625,55.90892868470277,0.09778934022554646,0.09866955503821373,0.10636924132704735,0.1291835606098175,1.4416043290677825,1.2140334744705257,2.971405145539418,,,,,,,,,,,,,,,,,,1,update_snr,bayesian,0.1,20,101770,10177,0.1,0.02634133968471863,0.014322381893506944,0.013871867504249513,0.02634123296895378,0.014322381893506944,0.013871867504249513,0.02634123296895378,0.02907587033915547,0.028551216027273743,0.03211194543873327,0.012683105399545995,0.012381046421902343,0.023377167441869264,0.02907587033915547,0.028551216027273743,0.03211194543873327,0.012683105399545995,0.012381046421902343,0.023377167441869264,0.27493159853881327,0.43956520233358537,0.5302809497610814,0.847821982682972,0.5302809497610814,814160,203540,81416,122124,0.75,,,,,,,,,0.007325927204657561,6
bayesfl_observability_v1,vi_sparse_bayesian_keep010_seed42,188,vi,20,1,271,,5,256,420.87495893239975,0.5340328286934602,0.12459585658616978,0.12459585658616978,,,0.7877101064697261,0.006241977214813232,0.9999007545083778,0.7877101064697261,,0.1565717533105691,2.1543325248754965,420.87495893239975,33.76547713485201,0.12459585658616978,0.00033178222594921895,0.5340328286934602,0.12459585658616978,0.000625,55.91153524744918,0.09782642921916222,0.09870833903551102,0.10640705078840257,0.12889614701271057,1.4410579177289309,1.2140601666825617,2.9708149485150543,,,,,,,,,,,,,,,,,,1,update_snr,bayesian,0.1,20,101770,10177,0.1,0.04118974878031019,0.021272141486445177,0.019636897960747822,0.04118887079450117,0.021272141486445177,0.019636897960747822,0.04118887079450117,0.047302122113625306,0.04615630457572291,0.05420881270393305,0.018379921416758496,0.017510592442110742,0.03496863184000575,0.047302122113625306,0.04615630457572291,0.05420881270393305,0.018379921416758496,0.017510592442110742,0.03496863184000575,0.4544398057112906,0.6434063061702395,0.5769124986195109,0.8168059554977507,0.5769124986195109,814160,203540,81416,122124,0.75,,,,,,,,,0.007330316907768227,271
bayesfl_observability_v1,vi_sparse_bayesian_keep010_seed42,188,vi,66,5,62,,5,256,52.49631485939026,0.20022604542393838,0.23532688355511147,0.23532688355511147,,,0.5171985782198222,0.003136012703180313,0.9999572060829669,0.5171985782198222,,0.5614271145662422,1.826949466466651,52.49631485939026,14.590266780416911,0.23532688355511147,0.00014336510543791795,0.20022604542393838,0.23532688355511147,0.000625,55.90555578476878,0.09778974196111581,0.09865934029221535,0.10636240541934967,0.12902840971946716,1.4415308234697228,1.2143429423224155,2.9719041871572243,,,,,,,,,,,,,,,,,,1,update_snr,bayesian,0.1,20,101770,10177,0.1,0.02632233666692475,0.014283745948532803,0.013760410826270643,0.026322109825950058,0.014283745948532803,0.013760410826270643,0.026322109825950058,0.0290769445037464,0.028524448907507282,0.032153774479514424,0.012640057220175737,0.01229714066272798,0.023314694507302947,0.0290769445037464,0.028524448907507282,0.032153774479514424,0.012640057220175737,0.01229714066272798,0.023314694507302947,0.274793197656806,0.4381587244756781,0.5313108141221766,0.8471769701761435,0.5313108141221766,814160,203540,81416,122124,0.75,,,,,,,,,0.007325715216617392,62
bayesfl_observability_v1,vi_sparse_bayesian_keep010_seed42,188,vi,68,5,1,,5,256,5.217444801330567,0.0015332859475165606,14.604811084427917,14.604811084427917,,,0.5179623134387169,0.0031311288475990295,0.999957074209514,0.5179623134387169,,-0.0,2.4040642619438994,5.217444801330567,14.604811084427917,14.604811084427917,0.0001435080189095796,0.0015332859475165606,14.604811084427917,0.000625,55.90067796697363,0.09778867613103608,0.09867099300026894,0.10635225623846055,0.1290430873632431,1.441481368125709,1.2143617422438089,2.97085406329107,,,,,,,,,,,,,,,,,,1,update_snr,bayesian,0.1,20,101770,10177,0.1,0.026347451063899813,0.014291058980016218,0.013843459638851155,0.026347412325537032,0.014291058980016218,0.013843459638851155,0.026347412325537032,0.029047302695442128,0.028485754045458413,0.03209609380518019,0.012651476344968899,0.012339431628642936,0.023319292707280084,0.029047302695442128,0.028485754045458413,0.03209609380518019,0.012651476344968899,0.012339431628642936,0.023319292707280084,0.2750847832112732,0.43887734070967305,0.531090343976966,0.8473151990460386,0.531090343976966,814160,203540,81416,122124,0.75,,,,,,,,,0.007324410977146014,1
bayesfl_observability_v1,vi_sparse_bayesian_keep010_seed42,188,vi,85,6,1,,5,256,5.492323970794677,0.146146759390831,14.609989470748857,14.609989470748857,,,0.5176408274707753,0.003135005012154579,0.9999571328118911,0.5176408274707753,,-0.0,2.3277319754160017,5.492323970794677,14.609989470748857,14.609989470748857,0.00014355890213961736,0.146146759390831,14.609989470748857,0.000625,55.90552839185084,0.09778948499764115,0.09866981580853462,0.1063739761710167,0.12922929227352142,1.441567372492506,1.2135734331742172,2.9702548238036797,,,,,,,,,,,,,,,,,,1,update_snr,bayesian,0.1,20,101770,10177,0.1,0.02634049940992688,0.014291416970576926,0.01384052451963279,0.026339770571688813,0.014291416970576926,0.01384052451963279,0.026339770571688813,0.029057210692913796,0.028457588139309976,0.03217039334767987,0.0126507732236506,0.01234364686595224,0.02331311048710351,0.029057210692913796,0.028457588139309976,0.03217039334767987,0.0126507732236506,0.01234364686595224,0.02331311048710351,0.27444734095749823,0.43889712155126714,0.5301887455409279,0.8478796460003846,0.5301887455409279,814160,203540,81416,122124,0.75,,,,,,,,,0.0073260194447834865,1
bayesfl_observability_v1,vi_sparse_bayesian_keep010_seed42,188,vi,263,21,2,,5,256,6.623191595077515,0.0020019984804093838,7.29597681684549,7.29597681684549,,,0.5174349484228417,0.003131978213787079,0.9999571643758666,0.5174349484228417,,-0.0,2.185987945410232,6.623191595077515,14.59195363369098,7.29597681684549,0.00014338168059045868,0.0020019984804093838,7.29597681684549,0.000625,55.903972576207764,0.09778972755349975,0.09867362305521965,0.10635273158550262,0.12880612909793854,1.4415509081587863,1.213596486060636,2.97230354203701,,,,,,,,,,,,,,,,,,1,update_snr,bayesian,0.1,20,101770,10177,0.1,0.0263492538861739,0.014283540989433819,0.013793946681335635,0.02634914641432822,0.014283540989433819,0.013793946681335635,0.02634914641432822,0.02904467178288192,0.02847589920139206,0.032079966398866955,0.01264341534571736,0.012324386556801141,0.02331764675754271,0.02904467178288192,0.02847589920139206,0.032079966398866955,0.01264341534571736,0.012324386556801141,0.02331764675754271,0.27456535768595863,0.4385804261570852,0.530627779439411,0.8476049549685278,0.530627779439411,814160,203540,81416,122124,0.75,,,,,,,,,0.007325826764393976,2
bayesfl_observability_v1,vi_sparse_bayesian_keep010_seed42,188,vi,267,21,2,,5,256,7.776746845245361,0.6440793871879578,7.302558312004188,7.302558312004188,,,0.5176180100301185,0.003135859966278076,0.9999571361320123,0.5176180100301185,,-0.0,2.259365973874069,7.776746845245361,14.605116624008376,7.302558312004188,0.00014351102116545521,0.6440793871879578,7.302558312004188,0.000625,55.905278232555276,0.09778940237050465,0.09866782277822495,0.1063701905310154,0.12898680567741394,1.4415079685160892,1.2146021719900846,2.97064971407262,,,,,,,,,,,,,,,,,,1,update_snr,bayesian,0.1,20,101770,10177,0.1,0.026342611335572058,0.014289445700997615,0.013799843526293178,0.02634219804455264,0.014289445700997615,0.013799843526293178,0.02634219804455264,0.029004759338341887,0.02845231085585794,0.03201605209157801,0.012654410852403803,0.012303435688861575,0.023344896807746318,0.029004759338341887,0.02845231085585794,0.03201605209157801,0.012654410852403803,0.012303435688861575,0.023344896807746318,0.2742324230098253,0.43900453582816223,0.5297969114209697,0.8481245384074213,0.5297969114209697,814160,203540,81416,122124,0.75,,,,,,,,,0.0073266328581821725,2
bayesfl_observability_v1,vi_sparse_bayesian_keep010_seed42,188,vi,160,12,3221,,5,256,181.98926211870634,0.05784825899703871,0.04174776423985298,0.04174776423985298,,,1.5614679200128556,0.02812245488166809,0.9996101443524615,1.5614679200128556,,0.6845683881983222,1.6114184451985936,181.98926211870634,134.46954861656644,0.04174776423985298,0.0013213083287468453,0.05784825899703871,0.04174776423985298,0.000625,55.92529752376321,0.09796516390837098,0.09882768988609314,0.10658059269189835,0.1297248750925064,1.439567750819145,1.2115745123466892,2.9694936398764207,,,,,,,,,,,,,,,,,,1,update_snr,bayesian,0.1,20,101770,10177,0.1,0.08196579399634762,0.03985307403816081,0.03331600691683842,0.08196190850080738,0.03985307403816081,0.03331600691683842,0.08196190850080738,0.10541712515803779,0.09836282800603019,0.13269298439025376,0.032568179469285585,0.02947836903437178,0.06505873068694559,0.10541712515803779,0.09836282800603019,0.13269298439025376,0.032568179469285585,0.02947836903437178,0.06505873068694559,1.042636408432588,1.1623645663216298,0.6677283568041564,0.7444050251842894,0.6677283568041564,814160,203540,81416,122124,0.75,,,,,,,,,0.007356853230074735,3221
bayesfl_observability_v1,vi_sparse_bayesian_keep010_seed42,188,vi,203,16,1,,5,256,6.04227352142334,0.46595194935798645,14.61390777905207,14.61390777905207,,,0.5177417212891714,0.003136247396469116,0.9999571175942602,0.5177417212891714,,-0.0,2.311121424016332,6.04227352142334,14.61390777905207,14.61390777905207,0.0001435974037442475,0.46595194935798645,14.61390777905207,0.000625,55.906277734929176,0.09778971483267845,0.09866674989461899,0.10636941269040108,0.12906202673912048,1.4415580360998406,1.214883175083889,2.969424737471334,,,,,,,,,,,,,,,,,,1,update_snr,bayesian,0.1,20,101770,10177,0.1,0.026356572456576844,0.014288616079330515,0.013828287274703397,0.02635636022163959,0.014288616079330515,0.013828287274703397,0.02635636022163959,0.02910123242465822,0.028524847043429533,0.0322047218838343,0.012642769818738547,0.01231336489740932,0.023291345352764194,0.02910123242465822,0.028524847043429533,0.0322047218838343,0.012642769818738547,0.01231336489740932,0.023291345352764194,0.27530329878454973,0.4384798554572594,0.5317386786968751,0.8469084824098186,0.5317386786968751,814160,203540,81416,122124,0.75,,,,,,,,,0.007325941700593637,1
bayesfl_observability_v1,vi_sparse_bayesian_keep010_seed42,188,vi,218,17,1,,5,256,4.119589924812317,0.0007915939204394817,14.643086948979182,14.643086948979182,,,0.51804618808355,0.003136306069791317,0.999957064768892,0.51804618808355,,-0.0,2.185987945410232,4.119589924812317,14.643086948979182,14.643086948979182,0.00014388412055595147,0.0007915939204394817,14.643086948979182,0.000625,55.90504149233552,0.09778895242158182,0.09866669774055481,0.1063637986779213,0.1287962794303894,1.44158550046852,1.2143403021170713,2.9717446923464643,,,,,,,,,,,,,,,,,,1,update_snr,bayesian,0.1,20,101770,10177,0.1,0.026356441313638804,0.014309931053783734,0.013844550410359414,0.02635626998708414,0.014309931053783734,0.013844550410359414,0.02635626998708414,0.029110730257037663,0.028557592528215426,0.032215099601537275,0.012665397808977743,0.01235800368377099,0.02333303299440573,0.029110730257037663,0.028557592528215426,0.032215099601537275,0.012665397808977743,0.01235800368377099,0.02333303299440573,0.2747389083043044,0.4391928793271311,0.5303367047650099,0.8477871074621217,0.5303367047650099,814160,203540,81416,122124,0.75,,,,,,,,,0.007326050618367714,1
bayesfl_observability_v1,vi_sparse_bayesian_keep010_seed42,189,vi,228,18,5,,5,256,6.762402755022049,0.008871308714151382,2.9210062245800046,2.9210062245800046,,,0.5177061767653296,0.003131166100502014,0.9999571555588338,0.5177061767653296,,0.6730116670092565,1.5651195035345156,6.762402755022049,14.605031122900023,2.9210062245800046,0.0001435101810248602,0.008871308714151382,2.9210062245800046,0.000625,55.92728072800434,0.09786282093459542,0.09873957931995392,0.10642571747303009,0.1289251148700714,1.4409119385755267,1.21240097702091,2.971164067517257,,,,,,,,,,,,,,,,,,1,update_snr,bayesian,0.1,20,101770,10177,0.1,0.026365675683759908,0.014294826608709515,0.013808811237890552,0.026365610543119294,0.014294826608709515,0.013808811237890552,0.026365610543119294,0.029059673563535716,0.02849090811003461,0.032188477168805255,0.012654288058173268,0.012331260642142173,0.023273111657007677,0.029059673563535716,0.02849090811003461,0.032188477168805255,0.012654288058173268,0.012331260642142173,0.023273111657007677,0.27448006809528774,0.43895373068169835,0.5301850362502174,0.8478819654505902,0.5301850362502174,814160,203540,81416,122124,0.75,,,,,,,,,0.00732101142488114,5
bayesfl_observability_v1,vi_sparse_bayesian_keep010_seed42,189,vi,81,6,9,,5,256,6.93217613697052,0.00967431730694241,1.6246040423744204,1.6246040423744204,,,0.5182567873313526,0.003136768937110901,0.9999570632652994,0.5182567873313526,,-0.0,2.3155014849272724,6.93217613697052,14.621436381369783,1.6246040423744204,0.00014367138038095492,0.00967431730694241,1.6246040423744204,0.000625,55.92671507142825,0.09786341665357488,0.09873460605740547,0.10642706379294396,0.12924686074256897,1.4409753519570205,1.2124827061501877,2.9716933483581416,,,,,,,,,,,,,,,,,,1,update_snr,bayesian,0.1,20,101770,10177,0.1,0.026347432266672764,0.014307949806107775,0.013837644276547649,0.0263467140701963,0.014307949806107775,0.013837644276547649,0.0263467140701963,0.02907522985013039,0.028537824876732922,0.032155277602021755,0.012667140912327481,0.012372320042387345,0.023291305772085526,0.02907522985013039,0.028537824876732922,0.032155277602021755,0.012667140912327481,0.012372320042387345,0.023291305772085526,0.27517114781793156,0.439170737895385,0.530955222477382,0.8473998771087909,0.530955222477382,814160,203540,81416,122124,0.75,,,,,,,,,0.00732302295765385,9
bayesfl_observability_v1,vi_sparse_bayesian_keep010_seed42,189,vi,17,1,202,,5,256,185.88593130111695,0.19585524455155476,0.07280845553456881,0.07280845553456881,,,0.5196315579487825,0.0031311511993408203,0.9999568415965788,0.5196315579487825,,-0.0,2.3292713582565514,185.88593130111695,14.7073080179829,0.07280845553456881,0.00014451516181569125,0.19585524455155476,0.07280845553456881,0.000625,55.92950040533062,0.09786293493213905,0.09874700382351875,0.10643252879381179,0.12865376472473145,1.4409943242876393,1.2118715597913694,2.972222154599525,,,,,,,,,,,,,,,,,,1,update_snr,bayesian,0.1,20,101770,10177,0.1,0.02645909222760697,0.014327542993656794,0.0137438545486041,0.02645874684982957,0.014327542993656794,0.0137438545486041,0.02645874684982957,0.029235646143463908,0.028669440315776146,0.03223366203099939,0.012671087088122672,0.012270021462791167,0.023440805932146588,0.029235646143463908,0.028669440315776146,0.03223366203099939,0.012671087088122672,0.012270021462791167,0.023440805932146588,0.2761538572853121,0.44017724057784086,0.5314416591159601,0.8470948960748588,0.5314416591159601,814160,203540,81416,122124,0.75,,,,,,,,,0.00732023357221625,202
bayesfl_observability_v1,vi_sparse_bayesian_keep010_seed42,189,vi,40,3,110,,5,256,131.06556339263915,0.32144147699529474,0.13504248385950463,0.13504248385950463,,,0.522317274248799,0.0031327009201049805,0.9999563839257885,0.522317274248799,,-0.0,2.3096097079310103,131.06556339263915,14.854673224545508,0.13504248385950463,0.0001459631838905916,0.32144147699529474,0.13504248385950463,0.000625,55.92404531734468,0.09786293242008469,0.09873545914888382,0.1064256951212883,0.129152312874794,1.440936062225659,1.2124884620725251,2.971265001355361,,,,,,,,,,,,,,,,,,1,update_snr,bayesian,0.1,20,101770,10177,0.1,0.02650566468499417,0.014416319181202585,0.013981083036332016,0.026505535491265417,0.014416319181202585,0.013981083036332016,0.026505535491265417,0.02923513692620947,0.028672009149164072,0.03227909599422687,0.012769783876201818,0.01244341696268398,0.02353219903564953,0.02923513692620947,0.028672009149164072,0.03227909599422687,0.012769783876201818,0.01244341696268398,0.02353219903564953,0.2759095925933584,0.443496597161311,0.5282413701330745,0.8490942555923532,0.5282413701330745,814160,203540,81416,122124,0.75,,,,,,,,,0.007321747847835353,110
bayesfl_observability_v1,vi_sparse_bayesian_keep010_seed42,189,vi,287,23,1,,5,256,3.647623634338379,0.00010001159535022452,14.639660517530833,14.639660517530833,,,0.5188201144802355,0.003138206899166107,0.9999569685232231,0.5188201144802355,,-0.0,2.259365973874069,3.647623634338379,14.639660517530833,14.639660517530833,0.0001438504521718663,0.00010001159535022452,14.639660517530833,0.000625,55.925941792133735,0.09786248156683547,0.09874136373400688,0.10642564371228218,0.12923991680145264,1.4409846930383563,1.2123176395782762,2.9705989050928028,,,,,,,,,,,,,,,,,,1,update_snr,bayesian,0.1,20,101770,10177,0.1,0.026266448361479653,0.014324261923955011,0.013888279089182417,0.026266336924306757,0.014324261923955011,0.013888279089182417,0.026266336924306757,0.02899924153677181,0.028434349477550355,0.03209716622331591,0.012693708633642031,0.012375484860585225,0.023358647476956245,0.02899924153677181,0.028434349477550355,0.03209716622331591,0.012693708633642031,0.012375484860585225,0.023358647476956245,0.27471849015283123,0.4401182367926072,0.5295062440438528,0.8483060400106627,0.5295062440438528,814160,203540,81416,122124,0.75,,,,,,,,,0.007321619471669573,1
bayesfl_observability_v1,vi_sparse_bayesian_keep010_seed42,189,vi,169,13,456,,5,256,121.88321301937103,0.06424186940778766,0.06811008562224587,0.06811008562224587,,,0.7543883672767973,0.006238631904125214,0.9999090378114525,0.7543883672767973,,-0.0,2.3163460082440825,121.88321301937103,31.058199043744118,0.06811008562224587,0.0003051802991426169,0.06424186940778766,0.06811008562224587,0.000625,55.93142374580727,0.09790609749794515,0.09877926856279373,0.10648219212889672,0.12922340631484985,1.4404192959461908,1.212143663541582,2.9714054132937817,,,,,,,,,,,,,,,,,,1,update_snr,bayesian,0.1,20,101770,10177,0.1,0.039867899777270246,0.02014225263366486,0.018179076103447052,0.039866518957658845,0.02014225263366486,0.018179076103447052,0.039866518957658845,0.04663997766059213,0.045351663758129844,0.05423896751087256,0.017198060964006272,0.016182936151771615,0.03318309662612224,0.04663997766059213,0.045351663758129844,0.05423896751087256,0.017198060964006272,0.016182936151771615,0.03318309662612224,0.4500588744120179,0.6054327528681774,0.59658777088073,0.8025478375994555,0.59658777088073,814160,203540,81416,122124,0.75,,,,,,,,,0.007326800925109611,456
bayesfl_observability_v1,vi_sparse_bayesian_keep010_seed42,189,vi,203,16,1,,5,256,9.67143726348877,0.05167898163199425,14.537068625358717,14.537068625358717,,,0.5166994729464367,0.0031356215476989746,0.9999573233167498,0.5166994729464367,,-0.0,2.311121424016332,9.67143726348877,14.537068625358717,14.537068625358717,0.0001428423761949368,0.05167898163199425,14.537068625358717,0.000625,55.92788223915006,0.0978628938127969,0.09873827919363976,0.10641661435365676,0.12868374586105347,1.4410053674327217,1.212603939639839,2.9731506490443556,,,,,,,,,,,,,,,,,,1,update_snr,bayesian,0.1,20,101770,10177,0.1,0.02630119435698382,0.014251751594926709,0.013749798821358693,0.02630076720627433,0.014251751594926709,0.013749798821358693,0.02630076720627433,0.029027096085443838,0.02848396165016651,0.03214364794434062,0.012610046651535917,0.012261029243142478,0.02330758132889375,0.029027096085443838,0.02848396165016651,0.03214364794434062,0.012610046651535917,0.012261029243142478,0.02330758132889375,0.2744355545058795,0.43779386903676026,0.5311318646038732,0.8472891728344067,0.5311318646038732,814160,203540,81416,122124,0.75,,,,,,,,,0.007320657861739023,1
bayesfl_observability_v1,vi_sparse_bayesian_keep010_seed42,189,vi,209,16,1,,5,256,7.649376296997071,0.07316446304321289,14.544323302719476,14.544323302719476,,,0.516808373794435,0.0031345337629318237,0.9999573039462046,0.516808373794435,,-0.0,2.259365973874069,7.649376296997071,14.544323302719476,14.544323302719476,0.00014291366122353813,0.07316446304321289,14.544323302719476,0.000625,55.92723458250343,0.09786344899734545,0.09873618558049202,0.10643479377031326,0.12901517748832703,1.4409949464475518,1.2120461671814524,2.9714424525565604,,,,,,,,,,,,,,,,,,1,update_snr,bayesian,0.1,20,101770,10177,0.1,0.026285438717377006,0.014258225760309964,0.013780787214944891,0.02628435852239224,0.014258225760309964,0.013780787214944891,0.02628435852239224,0.029029329188731277,0.028510439468012145,0.032106009401749944,0.012616992046040927,0.012283723322036005,0.023248596390061573,0.029029329188731277,0.028510439468012145,0.032106009401749944,0.012616992046040927,0.012283723322036005,0.023248596390061573,0.2745474646377028,0.4378522409272995,0.5312364864020304,0.8472235805944178,0.5312364864020304,814160,203540,81416,122124,0.75,,,,,,,,,0.00732139988890166,1
bayesfl_observability_v1,vi_sparse_bayesian_keep010_seed42,189,vi,224,17,73,,5,256,38.48543310165405,0.19457668147674978,0.19961769166166263,0.19961769166166263,,,0.517377151102265,0.0031354869715869427,0.9999572127324345,0.517377151102265,,0.6276116833595444,1.622881584788002,38.48543310165405,14.572091491301371,0.19961769166166263,0.00014318651362190597,0.19457668147674978,0.19961769166166263,0.000625,55.92850122908738,0.0978625644977202,0.09873877838253975,0.10643543824553489,0.12878115475177765,1.4410023754502248,1.2122259301442715,2.97333635461818,,,,,,,,,,,,,,,,,,1,update_snr,bayesian,0.1,20,101770,10177,0.1,0.026297770252002257,0.014270872522412716,0.013825011912336881,0.026297007604091895,0.014270872522412716,0.013825011912336881,0.026297007604091895,0.029029480141308052,0.028463170331536884,0.03216884995967892,0.012631027231424343,0.01230131762055035,0.023276999453422428,0.029029480141308052,0.028463170331536884,0.03216884995967892,0.012631027231424343,0.01230131762055035,0.023276999453422428,0.27471378762715515,0.438419264369437,0.530973946263149,0.8473881450608917,0.530973946263149,814160,203540,81416,122124,0.75,,,,,,,,,0.007321547346387779,73
bayesfl_observability_v1,vi_sparse_bayesian_keep010_seed42,189,vi,66,5,62,,5,256,99.59800443649291,0.29920848723380794,0.23696665278863016,0.23696665278863016,,,0.5194114248135038,0.003130584955215454,0.9999568677483988,0.5194114248135038,,0.5614271145662422,1.826949466466651,99.59800443649291,14.69193247289507,0.23696665278863016,0.00014436408050402938,0.29920848723380794,0.23696665278863016,0.000625,55.92391003584322,0.09786287889274754,0.09873798117041588,0.10642533376812935,0.12889809906482697,1.440894007367826,1.2120585009676397,2.971332363035797,,,,,,,,,,,,,,,,,,1,update_snr,bayesian,0.1,20,101770,10177,0.1,0.026427085186044134,0.014325552961789957,0.013831338705965342,0.026426983121453078,0.014325552961789957,0.013831338705965342,0.026426983121453078,0.029155641519971017,0.02857546980953661,0.032231712708327656,0.012677765344214286,0.012343628952840158,0.023420207360666006,0.029155641519971017,0.02857546980953661,0.032231712708327656,0.012677765344214286,0.012343628952840158,0.023420207360666006,0.27541961790716185,0.4403774089331413,0.530253291994977,0.8478392809539377,0.530253291994977,814160,203540,81416,122124,0.75,,,,,,,,,0.007321296298029622,62
bayesfl_observability_v1,vi_sparse_bayesian_keep010_seed42,189,vi,99,7,4,,5,256,14.546540927886962,1.1630597114562988,3.6531568787692414,3.6531568787692414,,,0.5180638120795219,0.003135859966278076,0.9999570898207317,0.5180638120795219,,-0.0,2.311121424016332,14.546540927886962,14.612627515076966,3.6531568787692414,0.00014358482377003996,1.1630597114562988,3.6531568787692414,0.000625,55.92107449297426,0.09786343370096012,0.09873975813388824,0.10642292648553849,0.12910784780979156,1.440778556517616,1.211704183609902,2.971967392360637,,,,,,,,,,,,,,,,,,1,update_snr,bayesian,0.1,20,101770,10177,0.1,0.02636028536400357,0.014297769846256822,0.01384986243979772,0.026359904107964693,0.014297769846256822,0.01384986243979772,0.026359904107964693,0.029065430820355297,0.02851666916807079,0.032112440802714914,0.012656918626912544,0.012362237787930887,0.023325921008861973,0.029065430820355297,0.02851666916807079,0.032112440802714914,0.012656918626912544,0.012362237787930887,0.023325921008861973,0.2749805453527369,0.43906242501935605,0.5307850865879972,0.8475064553475523,0.5307850865879972,814160,203540,81416,122124,0.75,,,,,,,,,0.007321194379560598,4
bayesfl_observability_v1,vi_sparse_bayesian_keep010_seed42,189,vi,187,15,29,,5,256,15.012155795097351,0.1059575656364704,0.5010463806169801,0.5010463806169801,,,0.5163448436264185,0.00312796700745821,0.9999573744156405,0.5163448436264185,,-0.0,2.28098669344155,15.012155795097351,14.530345037892424,0.5010463806169801,0.00014277630969728234,0.1059575656364704,0.5010463806169801,0.000625,55.92229857775452,0.0978633846870188,0.09874347597360611,0.106429161131382,0.12878692150115967,1.4408299911581937,1.2114731752419141,2.97279603934997,,,,,,,,,,,,,,,,,,1,update_snr,bayesian,0.1,20,101770,10177,0.1,0.02632749355565403,0.014236065525015598,0.013711708979200068,0.026327315284684568,0.014236065525015598,0.013711708979200068,0.026327315284684568,0.029048073109849352,0.0285144204875034,0.03210541122756019,0.012590286904478516,0.012265499900729214,0.023312514026805373,0.029048073109849352,0.0285144204875034,0.03210541122756019,0.012590286904478516,0.012265499900729214,0.023312514026805373,0.2745028737673204,0.4373330193720493,0.5316270263094298,0.8469785740485961,0.5316270263094298,814160,203540,81416,122124,0.75,,,,,,,,,0.007321335754637552,29
bayesfl_observability_v1,vi_sparse_bayesian_keep010_seed42,189,vi,272,21,1,,5,256,3.6743003845214846,0.00018904806347563863,14.516625756496916,14.516625756496916,,,0.5163003904025637,0.0031297653913497925,0.9999573925972959,0.5163003904025637,,-0.0,2.28098669344155,3.6743003845214846,14.516625756496916,14.516625756496916,0.00014264150296253235,0.00018904806347563863,14.516625756496916,0.000625,55.92926048606964,0.097863544323084,0.09874609857797623,0.10642889365553856,0.1292136311531067,1.4409859343344853,1.2127733278329753,2.972007168773636,,,,,,,,,,,,,,,,,,1,update_snr,bayesian,0.1,20,101770,10177,0.1,0.026272354012723324,0.01424195474054266,0.013786688230111997,0.026272026570983254,0.01424195474054266,0.013786688230111997,0.026272026570983254,0.02901714216498776,0.028454463417788706,0.03209510251494724,0.012600267248937647,0.012271201052843971,0.023218436891326934,0.02901714216498776,0.028454463417788706,0.03209510251494724,0.012600267248937647,0.012271201052843971,0.023218436891326934,0.27480256307058354,0.43709226080963465,0.5322532544597104,0.8465851836153565,0.5322532544597104,814160,203540,81416,122124,0.75,,,,,,,,,0.007321263803714924,1
bayesfl_observability_v1,vi_sparse_bayesian_keep010_seed42,189,vi,52,4,14,,5,256,23.550627517700196,0.8506741523742676,1.0435454910141233,1.0435454910141233,,,0.517795706140241,0.003137543797492981,0.9999571368510686,0.517795706140241,,-0.0,2.4040642619438994,23.550627517700196,14.609636874197728,1.0435454910141233,0.0001435554374982581,0.8506741523742676,1.0435454910141233,0.000625,55.92495266641763,0.09786270796294336,0.09873358905315399,0.10641604140400887,0.128755584359169,1.4408880653352842,1.2119935011221619,2.9722591411913055,,,,,,,,,,,,,,,,,,1,update_snr,bayesian,0.1,20,101770,10177,0.1,0.026346195566348554,0.014284295514020301,0.01382586057845884,0.026345742402593932,0.014284295514020301,0.01382586057845884,0.026345742402593932,0.029114636360248088,0.028571153239142506,0.032201646022898454,0.01263647986443944,0.0123578429357223,0.023316390477492406,0.029114636360248088,0.028571153239142506,0.032201646022898454,0.01263647986443944,0.0123578429357223,0.023316390477492406,0.2751440808199058,0.4386435091130837,0.5313757483060031,0.8471362429457469,0.5313757483060031,814160,203540,81416,122124,0.75,,,,,,,,,0.007321460793837266,14
bayesfl_observability_v1,vi_sparse_bayesian_keep010_seed42,189,vi,55,4,1,,5,256,7.049048614501953,0.12213712930679321,14.604293990515597,14.604293990515597,,,0.5176215866303376,0.0031303465366363525,0.9999571649030682,0.5176215866303376,,-0.0,2.3292713582565514,7.049048614501953,14.604293990515597,14.604293990515597,0.00014350293790425073,0.12213712930679321,14.604293990515597,0.000625,55.92430709339603,0.09786268778206078,0.09874268248677254,0.10641874074935913,0.12915660440921783,1.440864761337583,1.211868364664568,2.972587610930059,,,,,,,,,,,,,,,,,,1,update_snr,bayesian,0.1,20,101770,10177,0.1,0.026345530266073572,0.014296924469476852,0.013847673986925716,0.026344260545093943,0.014296924469476852,0.013847673986925716,0.026344260545093943,0.029054930951523006,0.0284622700744126,0.03217756845067209,0.012657145971471724,0.012340568971678238,0.023262487827515794,0.029054930951523006,0.0284622700744126,0.03217756845067209,0.012657145971471724,0.012340568971678238,0.023262487827515794,0.2744691378346257,0.4388607972034248,0.5302505631988632,0.8478409875839272,0.5302505631988632,814160,203540,81416,122124,0.75,,,,,,,,,0.007321338764691329,1
bayesfl_observability_v1,vi_sparse_bayesian_keep010_seed42,190,vi,68,5,1,,5,256,5.635112857818603,0.0032847756519913673,14.58745064681829,14.58745064681829,,,0.5178715156582561,0.0031319111585617065,0.9999571316018344,0.5178715156582561,,-0.0,2.4040642619438994,5.635112857818603,14.58745064681829,14.58745064681829,0.00014333743388835894,0.0032847756519913673,14.58745064681829,0.000625,55.92973980685622,0.0979170151134658,0.09879610687494278,0.1064725399017334,0.12903453409671783,1.4402076878066623,1.2104068357356323,2.972104658143155,,,,,,,,,,,,,,,,,,1,update_snr,bayesian,0.1,20,101770,10177,0.1,0.026307009285206014,0.014282123024518034,0.01383206789299262,0.026306576249932732,0.014282123024518034,0.01383206789299262,0.026306576249932732,0.0289919835909856,0.0284094503189905,0.03204058124370992,0.012647694072688306,0.012344019077245829,0.023321405468363057,0.0289919835909856,0.0284094503189905,0.03204058124370992,0.012647694072688306,0.012344019077245829,0.023321405468363057,0.27451030654226327,0.4391298194523484,0.5300741559290797,0.8479512894123542,0.5300741559290797,814160,203540,81416,122124,0.75,,,,,,,,,0.007314985728079241,1
bayesfl_observability_v1,vi_sparse_bayesian_keep010_seed42,190,vi,72,5,1,,5,256,5.0225019454956055,0.0006111184484325349,14.577159672616352,14.577159672616352,,,0.5175480860938821,0.0031336620450019836,0.9999571889868095,0.5175480860938821,,-0.0,2.28098669344155,5.0225019454956055,14.577159672616352,14.577159672616352,0.00014323631396891376,0.0006111184484325349,14.577159672616352,0.000625,55.93165109330094,0.0979160567347853,0.09879680350422859,0.10647170692682266,0.12881386280059814,1.4402200688310034,1.210919303621107,2.9713218140845195,,,,,,,,,,,,,,,,,,1,update_snr,bayesian,0.1,20,101770,10177,0.1,0.02631407603798978,0.01427821355560039,0.013822818641860295,0.02631342131436543,0.01427821355560039,0.013822818641860295,0.02631342131436543,0.029046366732283512,0.028518731096446134,0.032088844772968264,0.012637307647080044,0.0123221325121825,0.023261082686580847,0.029046366732283512,0.028518731096446134,0.032088844772968264,0.012637307647080044,0.0123221325121825,0.023261082686580847,0.2749095541391119,0.4384982992697636,0.5311768346279689,0.8472609812534808,0.5311768346279689,814160,203540,81416,122124,0.75,,,,,,,,,0.007314697712410654,1
bayesfl_observability_v1,vi_sparse_bayesian_keep010_seed42,190,vi,169,13,456,,5,256,112.63894100189209,0.04282314212698685,0.068073713659144,0.068073713659144,,,0.7548467045231655,0.006130545400083065,0.9999089378368806,0.7548467045231655,,-0.0,2.3163460082440825,112.63894100189209,31.041613428569665,0.068073713659144,0.0003050173275873997,0.04282314212698685,0.068073713659144,0.000625,55.93473204069066,0.09795919068346555,0.09884454682469368,0.10652388110756875,0.1288062036037445,1.4396625199376072,1.211616814125533,2.9708589584964553,,,,,,,,,,,,,,,,,,1,update_snr,bayesian,0.1,20,101770,10177,0.1,0.039791462698068866,0.020173120836672276,0.01821835937603721,0.03979091959854119,0.020173120836672276,0.01821835937603721,0.03979091959854119,0.04649846687997478,0.04523697608970762,0.05394648990948753,0.017248082387416444,0.01623210024155136,0.0332371832339928,0.04649846687997478,0.04523697608970762,0.05394648990948753,0.017248082387416444,0.01623210024155136,0.0332371832339928,0.44887843175951403,0.606878654123378,0.5946617095494499,0.8039760265055956,0.5946617095494499,814160,203540,81416,122124,0.75,,,,,,,,,0.0073203406265919075,456
bayesfl_observability_v1,vi_sparse_bayesian_keep010_seed42,190,vi,81,6,9,,5,256,9.330356764793397,0.03500455949041578,1.6148210227083184,1.6148210227083184,,,0.5167384769643899,0.0031375065445899963,0.9999573181348893,0.5167384769643899,,-0.0,2.3155014849272724,9.330356764793397,14.533389204374865,1.6148210227083184,0.0001428062219158383,0.03500455949041578,1.6148210227083184,0.000625,55.92921719476486,0.09791693257956224,0.09880189597606659,0.10647563338279725,0.12903790175914764,1.4401033193728054,1.2110524844628565,2.970958389009909,,,,,,,,,,,,,,,,,,1,update_snr,bayesian,0.1,20,101770,10177,0.1,0.02627587959347602,0.014257862192602892,0.013756573084347048,0.02627544747156594,0.014257862192602892,0.013756573084347048,0.02627544747156594,0.028998580430907767,0.02843547605012995,0.03212230838619696,0.012620004610569014,0.01230251990124623,0.02324428594467282,0.028998580430907767,0.02843547605012995,0.03212230838619696,0.012620004610569014,0.01230251990124623,0.02324428594467282,0.27437864299080966,0.43787556890742285,0.5309816381444302,0.8473833252746114,0.5309816381444302,814160,203540,81416,122124,0.75,,,,,,,,,0.007314186663403842,9
bayesfl_observability_v1,vi_sparse_bayesian_keep010_seed42,190,vi,86,6,1,,5,256,5.6223852157592775,0.00233056559227407,14.606042685886738,14.606042685886738,,,0.5182923602519395,0.003129430115222931,0.9999570589881333,0.5182923602519395,,-0.0,2.3292713582565514,5.6223852157592775,14.606042685886738,14.606042685886738,0.00014352012072208644,0.00233056559227407,14.606042685886738,0.000625,55.92762384354439,0.09791579595871744,0.09879915788769722,0.10646337941288948,0.12885722517967224,1.4401655654765748,1.2105944781209057,2.9710597613632648,,,,,,,,,,,,,,,,,,1,update_snr,bayesian,0.1,20,101770,10177,0.1,0.026323051993922365,0.014294416677219868,0.013824550312460483,0.026322802995301126,0.014294416677219868,0.013824550312460483,0.026322802995301126,0.02900486015951585,0.02845635400567013,0.032026380917393606,0.012659922956964756,0.012359554212607843,0.023309698340940842,0.02900486015951585,0.02845635400567013,0.032026380917393606,0.012659922956964756,0.012359554212607843,0.023309698340940842,0.27460516549263003,0.4395668024092487,0.529826766806182,0.8481058879501472,0.529826766806182,814160,203540,81416,122124,0.75,,,,,,,,,0.007315448170469563,1
bayesfl_observability_v1,vi_sparse_bayesian_keep010_seed42,190,vi,206,16,38,,5,256,116.94184970855713,1.7833464773077714,0.38711895606860136,0.38711895606860136,,,0.5199525038127895,0.0031384527683258057,0.9999567842084255,0.5199525038127895,,-0.0,2.3277319754160017,116.94184970855713,14.710520330606851,0.38711895606860136,0.00014454672625141841,1.7833464773077714,0.38711895606860136,0.000625,55.92827846206883,0.09791625345654187,0.0987885631620884,0.1064652606844902,0.12890443205833435,1.4401334460570332,1.2111640682262967,2.9721813059802624,,,,,,,,,,,,,,,,,,1,update_snr,bayesian,0.1,20,101770,10177,0.1,0.02639332983006312,0.014348981537371719,0.013917655044049307,0.02639318974910617,0.014348981537371719,0.013917655044049307,0.02639318974910617,0.02911999253306643,0.028544511583416154,0.03221172787444865,0.012707758093405637,0.012404144679092831,0.023362175015508087,0.02911999253306643,0.028544511583416154,0.03221172787444865,0.012707758093405637,0.012404144679092831,0.023362175015508087,0.2752687213127725,0.44110966582928113,0.5294112814040489,0.8483653075899102,0.5294112814040489,814160,203540,81416,122124,0.75,,,,,,,,,0.007315079526546575,38
bayesfl_observability_v1,vi_sparse_bayesian_keep010_seed42,190,vi,293,23,2,,5,256,9.154114866256714,1.7344821691513062,7.267242686325632,7.267242686325632,,,0.5168142434945059,0.0031362175941467285,0.9999573052983969,0.5168142434945059,,-0.0,2.3096097079310103,9.154114866256714,14.534485372651265,7.267242686325632,0.00014281699295127509,1.7344821691513062,7.267242686325632,0.000625,55.929005751353486,0.09791566230037498,0.09879903867840767,0.10646912455558777,0.12926292419433594,1.4401860070115824,1.2111681767716156,2.969577484751443,,,,,,,,,,,,,,,,,,1,update_snr,bayesian,0.1,20,101770,10177,0.1,0.026329358230523587,0.014248171967782148,0.013754305759959402,0.02632901302476834,0.014248171967782148,0.013754305759959402,0.02632901302476834,0.029057043864470656,0.02850940287153755,0.032177242343747116,0.01260274175703898,0.012291562294849519,0.023222229266605436,0.029057043864470656,0.02850940287153755,0.032177242343747116,0.01260274175703898,0.012291562294849519,0.023222229266605436,0.2748690569327922,0.4376573589232517,0.5318527118645758,0.8468368750133032,0.5318527118645758,814160,203540,81416,122124,0.75,,,,,,,,,0.007315051257207398,2
bayesfl_observability_v1,vi_sparse_bayesian_keep010_seed42,190,vi,59,4,1,,5,256,6.795578193664551,0.0,14.491409595537746,14.491409595537746,,,0.5161364949190917,0.0031366944313049316,0.9999574172869761,0.5161364949190917,,-0.0,2.3155014849272724,6.795578193664551,14.491409595537746,14.491409595537746,0.00014239372698769527,0.0,14.491409595537746,0.000625,55.929060133711054,0.09791605832238053,0.09880035743117332,0.10648235529661179,0.128967747092247,1.440162235560583,1.2106059830617695,2.9711542166659837,,,,,,,,,,,,,,,,,,1,update_snr,bayesian,0.1,20,101770,10177,0.1,0.02625999244083171,0.014230419683287934,0.013751627655949557,0.026259789565470457,0.014230419683287934,0.013751627655949557,0.026259789565470457,0.029005572941483603,0.028450432218413008,0.03211950066173545,0.01258873598793286,0.012279236300124558,0.02321734168852439,0.029005572941483603,0.028450432218413008,0.03211950066173545,0.01258873598793286,0.012279236300124558,0.02321734168852439,0.274734790867826,0.43694127302668223,0.5322909609615819,0.84656147613661,0.5322909609615819,814160,203540,81416,122124,0.75,,,,,,,,,0.007315272292388485,1
bayesfl_observability_v1,vi_sparse_bayesian_keep010_seed42,190,vi,20,1,271,,5,256,179.10314192771912,0.43359664973297685,0.11565254931472105,0.11565254931472105,,,0.7584836145679154,0.006071826443076134,0.9999080578294527,0.7584836145679154,,0.1565717533105691,2.1543325248754965,179.10314192771912,31.341840864289402,0.11565254931472105,0.00030796738591224723,0.43359664973297685,0.11565254931472105,0.000625,55.93465852628222,0.09795761329335204,0.09882872551679611,0.106525456905365,0.12853790819644928,1.4396814343454338,1.2112441078706717,2.9696674886602374,,,,,,,,,,,,,,,,,,1,update_snr,bayesian,0.1,20,101770,10177,0.1,0.03996341377039321,0.020320914461259054,0.018477280199317336,0.039961989159179215,0.020320914461259054,0.018477280199317336,0.039961989159179215,0.04637961312822048,0.04521430007210831,0.05346042808325222,0.017425503498263335,0.016440336374210468,0.033535446161986275,0.04637961312822048,0.04521430007210831,0.05346042808325222,0.017425503498263335,0.016440336374210468,0.033535446161986275,0.44719460555779234,0.6126290707500102,0.5895903312460419,0.8077024460165906,0.5895903312460419,814160,203540,81416,122124,0.75,,,,,,,,,0.007319872046683351,271
bayesfl_observability_v1,vi_sparse_bayesian_keep010_seed42,190,vi,95,7,18,,5,256,16.80284175872803,0.2473145325978597,0.8098455205707447,0.8098455205707447,,,0.517828779062391,0.0031332075595855713,0.9999571372641852,0.517828779062391,,-0.0,2.28098669344155,16.80284175872803,14.577219370273404,0.8098455205707447,0.00014323690056277296,0.2473145325978597,0.8098455205707447,0.000625,55.92883868001679,0.09791632230830377,0.09879940748214722,0.10646664723753929,0.12905505299568176,1.4401586231075374,1.2116258506068749,2.9705342413360345,,,,,,,,,,,,,,,,,,1,update_snr,bayesian,0.1,20,101770,10177,0.1,0.026317430555486195,0.01428121145037739,0.01379751457188357,0.026317338981887983,0.01428121145037739,0.01379751457188357,0.026317338981887983,0.028998521423689177,0.028455025059210392,0.03205802814033756,0.012645954786676085,0.012333395756183954,0.023295869979078548,0.028998521423689177,0.028455025059210392,0.03205802814033756,0.012645954786676085,0.012333395756183954,0.023295869979078548,0.27481873027720133,0.43888644307391583,0.5307135126301846,0.8475512772167425,0.5307135126301846,814160,203540,81416,122124,0.75,,,,,,,,,0.007315096712537453,18
bayesfl_observability_v1,vi_sparse_bayesian_keep010_seed42,190,vi,225,18,45,,5,256,72.38774185180664,0.3874349806043837,0.32460516505227904,0.32460516505227904,,,0.5181273054085451,0.0031331852078437805,0.9999570921953089,0.5181273054085451,,-0.0,2.311121424016332,72.38774185180664,14.607232427352557,0.32460516505227904,0.0001435318112150197,0.3874349806043837,0.32460516505227904,0.000625,55.93125077362792,0.09791610706068625,0.09879253432154655,0.10647241324186325,0.12924575805664062,1.4402636816408436,1.209702630617836,2.970684589832691,,,,,,,,,,,,,,,,,,1,update_snr,bayesian,0.1,20,101770,10177,0.1,0.026283806752186473,0.014296970606398141,0.013801344451926278,0.026283639272587218,0.014296970606398141,0.013801344451926278,0.026283639272587218,0.029082483105902408,0.028529338775408898,0.03227180210118779,0.012654135884231001,0.01235509754541063,0.023273991334594544,0.029082483105902408,0.028529338775408898,0.03227180210118779,0.012654135884231001,0.01235509754541063,0.023273991334594544,0.2751731880865856,0.43901665249530625,0.5310918479187476,0.847314256385581,0.5310918479187476,814160,203540,81416,122124,0.75,,,,,,,,,0.007314761431603714,45
bayesfl_observability_v1,vi_sparse_bayesian_keep010_seed42,190,vi,282,22,9,,5,256,10.190998077392578,0.09347625573476155,1.6197495780150968,1.6197495780150968,,,0.5176334927814251,0.00313548743724823,0.9999571686217431,0.5176334927814251,,-0.0,2.185987945410232,10.190998077392578,14.577746202135872,1.6197495780150968,0.00014324207725396356,0.09347625573476155,1.6197495780150968,0.000625,55.92809838114846,0.09791640112636113,0.0987885408103466,0.10647324845194817,0.128784641623497,1.4401124133045942,1.210703839074725,2.9698572173390843,,,,,,,,,,,,,,,,,,1,update_snr,bayesian,0.1,20,101770,10177,0.1,0.02634424745094473,0.014274261794106942,0.013751319888174539,0.026343912836375903,0.014274261794106942,0.013751319888174539,0.026343912836375903,0.029060762713161596,0.028495929247328376,0.03212824085392637,0.012631317247545312,0.012309741158054157,0.023298732308098802,0.029060762713161596,0.028495929247328376,0.03212824085392637,0.012631317247545312,0.012309741158054157,0.023298732308098802,0.2749820738065532,0.4385536363253019,0.531229291846976,0.8472280917697199,0.531229291846976,814160,203540,81416,122124,0.75,,,,,,,,,0.007314156803894164,9
bayesfl_observability_v1,vi_sparse_bayesian_keep010_seed42,190,vi,283,22,9,,5,256,6.529543834924698,0.004678209208779865,1.6158440664287157,1.6158440664287157,,,0.5171357959115396,0.003134429454803467,0.9999572496876183,0.5171357959115396,,-0.0,2.185987945410232,6.529543834924698,14.542596597858441,1.6158440664287157,0.00014289669448617904,0.004678209208779865,1.6158440664287157,0.000625,55.92681407690097,0.09791590933844196,0.09879563748836517,0.10647951588034629,0.12925459444522858,1.4401512769848919,1.2105176738402799,2.971198293277387,,,,,,,,,,,,,,,,,,1,update_snr,bayesian,0.1,20,101770,10177,0.1,0.026249237563212013,0.014258812653517436,0.013825284876846422,0.02624863915729781,0.014258812653517436,0.013825284876846422,0.02624863915729781,0.02896467130516753,0.02839989306558664,0.03205756802928655,0.012624828358889652,0.0123259135414074,0.023263500884932942,0.02896467130516753,0.02839989306558664,0.03205756802928655,0.012624828358889652,0.0123259135414074,0.023263500884932942,0.27424144777091936,0.43843022219912225,0.530308383096015,0.8478048235402359,0.530308383096015,814160,203540,81416,122124,0.75,,,,,,,,,0.0073150009893415534,9
bayesfl_observability_v1,vi_sparse_bayesian_keep010_seed42,190,vi,105,8,1,,5,256,12.342859077453614,4.659451484680176,14.579488775374946,14.579488775374946,,,0.5176242837504628,0.0031371116638183594,0.9999571700748853,0.5176242837504628,,-0.0,2.3096097079310103,12.342859077453614,14.579488775374946,14.579488775374946,0.00014325919991524955,4.659451484680176,14.579488775374946,0.000625,55.92803818456401,0.0979168369644612,0.0988011583685875,0.10647365301847458,0.129184752702713,1.4401240707601708,1.2104580008996972,2.971820057824934,,,,,,,,,,,,,,,,,,1,update_snr,bayesian,0.1,20,101770,10177,0.1,0.02630790271620709,0.014283638084720274,0.01382030628543345,0.026307817122015915,0.014283638084720274,0.01382030628543345,0.026307817122015915,0.02906680990804753,0.02851468070761295,0.032157370580086254,0.012641063437683918,0.012372135294911869,0.023237484245595737,0.02906680990804753,0.02851468070761295,0.032157370580086254,0.012641063437683918,0.012372135294911869,0.023237484245595737,0.27501534394308963,0.4385219033572256,0.5313030176066267,0.8471818597456471,0.5313030176066267,814160,203540,81416,122124,0.75,,,,,,,,,0.007315288094730475,1
bayesfl_observability_v1,vi_sparse_bayesian_keep010_seed42,190,vi,187,15,29,,5,256,14.20806131362915,0.10436303862209978,0.5028441998755188,0.5028441998755188,,,0.5180847295754809,0.003136277198791504,0.9999570931766825,0.5180847295754809,,-0.0,2.28098669344155,14.20806131362915,14.582481796390043,0.5028441998755188,0.00014328860957443296,0.10436303862209978,0.5028441998755188,0.000625,55.92741500858239,0.09791688740277608,0.09880057722330093,0.10647878497838974,0.1288568377494812,1.440090676225115,1.2104128483615826,2.9723772065088703,,,,,,,,,,,,,,,,,,1,update_snr,bayesian,0.1,20,101770,10177,0.1,0.026261089493906566,0.014291398849084274,0.013847111358845478,0.026260869087451486,0.014291398849084274,0.013847111358845478,0.026260869087451486,0.02898666933430845,0.028438779346044135,0.03207822418331332,0.012658591017392699,0.012365881674683978,0.02328411602083095,0.02898666933430845,0.028438779346044135,0.03207822418331332,0.012658591017392699,0.012365881674683978,0.02328411602083095,0.2747032141911219,0.43926066422155974,0.5302283555360028,0.8478548761348174,0.5302283555360028,814160,203540,81416,122124,0.75,,,,,,,,,0.007315222720094037,29
bayesfl_observability_v1,vi_sparse_bayesian_keep010_seed42,191,vi,24,1,142,,5,256,74.35839939117432,0.09486344834448586,0.10278394469141926,0.10278394469141926,,,0.518663684865324,0.003134593367576599,0.9999570110764309,0.518663684865324,,0.40519466481919386,1.9096930536110042,74.35839939117432,14.595320146181535,0.10278394469141926,0.0001434147602061662,0.09486344834448586,0.10278394469141926,0.000625,55.93672173996541,0.09797230153193118,0.09885017946362495,0.10652109608054161,0.12925012409687042,1.4394998487035038,1.211169510581143,2.9693748332393093,,,,,,,,,,,,,,,,,,1,update_snr,bayesian,0.1,20,101770,10177,0.1,0.026333834919024527,0.014283157961307441,0.013798535068970826,0.026333411117191733,0.014283157961307441,0.013798535068970826,0.026333411117191733,0.02903771259898793,0.02847926767425999,0.03214900726783131,0.012643763001565165,0.012309422126352247,0.023295350314614018,0.02903771259898793,0.02847926767425999,0.03214900726783131,0.012643763001565165,0.012309422126352247,0.023295350314614018,0.2749011737399898,0.4398196933681485,0.5300181635260824,0.8479862890002641,0.5300181635260824,814160,203540,81416,122124,0.75,,,,,,,,,0.007308861017760729,142
bayesfl_observability_v1,vi_sparse_bayesian_keep010_seed42,191,vi,59,4,1,,5,256,5.4033793926239015,0.0,14.507804704388587,14.507804704388587,,,0.5166689166279828,0.003136657178401947,0.9999573426720912,0.5166689166279828,,-0.0,2.3155014849272724,5.4033793926239015,14.507804704388587,14.507804704388587,0.00014255482661283862,0.0,14.507804704388587,0.000625,55.93774098490883,0.09797381703467585,0.09885555133223534,0.10653098821640015,0.12913073599338531,1.4395356464498705,1.211026730066635,2.969303827774375,,,,,,,,,,,,,,,,,,1,update_snr,bayesian,0.1,20,101770,10177,0.1,0.026264289514545715,0.014235695631710127,0.013759641574347734,0.026264265794678082,0.014235695631710127,0.013759641574347734,0.026264265794678082,0.029004244857327357,0.028483240622313635,0.0320762480024183,0.012594745717752657,0.01227420162740313,0.02322677031732661,0.029004244857327357,0.028483240622313635,0.0320762480024183,0.012594745717752657,0.01227420162740313,0.02322677031732661,0.2744114852729766,0.4377728933588881,0.5311166908663894,0.8472986844573385,0.5311166908663894,814160,203540,81416,122124,0.75,,,,,,,,,0.007307675742554876,1
bayesfl_observability_v1,vi_sparse_bayesian_keep010_seed42,191,vi,290,23,1103,,5,256,166.81398099899292,0.05101410519071633,0.07016040155429226,0.07016040155429226,,,1.1914377800083742,0.013554155826568604,0.9997733196259057,1.1914377800083742,,-0.0,2.3096097079310103,166.81398099899292,77.38692291438437,0.07016040155429226,0.0007604099726283224,0.05101410519071633,0.07016040155429226,0.000625,55.957543981769874,0.09808333484318492,0.09895088151097298,0.10665056854486465,0.12970227003097534,1.4385174683490052,1.2107210197235783,2.9656758572957833,,,,,,,,,,,,,,,,,,1,update_snr,bayesian,0.1,20,101770,10177,0.1,0.06297530282889685,0.031053535725122806,0.026891953587930804,0.06297503316856666,0.031053535725122806,0.026891953587930804,0.06297503316856666,0.07747668592323982,0.07412802057999802,0.09418158684445199,0.025895407925332035,0.02390707664814675,0.05101712851390374,0.07747668592323982,0.07412802057999802,0.09418158684445199,0.025895407925332035,0.02390707664814675,0.05101712851390374,0.7576137318111948,0.919535435425085,0.6358819105147646,0.7717863667363494,0.6358819105147646,814160,203540,81416,122124,0.75,,,,,,,,,0.007323074235670552,1103
bayesfl_observability_v1,vi_sparse_bayesian_keep010_seed42,191,vi,244,19,1,,5,256,5.088359713554382,0.00044610086479224265,14.547676377403839,14.547676377403839,,,0.5173018225018606,0.003135010600090027,0.9999572406742825,0.5173018225018606,,-0.0,2.28098669344155,5.088359713554382,14.547676377403839,14.547676377403839,0.00014294660879830834,0.00044610086479224265,14.547676377403839,0.000625,55.939091017999274,0.09797448057930602,0.09886137396097183,0.106531872600317,0.12913204729557037,1.4396005469403579,1.2094862312342687,2.9679694331485704,,,,,,,,,,,,,,,,,,1,update_snr,bayesian,0.1,20,101770,10177,0.1,0.026322488448253675,0.014255317150907509,0.013770319080940547,0.026321841301848503,0.014255317150907509,0.013770319080940547,0.026321841301848503,0.029044010187882902,0.028510692827400298,0.032050402273792016,0.012612129035688022,0.012292149420969742,0.0232360888033501,0.029044010187882902,0.028510692827400298,0.032050402273792016,0.012612129035688022,0.012292149420969742,0.0232360888033501,0.275058480141143,0.43811414958454725,0.531717593436767,0.8469217206033939,0.531717593436767,814160,203540,81416,122124,0.75,,,,,,,,,0.007308555569916004,1
bayesfl_observability_v1,vi_sparse_bayesian_keep010_seed42,191,vi,245,19,178,,5,256,62.448740768432614,0.04053765468383103,0.08223346844009068,0.08223346844009068,,,0.5192780433510383,0.003134310245513916,0.9999569125806355,0.5192780433510383,,-0.0,2.185987945410232,62.448740768432614,14.63755738233614,0.08223346844009068,0.000143829786600532,0.04053765468383103,0.08223346844009068,0.000625,55.9387317060311,0.09797378275212176,0.0988556481897831,0.10652001649141311,0.1288493573665619,1.4395287463577986,1.2101601181090984,2.967754846899835,,,,,,,,,,,,,,,,,,1,update_snr,bayesian,0.1,20,101770,10177,0.1,0.02626646258212199,0.014347372679681437,0.013929563488136351,0.026266169393694,0.014347372679681437,0.013929563488136351,0.026266169393694,0.029003507183288854,0.028456145994939383,0.032067375594029675,0.012718913290391726,0.012446220014361938,0.02328270413979416,0.029003507183288854,0.028456145994939383,0.032067375594029675,0.012718913290391726,0.012446220014361938,0.02328270413979416,0.27483212965825043,0.44058709333569174,0.5292581367097405,0.8484608563313536,0.5292581367097405,814160,203540,81416,122124,0.75,,,,,,,,,0.00730804854599391,178
bayesfl_observability_v1,vi_sparse_bayesian_keep010_seed42,191,vi,226,18,1,,5,256,3.0564515590667725,1.4424220353248529e-05,14.567687040892869,14.567687040892869,,,0.5178844172264685,0.003127872943878174,0.9999571411058569,0.5178844172264685,,-0.0,2.259365973874069,3.0564515590667725,14.567687040892869,14.567687040892869,0.0001431432351468298,1.4424220353248529e-05,14.567687040892869,0.000625,55.9373649461316,0.0979735574329328,0.09885551780462265,0.10651381239295006,0.1289660632610321,1.4395033824808132,1.2098418257213832,2.967343426382534,,,,,,,,,,,,,,,,,,1,update_snr,bayesian,0.1,20,101770,10177,0.1,0.026320495382232495,0.01426097690922254,0.013788676195315912,0.02631999311579282,0.01426097690922254,0.013788676195315912,0.02631999311579282,0.029048698609810488,0.028497418569833222,0.03204524004019381,0.01261789672026833,0.012302331669695325,0.023306105001615028,0.029048698609810488,0.028497418569833222,0.03204524004019381,0.01261789672026833,0.012302331669695325,0.023306105001615028,0.27507159066986314,0.4387936754470719,0.5311447526129669,0.8472810937178467,0.5311447526129669,814160,203540,81416,122124,0.75,,,,,,,,,0.00730858226481785,1
bayesfl_observability_v1,vi_sparse_bayesian_keep010_seed42,191,vi,257,20,22,,5,256,13.390019416809082,0.2665320743214,0.666556106825514,0.666556106825514,,,0.5194478089168109,0.0031345412135124207,0.9999568819277941,0.5194478089168109,,-0.0,2.259365973874069,13.390019416809082,14.664234350161308,0.666556106825514,0.00014409191657817932,0.2665320743214,0.666556106825514,0.000625,55.93735476848108,0.09797324296506153,0.0988527275621891,0.10651071816682815,0.12915608286857605,1.43957634065938,1.210675517247099,2.9681825012836565,,,,,,,,,,,,,,,,,,1,update_snr,bayesian,0.1,20,101770,10177,0.1,0.026384876702576096,0.014323276222179647,0.01385489714046765,0.026384575513276345,0.014323276222179647,0.01385489714046765,0.026384575513276345,0.029072880288934063,0.0285413328726055,0.032086466391258936,0.012684431325873602,0.012362104240321978,0.02336865943225263,0.029072880288934063,0.0285413328726055,0.032086466391258936,0.012684431325873602,0.012362104240321978,0.02336865943225263,0.275041906128229,0.4406563015115367,0.5294890100735351,0.8483167970819325,0.5294890100735351,814160,203540,81416,122124,0.75,,,,,,,,,0.007307997232955825,22
bayesfl_observability_v1,vi_sparse_bayesian_keep010_seed42,191,vi,279,22,125,,5,256,91.01544742584228,0.16637318420410158,0.11683028464560212,0.11683028464560212,,,0.5182386691839879,0.003135502338409424,0.9999570831115374,0.5182386691839879,,-0.0,2.259365973874069,91.01544742584228,14.603785580700265,0.11683028464560212,0.0001434979422295398,0.16637318420410158,0.11683028464560212,0.000625,55.93776797837522,0.09797331852538418,0.09885786473751068,0.10652060508728027,0.129005566239357,1.4395517481884128,1.209671799290838,2.9692520312908006,,,,,,,,,,,,,,,,,,1,update_snr,bayesian,0.1,20,101770,10177,0.1,0.02638473722282854,0.014266406605899043,0.013736291928217069,0.026383886130480212,0.014266406605899043,0.013736291928217069,0.026383886130480212,0.029135056135996696,0.028570115532033404,0.03220936083432228,0.012614334435888191,0.012261719346455782,0.023337037018152196,0.029135056135996696,0.028570115532033404,0.03220936083432228,0.012614334435888191,0.012261719346455782,0.023337037018152196,0.27547158636848434,0.4389609587893001,0.53155351529873,0.8470247106038662,0.53155351529873,814160,203540,81416,122124,0.75,,,,,,,,,0.007307720338140104,125
bayesfl_observability_v1,vi_sparse_bayesian_keep010_seed42,191,vi,191,15,1,,5,256,8.16765193939209,0.004929887596517801,14.483042336617466,14.483042336617466,,,0.5163243379831526,0.003134913742542267,0.9999573971013523,0.5163243379831526,,-0.0,2.3096097079310103,8.16765193939209,14.483042336617466,14.483042336617466,0.0001423115096454502,0.004929887596517801,14.483042336617466,0.000625,55.93600656860436,0.09797373180364308,0.09885283932089806,0.10652819871902466,0.1292032152414322,1.4394714576479495,1.2103842811408936,2.970462397432885,,,,,,,,,,,,,,,,,,1,update_snr,bayesian,0.1,20,101770,10177,0.1,0.02627877977868579,0.014223150703651249,0.013771601037682903,0.02627855116361201,0.014223150703651249,0.013771601037682903,0.02627855116361201,0.02899428442716603,0.028455181566452152,0.03208738333240396,0.012581913623260714,0.012261315082401776,0.023174490016305407,0.02899428442716603,0.028455181566452152,0.03208738333240396,0.012581913623260714,0.012261315082401776,0.023174490016305407,0.2747192019259047,0.43717294299502885,0.532067116957924,0.8467021808476005,0.532067116957924,814160,203540,81416,122124,0.75,,,,,,,,,0.007308569231448322,1
bayesfl_observability_v1,vi_sparse_bayesian_keep010_seed42,191,vi,195,15,1,,5,256,7.737184238433838,0.017144333571195602,14.473877251518596,14.473877251518596,,,0.5164576528210566,0.0031349509954452515,0.999957376812176,0.5164576528210566,,-0.0,2.185987945410232,7.737184238433838,14.473877251518596,14.473877251518596,0.00014222145280061508,0.017144333571195602,14.473877251518596,0.000625,55.937284506797475,0.09797404411903085,0.09885185956954956,0.10650654137134552,0.1291879117488861,1.4395099973724623,1.2097717169203581,2.9696296048850783,,,,,,,,,,,,,,,,,,1,update_snr,bayesian,0.1,20,101770,10177,0.1,0.026240131937375198,0.01421744553874539,0.013758890633499717,0.026239688389194472,0.01421744553874539,0.013758890633499717,0.026239688389194472,0.028914921330109707,0.028369980428750365,0.0319584363592497,0.012584392673038243,0.012264294344167329,0.023228476724857273,0.028914921330109707,0.028369980428750365,0.0319584363592497,0.012584392673038243,0.012264294344167329,0.023228476724857273,0.2743835186209008,0.4375410744908973,0.5312798002355671,0.8471964198824594,0.5312798002355671,814160,203540,81416,122124,0.75,,,,,,,,,0.0073079928354248536,1
bayesfl_observability_v1,vi_sparse_bayesian_keep010_seed42,191,vi,197,15,49,,5,256,42.72747750282288,0.1796493724900849,0.2959291484336266,0.2959291484336266,,,0.5164506833454423,0.0031356774270534515,0.9999573796936726,0.5164506833454423,,-0.0,2.259365973874069,42.72747750282288,14.500528273247703,0.2959291484336266,0.00014248332782988802,0.1796493724900849,0.2959291484336266,0.000625,55.93829844149392,0.09797394182307904,0.09885505586862564,0.10651707053184509,0.12925994396209717,1.4396380089631888,1.2105264770110082,2.970665126872732,,,,,,,,,,,,,,,,,,1,update_snr,bayesian,0.1,20,101770,10177,0.1,0.02631555488776226,0.014208930273066715,0.01368596568675826,0.026314433142881438,0.014208930273066715,0.01368596568675826,0.026314433142881438,0.02906202345330969,0.028507863381963948,0.03215734200934804,0.012558586586373049,0.012196994887629783,0.02322682853920429,0.02906202345330969,0.028507863381963948,0.03215734200934804,0.012558586586373049,0.012196994887629783,0.02322682853920429,0.274987823161499,0.43715329741507675,0.5324570806648847,0.8464570025995584,0.5324570806648847,814160,203540,81416,122124,0.75,,,,,,,,,0.007308825732908599,49
bayesfl_observability_v1,vi_sparse_bayesian_keep010_seed42,191,vi,145,11,1,,5,256,7.005747246742248,0.3462202250957489,14.559227492059604,14.559227492059604,,,0.517840015343977,0.0031355470418930054,0.9999571509132927,0.517840015343977,,-0.0,2.3096097079310103,7.005747246742248,14.559227492059604,14.559227492059604,0.0001430601109566631,0.3462202250957489,14.559227492059604,0.000625,55.938735244117694,0.09797399993797376,0.09885473921895027,0.10652095451951027,0.12889359891414642,1.4395592290876724,1.2113078477088488,2.968249184199012,,,,,,,,,,,,,,,,,,1,update_snr,bayesian,0.1,20,101770,10177,0.1,0.026322824609436208,0.014267575407602272,0.01381942005122376,0.026321960987117712,0.014267575407602272,0.01381942005122376,0.026321960987117712,0.029029720359937124,0.028499821096558728,0.031996104106543154,0.012627337079565065,0.012335315535722391,0.023246266634707215,0.029029720359937124,0.028499821096558728,0.031996104106543154,0.012627337079565065,0.012335315535722391,0.023246266634707215,0.27520222899497804,0.4386593378097018,0.5314425707564797,0.8470943241385486,0.5314425707564797,814160,203540,81416,122124,0.75,,,,,,,,,0.0073080784607040305,1
bayesfl_observability_v1,vi_sparse_bayesian_keep010_seed42,191,vi,86,6,1,,5,256,5.93806095123291,0.005840142257511616,14.528514605394586,14.528514605394586,,,0.5170102405886159,0.0031383782625198364,0.9999572912969553,0.5170102405886159,,-0.0,2.3292713582565514,5.93806095123291,14.528514605394586,14.528514605394586,0.0001427583237240305,0.005840142257511616,14.528514605394586,0.000625,55.94015039244949,0.09797453957868721,0.09886124730110168,0.10651337057352066,0.12920741736888885,1.4395562184442223,1.2097349017271761,2.969699131693172,,,,,,,,,,,,,,,,,,1,update_snr,bayesian,0.1,20,101770,10177,0.1,0.026310580643997064,0.014236315955701505,0.013742355644566318,0.026310454235300134,0.014236315955701505,0.013742355644566318,0.026310454235300134,0.029047049964307063,0.028482698447166645,0.03209838077003378,0.01259067884363422,0.012228784611093692,0.023281352276568763,0.029047049964307063,0.028482698447166645,0.03209838077003378,0.01259067884363422,0.012228784611093692,0.023281352276568763,0.27480515911644704,0.4379288907990461,0.5315274970251682,0.8470410379114818,0.5315274970251682,814160,203540,81416,122124,0.75,,,,,,,,,0.007308426393523893,1
bayesfl_observability_v1,vi_sparse_bayesian_keep010_seed42,191,vi,171,13,11,,5,256,9.532949209213257,0.026667971502650867,1.3263523203272578,1.3263523203272578,,,0.5182279092126513,0.0031331032514572144,0.9999570861281856,0.5182279092126513,,0.6791932659915256,1.6161745905690754,9.532949209213257,14.589875523599835,1.3263523203272578,0.0001433612609177541,0.026667971502650867,1.3263523203272578,0.000625,55.93844858350531,0.09797349239570419,0.09885594621300697,0.10651583969593048,0.12873199582099915,1.4395595402704542,1.208558098807724,2.970132264515122,,,,,,,,,,,,,,,,,,1,update_snr,bayesian,0.1,20,101770,10177,0.1,0.02630438095560979,0.014286001684441278,0.013761471920988713,0.02630430298396567,0.014286001684441278,0.013761471920988713,0.02630430298396567,0.02905840002517434,0.028525750998167225,0.032089386008646234,0.012644624091026496,0.01230967149639176,0.023274557853122168,0.02905840002517434,0.028525750998167225,0.032089386008646234,0.012644624091026496,0.01230967149639176,0.023274557853122168,0.27515517206693996,0.4391466693164468,0.53095398216778,0.8474006542481408,0.53095398216778,814160,203540,81416,122124,0.75,,,,,,,,,0.0073087068211429235,11
bayesfl_observability_v1,vi_sparse_bayesian_keep010_seed42,191,vi,3,0,1,,5,256,6.122508478164673,8.535020606359467e-05,14.517858539148557,14.517858539148557,,,0.516944219774497,0.003131866455078125,0.999957300400734,0.516944219774497,,-0.0,2.185987945410232,6.122508478164673,14.517858539148557,14.517858539148557,0.00014265361638153245,8.535020606359467e-05,14.517858539148557,0.000625,55.93937910848319,0.09797348201859088,0.09885760396718979,0.10652332231402398,0.12889304757118225,1.4395814811526806,1.2096209889470004,2.9695077985358136,,,,,,,,,,,,,,,,,,1,update_snr,bayesian,0.1,20,101770,10177,0.1,0.02626196900008967,0.014242243703729812,0.013790409990275787,0.026261712589182352,0.014242243703729812,0.013790409990275787,0.026261712589182352,0.02898294078916457,0.028421806700782044,0.032071995157502114,0.01260438847201484,0.01229818995456861,0.023220780466512048,0.02898294078916457,0.028421806700782044,0.032071995157502114,0.01260438847201484,0.01229818995456861,0.023220780466512048,0.27449792746408996,0.43804362131662483,0.5310010576843905,0.8473711564232396,0.5310010576843905,814160,203540,81416,122124,0.75,,,,,,,,,0.007308265967572936,1
bayesfl_observability_v1,vi_sparse_bayesian_keep010_seed42,192,vi,116,9,1,,5,256,7.366480040550232,2.163551092147827,14.502335504354072,14.502335504354072,,,0.516986182410343,0.003133535385131836,0.9999573147982292,0.516986182410343,,-0.0,2.3292713582565514,7.366480040550232,14.502335504354072,14.502335504354072,0.00014250108582444798,2.163551092147827,14.502335504354072,0.000625,55.95326165499676,0.09803444580055559,0.0989191122353077,0.10657551661133767,0.12878191471099854,1.4389639792462139,1.2099138034928303,2.966124163196796,,,,,,,,,,,,,,,,,,1,update_snr,bayesian,0.1,20,101770,10177,0.1,0.02630605923096384,0.014225351956048297,0.013724055681648414,0.02630605893764936,0.014225351956048297,0.013724055681648414,0.02630605893764936,0.028999606153979677,0.028469194018144867,0.03208616064967065,0.012583768156278142,0.012233672623095252,0.023237494150882852,0.028999606153979677,0.028469194018144867,0.03208616064967065,0.012583768156278142,0.012233672623095252,0.023237494150882852,0.2748827295279196,0.43785179891203035,0.5317022753806199,0.8469313374501333,0.5317022753806199,814160,203540,81416,122124,0.75,,,,,,,,,0.007302131636229756,1
bayesfl_observability_v1,vi_sparse_bayesian_keep010_seed42,192,vi,12,1,1,,5,256,4.688360786437988,0.19055399298667908,14.60046240418187,14.60046240418187,,,0.5191155679742325,0.0031330808997154236,0.999956961980306,0.5191155679742325,,-0.0,2.3277319754160017,4.688360786437988,14.60046240418187,14.60046240418187,0.00014346528843649277,0.19055399298667908,14.60046240418187,0.000625,55.9525650009613,0.09803541692136149,0.09891585260629654,0.10655985474586487,0.1291709989309311,1.4389737731886314,1.2102059186900584,2.968561353162102,,,,,,,,,,,,,,,,,,1,update_snr,bayesian,0.1,20,101770,10177,0.1,0.026271951164429,0.014305815361701729,0.013862678504434232,0.026271929582049793,0.014305815361701729,0.013862678504434232,0.026271929582049793,0.028990622941979665,0.028441084017686642,0.031978052156108376,0.01267417007500418,0.012359052278674055,0.023269017597849,0.028990622941979665,0.028441084017686642,0.031978052156108376,0.01267417007500418,0.012359052278674055,0.023269017597849,0.2750072851987273,0.44028623190015376,0.5297611980158875,0.8481468464109101,0.5297611980158875,814160,203540,81416,122124,0.75,,,,,,,,,0.007301820086597748,1
bayesfl_observability_v1,vi_sparse_bayesian_keep010_seed42,192,vi,70,5,1,,5,256,10.879700088500977,1.1152925491333008,14.471428702266769,14.471428702266769,,,0.5166491466213434,0.0031314045190811157,0.9999573802237487,0.5166491466213434,,-0.0,2.3277319754160017,10.879700088500977,14.471428702266769,14.471428702266769,0.00014219739316367072,1.1152925491333008,14.471428702266769,0.000625,55.9590354768299,0.09803541897867199,0.09891677647829056,0.10656619593501092,0.12919671833515167,1.4390475082319416,1.2104058463194727,2.9675568925988705,,,,,,,,,,,,,,,,,,1,update_snr,bayesian,0.1,20,101770,10177,0.1,0.026222159933388653,0.01422291831827052,0.013739275554339472,0.026221985036523926,0.01422291831827052,0.013739275554339472,0.026221985036523926,0.028918234294258233,0.028387664789894747,0.03194595148882705,0.012590105432049666,0.01228626716617515,0.023199460301758564,0.028918234294258233,0.028387664789894747,0.03194595148882705,0.012590105432049666,0.01228626716617515,0.023199460301758564,0.27452796083719033,0.4376765237285826,0.5313624587062257,0.8471445788516119,0.5313624587062257,814160,203540,81416,122124,0.75,,,,,,,,,0.007302505860137145,1
bayesfl_observability_v1,vi_sparse_bayesian_keep010_seed42,192,vi,289,23,4615,,5,256,159.97132605000547,0.08912513894094548,0.030695506106501326,0.030695506106501326,,,1.6033666469200343,0.03209388256072998,0.9995896590731831,1.6033666469200343,,0.8496433488150035,1.4144019597737127,159.97132605000547,141.65976068150363,0.030695506106501326,0.0013919599162965867,0.08912513894094548,0.030695506106501326,0.000625,55.97443589634215,0.09823414770194651,0.0991123616695404,0.1068227119743824,0.12817826867103577,1.4365308317997245,1.2091958135454788,2.9633121336891435,,,,,,,,,,,,,,,,,,1,update_snr,bayesian,0.1,20,101770,10177,0.1,0.08410608210522655,0.040847479226721085,0.0341920766840573,0.08410512677640881,0.040847479226721085,0.0341920766840573,0.08410512677640881,0.10730454720733758,0.10047375386328906,0.134873793352896,0.03346336056220813,0.030253019660009626,0.06687576316414927,0.10730454720733758,0.10047375386328906,0.134873793352896,0.03346336056220813,0.030253019660009626,0.06687576316414927,1.065353202460579,1.19825170914236,0.6644476511389674,0.7473348104403478,0.6644476511389674,814160,203540,81416,122124,0.75,,,,,,,,,0.007344704885625843,4615
bayesfl_observability_v1,vi_sparse_bayesian_keep010_seed42,192,vi,292,23,1,,5,256,7.459095168113708,0.0002351722796447575,14.48443299098357,14.48443299098357,,,0.5166239339224007,0.0031329020857810974,0.9999573751481555,0.5166239339224007,,-0.0,2.3096097079310103,7.459095168113708,14.48443299098357,14.48443299098357,0.00014232517432429567,0.0002351722796447575,14.48443299098357,0.000625,55.95389357686718,0.09803472681171804,0.09892018884420395,0.10656981393694878,0.1290552169084549,1.4389971866457192,1.2101805367470675,2.9681446202101776,,,,,,,,,,,,,,,,,,1,update_snr,bayesian,0.1,20,101770,10177,0.1,0.026235903774086296,0.01422083436947441,0.013725121154069249,0.026235878825803305,0.01422083436947441,0.013725121154069249,0.026235878825803305,0.02900073628122953,0.02844796681243553,0.03211542145973684,0.01257862304594606,0.012224512845088673,0.023182782693655705,0.02900073628122953,0.02844796681243553,0.03211542145973684,0.01257862304594606,0.012224512845088673,0.023182782693655705,0.2748884013301053,0.4374204566725659,0.532086075151514,0.8466902672346351,0.532086075151514,814160,203540,81416,122124,0.75,,,,,,,,,0.0073028401373975245,1
bayesfl_observability_v1,vi_sparse_bayesian_keep010_seed42,192,vi,31,2,1,,5,256,2.608137321472168,0.0,14.549015384915181,14.549015384915181,,,0.5177934869704873,0.003128722310066223,0.999957182887442,0.5177934869704873,,-0.0,2.3163460082440825,2.608137321472168,14.549015384915181,14.549015384915181,0.00014295976599110918,0.0,14.549015384915181,0.000625,55.954745506384626,0.09803514548408894,0.09892168268561363,0.10657490938901902,0.12879325449466705,1.438976977509984,1.2096159128879602,2.97055982320716,,,,,,,,,,,,,,,,,,1,update_snr,bayesian,0.1,20,101770,10177,0.1,0.026328739595053656,0.014256012249619764,0.013758926096302155,0.026328670376976417,0.014256012249619764,0.013758926096302155,0.026328670376976417,0.02903178868748958,0.02848757063024868,0.0320843915715692,0.012614259312078671,0.01228409230011687,0.023254403462863726,0.02903178868748958,0.02848757063024868,0.0320843915715692,0.012614259312078671,0.01228409230011687,0.023254403462863726,0.27496444071609993,0.43875352020324426,0.5310310918062437,0.847352334944012,0.5310310918062437,814160,203540,81416,122124,0.75,,,,,,,,,0.00730298515663352,1
bayesfl_observability_v1,vi_sparse_bayesian_keep010_seed42,192,vi,8,0,25,,5,256,21.56538610458374,0.0842885684967041,0.5815964124853743,0.5815964124853743,,,0.5179664337986051,0.003129035234451294,0.9999571599165563,0.5179664337986051,,0.34883209584303193,1.9674200764769605,21.56538610458374,14.539910312134356,0.5815964124853743,0.00014287029883201688,0.0842885684967041,0.5815964124853743,0.000625,55.9579445147516,0.09803494510827539,0.0989074818789959,0.10657918825745583,0.12875469028949738,1.4391155760395302,1.2111700900916158,2.9681217720735993,,,,,,,,,,,,,,,,,,1,update_snr,bayesian,0.1,20,101770,10177,0.1,0.026252507018494263,0.014262248881471443,0.013793398412404727,0.02625234833487363,0.014262248881471443,0.013793398412404727,0.02625234833487363,0.028933209337112357,0.028370630487631623,0.03202473229266228,0.012632142164178009,0.012302869278303812,0.023254292963365,0.028933209337112357,0.028370630487631623,0.03202473229266228,0.012632142164178009,0.012302869278303812,0.023254292963365,0.2747657625068732,0.4390819995126895,0.530470209221525,0.8477035785747705,0.530470209221525,814160,203540,81416,122124,0.75,,,,,,,,,0.007303467388866777,25
bayesfl_observability_v1,vi_sparse_bayesian_keep010_seed42,192,vi,166,13,9,,5,256,38.40144681930542,1.8031457265218098,1.613992816439072,1.613992816439072,,,0.5173823411551395,0.003134801983833313,0.9999572620386774,0.5173823411551395,,-0.0,2.3277319754160017,38.40144681930542,14.525935347951648,1.613992816439072,0.00014273297973815122,1.8031457265218098,1.613992816439072,0.000625,55.960070615509906,0.09803542711998885,0.0989191122353077,0.10656667500734329,0.1286303997039795,1.4390648984871974,1.2094734672248009,2.9679597553644586,,,,,,,,,,,,,,,,,,1,update_snr,bayesian,0.1,20,101770,10177,0.1,0.02625515818539888,0.014239934990033348,0.013772543321809445,0.026254904777600452,0.014239934990033348,0.013772543321809445,0.026254904777600452,0.02896591638929947,0.028443780688918247,0.031954555908630576,0.012603714834559333,0.012256665806848099,0.0232546168334287,0.02896591638929947,0.028443780688918247,0.031954555908630576,0.012603714834559333,0.012256665806848099,0.0232546168334287,0.2744582373687813,0.4385854111568179,0.5304746906436911,0.8477007742042476,0.5304746906436911,814160,203540,81416,122124,0.75,,,,,,,,,0.007302831417881547,9
bayesfl_observability_v1,vi_sparse_bayesian_keep010_seed42,192,vi,39,3,5,,5,256,12.051730918884278,0.1817294716835022,2.908518349390357,2.908518349390357,,,0.517665052653904,0.0031356438994407654,0.9999572031534677,0.517665052653904,,-0.0,2.4040642619438994,12.051730918884278,14.542591746951786,2.908518349390357,0.00014289664682078988,0.1817294716835022,2.908518349390357,0.000625,55.95386988083485,0.09803442891060843,0.09891128540039062,0.10657200887799263,0.12913434207439423,1.439000444092849,1.210358512579798,2.9708080237378307,,,,,,,,,,,,,,,,,,1,update_snr,bayesian,0.1,20,101770,10177,0.1,0.026267249945484853,0.014258676462359432,0.01379820524445434,0.026267127361212457,0.014258676462359432,0.01379820524445434,0.026267127361212457,0.029032999844494912,0.028486174041011777,0.03212525359459395,0.012617084975455488,0.012318862734231474,0.023230059691979384,0.029032999844494912,0.028486174041011777,0.03212525359459395,0.012617084975455488,0.012318862734231474,0.023230059691979384,0.2750573252734129,0.4385436974266136,0.5313422721183931,0.8471572403397518,0.5313422721183931,814160,203540,81416,122124,0.75,,,,,,,,,0.007302180464554848,5
bayesfl_observability_v1,vi_sparse_bayesian_keep010_seed42,192,vi,100,8,22,,5,256,8.047686123847962,0.018781469626860184,0.6612723730728803,0.6612723730728803,,,0.5179002575534183,0.003134230151772499,0.9999571691551786,0.5179002575534183,,-0.0,2.3163460082440825,8.047686123847962,14.547992207603366,0.6612723730728803,0.0001429497121706138,0.018781469626860184,0.6612723730728803,0.000625,55.95714829605207,0.0980349852402344,0.09892554581165314,0.10656866282224656,0.12912532687187195,1.4390352341533215,1.2099616676747877,2.968568943321001,,,,,,,,,,,,,,,,,,1,update_snr,bayesian,0.1,20,101770,10177,0.1,0.02627607898382653,0.014263869865405523,0.013793778622911798,0.026276014713420247,0.014263869865405523,0.013793778622911798,0.026276014713420247,0.02900657461738314,0.028452766026359797,0.032031129698057784,0.012625791559630232,0.012311468412729504,0.02327006818502386,0.02900657461738314,0.028452766026359797,0.032031129698057784,0.012625791559630232,0.012311468412729504,0.02327006818502386,0.2751681823614624,0.4387518070501659,0.5313150135537063,0.8471743364694336,0.5313150135537063,814160,203540,81416,122124,0.75,,,,,,,,,0.007302408507858574,22
bayesfl_observability_v1,vi_sparse_bayesian_keep010_seed42,192,vi,259,20,353,,5,256,49.238972017169,0.05497561492258023,0.08484636136021452,0.08484636136021452,,,0.742212018237646,0.006103590130805969,0.999912042563725,0.742212018237646,,-0.0,2.185987945410232,49.238972017169,29.950765560155727,0.08484636136021452,0.0002942985708966859,0.05497561492258023,0.08484636136021452,0.000625,55.960755876013515,0.0980764896010672,0.09895846992731094,0.1066141739487648,0.12900233268737793,1.4386326008466659,1.2099193998481677,2.9672009043134855,,,,,,,,,,,,,,,,,,1,update_snr,bayesian,0.1,20,101770,10177,0.1,0.03906905199697289,0.01982294872177707,0.018003745317052088,0.03906834615807413,0.01982294872177707,0.018003745317052088,0.03906834615807413,0.04552163847633172,0.04429250287267999,0.05277121155565278,0.01696753874904878,0.01599370656650919,0.0326849980493412,0.04552163847633172,0.04429250287267999,0.05277121155565278,0.01696753874904878,0.01599370656650919,0.0326849980493412,0.44030549158329446,0.5975029322923809,0.5932341174275013,0.8050299882116282,0.5932341174275013,814160,203540,81416,122124,0.75,,,,,,,,,0.007308166832488881,353
bayesfl_observability_v1,vi_sparse_bayesian_keep010_seed42,192,vi,260,20,171,,5,256,306.9805235862732,0.22669599209612573,0.08928131775104184,0.08928131775104184,,,0.5308749362881064,0.0031357109546661377,0.9999549920005864,0.5308749362881064,,-0.0,2.311121424016332,306.9805235862732,15.267105335428155,0.08928131775104184,0.00015001577415179479,0.22669599209612573,0.08928131775104184,0.000625,55.954674708523626,0.09803356537934903,0.09891268983483315,0.10657195001840591,0.1287219226360321,1.4389581154401883,1.2101519493938317,2.970097254426709,,,,,,,,,,,,,,,,,,1,update_snr,bayesian,0.1,20,101770,10177,0.1,0.026717854284221007,0.01465814345661065,0.014351717085164053,0.026717452398848998,0.01465814345661065,0.014351717085164053,0.026717452398848998,0.029353004013546225,0.028806397598009872,0.03232525425428145,0.0130253811725067,0.012771816513935429,0.02385504843212581,0.029353004013546225,0.028806397598009872,0.03232525425428145,0.0130253811725067,0.012771816513935429,0.02385504843212581,0.27725503754331504,0.4527226989402633,0.5222605525171157,0.8527859727296867,0.5222605525171157,814160,203540,81416,122124,0.75,,,,,,,,,0.0073019862099917955,171
bayesfl_observability_v1,vi_sparse_bayesian_keep010_seed42,192,vi,130,10,1,,5,256,6.759054374694824,0.001764527871273458,14.537677254892241,14.537677254892241,,,0.5178078001490017,0.003133237361907959,0.9999571882360624,0.5178078001490017,,-0.0,2.311121424016332,6.759054374694824,14.537677254892241,14.537677254892241,0.00014284835663645713,0.001764527871273458,14.537677254892241,0.000625,55.958807851118785,0.09803554655245904,0.09892130270600319,0.10657296478748321,0.12876257300376892,1.4390825631227608,1.210063766413243,2.96861773078406,,,,,,,,,,,,,,,,,,1,update_snr,bayesian,0.1,20,101770,10177,0.1,0.02625852022768137,0.014266601618751458,0.013832683861976607,0.02625850900247461,0.014266601618751458,0.013832683861976607,0.02625850900247461,0.028960628611848217,0.028388853789435592,0.03201158810178451,0.012633931952851816,0.012331578636215536,0.02322066205622233,0.028960628611848217,0.028388853789435592,0.03201158810178451,0.012633931952851816,0.012331578636215536,0.02322066205622233,0.2749574511579045,0.4387747918327774,0.5310029147471014,0.8473699927009941,0.5310029147471014,814160,203540,81416,122124,0.75,,,,,,,,,0.007302377694193458,1
bayesfl_observability_v1,vi_sparse_bayesian_keep010_seed42,192,vi,50,4,1,,5,256,5.612269020080566,0.06778524816036224,14.47599799221817,14.47599799221817,,,0.5165946751285788,0.0031322985887527466,0.9999573882122601,0.5165946751285788,,-0.0,2.3163460082440825,5.612269020080566,14.47599799221817,14.47599799221817,0.00014224229136502084,0.06778524816036224,14.47599799221817,0.000625,55.9586443563046,0.09803552694521332,0.09892187267541885,0.10658107697963715,0.12915797531604767,1.4390730870254023,1.2093975200460807,2.969781345900039,,,,,,,,,,,,,,,,,,1,update_snr,bayesian,0.1,20,101770,10177,0.1,0.026247385558694263,0.014214503687871808,0.013716754418079648,0.026247361305775138,0.014214503687871808,0.013716754418079648,0.026247361305775138,0.028980777733080665,0.02840060440496487,0.03207852639808859,0.012573806571737492,0.012253886087928411,0.023192706527643374,0.028980777733080665,0.02840060440496487,0.03207852639808859,0.012573806571737492,0.012253886087928411,0.023192706527643374,0.2749612653113852,0.43734009757803355,0.5322572580581637,0.8465826665154474,0.5322572580581637,814160,203540,81416,122124,0.75,,,,,,,,,0.007303164009278992,1
bayesfl_observability_v1,vi_sparse_bayesian_keep010_seed42,192,vi,55,4,1,,5,256,7.815548992156982,0.2391369342803955,14.435514173338644,14.435514173338644,,,0.5157005203718185,0.0031351670622825623,0.99995753115663,0.5157005203718185,,-0.0,2.3292713582565514,7.815548992156982,14.435514173338644,14.435514173338644,0.00014184449418628913,0.2391369342803955,14.435514173338644,0.000625,55.95658236563824,0.09803494995525254,0.09891175851225853,0.10657114982604982,0.12894782423973083,1.4390690107247932,1.2097166930694618,2.9703845490796814,,,,,,,,,,,,,,,,,,1,update_snr,bayesian,0.1,20,101770,10177,0.1,0.02620664123333664,0.014199996899379834,0.013702245255861492,0.026206272568356965,0.014199996899379834,0.013702245255861492,0.026206272568356965,0.028940508589967048,0.02838541838816411,0.032031017715545236,0.012562162267092367,0.012248562167680303,0.02317464612417814,0.028940508589967048,0.02838541838816411,0.032031017715545236,0.012562162267092367,0.012248562167680303,0.02317464612417814,0.2745128668388689,0.43656581709024117,0.5323106260217577,0.846549111052823,0.5323106260217577,814160,203540,81416,122124,0.75,,,,,,,,,0.007302841637577974,1
bayesfl_observability_v1,vi_sparse_bayesian_keep010_seed42,193,vi,213,17,204,,5,256,146.9951026916504,0.13715178358788585,0.07344121082879237,0.07344121082879237,,,0.5259501655026109,0.003136664628982544,0.9999558437111273,0.5259501655026109,,-0.0,2.3163460082440825,146.9951026916504,14.982007009073644,0.07344121082879237,0.00014721437564187525,0.13715178358788585,0.07344121082879237,0.000625,55.96747586423723,0.09810887902087045,0.09899165853857994,0.10663606896996498,0.12906411290168762,1.4382150790137591,1.2093880334866032,2.9682793340784275,,,,,,,,,,,,,,,,,,1,update_snr,bayesian,0.1,20,101770,10177,0.1,0.02659281451914747,0.014488194310687286,0.014062832758026757,0.026592303751451527,0.014488194310687286,0.014062832758026757,0.026592303751451527,0.02926060806261581,0.028699340303045776,0.03229504541558171,0.012846815004917451,0.012517529526139761,0.023650525072787188,0.02926060806261581,0.028699340303045776,0.03229504541558171,0.012846815004917451,0.012517529526139761,0.023650525072787188,0.2766432098415277,0.44731656691967087,0.5259874946082784,0.850492301855641,0.5259874946082784,814160,203540,81416,122124,0.75,,,,,,,,,0.007297789235156814,204
bayesfl_observability_v1,vi_sparse_bayesian_keep010_seed42,193,vi,69,5,63,,5,256,70.36032757759094,0.3131131368970114,0.23111155068716224,0.23111155068716224,,,0.5182639658942404,0.0031360089778900146,0.9999571317208722,0.5182639658942404,,0.6915136378174996,1.579280430685095,70.36032757759094,14.560027693291222,0.23111155068716224,0.00014306797379671043,0.3131131368970114,0.23111155068716224,0.000625,55.97160554709595,0.09810883586248369,0.09899436682462692,0.1066430613398552,0.1286175400018692,1.4382988060260473,1.2078366704218682,2.970067106977212,,,,,,,,,,,,,,,,,,1,update_snr,bayesian,0.1,20,101770,10177,0.1,0.026312829449311202,0.014261885340787223,0.013753730142151376,0.026312752193714893,0.014261885340787223,0.013753730142151376,0.026312752193714893,0.029029077574256098,0.02846474046403864,0.0320997271358373,0.012621086203735128,0.012273000474281365,0.023308536715211967,0.029029077574256098,0.02846474046403864,0.0320997271358373,0.012621086203735128,0.012273000474281365,0.023308536715211967,0.27506260628954027,0.4392471980168249,0.530738435219845,0.8475356708601653,0.530738435219845,814160,203540,81416,122124,0.75,,,,,,,,,0.007298188672360515,63
bayesfl_observability_v1,vi_sparse_bayesian_keep010_seed42,193,vi,111,8,11,,5,256,5.763457226753235,0.014269716360352257,1.3155894473333496,1.3155894473333496,,,0.5169854801616846,0.0031332597136497498,0.9999573396188424,0.5169854801616846,,-0.0,2.3096097079310103,5.763457226753235,14.471483920666845,1.3155894473333496,0.00014219793574399967,0.014269716360352257,1.3155894473333496,0.000625,55.969967360850696,0.09810978621731277,0.098995391279459,0.10664338618516922,0.12920796871185303,1.4382462132831497,1.2089185845830457,2.9685181350881487,,,,,,,,,,,,,,,,,,1,update_snr,bayesian,0.1,20,101770,10177,0.1,0.026243021492948843,0.014222642506999221,0.013714756331746705,0.026242388696318765,0.014222642506999221,0.013714756331746705,0.026242388696318765,0.028938488903415993,0.028416608734674904,0.03194846595091059,0.012587548462952913,0.012270303320813207,0.023204710546562823,0.028938488903415993,0.028416608734674904,0.03194846595091059,0.012587548462952913,0.012270303320813207,0.023204710546562823,0.2750270724800489,0.43776031809777094,0.5319821987921897,0.846755537429917,0.5319821987921897,814160,203540,81416,122124,0.75,,,,,,,,,0.007297056777665684,11
bayesfl_observability_v1,vi_sparse_bayesian_keep010_seed42,193,vi,176,14,41,,5,256,34.44906444549561,0.28188621707078887,0.3544476847483058,0.3544476847483058,,,0.5181701357641573,0.003137066960334778,0.999957141232568,0.5181701357641573,,-0.0,2.185987945410232,34.44906444549561,14.532355074680536,0.3544476847483058,0.00014279606047637355,0.28188621707078887,0.3544476847483058,0.000625,55.968220827723165,0.09810893729660751,0.09899792447686195,0.10664303824305535,0.12876582145690918,1.4381899590070792,1.209688911355033,2.9694210886155505,,,,,,,,,,,,,,,,,,1,update_snr,bayesian,0.1,20,101770,10177,0.1,0.026287321727446734,0.014254346855038657,0.013739933917958315,0.02628719575671143,0.014254346855038657,0.013739933917958315,0.02628719575671143,0.028985779411644087,0.02842248730494715,0.03204505706807092,0.01261752101541583,0.012287725621259649,0.02329224745879653,0.028985779411644087,0.02842248730494715,0.03204505706807092,0.01261752101541583,0.012287725621259649,0.02329224745879653,0.2752225081238361,0.439036286222301,0.5311431306591207,0.8472821104883712,0.5311431306591207,814160,203540,81416,122124,0.75,,,,,,,,,0.007297542733249259,41
bayesfl_observability_v1,vi_sparse_bayesian_keep010_seed42,193,vi,151,12,1,,5,256,8.993928050994873,2.265165328979492,14.565823872535535,14.565823872535535,,,0.5186817464135401,0.0031367242336273193,0.9999570573094074,0.5186817464135401,,-0.0,2.3277319754160017,8.993928050994873,14.565823872535535,14.565823872535535,0.00014312492750845568,2.265165328979492,14.565823872535535,0.000625,55.968787102789264,0.0981092855070726,0.09899432957172394,0.10663385316729546,0.1292445957660675,1.438196072457701,1.2088209511325911,2.9693833689796962,,,,,,,,,,,,,,,,,,1,update_snr,bayesian,0.1,20,101770,10177,0.1,0.02628611838429002,0.014280701991048228,0.013810263125120344,0.026285266970897548,0.014280701991048228,0.013810263125120344,0.026285266970897548,0.028972987454320854,0.028441001423106366,0.031991397495207324,0.012648225828462381,0.012342630777956005,0.023257594458852827,0.028972987454320854,0.028441001423106366,0.031991397495207324,0.012648225828462381,0.012342630777956005,0.023257594458852827,0.274937779804228,0.4398181116085624,0.5300702824136454,0.847953710825018,0.5300702824136454,814160,203540,81416,122124,0.75,,,,,,,,,0.007296479015681743,1
bayesfl_observability_v1,vi_sparse_bayesian_keep010_seed42,193,vi,92,7,1,,5,256,4.703330135345459,0.002260274486616254,14.53222266249822,14.53222266249822,,,0.5179581931405007,0.003132276237010956,0.9999571824237425,0.5179581931405007,,-0.0,2.3163460082440825,4.703330135345459,14.53222266249822,14.53222266249822,0.0001427947593838874,0.002260274486616254,14.53222266249822,0.000625,55.9716611700606,0.09810848853233212,0.09898979589343071,0.10663873627781868,0.12922120094299316,1.4382741886211963,1.208698603071836,2.9672498614509073,,,,,,,,,,,,,,,,,,1,update_snr,bayesian,0.1,20,101770,10177,0.1,0.026224914471606072,0.014265877882185005,0.013849899280484267,0.026224723052457898,0.014265877882185005,0.013849899280484267,0.026224723052457898,0.028964714868367682,0.02842512639595539,0.032024761136678855,0.012632673772609149,0.012378000979856415,0.02319845722992144,0.028964714868367682,0.02842512639595539,0.032024761136678855,0.012632673772609149,0.012378000979856415,0.02319845722992144,0.274924195841213,0.4389730930050663,0.5307845294893084,0.8475068042528116,0.5307845294893084,814160,203540,81416,122124,0.75,,,,,,,,,0.007296779188847244,1
bayesfl_observability_v1,vi_sparse_bayesian_keep010_seed42,193,vi,94,7,1,,5,256,6.258202362060547,0.5621058940887451,14.499295281874835,14.499295281874835,,,0.5173121842208788,0.003133058547973633,0.9999572835999745,0.5173121842208788,,-0.0,2.3292713582565514,6.258202362060547,14.499295281874835,14.499295281874835,0.00014247121235997677,0.5621058940887451,14.499295281874835,0.000625,55.968649833692034,0.09810953128559832,0.09899194538593292,0.10663972645998002,0.12892532348632812,1.438149437392707,1.2084988397767105,2.9684063946124017,,,,,,,,,,,,,,,,,,1,update_snr,bayesian,0.1,20,101770,10177,0.1,0.026245136813242368,0.01422809956200304,0.013724111402345713,0.02624314893974141,0.01422809956200304,0.013724111402345713,0.02624314893974141,0.028959468017589588,0.028418363500336077,0.03192162202253381,0.012591280844715646,0.012246647482347033,0.02326656013985743,0.028959468017589588,0.028418363500336077,0.03192162202253381,0.012591280844715646,0.012246647482347033,0.02326656013985743,0.2746593789704366,0.4383766890323327,0.5309354531908033,0.8474122636267877,0.5309354531908033,814160,203540,81416,122124,0.75,,,,,,,,,0.007296669381390471,1
bayesfl_observability_v1,vi_sparse_bayesian_keep010_seed42,193,vi,99,7,4,,5,256,15.487641334533691,1.3219401836395264,3.6345624742196554,3.6345624742196554,,,0.5180256374903275,0.003132730722427368,0.99995716826652,0.5180256374903275,,-0.0,2.311121424016332,15.487641334533691,14.538249896878622,3.6345624742196554,0.00014285398346151735,1.3219401836395264,3.6345624742196554,0.000625,55.97023409350286,0.09810852449593398,0.09899080544710159,0.10663837119936943,0.12888067960739136,1.438263315768871,1.2093903359565972,2.9688565871656896,,,,,,,,,,,,,,,,,,1,update_snr,bayesian,0.1,20,101770,10177,0.1,0.026230112913109546,0.01426404904575597,0.013824902585797669,0.026230088495162042,0.01426404904575597,0.013824902585797669,0.026230088495162042,0.028960878749545806,0.02842399598307304,0.03211571867121759,0.012631067967557101,0.012342752070759102,0.023230077459786298,0.028960878749545806,0.02842399598307304,0.03211571867121759,0.012631067967557101,0.012342752070759102,0.023230077459786298,0.2745459840020948,0.43928927117058275,0.5299853214450628,0.8480068154518416,0.5299853214450628,814160,203540,81416,122124,0.75,,,,,,,,,0.007297022307717895,4
bayesfl_observability_v1,vi_sparse_bayesian_keep010_seed42,193,vi,56,4,308,,5,256,287.6647748470306,0.3635671293580687,0.10339662719642279,0.10339662719642279,,,0.7662944423095621,0.006034687161445618,0.9999062920586076,0.7662944423095621,,-0.0,2.3292713582565514,287.6647748470306,31.846161176498217,0.10339662719642279,0.0003129228768448287,0.3635671293580687,0.10339662719642279,0.000625,55.97551232143022,0.09815005579833562,0.09903546050190926,0.10668381154537201,0.12901221215724945,1.437804442398427,1.2080067393346972,2.9678496546503674,,,,,,,,,,,,,,,,,,1,update_snr,bayesian,0.1,20,101770,10177,0.1,0.04027730254550853,0.020491157541498987,0.01861975418792336,0.04027729742675022,0.020491157541498987,0.01861975418792336,0.04027729742675022,0.046823168115682295,0.04548437748537015,0.05403956885048894,0.01756537858881196,0.016627958030241842,0.033696708885176826,0.046823168115682295,0.04548437748537015,0.05403956885048894,0.01756537858881196,0.016627958030241842,0.033696708885176826,0.45251847593002237,0.6184126464234807,0.5905281977070861,0.8070170058386757,0.5905281977070861,814160,203540,81416,122124,0.75,,,,,,,,,0.007303212051809841,308
bayesfl_observability_v1,vi_sparse_bayesian_keep010_seed42,193,vi,118,9,3,,5,256,3.5697937846183776,0.016286725799242657,4.819578197045343,4.819578197045343,,,0.5165466323456666,0.0031348317861557007,0.9999574112967228,0.5165466323456666,,-0.0,2.259365973874069,3.5697937846183776,14.458734591136029,4.819578197045343,0.00014207265983232808,0.016286725799242657,4.819578197045343,0.000625,55.969549447763015,0.09810977622140388,0.0989963747560978,0.10663950368762017,0.12918032705783844,1.4382654717707513,1.2087840792059756,2.967931155443584,,,,,,,,,,,,,,,,,,1,update_snr,bayesian,0.1,20,101770,10177,0.1,0.026241427367973975,0.014199026323064148,0.013722912293299406,0.026241273661162343,0.014199026323064148,0.013722912293299406,0.026241273661162343,0.02895470611805155,0.028381930797593734,0.03200885071192203,0.012559506345843326,0.012227022150840518,0.023204033869068223,0.02895470611805155,0.028381930797593734,0.03200885071192203,0.012559506345843326,0.012227022150840518,0.023204033869068223,0.2746953596679916,0.43745043463748207,0.531791986370301,0.8468750103954713,0.531791986370301,814160,203540,81416,122124,0.75,,,,,,,,,0.007297660794125536,3
bayesfl_observability_v1,vi_sparse_bayesian_keep010_seed42,193,vi,39,3,5,,5,256,11.816117000579833,0.17726372480392455,2.897041766497059,2.897041766497059,,,0.5170637373354011,0.003134302794933319,0.9999573296878994,0.5170637373354011,,-0.0,2.4040642619438994,11.816117000579833,14.485208832485295,2.897041766497059,0.00014233279780372698,0.17726372480392455,2.897041766497059,0.000625,55.97144170368933,0.09810976496057279,0.0990036353468895,0.10664325952529907,0.12908296287059784,1.4383096695896478,1.2082857150271955,2.9686109178081352,,,,,,,,,,,,,,,,,,1,update_snr,bayesian,0.1,20,101770,10177,0.1,0.026264081542177888,0.01421649607315344,0.013739645270700113,0.02626338725831604,0.01421649607315344,0.013739645270700113,0.02626338725831604,0.02895440125588427,0.028412188265572676,0.0320275076359019,0.012578951052850017,0.012263393763241832,0.023237031280206374,0.02895440125588427,0.028412188265572676,0.0320275076359019,0.012578951052850017,0.012263393763241832,0.023237031280206374,0.27475246401332026,0.4380251042872564,0.5313705916203092,0.8471394775130495,0.5313705916203092,814160,203540,81416,122124,0.75,,,,,,,,,0.007297454779934259,5
bayesfl_observability_v1,vi_sparse_bayesian_keep010_seed42,193,vi,203,16,1,,5,256,6.814263534545899,0.609205424785614,14.453684416893406,14.453684416893406,,,0.5165408879460982,0.0031342357397079468,0.9999574152038838,0.5165408879460982,,-0.0,2.311121424016332,6.814263534545899,14.453684416893406,14.453684416893406,0.00014202303642422528,0.609205424785614,14.453684416893406,0.000625,55.97110474074249,0.09810838279163069,0.09899084642529488,0.10664880275726318,0.1288195252418518,1.438352467561925,1.2081603473136409,2.968352753029576,,,,,,,,,,,,,,,,,,1,update_snr,bayesian,0.1,20,101770,10177,0.1,0.026227280352747732,0.014211080270195086,0.013704231573787355,0.026227276297377516,0.014211080270195086,0.013704231573787355,0.026227276297377516,0.028935735178217244,0.028405469146854406,0.032008086622356366,0.012575007502637068,0.012214155009519749,0.02318948248292504,0.028935735178217244,0.028405469146854406,0.032008086622356366,0.012575007502637068,0.012214155009519749,0.02318948248292504,0.27459974192851083,0.43750368073073276,0.5316127887191879,0.8469875104570365,0.5316127887191879,814160,203540,81416,122124,0.75,,,,,,,,,0.007297212242041118,1
bayesfl_observability_v1,vi_sparse_bayesian_keep010_seed42,193,vi,78,6,1,,5,256,7.2561858057975765,0.0,14.465819343387299,14.465819343387299,,,0.5166111528176117,0.003131389617919922,0.9999573990906492,0.5166111528176117,,-0.0,2.3155014849272724,7.2561858057975765,14.465819343387299,14.465819343387299,0.0001421422751634794,0.0,14.465819343387299,0.000625,55.96849649861396,0.09810902445262373,0.09899993613362312,0.10663206428289414,0.12903036177158356,1.438152134954972,1.208449730805936,2.9704551922562215,,,,,,,,,,,,,,,,,,1,update_snr,bayesian,0.1,20,101770,10177,0.1,0.026215688437365693,0.014216129613986139,0.013728425854216585,0.02621554522688625,0.014216129613986139,0.013728425854216585,0.02621554522688625,0.028941686718707373,0.028397716902257963,0.031991837934746095,0.012579956602350449,0.012273470175589402,0.02319877459228639,0.028941686718707373,0.028397716902257963,0.031991837934746095,0.012579956602350449,0.012273470175589402,0.02319877459228639,0.27448880217555305,0.437656235755612,0.5313257382820394,0.8471676102395828,0.5313257382820394,814160,203540,81416,122124,0.75,,,,,,,,,0.007298024364306039,1
bayesfl_observability_v1,vi_sparse_bayesian_keep010_seed42,193,vi,79,6,1614,,5,256,329.4345868110657,0.10809767851894525,0.07237187606439548,0.07237187606439548,,,1.4715085518669464,0.017911851406097412,0.9996546360650174,1.4715085518669464,,0.227611568069938,2.10471822493949,329.4345868110657,116.8082079679343,0.07237187606439548,0.0011477666106704755,0.10809767851894525,0.07237187606439548,0.000625,55.9938960029768,0.09823216602709182,0.09911166876554489,0.10678254663944245,0.12842050194740295,1.4370143160381343,1.2089862735829453,2.9629175334618982,,,,,,,,,,,,,,,,,,1,update_snr,bayesian,0.1,20,101770,10177,0.1,0.0780173325772045,0.03808080360783945,0.032677765734768854,0.07801714398362294,0.03808080360783945,0.032677765734768854,0.07801714398362294,0.09592132575133017,0.09192931520937422,0.11705503257984057,0.03165407892522937,0.028869327992319786,0.06278663038953428,0.09592132575133017,0.09192931520937422,0.11705503257984057,0.03165407892522937,0.028869327992319786,0.06278663038953428,0.9430224448713781,1.1296220990607302,0.6408542061647808,0.7676626123766289,0.6408542061647808,814160,203540,81416,122124,0.75,,,,,,,,,0.007315171598279166,1614
bayesfl_observability_v1,vi_sparse_bayesian_keep010_seed42,193,vi,81,6,9,,5,256,9.026566368341445,0.04176187846395704,1.606721075393342,1.606721075393342,,,0.5166077608257892,0.003136083483695984,0.9999573972727387,0.5166077608257892,,-0.0,2.3155014849272724,9.026566368341445,14.460489678540078,1.606721075393342,0.00014208990545878038,0.04176187846395704,1.606721075393342,0.000625,55.96584059180828,0.09810930040420723,0.09899358823895454,0.1066446527838707,0.12925788760185242,1.438126780629234,1.2081029442716273,2.9684215380137697,,,,,,,,,,,,,,,,,,1,update_snr,bayesian,0.1,20,101770,10177,0.1,0.0262361493718925,0.014214853541183393,0.01370529463790791,0.026235993199431516,0.014214853541183393,0.01370529463790791,0.026235993199431516,0.028972184854495684,0.028420204817887207,0.03206066063742433,0.012575150061926475,0.01224453042178707,0.0231788895333179,0.028972184854495684,0.028420204817887207,0.03206066063742433,0.012575150061926475,0.01224453042178707,0.0231788895333179,0.27453086030086543,0.43762585079940447,0.5314106390156281,0.8471143563539707,0.5314106390156281,814160,203540,81416,122124,0.75,,,,,,,,,0.007297182743390958,9
bayesfl_observability_v1,vi_sparse_bayesian_keep010_seed42,194,vi,63,5,4,,5,256,5.40310697555542,0.5439890027046204,3.6231673587623416,3.6231673587623416,,,0.5175091654993105,0.003133568912744522,0.9999572776276173,0.5175091654993105,,-0.0,2.3163460082440825,5.40310697555542,14.492669435049367,3.6231673587623416,0.0001424061062695231,0.5439890027046204,3.6231673587623416,0.000625,55.98603280336152,0.09817280746049066,0.09906257688999176,0.10669167190790177,0.12885649502277374,1.4376948420860975,1.2087333421202686,2.9634324552476605,,,,,,,,,,,,,,,,,,1,update_snr,bayesian,0.1,20,101770,10177,0.1,0.026279345987027358,0.014228088913584014,0.013703188172508261,0.026279040208972718,0.014228088913584014,0.013703188172508261,0.026279040208972718,0.028949870673187016,0.028392289616504824,0.031873412317677624,0.012592335384739237,0.01223569957685094,0.023245032844183368,0.028949870673187016,0.028392289616504824,0.031873412317677624,0.012592335384739237,0.01223569957685094,0.023245032844183368,0.2749310106982463,0.4384389076396317,0.5312582443500948,0.8472099372706007,0.5312582443500948,814160,203540,81416,122124,0.75,,,,,,,,,0.007291282286461154,4
bayesfl_observability_v1,vi_sparse_bayesian_keep010_seed42,194,vi,17,1,202,,5,256,211.7895877838135,0.22151016008735883,0.0747210728721376,0.0747210728721376,,,0.5285683072184688,0.0031347572803497314,0.9999554301974557,0.5285683072184688,,-0.0,2.3292713582565514,211.7895877838135,15.093656720171795,0.0747210728721376,0.00014831145445781463,0.22151016008735883,0.0747210728721376,0.000625,55.98481144925479,0.09817222348391758,0.09906473755836487,0.1066893570125103,0.12902085483074188,1.437592965603584,1.2074710660484778,2.9650487075160465,,,,,,,,,,,,,,,,,,1,update_snr,bayesian,0.1,20,101770,10177,0.1,0.02661178987126028,0.014571390989631472,0.014153571866060925,0.026610748719207742,0.014571390989631472,0.014153571866060925,0.026610748719207742,0.02931691434003708,0.028757104999923535,0.03235605202378064,0.012932999506253068,0.012626790902847832,0.023701803919786303,0.02931691434003708,0.028757104999923535,0.03235605202378064,0.012932999506253068,0.012626790902847832,0.023701803919786303,0.27774287332447384,0.44971474482527585,0.5254625930677994,0.8508167036950229,0.5254625930677994,814160,203540,81416,122124,0.75,,,,,,,,,0.007291663281628352,202
bayesfl_observability_v1,vi_sparse_bayesian_keep010_seed42,194,vi,118,9,3,,5,256,6.338970041275024,0.03369985272487005,4.826960127614007,4.826960127614007,,,0.5173490714125568,0.0031346604228019714,0.9999573019134615,0.5173490714125568,,-0.0,2.259365973874069,6.338970041275024,14.480880382842022,4.826960127614007,0.00014229026611812934,0.03369985272487005,4.826960127614007,0.000625,55.984598751253195,0.0981737315811058,0.09906509518623352,0.10669832900166512,0.1287546157836914,1.4375807186985874,1.208270244949375,2.9648372503329488,,,,,,,,,,,,,,,,,,1,update_snr,bayesian,0.1,20,101770,10177,0.1,0.026216322619016793,0.01422533341192099,0.013772556719392207,0.026215003708565113,0.01422533341192099,0.013772556719392207,0.026215003708565113,0.028929456754732352,0.028392665351311096,0.03197528809746071,0.012591541929386397,0.01228797126798261,0.023197566405870403,0.028929456754732352,0.028392665351311096,0.03197528809746071,0.012591541929386397,0.01228797126798261,0.023197566405870403,0.2746054682674688,0.4384539867409567,0.5307933916218173,0.8475012539286347,0.5307933916218173,814160,203540,81416,122124,0.75,,,,,,,,,0.0072920155911517254,3
bayesfl_observability_v1,vi_sparse_bayesian_keep010_seed42,194,vi,168,13,2012,,5,256,154.69616854190826,0.10036991083361282,0.048370024402839475,0.048370024402839475,,,1.3369246920138775,0.01918315887451172,0.9997150191135912,1.3369246920138775,,0.33910841614601644,1.9866937607637536,154.69616854190826,97.32048909851302,0.048370024402839475,0.0009562787569864697,0.10036991083361282,0.048370024402839475,0.000625,56.00320201995462,0.09831563316035231,0.09919288754463196,0.10688978061079979,0.13014104962348938,1.4360921550635886,1.2069110217997205,2.959580187444226,,,,,,,,,,,,,,,,,,1,update_snr,bayesian,0.1,20,101770,10177,0.1,0.07034530898777651,0.03430064508673244,0.029127402528515416,0.07034523230111736,0.03430064508673244,0.029127402528515416,0.07034523230111736,0.08861480630425453,0.08388872288394902,0.1103673245218986,0.02826573828478554,0.0258683301295695,0.05621598969792892,0.08861480630425453,0.08388872288394902,0.1103673245218986,0.02826573828478554,0.0258683301295695,0.05621598969792892,0.8753025340691055,1.0105508923199302,0.6547134175153821,0.7558771996332015,0.6547134175153821,814160,203540,81416,122124,0.75,,,,,,,,,0.007318307809995185,2012
bayesfl_observability_v1,vi_sparse_bayesian_keep010_seed42,194,vi,2,0,48,,5,256,24.16751811504364,0.08680471777915955,0.3007615001513196,0.3007615001513196,,,0.5166836995283453,0.00313432514667511,0.9999574110957841,0.5166836995283453,,-0.0,2.185987945410232,24.16751811504364,14.43655200726334,0.3007615001513196,0.00014185469202381194,0.08680471777915955,0.3007615001513196,0.000625,55.984111936673145,0.09817297527722306,0.09906864538788795,0.10668901130557061,0.12910975515842438,1.437603353655488,1.2082645093258824,2.9644260394497413,,,,,,,,,,,,,,,,,,1,update_snr,bayesian,0.1,20,101770,10177,0.1,0.026220380763938893,0.014186453193840654,0.013710608279255783,0.026220153389610003,0.014186453193840654,0.013710608279255783,0.026220153389610003,0.028920920752540033,0.028383890877429225,0.0319251465642912,0.012549290131762945,0.012219787301750967,0.02317449361368297,0.028920920752540033,0.028383890877429225,0.0319251465642912,0.012549290131762945,0.012219787301750967,0.02317449361368297,0.2747114651852043,0.4376021666469394,0.5316820821635648,0.8469440143871474,0.5316820821635648,814160,203540,81416,122124,0.75,,,,,,,,,0.007292479968392499,48
bayesfl_observability_v1,vi_sparse_bayesian_keep010_seed42,194,vi,155,12,1,,5,256,7.02758903503418,0.1895844042301178,14.546091462171518,14.546091462171518,,,0.5185118705052961,0.003136873245239258,0.9999571073127435,0.5185118705052961,,-0.0,2.28098669344155,7.02758903503418,14.546091462171518,14.546091462171518,0.000142931035296959,0.1895844042301178,14.546091462171518,0.000625,55.97991090566717,0.09817278185892084,0.0990586020052433,0.1066963791847229,0.1292496770620346,1.4374910344407568,1.2081981452590307,2.9638704369985054,,,,,,,,,,,,,,,,,,1,update_snr,bayesian,0.1,20,101770,10177,0.1,0.02628224286267485,0.014274021242626162,0.013827022459428266,0.02628215193017651,0.014274021242626162,0.013827022459428266,0.02628215193017651,0.02896086068667114,0.028418516272399323,0.031991936209169874,0.012642150193287828,0.012311473831757019,0.02322259274051865,0.02896086068667114,0.028418516272399323,0.031991936209169874,0.012642150193287828,0.012311473831757019,0.02322259274051865,0.27502452964075075,0.4395634970636038,0.5304112505133894,0.8477404705031031,0.5304112505133894,814160,203540,81416,122124,0.75,,,,,,,,,0.007291857194314214,1
bayesfl_observability_v1,vi_sparse_bayesian_keep010_seed42,194,vi,90,7,1,,5,256,4.915589141845703,6.305972783593461e-05,14.469281029649038,14.469281029649038,,,0.5173991159020497,0.003128722310066223,0.999957292547299,0.5173991159020497,,-0.0,2.3096097079310103,4.915589141845703,14.469281029649038,14.469281029649038,0.00014217628996412534,6.305972783593461e-05,14.469281029649038,0.000625,55.983600520427146,0.09817316118846318,0.09906590357422829,0.10669178515672684,0.12920980155467987,1.4375261588758972,1.2085985899358822,2.9661344067321886,,,,,,,,,,,,,,,,,,1,update_snr,bayesian,0.1,20,101770,10177,0.1,0.02619660987520692,0.014237716120262542,0.01380305430139762,0.026196470841601077,0.014237716120262542,0.01380305430139762,0.026196470841601077,0.02887849131334033,0.02833185943396213,0.031867916984175626,0.012610963321031678,0.012331285696436491,0.023206443938596777,0.02887849131334033,0.02833185943396213,0.031867916984175626,0.012610963321031678,0.012331285696436491,0.023206443938596777,0.27443471622515786,0.43861991708840564,0.5304120316222417,0.8477399817811866,0.5304120316222417,814160,203540,81416,122124,0.75,,,,,,,,,0.007292309789705297,1
bayesfl_observability_v1,vi_sparse_bayesian_keep010_seed42,194,vi,286,22,1,,5,256,8.028269481658935,0.010666736401617527,14.433936444197705,14.433936444197705,,,0.516350707591799,0.003134697675704956,0.9999574666770624,0.516350707591799,,-0.0,2.185987945410232,8.028269481658935,14.433936444197705,14.433936444197705,0.00014182899129603718,0.010666736401617527,14.433936444197705,0.000625,55.98469746662573,0.09817334258283,0.0990629605948925,0.10668417140841484,0.12890373170375824,1.437611214904617,1.208382431006056,2.9656445063432555,,,,,,,,,,,,,,,,,,1,update_snr,bayesian,0.1,20,101770,10177,0.1,0.026222433573183275,0.014193176785153545,0.013693318991164376,0.026221616083733995,0.014193176785153545,0.013693318991164376,0.026221616083733995,0.02893225560401709,0.028359994440983968,0.032052134809877515,0.012555501360835374,0.012204334708421716,0.023152441268532508,0.02893225560401709,0.028359994440983968,0.032052134809877515,0.012555501360835374,0.012204334708421716,0.023152441268532508,0.27440339141468195,0.43740236854716785,0.531428324547996,0.8471032616323172,0.531428324547996,814160,203540,81416,122124,0.75,,,,,,,,,0.007291428182100394,1
bayesfl_observability_v1,vi_sparse_bayesian_keep010_seed42,194,vi,222,17,107,,5,256,31.085508155822755,0.010486870168525482,0.13619692915083204,0.13619692915083204,,,0.5189444143749325,0.00313374400138855,0.999957038106246,0.5189444143749325,,-0.0,2.185987945410232,31.085508155822755,14.573071419139028,0.13619692915083204,0.000143196142469677,0.010486870168525482,0.13619692915083204,0.000625,55.98454837686307,0.09817271028455266,0.09906337782740593,0.10668694004416467,0.129078671336174,1.4376719318421818,1.207915281817458,2.9648566321843157,,,,,,,,,,,,,,,,,,1,update_snr,bayesian,0.1,20,101770,10177,0.1,0.026269731074996187,0.014282798592899658,0.01387711975725196,0.02626962830629299,0.014282798592899658,0.01387711975725196,0.02626962830629299,0.029004197944222276,0.02845174212308256,0.032045248650545845,0.012647087553863812,0.012370839419802295,0.02325765304517499,0.029004197944222276,0.02845174212308256,0.032045248650545845,0.012647087553863812,0.012370839419802295,0.02325765304517499,0.27505793909140736,0.4400527642837042,0.5300335285865135,0.8479766851595211,0.5300335285865135,814160,203540,81416,122124,0.75,,,,,,,,,0.007291531869103222,107
bayesfl_observability_v1,vi_sparse_bayesian_keep010_seed42,194,vi,263,21,2,,5,256,5.9395843029022215,0.004233241081237793,7.236303028611081,7.236303028611081,,,0.5169555926230381,0.0031328201293945312,0.9999573696588876,0.5169555926230381,,-0.0,2.185987945410232,5.9395843029022215,14.472606057222162,7.236303028611081,0.00014220896194578128,0.004233241081237793,7.236303028611081,0.000625,55.9864129969893,0.09817324998515188,0.09906276687979698,0.10670823380351066,0.12882018089294434,1.4376212213003579,1.2095619944171259,2.9648171645102654,,,,,,,,,,,,,,,,,,1,update_snr,bayesian,0.1,20,101770,10177,0.1,0.02624144773498236,0.014212772972606195,0.013731236167048763,0.026241271337314697,0.014212772972606195,0.013731236167048763,0.026241271337314697,0.028971639040915594,0.028441551870395123,0.0320246746991124,0.012572898965016264,0.012251166109505605,0.02316371249170164,0.028971639040915594,0.028441551870395123,0.0320246746991124,0.012572898965016264,0.012251166109505605,0.02316371249170164,0.2747913808028985,0.4378730201561557,0.531557032604298,0.8470225032954637,0.531557032604298,814160,203540,81416,122124,0.75,,,,,,,,,0.007292689598564977,2
bayesfl_observability_v1,vi_sparse_bayesian_keep010_seed42,194,vi,265,21,1,,5,256,5.873954820632934,0.0,14.41896876890847,14.41896876890847,,,0.5158926916876264,0.0031321197748184204,0.999957544320162,0.5158926916876264,,-0.0,2.259365973874069,5.873954820632934,14.41896876890847,14.41896876890847,0.00014168191774499824,0.0,14.41896876890847,0.000625,55.98615249972411,0.0981733814490249,0.09906052052974701,0.10669118165969849,0.12894128262996674,1.4376619017853232,1.2082718882294499,2.9644222615601596,,,,,,,,,,,,,,,,,,1,update_snr,bayesian,0.1,20,101770,10177,0.1,0.026232104222182095,0.014179364098177383,0.013659843511992786,0.026232004723399458,0.014179364098177383,0.013659843511992786,0.026232004723399458,0.028967207503073418,0.028422695858713664,0.032003747064008804,0.012536270386522271,0.012194491678423397,0.0231458579134715,0.028967207503073418,0.028422695858713664,0.032003747064008804,0.012536270386522271,0.012194491678423397,0.0231458579134715,0.2747119740794704,0.43666760886750566,0.5324982859920194,0.846431081314694,0.5324982859920194,814160,203540,81416,122124,0.75,,,,,,,,,0.0072919771146920396,1
bayesfl_observability_v1,vi_sparse_bayesian_keep010_seed42,194,vi,258,20,11,,5,256,15.570546436309815,0.40734330090609466,1.3141100372049128,1.3141100372049128,,,0.516771291222328,0.0031350827775895596,0.9999573985737968,0.516771291222328,,-0.0,2.259365973874069,15.570546436309815,14.455210409254041,1.3141100372049128,0.00014203803094481714,0.40734330090609466,1.3141100372049128,0.000625,55.98554639438361,0.09817378428219502,0.09906555712223053,0.10669468343257904,0.1287788450717926,1.4375922347874162,1.2085789627299666,2.963057047847823,,,,,,,,,,,,,,,,,,1,update_snr,bayesian,0.1,20,101770,10177,0.1,0.02617438755205535,0.014218064286267592,0.013711203151613892,0.02617422935246098,0.014218064286267592,0.013711203151613892,0.02617422935246098,0.02889600911896306,0.028351150360445828,0.03191791529359739,0.01258718152707921,0.012277068977284408,0.0231770619055443,0.02889600911896306,0.028351150360445828,0.03191791529359739,0.01258718152707921,0.012277068977284408,0.0231770619055443,0.2746351561156814,0.437753467669769,0.5314442980493017,0.847093240482348,0.5314442980493017,814160,203540,81416,122124,0.75,,,,,,,,,0.007292253623072795,11
bayesfl_observability_v1,vi_sparse_bayesian_keep010_seed42,194,vi,51,4,126,,5,256,90.75340337753296,0.22257674686492435,0.11714372858887574,0.11714372858887574,,,0.5222579070614853,0.0031366273760795593,0.9999564913206073,0.5222579070614853,,-0.0,2.185987945410232,90.75340337753296,14.760109802198343,0.11714372858887574,0.0001450339962876913,0.22257674686492435,0.11714372858887574,0.000625,55.98677136914465,0.09817288985617376,0.09906258806586266,0.10668944641947746,0.12877048552036285,1.4376741684402108,1.2084882485779125,2.9650563338221314,,,,,,,,,,,,,,,,,,1,update_snr,bayesian,0.1,20,101770,10177,0.1,0.026431707587257734,0.014388014325936166,0.013952730019872022,0.02643167427793416,0.014388014325936166,0.013952730019872022,0.02643167427793416,0.02908240305493173,0.028504667486594804,0.03210066037719576,0.012755304467158883,0.012444101051132934,0.023423945846656496,0.02908240305493173,0.028504667486594804,0.03210066037719576,0.012755304467158883,0.012444101051132934,0.023423945846656496,0.27551380012223126,0.4436727030485992,0.5275435687942491,0.8495279765986686,0.5275435687942491,814160,203540,81416,122124,0.75,,,,,,,,,0.007291859823566097,126
bayesfl_observability_v1,vi_sparse_bayesian_keep010_seed42,194,vi,56,4,308,,5,256,286.4434523105621,0.15502244466310972,0.10629057982642356,0.10629057982642356,,,0.777842897247506,0.006122160702943802,0.9999034887859478,0.777842897247506,,-0.0,2.3292713582565514,286.4434523105621,32.73749858653846,0.10629057982642356,0.0003216812281275273,0.15502244466310972,0.10629057982642356,0.000625,55.988454784062945,0.09821297291765468,0.09911024570465088,0.10674244463443756,0.12932857871055603,1.4371287856409773,1.2086955591257242,2.9643494177310212,,,,,,,,,,,,,,,,,,1,update_snr,bayesian,0.1,20,101770,10177,0.1,0.040532356732694765,0.02092809532496306,0.01930027220492858,0.04053110808864315,0.02092809532496306,0.01930027220492858,0.04053110808864315,0.04677554044332311,0.045578244164757205,0.05361384576795017,0.018056156978478604,0.017229804298201278,0.03424874971283661,0.04677554044332311,0.045578244164757205,0.05361384576795017,0.018056156978478604,0.017229804298201278,0.03424874971283661,0.4511160474742072,0.633667013903709,0.5799577897677507,0.8146465258550522,0.5799577897677507,814160,203540,81416,122124,0.75,,,,,,,,,0.007296478970824512,308
bayesfl_observability_v1,vi_sparse_bayesian_keep010_seed42,194,vi,59,4,1,,5,256,5.265447044372559,1.1920928244535389e-07,14.47516572170536,14.47516572170536,,,0.517387984564326,0.0031297504901885986,0.9999572943228723,0.517387984564326,,-0.0,2.3155014849272724,5.265447044372559,14.47516572170536,14.47516572170536,0.00014223411340970188,1.1920928244535389e-07,14.47516572170536,0.000625,55.98353433821125,0.0981738416164882,0.09906060993671417,0.10668753832578659,0.12892267107963562,1.4375684794518757,1.2082851390127958,2.9638464325704366,,,,,,,,,,,,,,,,,,1,update_snr,bayesian,0.1,20,101770,10177,0.1,0.02622247125661291,0.014219332520922265,0.013772647408938493,0.026221982324858183,0.014219332520922265,0.013772647408938493,0.026221982324858183,0.02888562790217567,0.028332135335902273,0.03194077710167191,0.012589744145227443,0.01226826980124141,0.023210687009878155,0.02888562790217567,0.028332135335902273,0.03194077710167191,0.012589744145227443,0.01226826980124141,0.023210687009878155,0.274546668606894,0.438536718335411,0.5306398231069861,0.8475974151287784,0.5306398231069861,814160,203540,81416,122124,0.75,,,,,,,,,0.0072921586410406546,1
bayesfl_observability_v1,vi_sparse_bayesian_keep010_seed42,195,vi,141,11,1,,5,256,7.131890535354614,0.007814313285052776,14.39772303282539,14.39772303282539,,,0.5163185280731728,0.0031382516026496887,0.9999574992583167,0.5163185280731728,,-0.0,2.3096097079310103,7.131890535354614,14.39772303282539,14.39772303282539,0.00014147315547632298,0.007814313285052776,14.39772303282539,0.000625,56.00215311811963,0.09823969632469157,0.09912880510091782,0.10674967616796494,0.1292445957660675,1.4370475736306272,1.207048040203747,2.9621962012915493,,,,,,,,,,,,,,,,,,1,update_snr,bayesian,0.1,20,101770,10177,0.1,0.026171032383830905,0.01418700442903568,0.013724493086553855,0.026170793145063515,0.01418700442903568,0.013724493086553855,0.026170793145063515,0.028868595116260748,0.02834445805323238,0.03189455799287192,0.012555716574899562,0.012238800138538036,0.023163190226296978,0.028868595116260748,0.02834445805323238,0.03189455799287192,0.012555716574899562,0.012238800138538036,0.023163190226296978,0.27440477692723575,0.43736351108793,0.5314641292290542,0.8470807985917304,0.5314641292290542,814160,203540,81416,122124,0.75,,,,,,,,,0.00728548884227996,1
bayesfl_observability_v1,vi_sparse_bayesian_keep010_seed42,195,vi,144,11,1,,5,256,3.7955159187316894,0.009885167703032494,14.46068229036183,14.46068229036183,,,0.517063574321553,0.0031371135264635086,0.9999573701469814,0.517063574321553,,-0.0,2.185987945410232,3.7955159187316894,14.46068229036183,14.46068229036183,0.00014209179807764402,0.009885167703032494,14.46068229036183,0.000625,55.99827374556158,0.09824125322010788,0.09913646057248116,0.10675386190414429,0.1292407065629959,1.436960536702336,1.2078837194174312,2.9606190898450375,,,,,,,,,,,,,,,,,,1,update_snr,bayesian,0.1,20,101770,10177,0.1,0.026215058768233077,0.014209649558679396,0.013700454004059573,0.026214614242561628,0.014209649558679396,0.013700454004059573,0.026214614242561628,0.028973027087392307,0.02840306473564785,0.03213874941668562,0.012569274277711293,0.012267950533050093,0.02319804834142412,0.028973027087392307,0.02840306473564785,0.03213874941668562,0.012569274277711293,0.012267950533050093,0.02319804834142412,0.2747131628451392,0.4380495611797829,0.5312947507578628,0.8471870441745086,0.5312947507578628,814160,203540,81416,122124,0.75,,,,,,,,,0.007285969395382994,1
bayesfl_observability_v1,vi_sparse_bayesian_keep010_seed42,195,vi,129,10,54,,5,256,163.99836912155152,1.254873205114294,0.27175122987670874,0.27175122987670874,,,0.5212223714653624,0.0031321346759796143,0.999956681862101,0.5212223714653624,,-0.0,2.28098669344155,163.99836912155152,14.674566413342273,0.27175122987670874,0.0001441934402411543,1.254873205114294,0.27175122987670874,0.000625,55.99848708051197,0.09824029596168664,0.09912478923797607,0.10676332861185074,0.12893246114253998,1.4369114369275975,1.2068851634626658,2.9624950423066534,,,,,,,,,,,,,,,,,,1,update_snr,bayesian,0.1,20,101770,10177,0.1,0.0263641077056012,0.014347007200625195,0.013911519189307331,0.026363776243952,0.014347007200625195,0.013911519189307331,0.026363776243952,0.02903517749095474,0.028475641220410946,0.03202966277387059,0.012714988279477465,0.01243759392077163,0.023374294737532848,0.02903517749095474,0.028475641220410946,0.03202966277387059,0.012714988279477465,0.01243759392077163,0.023374294737532848,0.27586728032118685,0.4422329749850954,0.5292698384100719,0.8484535568605841,0.5292698384100719,814160,203540,81416,122124,0.75,,,,,,,,,0.007286176266168915,54
bayesfl_observability_v1,vi_sparse_bayesian_keep010_seed42,195,vi,266,21,1,,5,256,12.211389923095703,5.72012186050415,14.456497479055322,14.456497479055322,,,0.5174773828974834,0.0031349994242191315,0.9999573023388886,0.5174773828974834,,-0.0,2.185987945410232,12.211389923095703,14.456497479055322,14.456497479055322,0.00014205067779360638,5.72012186050415,14.456497479055322,0.000625,55.99869041752364,0.09824157300134052,0.09912750497460365,0.10674851313233376,0.12893171608448029,1.4369560729955897,1.2063566675996402,2.961949906166599,,,,,,,,,,,,,,,,,,1,update_snr,bayesian,0.1,20,101770,10177,0.1,0.02619595636315583,0.014216656001871834,0.013783789956454125,0.026195226649856452,0.014216656001871834,0.013783789956454125,0.026195226649856452,0.028914378955508885,0.028368735908813694,0.03192575694216049,0.01258357567368994,0.01227207734043038,0.023167588523170527,0.028914378955508885,0.028368735908813694,0.03192575694216049,0.01258357567368994,0.01227207734043038,0.023167588523170527,0.2749796245831587,0.4383709021759243,0.5313848173295614,0.8471305542309455,0.5313848173295614,814160,203540,81416,122124,0.75,,,,,,,,,0.007285850931525143,1
bayesfl_observability_v1,vi_sparse_bayesian_keep010_seed42,195,vi,253,20,1,,5,256,6.010924816131592,0.00029309268575161695,14.46156230875727,14.46156230875727,,,0.5174362263804934,0.0031330473721027374,0.9999573157518707,0.5174362263804934,,-0.0,2.259365973874069,6.010924816131592,14.46156230875727,14.46156230875727,0.0001421004452074017,0.00029309268575161695,14.46156230875727,0.000625,56.00246280335072,0.0982410807373734,0.09912940859794617,0.10674923211336136,0.12889541685581207,1.4369607435755694,1.206567096571861,2.961131193651431,,,,,,,,,,,,,,,,,,1,update_snr,bayesian,0.1,20,101770,10177,0.1,0.026213231808686697,0.014217278664572562,0.013785458181546832,0.026213031039445965,0.014217278664572562,0.013785458181546832,0.026213031039445965,0.028868607798482927,0.028310227080864777,0.03192823890172632,0.01258935320524919,0.012278553432894378,0.023179831435177024,0.028868607798482927,0.028310227080864777,0.03192823890172632,0.01258935320524919,0.012278553432894378,0.023179831435177024,0.2742927536497661,0.4387524742564013,0.5300996328928596,0.8479353626349453,0.5300996328928596,814160,203540,81416,122124,0.75,,,,,,,,,0.007285002251266531,1
bayesfl_observability_v1,vi_sparse_bayesian_keep010_seed42,195,vi,219,17,1,,5,256,5.613799571990967,0.00020489977032411844,14.476721822849855,14.476721822849855,,,0.5177130035706565,0.0031366050243377686,0.9999572621953668,0.5177130035706565,,-0.0,2.259365973874069,5.613799571990967,14.476721822849855,14.476721822849855,0.00014224940378156485,0.00020489977032411844,14.476721822849855,0.000625,55.99736303888329,0.09824114214474096,0.0991307757794857,0.10675422623753547,0.1290627121925354,1.4369213336891367,1.2070468415102749,2.963184320235241,,,,,,,,,,,,,,,,,,1,update_snr,bayesian,0.1,20,101770,10177,0.1,0.02618724749608139,0.014233534041851565,0.013811510321501609,0.026186966171143848,0.014233534041851565,0.013811510321501609,0.026186966171143848,0.028905534634744358,0.028381775766923904,0.031915759606660564,0.01260331175375237,0.012352434631479907,0.023178227235844156,0.028905534634744358,0.028381775766923904,0.031915759606660564,0.01260331175375237,0.012352434631479907,0.023178227235844156,0.2747617686005285,0.43878551090670764,0.5307221698228591,0.8475458562570624,0.5307221698228591,814160,203540,81416,122124,0.75,,,,,,,,,0.007284748620528394,1
bayesfl_observability_v1,vi_sparse_bayesian_keep010_seed42,195,vi,222,17,107,,5,256,50.377730989456175,0.06243804682080991,0.1375340645818908,0.1375340645818908,,,0.522261189746058,0.003133520483970642,0.9999565102013119,0.522261189746058,,-0.0,2.185987945410232,50.377730989456175,14.716144910262315,0.1375340645818908,0.00014460199381214814,0.06243804682080991,0.1375340645818908,0.000625,55.999429741835414,0.09824056162854783,0.09913401305675507,0.10674787983298302,0.12902072072029114,1.436969239435147,1.2075351089898039,2.9631831202349006,,,,,,,,,,,,,,,,,,1,update_snr,bayesian,0.1,20,101770,10177,0.1,0.026349790814384502,0.01437130106636753,0.01397762461679003,0.026349213269346524,0.01437130106636753,0.01397762461679003,0.026349213269346524,0.028968904983336034,0.028417844160263123,0.03190724006104885,0.012749345075593253,0.012450063145837735,0.023393274360298994,0.028968904983336034,0.028417844160263123,0.03190724006104885,0.012749345075593253,0.012450063145837735,0.023393274360298994,0.27523622591040364,0.44384881464476755,0.5270087674794164,0.8498598466805138,0.5270087674794164,814160,203540,81416,122124,0.75,,,,,,,,,0.007285703572629675,107
bayesfl_observability_v1,vi_sparse_bayesian_keep010_seed42,195,vi,169,13,456,,5,256,231.63678636550904,0.08202693336888363,0.0758478269409315,0.0758478269409315,,,0.8012083831843434,0.006110593676567078,0.9998976525584956,0.8012083831843434,,-0.0,2.3163460082440825,231.63678636550904,34.586609085064765,0.0758478269409315,0.00033985073287869474,0.08202693336888363,0.0758478269409315,0.000625,56.00186733435702,0.09828075259617185,0.09916586428880692,0.10678817331790924,0.1288328766822815,1.43637582688837,1.2074097688901904,2.9610693133849333,,,,,,,,,,,,,,,,,,1,update_snr,bayesian,0.1,20,101770,10177,0.1,0.04193919461782291,0.021470453830483273,0.019671996465725386,0.04193856411010414,0.021470453830483273,0.019671996465725386,0.04193856411010414,0.04823703561025016,0.04713657566776367,0.055076464324544175,0.01849638918828696,0.01753961696074967,0.03537831305118614,0.04823703561025016,0.04713657566776367,0.055076464324544175,0.01849638918828696,0.01753961696074967,0.03537831305118614,0.46694623579883016,0.6510730267475172,0.5828024838469449,0.8126138472988459,0.5828024838469449,814160,203540,81416,122124,0.75,,,,,,,,,0.0072903648221194165,456
bayesfl_observability_v1,vi_sparse_bayesian_keep010_seed42,195,vi,173,13,1,,5,256,5.057121992111206,0.008370672352612019,14.499638065079198,14.499638065079198,,,0.5180470496698222,0.003136478364467621,0.9999572110975885,0.5180470496698222,,-0.0,2.3292713582565514,5.057121992111206,14.499638065079198,14.499638065079198,0.0001424745805746212,0.008370672352612019,14.499638065079198,0.000625,56.000617282219494,0.09824117640174476,0.09913244470953941,0.10674500316381455,0.1290460079908371,1.4369833094408955,1.2063974099532495,2.9625135412128314,,,,,,,,,,,,,,,,,,1,update_snr,bayesian,0.1,20,101770,10177,0.1,0.02625747971229221,0.01423280292654929,0.013736274712458946,0.026257335417096038,0.01423280292654929,0.013736274712458946,0.026257335417096038,0.028962682883809075,0.02848187780096395,0.03189248863410483,0.012596149597964871,0.012304649825830342,0.02324790810990146,0.028962682883809075,0.02848187780096395,0.03189248863410483,0.012596149597964871,0.012304649825830342,0.02324790810990146,0.27546248713889665,0.4387404287854727,0.5317325662108547,0.8469123201552916,0.5317325662108547,814160,203540,81416,122124,0.75,,,,,,,,,0.007284961481712068,1
bayesfl_observability_v1,vi_sparse_bayesian_keep010_seed42,195,vi,174,13,3,,5,256,11.751523685455322,1.1185848712921143,4.831303912487379,4.831303912487379,,,0.5180589196157296,0.003135794773697853,0.9999572075742436,0.5180589196157296,,-0.0,2.28098669344155,11.751523685455322,14.493911737462138,4.831303912487379,0.00014241831323044254,1.1185848712921143,4.831303912487379,0.000625,55.99965039475086,0.09824099774912864,0.09912686049938202,0.10675611570477486,0.12926530838012695,1.4370001978839937,1.206529093724909,2.9613561620989493,,,,,,,,,,,,,,,,,,1,update_snr,bayesian,0.1,20,101770,10177,0.1,0.02622901380305015,0.014228568458973625,0.013741451336232917,0.026228698418638164,0.014228568458973625,0.013741451336232917,0.026228698418638164,0.028908902674328753,0.028387866752481592,0.03194810349098833,0.012597420212823054,0.012243992301378131,0.023277487049197777,0.028908902674328753,0.028387866752481592,0.03194810349098833,0.012597420212823054,0.012243992301378131,0.023277487049197777,0.27485540411246984,0.4391350031864779,0.5305485413055796,0.8476545554166048,0.5305485413055796,814160,203540,81416,122124,0.75,,,,,,,,,0.007285457410491814,3
bayesfl_observability_v1,vi_sparse_bayesian_keep010_seed42,195,vi,107,8,1372,,5,256,119.84121211767197,0.03787174377775053,0.05851121780876839,0.05851121780876839,,,1.2171011461470649,0.014009475708007812,0.9997638518952414,1.2171011461470649,,-0.0,2.3155014849272724,119.84121211767197,80.27739083363024,0.05851121780876839,0.0007888119370505083,0.03787174377775053,0.05851121780876839,0.000625,56.00711619332338,0.0983630224753058,0.09925620630383492,0.1068859688937664,0.1286267638206482,1.4353734066753665,1.207693152776153,2.9593624735684467,,,,,,,,,,,,,,,,,,1,update_snr,bayesian,0.1,20,101770,10177,0.1,0.06424776492446808,0.031469943574817305,0.02692518827094318,0.06424720251508283,0.031469943574817305,0.02692518827094318,0.06424720251508283,0.0793008741057949,0.07579555588128085,0.09723558053743683,0.026155395738042018,0.02392330579793636,0.05180796739925947,0.0793008741057949,0.07579555588128085,0.09723558053743683,0.026155395738042018,0.02392330579793636,0.05180796739925947,0.7810800298137072,0.9334072996172252,0.6417544115263922,0.7669102133147114,0.6417544115263922,814160,203540,81416,122124,0.75,,,,,,,,,0.007304985769920373,1372
bayesfl_observability_v1,vi_sparse_bayesian_keep010_seed42,195,vi,44,3,2,,5,256,8.262712633609771,0.0013638201635330915,7.222423482911033,7.222423482911033,,,0.5169638333042184,0.0031342078000307083,0.9999573897196073,0.5169638333042184,,-0.0,2.185987945410232,8.262712633609771,14.444846965822066,7.222423482911033,0.00014193619893703514,0.0013638201635330915,7.222423482911033,0.000625,56.00053895446848,0.0982408365911376,0.09913290292024612,0.1067462645471096,0.12877289950847626,1.4369765904531333,1.2072965402230245,2.9626291031156273,,,,,,,,,,,,,,,,,,1,update_snr,bayesian,0.1,20,101770,10177,0.1,0.02619081099967093,0.01420574417836617,0.01374648513973206,0.026190433089796895,0.01420574417836617,0.01374648513973206,0.026190433089796895,0.028900167498226638,0.02836475990028426,0.031964422515288346,0.012573030476159455,0.012220783877474429,0.02319747866594579,0.028900167498226638,0.02836475990028426,0.031964422515288346,0.012573030476159455,0.012220783877474429,0.02319747866594579,0.2746928172383956,0.43794458679406595,0.5313579007697175,0.8471474377518943,0.5313579007697175,814160,203540,81416,122124,0.75,,,,,,,,,0.007284924823861205,2
bayesfl_observability_v1,vi_sparse_bayesian_keep010_seed42,195,vi,94,7,1,,5,256,6.3210245132446286,0.05696682631969452,14.430819067179426,14.430819067179426,,,0.5167060615984249,0.003138527274131775,0.9999574274532048,0.5167060615984249,,-0.0,2.3292713582565514,6.3210245132446286,14.430819067179426,14.430819067179426,0.00014179835970501548,0.05696682631969452,14.430819067179426,0.000625,55.99521740265464,0.0982411774441086,0.09913076460361481,0.10675643384456635,0.1290096640586853,1.4368532792996869,1.206958456577019,2.9629737361937303,,,,,,,,,,,,,,,,,,1,update_snr,bayesian,0.1,20,101770,10177,0.1,0.026195526235194715,0.014195516631699583,0.013704289444938936,0.02619530689369678,0.014195516631699583,0.013704289444938936,0.02619530689369678,0.028875919966427157,0.02832431515567595,0.03189484394094719,0.012564360705618742,0.012219936152405736,0.02315153419372424,0.028875919966427157,0.02832431515567595,0.03189484394094719,0.012564360705618742,0.012219936152405736,0.02315153419372424,0.2742231144168357,0.437934741270987,0.5307139489878042,0.8475510039813359,0.5307139489878042,814160,203540,81416,122124,0.75,,,,,,,,,0.007285580513282627,1
bayesfl_observability_v1,vi_sparse_bayesian_keep010_seed42,195,vi,98,7,50,,5,256,21.688847064971924,0.12202275276184082,0.2886747778423343,0.2886747778423343,,,0.5168836064206528,0.003135696053504944,0.9999574002002289,0.5168836064206528,,-0.0,2.185987945410232,21.688847064971924,14.433738892116716,0.2886747778423343,0.00014182705013379894,0.12202275276184082,0.2886747778423343,0.000625,55.99862969992428,0.09824065773408258,0.09912490472197533,0.10674462094902992,0.12891815602779388,1.4369219326624263,1.2070484930547063,2.962726874862784,,,,,,,,,,,,,,,,,,1,update_snr,bayesian,0.1,20,101770,10177,0.1,0.026212398500961305,0.014200179473328689,0.013702478752169392,0.02621226612401789,0.014200179473328689,0.013702478752169392,0.02621226612401789,0.028883428497124063,0.028337818161153636,0.031887070051012364,0.012568707359573652,0.012237346012193503,0.023225929949286215,0.028883428497124063,0.028337818161153636,0.031887070051012364,0.012568707359573652,0.012237346012193503,0.023225929949286215,0.2746464875839956,0.4378789438237405,0.5313507415835538,0.8471519281797142,0.5313507415835538,814160,203540,81416,122124,0.75,,,,,,,,,0.007285405511784451,50
bayesfl_observability_v1,vi_sparse_bayesian_keep010_seed42,195,vi,55,4,1,,5,256,7.125125122070313,0.13033472001552582,14.47620950698523,14.47620950698523,,,0.5176554361866457,0.0031301267445087433,0.9999572744313296,0.5176554361866457,,-0.0,2.3292713582565514,7.125125122070313,14.47620950698523,14.47620950698523,0.00014224436972570727,0.13033472001552582,14.47620950698523,0.000625,55.99980207268558,0.09824098399688842,0.09912776947021484,0.10676062405109406,0.12872980535030365,1.4369661967791365,1.2068612669435528,2.9623915570434805,,,,,,,,,,,,,,,,,,1,update_snr,bayesian,0.1,20,101770,10177,0.1,0.026244339947501284,0.014233020620352886,0.013783022386648521,0.026243960131900262,0.014233020620352886,0.013783022386648521,0.026243960131900262,0.028909856956844993,0.02837721426911229,0.0318893758290127,0.012602261027409314,0.012302808821819307,0.023190806032834778,0.028909856956844993,0.02837721426911229,0.0318893758290127,0.012602261027409314,0.012302808821819307,0.023190806032834778,0.27459201387723065,0.4388238559244851,0.5304532603772828,0.8477141844720489,0.5304532603772828,814160,203540,81416,122124,0.75,,,,,,,,,0.007285570628550772,1
bayesfl_observability_v1,vi_sparse_bayesian_keep010_seed42,196,vi,111,8,11,,5,256,10.452136754989624,0.026455865664915604,1.3125203920751838,1.3125203920751838,,,0.5174215492958115,0.003136035054922104,0.9999573334242299,0.5174215492958115,,-0.0,2.3096097079310103,10.452136754989624,14.43772431282702,1.3125203920751838,0.0001418662111902036,0.026455865664915604,1.3125203920751838,0.000625,56.01170903384928,0.09830673747222222,0.09919729456305504,0.1068111352622509,0.12861967086791992,1.4362548398080752,1.2083625015621928,2.961909948341587,,,,,,,,,,,,,,,,,,1,update_snr,bayesian,0.1,20,101770,10177,0.1,0.026205871969677913,0.014201200847677689,0.013693630614747744,0.026205699921672352,0.014201200847677689,0.013693630614747744,0.026205699921672352,0.028885976151034578,0.02834408091226543,0.03193486018864459,0.012569559147304702,0.012228417717705003,0.02318267130402,0.028885976151034578,0.02834408091226543,0.03193486018864459,0.012569559147304702,0.012228417717705003,0.02318267130402,0.2747563953229684,0.4384449599491443,0.5310107313792788,0.8473650943719855,0.5310107313792788,814160,203540,81416,122124,0.75,,,,,,,,,0.007279958054919747,11
bayesfl_observability_v1,vi_sparse_bayesian_keep010_seed42,196,vi,83,6,1,,5,256,3.60798442363739,0.008604475297033787,14.465308857684684,14.465308857684684,,,0.5178018712829302,0.003134331665933132,0.9999572604221441,0.5178018712829302,,-0.0,2.259365973874069,3.60798442363739,14.465308857684684,14.465308857684684,0.00014213725909093726,0.008604475297033787,14.465308857684684,0.000625,56.006102670475485,0.0983059076201934,0.09920208901166916,0.10679142102599144,0.1285676509141922,1.436103413291341,1.2076085109446346,2.9610283850472943,,,,,,,,,,,,,,,,,,1,update_snr,bayesian,0.1,20,101770,10177,0.1,0.026223402435587427,0.014229976646571886,0.013753726231188701,0.026222698848365804,0.014229976646571886,0.013753726231188701,0.026222698848365804,0.028901059966277884,0.02837847217834958,0.031925418051646344,0.012599856277715664,0.012272566147450177,0.02317258939841167,0.028901059966277884,0.02837847217834958,0.031925418051646344,0.012599856277715664,0.012272566147450177,0.02317258939841167,0.2747608360317445,0.43889094418459024,0.53062928365049,0.8476040132824809,0.53062928365049,814160,203540,81416,122124,0.75,,,,,,,,,0.007279436927225587,1
bayesfl_observability_v1,vi_sparse_bayesian_keep010_seed42,196,vi,93,7,45,,5,256,37.53511781692505,0.3746125115288628,0.32024759269212943,0.32024759269212943,,,0.516551106838717,0.003133997321128845,0.9999574678997732,0.516551106838717,,-0.0,2.3096097079310103,37.53511781692505,14.411141671145826,0.32024759269212943,0.00014160500806864327,0.3746125115288628,0.32024759269212943,0.000625,56.00722834133987,0.09830533626798744,0.09919127821922302,0.10680989101529122,0.12926311790943146,1.4361472302031117,1.2073717217943942,2.961355190409812,,,,,,,,,,,,,,,,,,1,update_snr,bayesian,0.1,20,101770,10177,0.1,0.026175190173264338,0.014165541148245203,0.013687723549611404,0.026174407033959995,0.014165541148245203,0.013687723549611404,0.026174407033959995,0.02894698485675854,0.028373041338365063,0.03204217539337294,0.012523158513965946,0.01221334319275329,0.02317340459686826,0.02894698485675854,0.028373041338365063,0.03204217539337294,0.012523158513965946,0.01221334319275329,0.02317340459686826,0.27487113257560297,0.4373452943074944,0.5321276615934658,0.8466641316171779,0.5321276615934658,814160,203540,81416,122124,0.75,,,,,,,,,0.007279603322954384,45
bayesfl_observability_v1,vi_sparse_bayesian_keep010_seed42,196,vi,5,0,1,,5,256,7.7596556663513185,0.3630184233188629,14.39549145833623,14.39549145833623,,,0.5166395938708989,0.0031343847513198853,0.9999574583886198,0.5166395938708989,,-0.0,2.311121424016332,7.7596556663513185,14.39549145833623,14.39549145833623,0.00014145122785041005,0.3630184233188629,14.39549145833623,0.000625,56.01011998132451,0.09830558871993314,0.09920156747102737,0.10680896565318108,0.1289922595024109,1.4361836383358193,1.2075268391400091,2.962363890350907,,,,,,,,,,,,,,,,,,1,update_snr,bayesian,0.1,20,101770,10177,0.1,0.026141847812658735,0.01419574269610605,0.013717288326010194,0.02614148164131374,0.01419574269610605,0.013717288326010194,0.02614148164131374,0.02883299427475198,0.02826913846271387,0.031906950794162954,0.012569381409589835,0.01225361947485279,0.023134393624791093,0.02883299427475198,0.02826913846271387,0.031906950794162954,0.012569381409589835,0.01225361947485279,0.023134393624791093,0.2744067386028129,0.43774126120855333,0.5311376477107238,0.8472855476073692,0.5311376477107238,814160,203540,81416,122124,0.75,,,,,,,,,0.007279911770454101,1
bayesfl_observability_v1,vi_sparse_bayesian_keep010_seed42,196,vi,168,13,2012,,5,256,125.99753395020961,0.08690185243519352,0.046310031510746266,0.046310031510746266,,,1.308071850624423,0.01815798692405224,0.9997273281815645,1.308071850624423,,0.33910841614601644,1.9866937607637536,125.99753395020961,93.1757833996215,0.046310031510746266,0.0009155525537940601,0.08690185243519352,0.046310031510746266,0.000625,56.01763624567797,0.0984500022081061,0.09933847188949585,0.10696620419621468,0.12892629206180573,1.4342046567031215,1.2077200367260241,2.95863326238152,,,,,,,,,,,,,,,,,,1,update_snr,bayesian,0.1,20,101770,10177,0.1,0.06891521599894711,0.033604853581679965,0.028589523349195303,0.06891481453652855,0.033604853581679965,0.028589523349195303,0.06891481453652855,0.08652918118473707,0.08212130365127072,0.10744745808954695,0.027724372736895844,0.025359310844549416,0.05497633117040263,0.08652918118473707,0.08212130365127072,0.10744745808954695,0.027724372736895844,0.025359310844549416,0.05497633117040263,0.8534356167438362,0.9913120671458987,0.6524378736049086,0.7578422138452751,0.6524378736049086,814160,203540,81416,122124,0.75,,,,,,,,,0.007303290376376577,2012
bayesfl_observability_v1,vi_sparse_bayesian_keep010_seed42,196,vi,170,13,1,,5,256,6.716680812835693,0.019624363631010056,14.42299642709945,14.42299642709945,,,0.5170381710390021,0.003137528896331787,0.9999573889700423,0.5170381710390021,,-0.0,2.3096097079310103,6.716680812835693,14.42299642709945,14.42299642709945,0.00014172149383019997,0.019624363631010056,14.42299642709945,0.000625,56.008145034628356,0.09830633872936742,0.09919586032629013,0.10681417137384415,0.1286354959011078,1.4361015420073577,1.2075155723025035,2.961661091597384,,,,,,,,,,,,,,,,,,1,update_snr,bayesian,0.1,20,101770,10177,0.1,0.026176496749027073,0.014196412390720682,0.01370990830685933,0.026176435473214688,0.014196412390720682,0.01370990830685933,0.026176435473214688,0.028872057565536957,0.028361331200465585,0.031921888298930876,0.012565785149074435,0.01224647390640483,0.02313531474645467,0.028872057565536957,0.028361331200465585,0.031921888298930876,0.012565785149074435,0.01224647390640483,0.02313531474645467,0.2746981548520883,0.43802898766202053,0.5312918276421933,0.8471888773352837,0.5312918276421933,814160,203540,81416,122124,0.75,,,,,,,,,0.007280613527658955,1
bayesfl_observability_v1,vi_sparse_bayesian_keep010_seed42,196,vi,203,16,1,,5,256,5.113905525207519,0.16433554887771606,14.502047487671371,14.502047487671371,,,0.5184863771276824,0.0031344126909971237,0.9999571500941226,0.5184863771276824,,-0.0,2.311121424016332,5.113905525207519,14.502047487671371,14.502047487671371,0.00014249825574993977,0.16433554887771606,14.502047487671371,0.000625,56.00825000421523,0.09830605514428817,0.09920025989413261,0.1068007342517376,0.12868888676166534,1.436148882964227,1.2069161051730632,2.9622262647675286,,,,,,,,,,,,,,,,,,1,update_snr,bayesian,0.1,20,101770,10177,0.1,0.026203742701182302,0.01424404867506796,0.01376856448831357,0.026203266545356943,0.01424404867506796,0.01376856448831357,0.026203266545356943,0.028916808274631108,0.02837914993559732,0.03194005195097281,0.012613742052894282,0.012291287545772384,0.023253627468107472,0.028916808274631108,0.02837914993559732,0.03194005195097281,0.012613742052894282,0.012291287545772384,0.023253627468107472,0.2749081393663764,0.4396062308215233,0.5302128493506736,0.8478645731385646,0.5302128493506736,814160,203540,81416,122124,0.75,,,,,,,,,0.007281075761186525,1
bayesfl_observability_v1,vi_sparse_bayesian_keep010_seed42,196,vi,136,10,1,,5,256,4.445830011367798,0.0,14.485181912373719,14.485181912373719,,,0.5180438553864987,0.0031327903270721436,0.9999572235326682,0.5180438553864987,,-0.0,2.3155014849272724,4.445830011367798,14.485181912373719,14.485181912373719,0.00014233253328459978,0.0,14.485181912373719,0.000625,56.008446309617476,0.09830562880906431,0.09919886291027069,0.10680131316184997,0.12901733815670013,1.4361689712516998,1.2072130252356414,2.961878335448109,,,,,,,,,,,,,,,,,,1,update_snr,bayesian,0.1,20,101770,10177,0.1,0.0262209379791,0.014230678553393253,0.013764263982663349,0.026220891169032375,0.014230678553393253,0.013764263982663349,0.026220891169032375,0.028925417699085746,0.0283866010243419,0.03193888179019759,0.012597929759427421,0.012280599375140687,0.02321580161140053,0.028925417699085746,0.0283866010243419,0.03193888179019759,0.012597929759427421,0.012280599375140687,0.02321580161140053,0.2749060869596459,0.43908550358243803,0.5306618042106606,0.8475836534241837,0.5306618042106606,814160,203540,81416,122124,0.75,,,,,,,,,0.007280033580038677,1
bayesfl_observability_v1,vi_sparse_bayesian_keep010_seed42,196,vi,280,22,9,,5,256,4.045866310596466,0.00030935203863514797,1.6067659785760464,1.6067659785760464,,,0.5177248539870152,0.0031368848867714405,0.9999572758428125,0.5177248539870152,,-0.0,2.259365973874069,4.045866310596466,14.460893807184418,1.6067659785760464,0.00014209387645852821,0.00030935203863514797,1.6067659785760464,0.000625,56.00822943417368,0.09830577465657712,0.09919429570436478,0.10680782720446587,0.12885326147079468,1.4361636905967146,1.206978326204243,2.9618771704482465,,,,,,,,,,,,,,,,,,1,update_snr,bayesian,0.1,20,101770,10177,0.1,0.02625090997605545,0.014205366951278817,0.013701727101991402,0.026250682981038918,0.014205366951278817,0.013701727101991402,0.026250682981038918,0.028913359953856084,0.028387347733253843,0.031936777606361565,0.012571145506548012,0.012209053897981943,0.023213209844254984,0.028913359953856084,0.028387347733253843,0.031936777606361565,0.012571145506548012,0.012209053897981943,0.023213209844254984,0.2747516664689008,0.43880581833931753,0.5306905093565234,0.8475656808052777,0.5306905093565234,814160,203540,81416,122124,0.75,,,,,,,,,0.007280169016089695,9
bayesfl_observability_v1,vi_sparse_bayesian_keep010_seed42,196,vi,53,4,1,,5,256,5.206094264984131,5.960462772236497e-07,14.40836117441524,14.40836117441524,,,0.5169422494733099,0.003137260675430298,0.9999574041560529,0.5169422494733099,,-0.0,2.3155014849272724,5.206094264984131,14.40836117441524,14.40836117441524,0.00014157768668974393,5.960462772236497e-07,14.40836117441524,0.000625,56.00773417114656,0.09830588872798963,0.09919312596321106,0.10680172517895699,0.1291312873363495,1.4361070080753746,1.2083133242230883,2.9628028057348534,,,,,,,,,,,,,,,,,,1,update_snr,bayesian,0.1,20,101770,10177,0.1,0.02617020409304547,0.014190573875343565,0.013718153835677857,0.02616943501925633,0.014190573875343565,0.013718153835677857,0.02616943501925633,0.028896551420176133,0.028350874265036144,0.03196391611199091,0.012556576370362171,0.012273852608806759,0.023126801518689833,0.028896551420176133,0.028350874265036144,0.03196391611199091,0.012556576370362171,0.012273852608806759,0.023126801518689833,0.27488060725348706,0.4378012574747588,0.5317433572774348,0.8469055449052879,0.5317433572774348,814160,203540,81416,122124,0.75,,,,,,,,,0.007279428270548164,1
bayesfl_observability_v1,vi_sparse_bayesian_keep010_seed42,196,vi,199,15,1,,5,256,5.2767339706420895,0.012767596170306206,14.479180877584149,14.479180877584149,,,0.517916344695278,0.003135576844215393,0.9999572407773862,0.517916344695278,,-0.0,2.3277319754160017,5.2767339706420895,14.479180877584149,14.479180877584149,0.00014227356664620367,0.012767596170306206,14.479180877584149,0.000625,56.00515076956733,0.09830601246685443,0.0991932824254036,0.10679485276341438,0.1289374977350235,1.4361211579338555,1.2077294840281136,2.961478465259064,,,,,,,,,,,,,,,,,,1,update_snr,bayesian,0.1,20,101770,10177,0.1,0.026211526334849876,0.014245784421277314,0.013781245570446165,0.026211152397151334,0.014245784421277314,0.013781245570446165,0.026211152397151334,0.028940788705859553,0.028366817484898686,0.03202269197470871,0.012613006167434843,0.012303828515792625,0.02312936417965712,0.028940788705859553,0.028366817484898686,0.03202269197470871,0.012613006167434843,0.012303828515792625,0.02312936417965712,0.275038867931785,0.43885186706828566,0.5310488281531398,0.8473412194135119,0.5310488281531398,814160,203540,81416,122124,0.75,,,,,,,,,0.007281055889385381,1
bayesfl_observability_v1,vi_sparse_bayesian_keep010_seed42,196,vi,41,3,6,,5,256,18.028505325317383,1.6401537259419758,2.4039401368890796,2.4039401368890796,,,0.5169434998313328,0.003135446459054947,0.9999574048720674,0.5169434998313328,,-0.0,2.4040642619438994,18.028505325317383,14.423640821334477,2.4039401368890796,0.00014172782569848164,1.6401537259419758,2.4039401368890796,0.000625,56.008330265206226,0.09830574115169614,0.09919939190149307,0.1068093828856945,0.12910613417625427,1.436143194071718,1.2071234099298294,2.963386389593779,,,,,,,,,,,,,,,,,,1,update_snr,bayesian,0.1,20,101770,10177,0.1,0.026143815643861125,0.014211634406765754,0.013718720917349447,0.02614330099185801,0.014211634406765754,0.013718720917349447,0.02614330099185801,0.028868873763214287,0.028350555820535014,0.03192669394356937,0.012583052256049257,0.012269113370776128,0.023140020818441177,0.028868873763214287,0.028350555820535014,0.03192669394356937,0.012583052256049257,0.012269113370776128,0.023140020818441177,0.27461647064075956,0.437968464698864,0.531231112743193,0.8472269500279304,0.531231112743193,814160,203540,81416,122124,0.75,,,,,,,,,0.0072804251594593035,6
bayesfl_observability_v1,vi_sparse_bayesian_keep010_seed42,196,vi,112,9,234,,5,256,141.2680425643921,0.13559522384252304,0.06222990490363655,0.06222990490363655,,,0.5193731952508172,0.0031354129314422607,0.9999570042827552,0.5193731952508172,,-0.0,2.3155014849272724,141.2680425643921,14.561797747450953,0.06222990490363655,0.00014308536648767762,0.13559522384252304,0.06222990490363655,0.000625,56.00877638888464,0.09830628884499594,0.09919410943984985,0.10680948942899704,0.1289428025484085,1.4362190458652901,1.2085293107035548,2.961017788424094,,,,,,,,,,,,,,,,,,1,update_snr,bayesian,0.1,20,101770,10177,0.1,0.02629023209335746,0.014273053188762555,0.013779041275922062,0.026289623604980893,0.014273053188762555,0.013779041275922062,0.026289623604980893,0.02902931522758272,0.02849633616825166,0.03208548666891867,0.012633468517782537,0.01231525753699373,0.023231824582659294,0.02902931522758272,0.02849633616825166,0.03208548666891867,0.012633468517782537,0.01231525753699373,0.023231824582659294,0.27546940851297114,0.4403011706985997,0.530388189132365,0.8477548990297203,0.530388189132365,814160,203540,81416,122124,0.75,,,,,,,,,0.007279738993098439,234
bayesfl_observability_v1,vi_sparse_bayesian_keep010_seed42,196,vi,120,9,935,,5,256,84.2277261018753,0.05162243205595782,0.06133403643383625,0.06133403643383625,,,1.0277970801475025,0.010461412370204926,0.999831684404261,1.0277970801475025,,0.007653727565891914,2.2517606506762466,84.2277261018753,57.3473240656369,0.06133403643383625,0.000563499302993386,0.05162243205595782,0.06133403643383625,0.000625,56.02002275950099,0.09839833493083584,0.09928417950868607,0.1069232814013958,0.12972435355186462,1.435209345539257,1.2061235857034514,2.9602147894022974,,,,,,,,,,,,,,,,,,1,update_snr,bayesian,0.1,20,101770,10177,0.1,0.0542410066388318,0.02683148090367271,0.02338836730464751,0.05423941189715578,0.02683148090367271,0.02338836730464751,0.05423941189715578,0.06601920238855764,0.06335260453711776,0.08003175843693636,0.022477289627574382,0.020712801630073687,0.04415665598516483,0.06601920238855764,0.06335260453711776,0.08003175843693636,0.022477289627574382,0.020712801630073687,0.04415665598516483,0.6458398309677736,0.7995359596010988,0.6283728991281888,0.7779122698873155,0.6283728991281888,814160,203540,81416,122124,0.75,,,,,,,,,0.007294128789079412,935
bayesfl_observability_v1,vi_sparse_bayesian_keep010_seed42,196,vi,124,9,63,,5,256,29.39848575592041,0.07681518887716626,0.2286125053711246,0.2286125053711246,,,0.5167865357516376,0.003132432699203491,0.9999574332831047,0.5167865357516376,,0.12974069471942834,2.1312291508990175,29.39848575592041,14.40258783838085,0.2286125053711246,0.00014152095743717058,0.07681518887716626,0.2286125053711246,0.000625,56.00969993930104,0.09830570430789058,0.09919692203402519,0.10680348128080368,0.12912271916866302,1.4361887861595102,1.207397456390042,2.960684014086004,,,,,,,,,,,,,,,,,,1,update_snr,bayesian,0.1,20,101770,10177,0.1,0.026180773637354906,0.014178315322774448,0.013722836583120335,0.026179094652388036,0.014178315322774448,0.013722836583120335,0.026179094652388036,0.02885062349215769,0.028293793883102658,0.031877825929028374,0.012548058859509645,0.012227163715288796,0.023154578607869892,0.02885062349215769,0.028293793883102658,0.031877825929028374,0.012548058859509645,0.012227163715288796,0.023154578607869892,0.27446576945489437,0.4378776826143477,0.5311008520291632,0.8473086125927771,0.5311008520291632,814160,203540,81416,122124,0.75,,,,,,,,,0.0072806412031159225,63
bayesfl_observability_v1,vi_sparse_bayesian_keep010_seed42,197,vi,149,11,1,,5,256,4.397976303100586,0.00011920218821614981,14.459155787774733,14.459155787774733,,,0.5180626571329102,0.003133237361907959,0.9999572465345556,0.5180626571329102,,-0.0,2.3277319754160017,4.397976303100586,14.459155787774733,14.459155787774733,0.00014207679854352692,0.00011920218821614981,14.459155787774733,0.000625,56.025513592410014,0.09837974084207547,0.09927190840244293,0.10687028020620347,0.1291705071926117,1.43559108696532,1.207588959091243,2.960944472473413,,,,,,,,,,,,,,,,,,1,update_snr,bayesian,0.1,20,101770,10177,0.1,0.026200083363311807,0.014222755401049489,0.013767629828160148,0.02619927910160074,0.014222755401049489,0.013767629828160148,0.02619927910160074,0.02888199202510808,0.02832333395897455,0.03191999036245486,0.012593951331709645,0.012269863394007964,0.02319482093540719,0.02888199202510808,0.02832333395897455,0.03191999036245486,0.012593951331709645,0.012269863394007964,0.02319482093540719,0.2749172067897954,0.43910072435206515,0.5306640094679991,0.8475822727354247,0.5306640094679991,814160,203540,81416,122124,0.75,,,,,,,,,0.0072741007924891025,1
bayesfl_observability_v1,vi_sparse_bayesian_keep010_seed42,197,vi,257,20,22,,5,256,16.943536710739135,0.09824759309942072,0.6558074722223027,0.6558074722223027,,,0.5174797227263861,0.0031367242336273193,0.9999573423823723,0.5174797227263861,,-0.0,2.259365973874069,16.943536710739135,14.42776438889066,0.6558074722223027,0.00014176834419662632,0.09824759309942072,0.6558074722223027,0.000625,56.0252638399583,0.09838088151077379,0.09926999360322952,0.10686846077442169,0.12856602668762207,1.4356229198648915,1.2079543701094198,2.9605084946265854,,,,,,,,,,,,,,,,,,1,update_snr,bayesian,0.1,20,101770,10177,0.1,0.026184785649697465,0.014188616326683914,0.013692918392792398,0.026184590286858555,0.014188616326683914,0.013692918392792398,0.026184590286858555,0.028877715662134217,0.028327102972386786,0.03187697119273113,0.012556494178300548,0.012219871944885347,0.023211335505785337,0.028877715662134217,0.028327102972386786,0.03187697119273113,0.012556494178300548,0.012219871944885347,0.023211335505785337,0.27469734217763003,0.4385506055559879,0.5308369200059929,0.8474739903728915,0.5308369200059929,814160,203540,81416,122124,0.75,,,,,,,,,0.007273620745413898,22
bayesfl_observability_v1,vi_sparse_bayesian_keep010_seed42,197,vi,183,14,1,,5,256,2.918428421020508,0.03978504240512848,14.46746271114658,14.46746271114658,,,0.5182677296226694,0.003136937040835619,0.9999572147845884,0.5182677296226694,,-0.0,2.28098669344155,2.918428421020508,14.46746271114658,14.46746271114658,0.00014215842302394202,0.03978504240512848,14.46746271114658,0.000625,56.02690099254111,0.09838049727286773,0.09927263110876083,0.10686566904187203,0.1287204623222351,1.4355530046638878,1.2066727164244009,2.960868126661081,,,,,,,,,,,,,,,,,,1,update_snr,bayesian,0.1,20,101770,10177,0.1,0.02623307772109774,0.01422517393373109,0.013778322526240743,0.026232904843434334,0.01422517393373109,0.013778322526240743,0.026232904843434334,0.028904176066808174,0.028354392444575844,0.031916866744602694,0.012594173696722524,0.012339266810262753,0.023158549906634383,0.028904176066808174,0.028354392444575844,0.031916866744602694,0.012594173696722524,0.012339266810262753,0.023158549906634383,0.27523355081673423,0.4391445457626096,0.5310644191895202,0.8473314479416529,0.5310644191895202,814160,203540,81416,122124,0.75,,,,,,,,,0.007273275490959193,1
bayesfl_observability_v1,vi_sparse_bayesian_keep010_seed42,197,vi,168,13,2012,,5,256,111.16254045963288,0.07057416652353336,0.0444583123244814,0.0444583123244814,,,1.2821944467428301,0.016626954078674316,0.9997381979917704,1.2821944467428301,,0.33910841614601644,1.9866937607637536,111.16254045963288,89.45012439685658,0.0444583123244814,0.0008789439362961244,0.07057416652353336,0.0444583123244814,0.000625,56.03775889589525,0.09852569703822774,0.09941897168755531,0.1070308692753315,0.1289442479610443,1.4336834898676738,1.2076371273275797,2.9562539604506273,,,,,,,,,,,,,,,,,,1,update_snr,bayesian,0.1,20,101770,10177,0.1,0.06743875390777967,0.03299562019685749,0.02814834510482475,0.0674374114727084,0.03299562019685749,0.02814834510482475,0.0674374114727084,0.08435073487734308,0.0801213667526404,0.10491053443132864,0.027289496343470214,0.02494783429134542,0.053980818708714434,0.08435073487734308,0.0801213667526404,0.10491053443132864,0.027289496343470214,0.02494783429134542,0.053980818708714434,0.8323088721484081,0.9753381673046536,0.6491284331036761,0.7606788266649522,0.6491284331036761,814160,203540,81416,122124,0.75,,,,,,,,,0.007298152198733054,2012
bayesfl_observability_v1,vi_sparse_bayesian_keep010_seed42,197,vi,25,2,1,,5,256,6.160190105438232,0.638190746307373,14.426446993204099,14.426446993204099,,,0.5174414503805059,0.003136932849884033,0.9999573493553402,0.5174414503805059,,-0.0,2.4040642619438994,6.160190105438232,14.426446993204099,14.426446993204099,0.0001417553993633104,0.638190746307373,14.426446993204099,0.000625,56.02577585159117,0.09838087768621075,0.09927457943558693,0.10686523467302322,0.12875986099243164,1.4355637957868783,1.2076959105735119,2.959900327381793,,,,,,,,,,,,,,,,,,1,update_snr,bayesian,0.1,20,101770,10177,0.1,0.026192336652043093,0.014206218534191649,0.013712223484855658,0.026191978383866277,0.014206218534191649,0.013712223484855658,0.026191978383866277,0.028887370749513912,0.02833550794148847,0.03196127359114962,0.012574979399155846,0.012231580942743103,0.023148392102131647,0.028887370749513912,0.02833550794148847,0.03196127359114962,0.012574979399155846,0.012231580942743103,0.023148392102131647,0.27478112295648427,0.43845294962932474,0.5310380966859557,0.8473479449837346,0.5310380966859557,814160,203540,81416,122124,0.75,,,,,,,,,0.007274072516093515,1
bayesfl_observability_v1,vi_sparse_bayesian_keep010_seed42,197,vi,31,2,1,,5,256,5.091814231872559,0.0002613918040879071,14.410990890566865,14.410990890566865,,,0.5171795576395832,0.0031343845184892416,0.9999573909933571,0.5171795576395832,,-0.0,2.3163460082440825,5.091814231872559,14.410990890566865,14.410990890566865,0.00014160352648685137,0.0002613918040879071,14.410990890566865,0.000625,56.024470417270216,0.09838095695396046,0.09927889332175255,0.10686345845460891,0.12854865193367004,1.4355833503886382,1.2079636355036056,2.960674489309331,,,,,,,,,,,,,,,,,,1,update_snr,bayesian,0.1,20,101770,10177,0.1,0.026191078248668648,0.014183573974498263,0.013658537648379217,0.02618990113638962,0.014183573974498263,0.013658537648379217,0.02618990113638962,0.02887859226804587,0.028301952139594407,0.03195978231408316,0.012550794164104082,0.012204619189949528,0.023143804295712337,0.02887859226804587,0.028301952139594407,0.03195978231408316,0.012550794164104082,0.012204619189949528,0.023143804295712337,0.27501591774488543,0.4379965066381392,0.5317609980565802,0.8468944686003506,0.5317609980565802,814160,203540,81416,122124,0.75,,,,,,,,,0.007273961742547916,1
bayesfl_observability_v1,vi_sparse_bayesian_keep010_seed42,197,vi,196,15,1,,5,256,4.457378101348877,0.001683605252765119,14.465605255756616,14.465605255756616,,,0.5179914337460274,0.0031334608793258667,0.9999572587308502,0.5179914337460274,,-0.0,2.185987945410232,4.457378101348877,14.465605255756616,14.465605255756616,0.00014214017152163326,0.001683605252765119,14.465605255756616,0.000625,56.025841255825675,0.09838067190515729,0.09927595406770706,0.10686898976564407,0.12923666834831238,1.4355309361256956,1.2072231338408819,2.9625332389979873,,,,,,,,,,,,,,,,,,1,update_snr,bayesian,0.1,20,101770,10177,0.1,0.026237581344242904,0.014213917333214228,0.013672250844563591,0.02623750330439756,0.014213917333214228,0.013672250844563591,0.02623750330439756,0.028919173496559838,0.028365062519813404,0.03191258353648506,0.01257999998173138,0.012221176283944573,0.02322683441140139,0.028919173496559838,0.028365062519813404,0.03191258353648506,0.01257999998173138,0.012221176283944573,0.02322683441140139,0.27489871136072247,0.43902827235438885,0.5307012692713873,0.8475589435512665,0.5307012692713873,814160,203540,81416,122124,0.75,,,,,,,,,0.007274433345723944,1
bayesfl_observability_v1,vi_sparse_bayesian_keep010_seed42,197,vi,198,15,1,,5,256,5.506855392456055,0.003589973319321871,14.427030402390297,14.427030402390297,,,0.517563604359412,0.0031354203820228577,0.9999573291749431,0.517563604359412,,-0.0,2.3096097079310103,5.506855392456055,14.427030402390297,14.427030402390297,0.00014176113198772033,0.003589973319321871,14.427030402390297,0.000625,56.025746417246594,0.09837986230978338,0.09926730021834373,0.10685980543494225,0.12925076484680176,1.4355673918004903,1.2076583511015337,2.959498879309962,,,,,,,,,,,,,,,,,,1,update_snr,bayesian,0.1,20,101770,10177,0.1,0.026152729895395847,0.014211608351993836,0.013767203918050197,0.02615268176664697,0.014211608351993836,0.013767203918050197,0.02615268176664697,0.02883182235310773,0.02826829550234725,0.03188696883707947,0.012587140129647845,0.01230547450548065,0.02315665894080737,0.02883182235310773,0.02826829550234725,0.03188696883707947,0.012587140129647845,0.01230547450548065,0.02315665894080737,0.2744410570554477,0.43880997112622055,0.5302557110736624,0.8478377680156535,0.5302557110736624,814160,203540,81416,122124,0.75,,,,,,,,,0.007274074944108094,1
bayesfl_observability_v1,vi_sparse_bayesian_keep010_seed42,197,vi,105,8,1,,5,256,10.844038009643555,3.0918633937835693,14.364030023716625,14.364030023716625,,,0.516167172203697,0.0031352415680885315,0.9999575619054044,0.516167172203697,,-0.0,2.3096097079310103,10.844038009643555,14.364030023716625,14.364030023716625,0.00014114208532688046,3.0918633937835693,14.364030023716625,0.000625,56.02744627498963,0.09838037064773571,0.09927457943558693,0.10686269402503967,0.12896929681301117,1.4356004990868168,1.2072628419949976,2.960800566292288,,,,,,,,,,,,,,,,,,1,update_snr,bayesian,0.1,20,101770,10177,0.1,0.026170261193889596,0.014150151695272927,0.013659964287016293,0.026169486407115576,0.014150151695272927,0.013659964287016293,0.026169486407115576,0.028873313287345333,0.028312716968440878,0.03190425155513639,0.012514244851709324,0.01214586574817301,0.023154228997434294,0.028873313287345333,0.028312716968440878,0.03190425155513639,0.012514244851709324,0.01214586574817301,0.023154228997434294,0.27456684580060164,0.4370830548624251,0.5319339558701116,0.8467858445866785,0.5319339558701116,814160,203540,81416,122124,0.75,,,,,,,,,0.007273471855305247,1
bayesfl_observability_v1,vi_sparse_bayesian_keep010_seed42,197,vi,115,9,1,,5,256,5.287099981307984,0.0012376990634948015,14.46141129845006,14.46141129845006,,,0.5182045178085752,0.0031357407569885254,0.9999572279562955,0.5182045178085752,,-0.0,2.185987945410232,5.287099981307984,14.46141129845006,14.46141129845006,0.000142098961368282,0.0012376990634948015,14.46141129845006,0.000625,56.028296522246094,0.09837976612906196,0.09927501901984215,0.10686503499746322,0.12888017296791077,1.4356258625049356,1.208405620776319,2.96029289044479,,,,,,,,,,,,,,,,,,1,update_snr,bayesian,0.1,20,101770,10177,0.1,0.02619672990848173,0.01421842412099327,0.013768583240490621,0.02619639429632439,0.01421842412099327,0.013768583240490621,0.02619639429632439,0.02889040463741133,0.028363199636082508,0.03190355842726745,0.012588204063613485,0.012278240945349942,0.023225329913864973,0.02889040463741133,0.028363199636082508,0.03190355842726745,0.012588204063613485,0.012278240945349942,0.023225329913864973,0.27517399173460594,0.43910727225822743,0.5310142661401018,0.8473628792646568,0.5310142661401018,814160,203540,81416,122124,0.75,,,,,,,,,0.007273814086642674,1
bayesfl_observability_v1,vi_sparse_bayesian_keep010_seed42,197,vi,65,5,50,,5,256,25.27242555618286,0.10260068893432617,0.28702280617381143,0.28702280617381143,,,0.5160430219167137,0.0031347814947366714,0.99995757897307,0.5160430219167137,,-0.0,2.3155014849272724,25.27242555618286,14.351140308690571,0.28702280617381143,0.00014101542997632476,0.10260068893432617,0.28702280617381143,0.000625,56.025307750077836,0.09838103905889009,0.09927692264318466,0.10687062367796898,0.12859253585338593,1.4355877348896986,1.207117691122661,2.961503527073352,,,,,,,,,,,,,,,,,,1,update_snr,bayesian,0.1,20,101770,10177,0.1,0.02615789725940311,0.014156185981208463,0.013640369365530593,0.026157150087091963,0.014156185981208463,0.013640369365530593,0.026157150087091963,0.028862931759583762,0.028298988489774423,0.03187851013256729,0.01252210311694454,0.01218858322618137,0.02309796394994695,0.028862931759583762,0.028298988489774423,0.03187851013256729,0.01252210311694454,0.01218858322618137,0.02309796394994695,0.2747201310246758,0.4368400738012927,0.5323589688400321,0.8465187111314066,0.5323589688400321,814160,203540,81416,122124,0.75,,,,,,,,,0.007274407845673528,50
bayesfl_observability_v1,vi_sparse_bayesian_keep010_seed42,197,vi,291,23,1,,5,256,6.879034233093262,1.585470999998506e-05,14.388176319233711,14.388176319233711,,,0.5166731439428074,0.0031335949897766113,0.9999574846619717,0.5166731439428074,,-0.0,2.3096097079310103,6.879034233093262,14.388176319233711,14.388176319233711,0.00014137934871999322,1.585470999998506e-05,14.388176319233711,0.000625,56.03003408191679,0.09837960344208029,0.09927156195044518,0.10686735808849335,0.1290610134601593,1.4356779836301619,1.206794665500391,2.9604715314650427,,,,,,,,,,,,,,,,,,1,update_snr,bayesian,0.1,20,101770,10177,0.1,0.026191297946358195,0.01416817233433813,0.013697911445030308,0.026190944521143407,0.01416817233433813,0.013697911445030308,0.026190944521143407,0.028883425402407348,0.028342274436992724,0.03189063488016759,0.012533144215663771,0.012221301196118134,0.023139360858518008,0.028883425402407348,0.028342274436992724,0.03189063488016759,0.012533144215663771,0.012221301196118134,0.023139360858518008,0.27479311861517114,0.4375384321788128,0.5318509812958057,0.8468379618880397,0.5318509812958057,814160,203540,81416,122124,0.75,,,,,,,,,0.00727333666709494,1
bayesfl_observability_v1,vi_sparse_bayesian_keep010_seed42,197,vi,294,23,1,,5,256,5.7393348693847654,3.576278118089249e-07,14.401090651832838,14.401090651832838,,,0.5169745904110042,0.003134801983833313,0.9999574282838164,0.5169745904110042,,-0.0,2.3096097079310103,5.7393348693847654,14.401090651832838,14.401090651832838,0.00014150624596475227,3.576278118089249e-07,14.401090651832838,0.000625,56.02704320839697,0.0983806421893691,0.09927580878138542,0.10686553493142129,0.12881791591644287,1.4356272203149563,1.2073870890659908,2.960618427893081,,,,,,,,,,,,,,,,,,1,update_snr,bayesian,0.1,20,101770,10177,0.1,0.02615878044308193,0.014193899827069208,0.013699448039416794,0.026158713635104792,0.014193899827069208,0.013699448039416794,0.026158713635104792,0.02885226490814391,0.028310060523678616,0.03182686707532696,0.012565192595838683,0.012270900674053262,0.02312185164936393,0.02885226490814391,0.028310060523678616,0.03182686707532696,0.012565192595838683,0.012270900674053262,0.02312185164936393,0.2747655456871368,0.43791166007983345,0.5314875252741014,0.8470661193071127,0.5314875252741014,814160,203540,81416,122124,0.75,,,,,,,,,0.007275057705947451,1
bayesfl_observability_v1,vi_sparse_bayesian_keep010_seed42,197,vi,11,0,99,,5,256,130.38857765197753,0.37199502039437343,0.14624428502266898,0.14624428502266898,,,0.5182811914963465,0.003136560320854187,0.9999572109354024,0.5182811914963465,,0.6778769705348007,1.6507588626958358,130.38857765197753,14.478184217244229,0.14624428502266898,0.00014226377338355338,0.37199502039437343,0.14624428502266898,0.000625,56.025867224350065,0.09837963008751473,0.09927850589156151,0.1068645842373371,0.1292545199394226,1.435517207564502,1.206979097798452,2.9595159327390252,,,,,,,,,,,,,,,,,,1,update_snr,bayesian,0.1,20,101770,10177,0.1,0.02624645950470542,0.014221373194481189,0.013755485662763502,0.026246309693155445,0.014221373194481189,0.013755485662763502,0.026246309693155445,0.028966925377558767,0.02842166157010675,0.03201296918211537,0.012582978507472569,0.01227865565161381,0.023182054791982175,0.028966925377558767,0.02842166157010675,0.03201296918211537,0.012582978507472569,0.01227865565161381,0.023182054791982175,0.2754380686572128,0.439032189928321,0.531445233159989,0.8470926538174708,0.531445233159989,814160,203540,81416,122124,0.75,,,,,,,,,0.0072738466041883726,99
bayesfl_observability_v1,vi_sparse_bayesian_keep010_seed42,197,vi,282,22,9,,5,256,19.687423706054688,0.954262203640408,1.6013050920045873,1.6013050920045873,,,0.5172918589535926,0.0031384676694869995,0.9999573720249497,0.5172918589535926,,-0.0,2.185987945410232,19.687423706054688,14.411745828041285,1.6013050920045873,0.00014161094456167128,0.954262203640408,1.6013050920045873,0.000625,56.02394355017859,0.09838024474851735,0.0992686077952385,0.10686448886990547,0.1286730170249939,1.4355388601627581,1.206395296514008,2.959629000093264,,,,,,,,,,,,,,,,,,1,update_snr,bayesian,0.1,20,101770,10177,0.1,0.026185022864040758,0.014194451185451026,0.013690673597583391,0.026184982187907907,0.014194451185451026,0.013690673597583391,0.026184982187907907,0.02884474776537103,0.028280455918194277,0.031869312275429426,0.012566640454348806,0.012225125663048236,0.023173740599581622,0.02884474776537103,0.028280455918194277,0.031869312275429426,0.012566640454348806,0.012225125663048236,0.023173740599581622,0.27466102006405146,0.43835167548104376,0.5309594870092318,0.8473972050667228,0.5309594870092318,814160,203540,81416,122124,0.75,,,,,,,,,0.007273508468957128,9
bayesfl_observability_v1,vi_sparse_bayesian_keep010_seed42,198,vi,166,13,9,,5,256,3.9351198196411135,0.0023946786920229592,1.6012985673305116,1.6012985673305116,,,0.5177010487625966,0.0031354278326034546,0.999957316766113,0.5177010487625966,,-0.0,2.3277319754160017,3.9351198196411135,14.411687105974604,1.6012985673305116,0.00014161036755403953,0.0023946786920229592,1.6012985673305116,0.000625,56.032401534310004,0.09844653364799867,0.09934305399656296,0.10692465528845788,0.12866602838039398,1.4347707080863417,1.2081750900433492,2.959701081129066,,,,,,,,,,,,,,,,,,1,update_snr,bayesian,0.1,20,101770,10177,0.1,0.026156970828638867,0.014193804841737868,0.013692553551367963,0.026156634064074147,0.014193804841737868,0.013692553551367963,0.026156634064074147,0.028816511725203196,0.02825925951015992,0.03180436906956072,0.012569059632463943,0.012258340380155093,0.023170079913972776,0.028816511725203196,0.02825925951015992,0.03180436906956072,0.012569059632463943,0.012258340380155093,0.023170079913972776,0.2747703842391282,0.4387660103460321,0.5307510674275846,0.8475277602677564,0.5307510674275846,814160,203540,81416,122124,0.75,,,,,,,,,0.007267185922708621,9
bayesfl_observability_v1,vi_sparse_bayesian_keep010_seed42,198,vi,167,13,726,,5,256,441.62483437856037,0.07083831608459641,0.07906474464788182,0.07906474464788182,,,1.0354599663691895,0.008837508037686348,0.9998292999024023,1.0354599663691895,,-0.0,2.3292713582565514,441.62483437856037,57.40100461436221,0.07906474464788182,0.0005640267722743658,0.07083831608459641,0.07906474464788182,0.000625,56.04243231334294,0.09851205237345236,0.09940192848443985,0.10701360329985618,0.1293906271457672,1.4339832790273184,1.207418848583107,2.9582089459835874,,,,,,,,,,,,,,,,,,1,update_snr,bayesian,0.1,20,101770,10177,0.1,0.054603603323917636,0.027379061852622445,0.02450363980859411,0.05460344811351414,0.027379061852622445,0.02450363980859411,0.05460344811351414,0.06375845382856818,0.06196210737659208,0.07371250973937313,0.02333690718862848,0.021737929952877794,0.045298119665776196,0.06375845382856818,0.06196210737659208,0.07371250973937313,0.02333690718862848,0.021737929952877794,0.045298119665776196,0.6211995162741484,0.8284253152421452,0.5999261549940618,0.8000553784295444,0.5999261549940618,814160,203540,81416,122124,0.75,,,,,,,,,0.007276782051165644,726
bayesfl_observability_v1,vi_sparse_bayesian_keep010_seed42,198,vi,153,12,19,,5,256,16.02432370185852,0.2488437953748201,0.7567980108920618,0.7567980108920618,,,0.516959888145879,0.0031350632198154926,0.999957441093027,0.516959888145879,,-0.0,2.259365973874069,16.02432370185852,14.379162206949173,0.7567980108920618,0.00014129077534586983,0.2488437953748201,0.7567980108920618,0.000625,56.03349415507375,0.09844689214062372,0.09933445602655411,0.1069190852344036,0.12896746397018433,1.434786355103605,1.2071059122391503,2.9589083743367453,,,,,,,,,,,,,,,,,,1,update_snr,bayesian,0.1,20,101770,10177,0.1,0.02617349952296747,0.014173169485427082,0.013700717455431558,0.02617345222392776,0.014173169485427082,0.013700717455431558,0.02617345222392776,0.02883717435959946,0.028278697811163944,0.03190515255241504,0.012543835610519041,0.012237726607211284,0.0231326661470988,0.02883717435959946,0.028278697811163944,0.03190515255241504,0.012543835610519041,0.012237726607211284,0.0231326661470988,0.27495122000848915,0.4377777433443177,0.5318618065216342,0.8468311630800701,0.5318618065216342,814160,203540,81416,122124,0.75,,,,,,,,,0.007267446741227284,19
bayesfl_observability_v1,vi_sparse_bayesian_keep010_seed42,198,vi,272,21,1,,5,256,6.4590919494628904,0.15402813255786896,14.350707807818525,14.350707807818525,,,0.5165660019215823,0.0031375885009765625,0.9999575033357506,0.5165660019215823,,-0.0,2.28098669344155,6.4590919494628904,14.350707807818525,14.350707807818525,0.00014101118018884274,0.15402813255786896,14.350707807818525,0.000625,56.03218083284015,0.09844612249751492,0.09934395551681519,0.10691151767969131,0.12905772030353546,1.434792641471225,1.2083667209755493,2.9586630745450497,,,,,,,,,,,,,,,,,,1,update_snr,bayesian,0.1,20,101770,10177,0.1,0.026120910474082912,0.014153655965041465,0.013717961135252761,0.026120533477414633,0.014153655965041465,0.013717961135252761,0.026120533477414633,0.028806077518351868,0.02824385867930593,0.03185780206244264,0.012525609125784752,0.012228369264542027,0.023106591288728794,0.028806077518351868,0.02824385867930593,0.03185780206244264,0.012525609125784752,0.012228369264542027,0.023106591288728794,0.2745894408722708,0.4375397962502405,0.5315670017980685,0.8470162469512686,0.5315670017980685,814160,203540,81416,122124,0.75,,,,,,,,,0.0072671620065724845,1
bayesfl_observability_v1,vi_sparse_bayesian_keep010_seed42,198,vi,112,9,234,,5,256,225.1837297439575,0.2215930906116453,0.06469055059844796,0.06469055059844796,,,0.5307373887940863,0.0031357109546661377,0.9999551478406925,0.5307373887940863,,-0.0,2.3155014849272724,225.1837297439575,15.137588840036821,0.06469055059844796,0.0001487431349124184,0.2215930906116453,0.06469055059844796,0.000625,56.0356803076834,0.09844397650869637,0.09933625161647797,0.10692631676793099,0.12918037176132202,1.434874112347717,1.2086324759943166,2.960180077097306,,,,,,,,,,,,,,,,,,1,update_snr,bayesian,0.1,20,101770,10177,0.1,0.026442786917041626,0.014675988630706929,0.014549286150232725,0.02644274337926225,0.014675988630706929,0.014549286150232725,0.02644274337926225,0.02903900505839777,0.028504433447915676,0.03195777815816766,0.013080097916519056,0.013039129781638814,0.02357729574190468,0.02903900505839777,0.028504433447915676,0.03195777815816766,0.013080097916519056,0.013039129781638814,0.02357729574190468,0.27577839420026645,0.45346273623781663,0.5196136545549875,0.854401340120678,0.5196136545549875,814160,203540,81416,122124,0.75,,,,,,,,,0.0072669216860618575,234
bayesfl_observability_v1,vi_sparse_bayesian_keep010_seed42,198,vi,51,4,126,,5,256,179.99059610366822,0.4788419329930866,0.11734237763014238,0.11734237763014238,,,0.5244640732734545,0.0031384825706481934,0.9999561963340499,0.5244640732734545,,-0.0,2.185987945410232,179.99059610366822,14.78513958139794,0.11734237763014238,0.00014527994086074424,0.4788419329930866,0.11734237763014238,0.000625,56.03343552630311,0.09844451208771962,0.09934177249670029,0.10691122114658357,0.1291886866092682,1.434762750044335,1.2076222345683099,2.9584795662271346,,,,,,,,,,,,,,,,,,1,update_snr,bayesian,0.1,20,101770,10177,0.1,0.026403721104521362,0.01442305517033069,0.014028117829318162,0.026403507232158396,0.01442305517033069,0.014028117829318162,0.026403507232158396,0.029077198066164548,0.02852952130029608,0.03208360155719901,0.01279481707079359,0.012573623525491844,0.02341619561916948,0.029077198066164548,0.02852952130029608,0.03208360155719901,0.01279481707079359,0.012573623525491844,0.02341619561916948,0.27699131069675664,0.4453519708647042,0.528141630308267,0.8491562979424495,0.528141630308267,814160,203540,81416,122124,0.75,,,,,,,,,0.007267248314389444,126
bayesfl_observability_v1,vi_sparse_bayesian_keep010_seed42,198,vi,59,4,1,,5,256,4.504257869720459,0.0,14.47250748002905,14.47250748002905,,,0.5186372642888862,0.00313664972782135,0.999957161168063,0.5186372642888862,,-0.0,2.3155014849272724,4.504257869720459,14.47250748002905,14.47250748002905,0.00014220799331855213,0.0,14.47250748002905,0.000625,56.03178478682311,0.0984455160413388,0.09934204444289207,0.1069237969815731,0.1285998374223709,1.4347087012660709,1.2068090488346364,2.9594205299771814,,,,,,,,,,,,,,,,,,1,update_snr,bayesian,0.1,20,101770,10177,0.1,0.026195524924076202,0.01422870712116201,0.013813257459223675,0.02619539043053773,0.01422870712116201,0.013813257459223675,0.02619539043053773,0.02888018565342378,0.028346897921941127,0.03188687963936495,0.012600765062021813,0.012300565271983652,0.023210334560521493,0.02888018565342378,0.028346897921941127,0.03188687963936495,0.012600765062021813,0.012300565271983652,0.023210334560521493,0.27499283306144723,0.4397312289045425,0.5302218949471271,0.8478589163998207,0.5302218949471271,814160,203540,81416,122124,0.75,,,,,,,,,0.0072669138538908615,1
bayesfl_observability_v1,vi_sparse_bayesian_keep010_seed42,198,vi,191,15,1,,5,256,6.57022271156311,0.00012516192509792745,14.312842196005155,14.312842196005155,,,0.5159901689876232,0.0031352825462818146,0.9999576002192019,0.5159901689876232,,-0.0,2.3096097079310103,6.57022271156311,14.312842196005155,14.312842196005155,0.0001406391097180422,0.00012516192509792745,14.312842196005155,0.000625,56.03330772526862,0.09844470816405691,0.09933845326304436,0.10690783411264419,0.1286563277244568,1.4347719342264038,1.2077919293317803,2.96028639780503,,,,,,,,,,,,,,,,,,1,update_snr,bayesian,0.1,20,101770,10177,0.1,0.02614248030592656,0.014121852191953731,0.013628306119734514,0.026142354839129762,0.014121852191953731,0.013628306119734514,0.026142354839129762,0.028809318224442677,0.02826434812675961,0.031774803452905766,0.012489911521677182,0.0121568823721778,0.023118499371921876,0.028809318224442677,0.02826434812675961,0.031774803452905766,0.012489911521677182,0.0121568823721778,0.023118499371921876,0.2748361818450683,0.4367046228753486,0.5326384074027982,0.8463429133391563,0.5326384074027982,814160,203540,81416,122124,0.75,,,,,,,,,0.007268033014318713,1
bayesfl_observability_v1,vi_sparse_bayesian_keep010_seed42,198,vi,12,1,1,,5,256,4.7535711288452145,1.883488948806189e-05,14.42289058116974,14.42289058116974,,,0.5177918378091845,0.003131778910756111,0.9999573028890064,0.5177918378091845,,-0.0,2.3277319754160017,4.7535711288452145,14.42289058116974,14.42289058116974,0.00014172045377979504,1.883488948806189e-05,14.42289058116974,0.000625,56.03296971287891,0.09844554158617087,0.0993349477648735,0.10692214444279671,0.12892283499240875,1.4348124291934414,1.2078241511425039,2.957895879091098,,,,,,,,,,,,,,,,,,1,update_snr,bayesian,0.1,20,101770,10177,0.1,0.026199944668338786,0.014197326229073036,0.013726957548577461,0.026199467067910914,0.014197326229073036,0.013726957548577461,0.026199467067910914,0.028870745242269198,0.028334147476675533,0.03184382911145091,0.01256694633871791,0.012256758636316943,0.023164163860919733,0.028870745242269198,0.028334147476675533,0.03184382911145091,0.01256694633871791,0.012256758636316943,0.023164163860919733,0.2749409399523614,0.43876630093926416,0.5309873966257499,0.8473797169065407,0.5309873966257499,814160,203540,81416,122124,0.75,,,,,,,,,0.007267841165945952,1
bayesfl_observability_v1,vi_sparse_bayesian_keep010_seed42,198,vi,20,1,271,,5,256,587.2661217212677,0.8593667090159061,0.12314772759804223,0.12314772759804223,,,0.7881327249146229,0.0060289353132247925,0.9999011001458921,0.7881327249146229,,0.1565717533105691,2.1543325248754965,587.2661217212677,33.37303417906944,0.12314772759804223,0.0003279260506934209,0.8593667090159061,0.12314772759804223,0.000625,56.03900260349545,0.09848512400890118,0.09937169402837753,0.1069615550339222,0.12943947315216064,1.4342459560264254,1.2083546022149063,2.957233453426918,,,,,,,,,,,,,,,,,,1,update_snr,bayesian,0.1,20,101770,10177,0.1,0.040918755324190405,0.021153737796551133,0.01953438487716004,0.04091858940603073,0.021153737796551133,0.01953438487716004,0.04091858940603073,0.047032871833970216,0.04584582910003784,0.05404268101513261,0.01827827845906013,0.01744021358372266,0.03472362802519137,0.047032871833970216,0.04584582910003784,0.05404268101513261,0.01827827845906013,0.01744021358372266,0.03472362802519137,0.4552904976720224,0.6433224345621029,0.5776825187931934,0.8162615435513009,0.5776825187931934,814160,203540,81416,122124,0.75,,,,,,,,,0.0072727506190247565,271
bayesfl_observability_v1,vi_sparse_bayesian_keep010_seed42,198,vi,146,11,1,,5,256,8.611978721618652,0.040150877088308334,14.318462531124068,14.318462531124068,,,0.5158750579921139,0.00313432514667511,0.9999576210770719,0.5158750579921139,,-0.0,2.3292713582565514,8.611978721618652,14.318462531124068,14.318462531124068,0.00014069433557162294,0.040150877088308334,14.318462531124068,0.000625,56.0341674931305,0.09844590401906735,0.0993509478867054,0.10691704601049423,0.12904927134513855,1.4348220068896997,1.2079297936350981,2.958008251773108,,,,,,,,,,,,,,,,,,1,update_snr,bayesian,0.1,20,101770,10177,0.1,0.026111288876048157,0.014130576138468924,0.013644184864262613,0.02611083184204556,0.014130576138468924,0.013644184864262613,0.02611083184204556,0.028832076852144752,0.028305304044272884,0.031917581019624094,0.012497076059171611,0.012170915511513742,0.023054664168895917,0.028832076852144752,0.028305304044272884,0.031917581019624094,0.012497076059171611,0.012170915511513742,0.023054664168895917,0.27466385622720446,0.4366770448979069,0.5324232136677622,0.8464783054205779,0.5324232136677622,814160,203540,81416,122124,0.75,,,,,,,,,0.007266681587510616,1
bayesfl_observability_v1,vi_sparse_bayesian_keep010_seed42,198,vi,290,23,1103,,5,256,135.76126186370848,0.0490206686453936,0.06659986661700741,0.06659986661700741,,,1.1665719994166257,0.012743353843688965,0.9997832869254165,1.1665719994166257,,-0.0,2.3096097079310103,135.76126186370848,73.45965287855917,0.06659986661700741,0.0007218203093107907,0.0490206686453936,0.06659986661700741,0.000625,56.03698044017238,0.09855469283925576,0.09943987056612968,0.10705125629901886,0.12913358211517334,1.4333030766158712,1.207410879254042,2.9552506129982103,,,,,,,,,,,,,,,,,,1,update_snr,bayesian,0.1,20,101770,10177,0.1,0.06144598973205173,0.03023369739142831,0.026044262726153206,0.06144572521913556,0.03023369739142831,0.026044262726153206,0.06144572521913556,0.07540913923084022,0.0720498105425415,0.09196189857604789,0.02521420385371587,0.02312829204436819,0.04974758220194959,0.07540913923084022,0.0720498105425415,0.09196189857604789,0.02521420385371587,0.02312829204436819,0.04974758220194959,0.7420466373200627,0.9001427763776663,0.6360915894528089,0.7716135624957617,0.6360915894528089,814160,203540,81416,122124,0.75,,,,,,,,,0.007280696152497717,1103
bayesfl_observability_v1,vi_sparse_bayesian_keep010_seed42,198,vi,131,10,1,,5,256,9.588593864440918,1.0429433584213257,14.378493459899166,14.378493459899166,,,0.5168978895567337,0.0031335558742284775,0.9999574487740597,0.5168978895567337,,-0.0,2.259365973874069,9.588593864440918,14.378493459899166,14.378493459899166,0.0001412842041849186,1.0429433584213257,14.378493459899166,0.000625,56.032217607888775,0.09844597306780073,0.09933524206280708,0.10691679939627648,0.12921851873397827,1.4347291258281372,1.207678314420492,2.960149291368962,,,,,,,,,,,,,,,,,,1,update_snr,bayesian,0.1,20,101770,10177,0.1,0.026143505073280362,0.014167077699040537,0.013724684053010264,0.02614334394115635,0.014167077699040537,0.013724684053010264,0.02614334394115635,0.028850827360087858,0.028295609242764263,0.03188222403980207,0.012535549958924174,0.012238934228141905,0.023139160885309096,0.028850827360087858,0.028295609242764263,0.03188222403980207,0.012535549958924174,0.012238934228141905,0.023139160885309096,0.2746747937257213,0.4378780491414679,0.5313908206537058,0.847126788459072,0.5313908206537058,814160,203540,81416,122124,0.75,,,,,,,,,0.007267530420506667,1
bayesfl_observability_v1,vi_sparse_bayesian_keep010_seed42,198,vi,43,3,1,,5,256,8.601426887512208,0.4030328392982483,14.350398738599251,14.350398738599251,,,0.5162945893199488,0.0031366199254989624,0.9999575478811222,0.5162945893199488,,-0.0,2.311121424016332,8.601426887512208,14.350398738599251,14.350398738599251,0.00014100814325045938,0.4030328392982483,14.350398738599251,0.000625,56.032122952313074,0.09844660602562687,0.09934105724096298,0.10692595466971398,0.12925472855567932,1.4347415829802797,1.208156946311993,2.959414150667343,,,,,,,,,,,,,,,,,,1,update_snr,bayesian,0.1,20,101770,10177,0.1,0.026195814102505058,0.014156374810279182,0.01363912087690251,0.026195600675490188,0.014156374810279182,0.01363912087690251,0.026195600675490188,0.02884771649593074,0.028320879750729937,0.031841059503997945,0.012524003511873452,0.01219403947149588,0.02311423667158735,0.02884771649593074,0.028320879750729937,0.031841059503997945,0.012524003511873452,0.01219403947149588,0.02311423667158735,0.2749899345948375,0.43696754894680867,0.532622150770644,0.846353144088479,0.532622150770644,814160,203540,81416,122124,0.75,,,,,,,,,0.007267680865987792,1
bayesfl_observability_v1,vi_sparse_bayesian_keep010_seed42,198,vi,247,19,83,,5,256,133.18897533416748,0.24449702343308782,0.17776029585784814,0.17776029585784814,,,0.5238875639191831,0.003134503960609436,0.9999562938611822,0.5238875639191831,,0.37911466974801067,1.93024026923342,133.18897533416748,14.754104556201396,0.17776029585784814,0.0001449749882696413,0.24449702343308782,0.17776029585784814,0.000625,56.03399495813845,0.09844604280518386,0.09934081882238388,0.10691981464624405,0.12907321751117706,1.4347798097425362,1.2067136823372373,2.95978678628297,,,,,,,,,,,,,,,,,,1,update_snr,bayesian,0.1,20,101770,10177,0.1,0.026428056354405826,0.014368584687262442,0.013887573302615915,0.026427921289617736,0.014368584687262442,0.013887573302615915,0.026427921289617736,0.02912469039326045,0.02854885940234906,0.03215043344566471,0.012729017386595997,0.01238540305770293,0.02346733945660318,0.02912469039326045,0.02854885940234906,0.03215043344566471,0.012729017386595997,0.01238540305770293,0.02346733945660318,0.2770057320651413,0.4446639225665058,0.528750348629908,0.8487773965085021,0.528750348629908,814160,203540,81416,122124,0.75,,,,,,,,,0.007267745417095975,83
bayesfl_observability_v1,vi_sparse_bayesian_keep010_seed42,199,vi,162,13,1,,5,256,4.126442289352417,0.44319087266921997,14.429665663964004,14.429665663964004,,,0.5180858208255983,0.003134779632091522,0.9999572787376839,0.5180858208255983,,-0.0,2.185987945410232,4.126442289352417,14.429665663964004,14.429665663964004,0.00014178702627457997,0.44319087266921997,14.429665663964004,0.000625,56.049126245043325,0.09851466747683679,0.09941504523158073,0.10697752982378006,0.12915392220020294,1.4340103533805957,1.2069877276802927,2.959419354382419,,,,,,,,,,,,,,,,,,1,update_snr,bayesian,0.1,20,101770,10177,0.1,0.0261759753354574,0.014209928133289328,0.0137487347552149,0.02617569081615092,0.014209928133289328,0.0137487347552149,0.02617569081615092,0.02887603337868226,0.028340841408933344,0.03193740601272795,0.012580360883801225,0.012281512062502144,0.023101661944410688,0.02887603337868226,0.028340841408933344,0.03193740601272795,0.012580360883801225,0.012281512062502144,0.023101661944410688,0.2750590517223651,0.4390392189840529,0.5309140699586091,0.8474256606452184,0.5309140699586091,814160,203540,81416,122124,0.75,,,,,,,,,0.007261813977345586,1
bayesfl_observability_v1,vi_sparse_bayesian_keep010_seed42,199,vi,101,8,1,,5,256,5.7135498046875,0.22867953777313232,14.345679004826852,14.345679004826852,,,0.5167475607425761,0.0031337738037109375,0.9999574974541894,0.5167475607425761,,-0.0,2.185987945410232,5.7135498046875,14.345679004826852,14.345679004826852,0.00014096176677632754,0.22867953777313232,14.345679004826852,0.000625,56.048049375018564,0.098516055276652,0.09940635040402412,0.10697382763028145,0.12870530784130096,1.4339356203254503,1.2066358359491065,2.959546231770125,,,,,,,,,,,,,,,,,,1,update_snr,bayesian,0.1,20,101770,10177,0.1,0.02616760725121361,0.01415230870206097,0.013644743251975615,0.026167542683995352,0.01415230870206097,0.013644743251975615,0.026167542683995352,0.028841942916096333,0.028315079041358295,0.031862827998775066,0.012520127122723705,0.01217704285682902,0.023091574652625336,0.028841942916096333,0.028315079041358295,0.031862827998775066,0.012520127122723705,0.01217704285682902,0.023091574652625336,0.27500625637644854,0.43749240049081245,0.5321868495736279,0.846626929137561,0.5321868495736279,814160,203540,81416,122124,0.75,,,,,,,,,0.007261335379266292,1
bayesfl_observability_v1,vi_sparse_bayesian_keep010_seed42,199,vi,102,8,341,,5,256,412.38426928520204,0.3373369904906869,0.10214828014953181,0.10214828014953181,,,0.8059853202639137,0.0061925798654556274,0.9998966403806869,0.8059853202639137,,-0.0,2.4040642619438994,412.38426928520204,34.83256353099035,0.10214828014953181,0.00034226750055016555,0.3373369904906869,0.10214828014953181,0.000625,56.05777465671114,0.09855527578404386,0.09945320710539818,0.10701316595077515,0.1289239227771759,1.4337022516713427,1.2063502971743052,2.9576433454783633,,,,,,,,,,,,,,,,,,1,update_snr,bayesian,0.1,20,101770,10177,0.1,0.0419247817611636,0.021607642707799763,0.019974838653207417,0.04192241041505244,0.021607642707799763,0.019974838653207417,0.04192241041505244,0.04810620614851656,0.04690763699380437,0.05507560917900093,0.01866335788105345,0.017797508432679864,0.035470435535183295,0.04810620614851656,0.04690763699380437,0.05507560917900093,0.01866335788105345,0.017797508432679864,0.035470435535183295,0.46541616272478825,0.6580274553204123,0.5774499249842309,0.8164261045163282,0.5774499249842309,814160,203540,81416,122124,0.75,,,,,,,,,0.0072651898281166135,341
bayesfl_observability_v1,vi_sparse_bayesian_keep010_seed42,199,vi,161,12,1,,5,256,7.269499111175537,0.06213264539837837,14.418359368303173,14.418359368303173,,,0.518108361637433,0.003134787082672119,0.999957270343804,0.518108361637433,,-0.0,2.3163460082440825,7.269499111175537,14.418359368303173,14.418359368303173,0.0001416759297268662,0.06213264539837837,14.418359368303173,0.000625,56.044751166160836,0.09851535521546492,0.09940607100725174,0.10696806386113167,0.12893864512443542,1.4339215761334259,1.2075273759308616,2.9574150619877644,,,,,,,,,,,,,,,,,,1,update_snr,bayesian,0.1,20,101770,10177,0.1,0.026178851966253185,0.014195448256799125,0.013749061008664637,0.02617883266895613,0.014195448256799125,0.013749061008664637,0.02617883266895613,0.028858777951990724,0.028303439540304856,0.031856734101077235,0.012566189401777839,0.012249117218999135,0.023170966926956006,0.028858777951990724,0.028303439540304856,0.031856734101077235,0.012566189401777839,0.012249117218999135,0.023170966926956006,0.27533742847467224,0.4388913018955603,0.5314282664817338,0.8471032980600534,0.5314282664817338,814160,203540,81416,122124,0.75,,,,,,,,,0.007260989744314558,1
bayesfl_observability_v1,vi_sparse_bayesian_keep010_seed42,199,vi,210,16,633,,5,256,356.3531584739685,0.1613047510903405,0.08556036812906864,0.08556036812906864,,,1.005786723173848,0.008760526776313782,0.9998390174870292,1.005786723173848,,-0.0,2.311121424016332,356.3531584739685,54.15971302570045,0.08556036812906864,0.0005321775869676766,0.1613047510903405,0.08556036812906864,0.000625,56.05559322389251,0.0985837472888427,0.09948225691914558,0.10706821978092193,0.12908917665481567,1.4330717029275561,1.206044918773558,2.9566524794809332,,,,,,,,,,,,,,,,,,1,update_snr,bayesian,0.1,20,101770,10177,0.1,0.05308891278338495,0.02639448362900236,0.02333248343733192,0.05308743005496373,0.02639448362900236,0.02333248343733192,0.05308743005496373,0.06308575351497092,0.0611441917947886,0.07389480573280714,0.022317675863894746,0.020734855873404404,0.043535250927092574,0.06308575351497092,0.0611441917947886,0.07389480573280714,0.022317675863894746,0.020734855873404404,0.043535250927092574,0.6175935739532201,0.7938419930467745,0.6140402927614212,0.789274678971439,0.6140402927614212,814160,203540,81416,122124,0.75,,,,,,,,,0.007270839804344805,633
bayesfl_observability_v1,vi_sparse_bayesian_keep010_seed42,199,vi,214,17,232,,5,256,355.768909740448,0.35751622298668173,0.06456689800563006,0.06456689800563006,,,0.5281039711466685,0.0031290948390960693,0.9999556076465163,0.5281039711466685,,1.7889541012136536,0.48857548101791376,355.768909740448,14.979520337306173,0.06456689800563006,0.0001471899414101029,0.35751622298668173,0.06456689800563006,0.000625,56.04720090788927,0.09851318658316277,0.09940312802791595,0.10697080567479134,0.12925522029399872,1.4340681975422245,1.205673283383589,2.9576831631680647,,,,,,,,,,,,,,,,,,1,update_snr,bayesian,0.1,20,101770,10177,0.1,0.02657040993336194,0.014506293182742325,0.014110824947352423,0.02657034609846859,0.014506293182742325,0.014110824947352423,0.02657034609846859,0.02921136376641761,0.02862443372560284,0.032218030414291436,0.012872396451222847,0.012590960839652656,0.023611027462840724,0.02921136376641761,0.02862443372560284,0.032218030414291436,0.012872396451222847,0.012590960839652656,0.023611027462840724,0.2770731915204179,0.4495823071269278,0.5246565196599655,0.8513140057454082,0.5246565196599655,814160,203540,81416,122124,0.75,,,,,,,,,0.0072610125735505715,232
bayesfl_observability_v1,vi_sparse_bayesian_keep010_seed42,199,vi,218,17,1,,5,256,5.782924163341522,0.007135857827961445,14.34094806912381,14.34094806912381,,,0.5166368459323326,0.003135278820991516,0.999957516746726,0.5166368459323326,,-0.0,2.185987945410232,5.782924163341522,14.34094806912381,14.34094806912381,0.0001409152802311468,0.007135857827961445,14.34094806912381,0.000625,56.04875605044358,0.0985150845142822,0.09941745921969414,0.10697042271494867,0.12871010601520538,1.4340339329777951,1.2069644262576347,2.958310529338098,,,,,,,,,,,,,,,,,,1,update_snr,bayesian,0.1,20,101770,10177,0.1,0.02610827325506446,0.014152592719385326,0.013672068382147864,0.026108192716866173,0.014152592719385326,0.013672068382147864,0.026108192716866173,0.028802675090261805,0.028258499094692087,0.03185143342675532,0.01252480578928794,0.012208525024242377,0.023134938032470787,0.028802675090261805,0.028258499094692087,0.03185143342675532,0.01252480578928794,0.012208525024242377,0.023134938032470787,0.27469070000122353,0.43755988151080144,0.5316901072077264,0.8469389764897094,0.5316901072077264,814160,203540,81416,122124,0.75,,,,,,,,,0.007261446293252785,1
bayesfl_observability_v1,vi_sparse_bayesian_keep010_seed42,199,vi,44,3,2,,5,256,4.856548929214478,0.0024017097894102335,7.166702000601291,7.166702000601291,,,0.5164202341143549,0.003135894425213337,0.9999575522910475,0.5164202341143549,,-0.0,2.185987945410232,4.856548929214478,14.333404001202583,7.166702000601291,0.00014084115162820657,0.0024017097894102335,7.166702000601291,0.000625,56.04871116847926,0.09851550335353527,0.09941337257623672,0.1069736197590828,0.1288808286190033,1.433984696020119,1.206672201298146,2.957410887095649,,,,,,,,,,,,,,,,,,1,update_snr,bayesian,0.1,20,101770,10177,0.1,0.02615951874456739,0.014136193039321286,0.013639516014312594,0.026159282982583944,0.014136193039321286,0.013639516014312594,0.026159282982583944,0.028865600267095486,0.028312339986848945,0.03192618613394407,0.01249959223623526,0.012145226328069806,0.02310057432330185,0.028865600267095486,0.028312339986848945,0.03192618613394407,0.01249959223623526,0.012145226328069806,0.02310057432330185,0.27476134793223234,0.43725971674187875,0.532049927136259,0.8467129826773073,0.532049927136259,814160,203540,81416,122124,0.75,,,,,,,,,0.007261188698016992,2
bayesfl_observability_v1,vi_sparse_bayesian_keep010_seed42,199,vi,36,2,1,,5,256,3.3741135597229004,0.01016817893832922,14.394620393225814,14.394620393225814,,,0.5175593813156623,0.0031346455216407776,0.9999573649121051,0.5175593813156623,,-0.0,2.185987945410232,3.3741135597229004,14.394620393225814,14.394620393225814,0.00014144266869633304,0.01016817893832922,14.394620393225814,0.000625,56.04877191202502,0.09851440865554884,0.09940888732671738,0.10696719065308571,0.12869392335414886,1.4340324085723313,1.2073326678008982,2.9582031946083167,,,,,,,,,,,,,,,,,,1,update_snr,bayesian,0.1,20,101770,10177,0.1,0.026139950157211406,0.014186895255372914,0.01373560314266743,0.026139904847602435,0.014186895255372914,0.01373560314266743,0.026139904847602435,0.02883971534415332,0.028311112628552987,0.03184993997616357,0.012558804134397313,0.012272314624900414,0.0231158250347387,0.02883971534415332,0.028311112628552987,0.03184993997616357,0.012558804134397313,0.012272314624900414,0.0231158250347387,0.2749048348266716,0.4385145892405082,0.5311561238207093,0.8472739652129999,0.5311561238207093,814160,203540,81416,122124,0.75,,,,,,,,,0.0072613445024640585,1
bayesfl_observability_v1,vi_sparse_bayesian_keep010_seed42,199,vi,133,10,129,,5,256,73.77294931411743,0.18706176816955095,0.11157812911642313,0.11157812911642313,,,0.5175864260343669,0.0031330063939094543,0.9999573581589464,0.5175864260343669,,-0.0,2.259365973874069,73.77294931411743,14.393578656018585,0.11157812911642313,0.00014143243250485,0.18706176816955095,0.11157812911642313,0.000625,56.04711604072934,0.09851424625657526,0.09940549358725548,0.10697705671191216,0.1291874349117279,1.4339623829872545,1.2064680823844478,2.9575651281788025,,,,,,,,,,,,,,,,,,1,update_snr,bayesian,0.1,20,101770,10177,0.1,0.02617162600477179,0.014168217845959098,0.013657258554617697,0.026170904950097156,0.014168217845959098,0.013657258554617697,0.026170904950097156,0.028858759309236107,0.028313334756806575,0.03181921104397789,0.012535935461150538,0.012163494513808548,0.023188932625893076,0.028858759309236107,0.028313334756806575,0.03181921104397789,0.012535935461150538,0.012163494513808548,0.023188932625893076,0.2752081835236251,0.4383562069101519,0.5317144532406105,0.8469236920850892,0.5317144532406105,814160,203540,81416,122124,0.75,,,,,,,,,0.007261644246792398,129
bayesfl_observability_v1,vi_sparse_bayesian_keep010_seed42,199,vi,136,10,1,,5,256,6.0594583511352536,0.0,14.323435853050466,14.323435853050466,,,0.5163140723716437,0.0031325072050094604,0.9999575679311565,0.5163140723716437,,-0.0,2.3155014849272724,6.0594583511352536,14.323435853050466,14.323435853050466,0.0001407432038228404,0.0,14.323435853050466,0.000625,56.04744101596221,0.09851431598121986,0.0994141437113285,0.10697906017303467,0.12860918045043945,1.4339681808055715,1.2066352618370106,2.958670548380608,,,,,,,,,,,,,,,,,,1,update_snr,bayesian,0.1,20,101770,10177,0.1,0.02607756034148076,0.014143500401147787,0.013658468424521647,0.02607729635604991,0.014143500401147787,0.013658468424521647,0.02607729635604991,0.028806281647693936,0.02828235432823526,0.03182133196629382,0.012514302484864884,0.012195069416509271,0.023101634003128344,0.028806281647693936,0.02828235432823526,0.03182133196629382,0.012514302484864884,0.012195069416509271,0.023101634003128344,0.2745687017506342,0.43725535942737437,0.5317862061931157,0.8468786400085513,0.5317862061931157,814160,203540,81416,122124,0.75,,,,,,,,,0.0072609879589107034,1
bayesfl_observability_v1,vi_sparse_bayesian_keep010_seed42,199,vi,199,15,1,,5,256,4.8749268531799315,0.008128064684569836,14.423201872581407,14.423201872581407,,,0.5180224218474726,0.003132864832878113,0.9999572852335008,0.5180224218474726,,-0.0,2.3277319754160017,4.8749268531799315,14.423201872581407,14.423201872581407,0.00014172351255361507,0.008128064684569836,14.423201872581407,0.000625,56.046003065715674,0.09851475925610045,0.09941069036722183,0.10697058737277984,0.12918660044670105,1.433911902702729,1.206172803506064,2.958658926041376,,,,,,,,,,,,,,,,,,1,update_snr,bayesian,0.1,20,101770,10177,0.1,0.026163478975154017,0.014222002001426984,0.013774550605038263,0.02616333311828949,0.014222002001426984,0.013774550605038263,0.02616333311828949,0.028846719379441752,0.028292787784082268,0.031890581746323185,0.012597033403869787,0.012315507000787998,0.023116621454693165,0.028846719379441752,0.028292787784082268,0.031890581746323185,0.012597033403869787,0.012315507000787998,0.023116621454693165,0.27508820810698303,0.43894613256891807,0.531035330721612,0.8473496784240782,0.531035330721612,814160,203540,81416,122124,0.75,,,,,,,,,0.007261213228628644,1
bayesfl_observability_v1,vi_sparse_bayesian_keep010_seed42,199,vi,59,4,1,,5,256,4.502472829818726,0.0,14.408214621215945,14.408214621215945,,,0.5176976218147726,0.0031293630599975586,0.9999573419683109,0.5176976218147726,,-0.0,2.3155014849272724,4.502472829818726,14.408214621215945,14.408214621215945,0.00014157624664651612,0.0,14.408214621215945,0.000625,56.04867139509283,0.09851551351244621,0.09940595924854279,0.10697056278586388,0.12907330691814423,1.4340353675383428,1.2064298966515083,2.958522153896869,,,,,,,,,,,,,,,,,,1,update_snr,bayesian,0.1,20,101770,10177,0.1,0.026167728264742594,0.01418179847260695,0.01371045057889942,0.026167638209880145,0.01418179847260695,0.01371045057889942,0.026167638209880145,0.028879189217292784,0.028316048968688574,0.03193853331986517,0.012548755056530747,0.012209585484309596,0.023143172775738532,0.028879189217292784,0.028316048968688574,0.03193853331986517,0.012548755056530747,0.012209585484309596,0.023143172775738532,0.2751575348394173,0.43851927968307886,0.5315024123055873,0.8470567783291401,0.5315024123055873,814160,203540,81416,122124,0.75,,,,,,,,,0.007261889681755208,1
bayesfl_observability_v1,vi_sparse_bayesian_keep010_seed42,199,vi,89,7,4,,5,256,8.134315800666808,0.8419317007064819,3.606480847744842,3.606480847744842,,,0.5181070275250769,0.003133915364742279,0.9999572728938875,0.5181070275250769,,-0.0,2.185987945410232,8.134315800666808,14.425923390979367,3.606480847744842,0.00014175025440679343,0.8419317007064819,3.606480847744842,0.000625,56.04758206523191,0.09851399088413668,0.09941428154706955,0.10697494074702263,0.12898816168308258,1.433952728792059,1.206080765131107,2.9587263514767024,,,,,,,,,,,,,,,,,,1,update_snr,bayesian,0.1,20,101770,10177,0.1,0.026197329140833354,0.014198491412661789,0.013755885759391417,0.026197011792316986,0.014198491412661789,0.013755885759391417,0.026197011792316986,0.02885880343191955,0.028314533100362742,0.031807994811292165,0.012569567854966483,0.01226062067448756,0.023175814167008334,0.02885880343191955,0.028314533100362742,0.031807994811292165,0.012569567854966483,0.01226062067448756,0.023175814167008334,0.27516267393144567,0.43899931075773646,0.531092340603559,0.8473139475732907,0.531092340603559,814160,203540,81416,122124,0.75,,,,,,,,,0.007261044885192817,4
bayesfl_observability_v1,vi_sparse_bayesian_keep010_seed42,199,vi,237,19,1,,5,256,10.83913450241089,1.0513509511947632,14.312697869693753,14.312697869693753,,,0.5161991764994357,0.0031348615884780884,0.9999575904574503,0.5161991764994357,,-0.0,2.3163460082440825,10.83913450241089,14.312697869693753,14.312697869693753,0.00014063769155638945,1.0513509511947632,14.312697869693753,0.000625,56.04973501285538,0.09851562380399037,0.0994153767824173,0.10697582736611366,0.1291697919368744,1.434013039247649,1.2076835884863129,2.9588979729212204,,,,,,,,,,,,,,,,,,1,update_snr,bayesian,0.1,20,101770,10177,0.1,0.026114754524549626,0.014127944614048722,0.01362174967644839,0.026114569114153482,0.014127944614048722,0.01362174967644839,0.026114569114153482,0.028786766807015033,0.02826366503782366,0.03175699748015937,0.012499186592608022,0.012159789624939596,0.023101897590272574,0.028786766807015033,0.02826366503782366,0.03175699748015937,0.012499186592608022,0.012159789624939596,0.023101897590272574,0.2748331159191993,0.4369534851821641,0.5324168042710927,0.8464823368090781,0.5324168042710927,814160,203540,81416,122124,0.75,,,,,,,,,0.007260731592645017,1
bayesfl_observability_v1,vi_sparse_bayesian_keep010_seed42,200,vi,298,23,35,,5,256,9.019872570037842,0.010876444407871791,0.41045048950174123,0.41045048950174123,,,0.5173850686005379,0.0031334012746810913,0.999957411709074,0.5173850686005379,,-0.0,2.3096097079310103,9.019872570037842,14.365767132560944,0.41045048950174123,0.0001411591542945951,0.010876444407871791,0.41045048950174123,0.000625,56.0606254124151,0.09857520838395761,0.09947580099105835,0.10701628178358079,0.1291792094707489,1.4333838456635821,1.2069241571059321,2.9569923843010013,,,,,,,,,,,,,,,,,,1,update_snr,bayesian,0.1,20,101770,10177,0.1,0.026158613199796715,0.014164596225748486,0.013742252897918552,0.02615845601616842,0.014164596225748486,0.013742252897918552,0.02615845601616842,0.028839072967317747,0.02828355327847419,0.031830885293598565,0.012534098810018568,0.012242973958633534,0.02308037666229486,0.028839072967317747,0.02828355327847419,0.031830885293598565,0.012534098810018568,0.012242973958633534,0.02308037666229486,0.27485331377899486,0.43834115151955416,0.5312354964599941,0.847224201319169,0.5312354964599941,814160,203540,81416,122124,0.75,,,,,,,,,0.007254936015829484,35
bayesfl_observability_v1,vi_sparse_bayesian_keep010_seed42,200,vi,27,2,1,,5,256,7.90227313041687,0.2474033385515213,14.277168588801675,14.277168588801675,,,0.5160226342771578,0.0031356066465377808,0.9999576384625449,0.5160226342771578,,-0.0,2.3163460082440825,7.90227313041687,14.277168588801675,14.277168588801675,0.00014028857805641816,0.2474033385515213,14.277168588801675,0.000625,56.062012168083115,0.09857432393400535,0.0994827002286911,0.10701345130801201,0.12910246849060059,1.4334399281507555,1.206879007570811,2.957311225495776,,,,,,,,,,,,,,,,,,1,update_snr,bayesian,0.1,20,101770,10177,0.1,0.026079892978803556,0.014128866458810466,0.013654664248363532,0.026079450843206498,0.014128866458810466,0.013654664248363532,0.026079450843206498,0.028736409127706905,0.02821872167798888,0.03168793419221377,0.012505806162266417,0.012189080624953526,0.023041688084260104,0.028736409127706905,0.02821872167798888,0.03168793419221377,0.012505806162266417,0.012189080624953526,0.023041688084260104,0.2747183756637021,0.43681709348311265,0.5323766002019008,0.8465076228584509,0.5323766002019008,814160,203540,81416,122124,0.75,,,,,,,,,0.007254607370792089,1
bayesfl_observability_v1,vi_sparse_bayesian_keep010_seed42,200,vi,92,7,1,,5,256,5.170238876342774,0.0058440533466637135,14.307860603630258,14.307860603630258,,,0.516506372273442,0.0031372718513011932,0.9999575596632765,0.516506372273442,,-0.0,2.3163460082440825,5.170238876342774,14.307860603630258,14.307860603630258,0.00014059016020074932,0.0058440533466637135,14.307860603630258,0.000625,56.06230865636608,0.0985742635856935,0.09947437047958374,0.10701693296432495,0.12880808115005493,1.4334225359061135,1.206440346458546,2.9574320929268176,,,,,,,,,,,,,,,,,,1,update_snr,bayesian,0.1,20,101770,10177,0.1,0.026071297190544154,0.014138715116391892,0.013658776000823577,0.026070944619150473,0.014138715116391892,0.013658776000823577,0.026070944619150473,0.028740494832911873,0.02819767335648154,0.03172716083202181,0.012516295147889673,0.012203763429055063,0.023099251167531948,0.028740494832911873,0.02819767335648154,0.03172716083202181,0.012516295147889673,0.012203763429055063,0.023099251167531948,0.27460572071421546,0.4374591760954362,0.5316598893165975,0.8469579458815318,0.5316598893165975,814160,203540,81416,122124,0.75,,,,,,,,,0.007254965200049022,1
bayesfl_observability_v1,vi_sparse_bayesian_keep010_seed42,200,vi,99,7,4,,5,256,23.78349666595459,0.6211652159690857,3.5711200611117646,3.5711200611117646,,,0.5162209896740901,0.003129333257675171,0.9999575987158948,0.5162209896740901,,-0.0,2.311121424016332,23.78349666595459,14.284480244447058,3.5711200611117646,0.000140360422958112,0.6211652159690857,3.5711200611117646,0.000625,56.05675284107094,0.09857391647495226,0.09947562217712402,0.10702133923768997,0.12918630242347717,1.433201784283273,1.2063448457256218,2.957507959814223,,,,,,,,,,,,,,,,,,1,update_snr,bayesian,0.1,20,101770,10177,0.1,0.026106449310484444,0.014115923944363637,0.013597422986126696,0.02610580665041487,0.014115923944363637,0.013597422986126696,0.02610580665041487,0.028779388857073682,0.02823131370911027,0.03182243245515596,0.012486650065173627,0.012154002771578224,0.023059404690303414,0.028779388857073682,0.02823131370911027,0.03182243245515596,0.012486650065173627,0.012154002771578224,0.023059404690303414,0.2750744804762352,0.4368273576263585,0.5328618672594079,0.8462022396689917,0.5328618672594079,814160,203540,81416,122124,0.75,,,,,,,,,0.007254981583782292,4
bayesfl_observability_v1,vi_sparse_bayesian_keep010_seed42,200,vi,138,11,1,,5,256,5.423171710968018,0.00023398046323563904,14.324026388479902,14.324026388479902,,,0.5166271526656243,0.003129042685031891,0.9999575316022622,0.5166271526656243,,-0.0,2.3277319754160017,5.423171710968018,14.324026388479902,14.324026388479902,0.00014074900647027515,0.00023398046323563904,14.324026388479902,0.000625,56.05577306499183,0.09857518088683476,0.09947519749403,0.10702482610940933,0.1290155053138733,1.4331872176444265,1.2071691053169462,2.9576225914050664,,,,,,,,,,,,,,,,,,1,update_snr,bayesian,0.1,20,101770,10177,0.1,0.02605852816931336,0.014148172439225495,0.013661897795305375,0.026057869233945593,0.014148172439225495,0.013661897795305375,0.026057869233945593,0.028735775660220175,0.028171028073576663,0.03180854514062824,0.012527327636892752,0.012203197919976906,0.02308657111545081,0.028735775660220175,0.028171028073576663,0.03180854514062824,0.012527327636892752,0.012203197919976906,0.02308657111545081,0.2744233585020896,0.43771615823479026,0.5311826083591548,0.8472573614768802,0.5311826083591548,814160,203540,81416,122124,0.75,,,,,,,,,0.007254922313631364,1
bayesfl_observability_v1,vi_sparse_bayesian_keep010_seed42,200,vi,142,11,17,,5,256,7.7320234179496765,0.019419284427867216,0.8451936080709868,0.8451936080709868,,,0.517494849960303,0.0031278207898139954,0.9999573914937312,0.517494849960303,,-0.0,2.3096097079310103,7.7320234179496765,14.368291337206776,0.8451936080709868,0.00014118395732737324,0.019419284427867216,0.8451936080709868,0.000625,56.05923782541051,0.09857557572100824,0.09947983175516129,0.10702689960598946,0.12912419438362122,1.433316389082271,1.2058637383877522,2.957363170226036,,,,,,,,,,,,,,,,,,1,update_snr,bayesian,0.1,20,101770,10177,0.1,0.026117725002772093,0.014167783164617049,0.013721853026132585,0.02611719893524748,0.014167783164617049,0.013721853026132585,0.02611719893524748,0.02883248039162462,0.02827337112324282,0.031908452065395276,0.01253837236161621,0.012233171208793792,0.023096792379524743,0.02883248039162462,0.02827337112324282,0.031908452065395276,0.01253837236161621,0.012233171208793792,0.023096792379524743,0.2751990763570683,0.4382537941737106,0.5317909470561472,0.8468756630280069,0.5317909470561472,814160,203540,81416,122124,0.75,,,,,,,,,0.007255719009495815,17
bayesfl_observability_v1,vi_sparse_bayesian_keep010_seed42,200,vi,230,18,1,,5,256,6.062691879272461,0.01068242359906435,14.293397330172638,14.293397330172638,,,0.5163045739995678,0.0031298771500587463,0.99995758650721,0.5163045739995678,,-0.0,2.28098669344155,6.062691879272461,14.293397330172638,14.293397330172638,0.000140448042941659,0.01068242359906435,14.293397330172638,0.000625,56.05860628334456,0.09857432029576173,0.09946908801794052,0.10702273175120354,0.1292276531457901,1.4333693299035288,1.2071798906326312,2.956591657191371,,,,,,,,,,,,,,,,,,1,update_snr,bayesian,0.1,20,101770,10177,0.1,0.026131442673287732,0.014120520585797403,0.013609658894145782,0.026131120426150956,0.014120520585797403,0.013609658894145782,0.026131120426150956,0.028781655727367055,0.02826049133824354,0.031774478762560246,0.012491505570067443,0.012157409562764654,0.02307445119787042,0.028781655727367055,0.02826049133824354,0.031774478762560246,0.012491505570067443,0.012157409562764654,0.02307445119787042,0.27509227160307353,0.4369149290618667,0.5328100610693095,0.8462348603214824,0.5328100610693095,814160,203540,81416,122124,0.75,,,,,,,,,0.007255710753376045,1
bayesfl_observability_v1,vi_sparse_bayesian_keep010_seed42,200,vi,124,9,63,,5,256,46.0649293422699,0.13625370510040768,0.22869031383318875,0.22869031383318875,,,0.5182269040119515,0.00313761830329895,0.9999572733108036,0.5182269040119515,,0.12974069471942834,2.1312291508990175,46.0649293422699,14.40748977149089,0.22869031383318875,0.00014156912421628073,0.13625370510040768,0.22869031383318875,0.000625,56.06079844785474,0.09857425238723733,0.09947534278035164,0.10702804699540139,0.12909595668315887,1.4334229672320935,1.2066340290585136,2.95686079769997,,,,,,,,,,,,,,,,,,1,update_snr,bayesian,0.1,20,101770,10177,0.1,0.02613118152568208,0.014193781449072435,0.01370797955681526,0.026130799372539336,0.014193781449072435,0.01370797955681526,0.026130799372539336,0.028820573847235253,0.028264034471651812,0.031857458044460545,0.012568582293721013,0.012258669359170232,0.023160565194168137,0.028820573847235253,0.028264034471651812,0.031857458044460545,0.012568582293721013,0.012258669359170232,0.023160565194168137,0.2750662709186731,0.4392011733189104,0.5307834633616966,0.8475074719563024,0.5307834633616966,814160,203540,81416,122124,0.75,,,,,,,,,0.0072556617151292935,63
bayesfl_observability_v1,vi_sparse_bayesian_keep010_seed42,200,vi,155,12,1,,5,256,9.842263507843018,1.1588869094848633,14.274342637820244,14.274342637820244,,,0.5157659327220074,0.0031295418739318848,0.9999576768629643,0.5157659327220074,,-0.0,2.28098669344155,9.842263507843018,14.274342637820244,14.274342637820244,0.00014026081004048585,1.1588869094848633,14.274342637820244,0.000625,56.060026492130376,0.09857450857153807,0.09947779029607773,0.10702261105179788,0.1288284808397293,1.4333453461541528,1.2064242176067572,2.957768553476894,,,,,,,,,,,,,,,,,,1,update_snr,bayesian,0.1,20,101770,10177,0.1,0.026092431435332842,0.014106410098715761,0.013596225408914536,0.02609209517330647,0.014106410098715761,0.013596225408914536,0.02609209517330647,0.02880345582000194,0.02825286001571536,0.03182850920305638,0.012473405018572853,0.012139205998858137,0.02302580631705927,0.02880345582000194,0.02825286001571536,0.03182850920305638,0.012473405018572853,0.012139205998858137,0.02302580631705927,0.27480290520555245,0.4364606060656454,0.5328054603281998,0.8462377570425793,0.5328054603281998,814160,203540,81416,122124,0.75,,,,,,,,,0.0072551863851861,1
bayesfl_observability_v1,vi_sparse_bayesian_keep010_seed42,200,vi,102,8,341,,5,256,236.7815299987793,0.20362517840701463,0.09501331898953018,0.09501331898953018,,,0.7768821095456081,0.006173849105834961,0.9999039957799535,0.7768821095456081,,-0.0,2.4040642619438994,236.7815299987793,32.39954177542979,0.09501331898953018,0.00031836043800166836,0.20362517840701463,0.09501331898953018,0.000625,56.06622380110136,0.09861691836866202,0.09951803088188171,0.10707130953669548,0.12920211255550385,1.432914580473576,1.205562754922712,2.955059175333595,,,,,,,,,,,,,,,,,,1,update_snr,bayesian,0.1,20,101770,10177,0.1,0.040543230859018425,0.02070761769819848,0.018823059336571434,0.04054198378208554,0.02070761769819848,0.018823059336571434,0.04054198378208554,0.0471138653007444,0.04582673273364069,0.05445337827624296,0.017773590186804487,0.01684990554963289,0.03400396304640711,0.0471138653007444,0.04582673273364069,0.05445337827624296,0.017773590186804487,0.01684990554963289,0.03400396304640711,0.45767275862891754,0.6277590765102734,0.589114812923941,0.8080493408162591,0.589114812923941,814160,203540,81416,122124,0.75,,,,,,,,,0.007260366463728132,341
bayesfl_observability_v1,vi_sparse_bayesian_keep010_seed42,200,vi,263,21,2,,5,256,5.326587557792664,0.005165955983102322,7.185633586764711,7.185633586764711,,,0.5175306226105238,0.0031336769461631775,0.9999573866541723,0.5175306226105238,,-0.0,2.185987945410232,5.326587557792664,14.371267173529422,7.185633586764711,0.00014121319812842117,0.005165955983102322,7.185633586764711,0.000625,56.05996920930982,0.09857457299874446,0.09946733713150024,0.1070230469107628,0.1291830837726593,1.4333792923364863,1.2065009920663958,2.9556962796128663,,,,,,,,,,,,,,,,,,1,update_snr,bayesian,0.1,20,101770,10177,0.1,0.026147019805451196,0.014176041333906328,0.013723333951907769,0.026146790952490194,0.014176041333906328,0.013723333951907769,0.026146790952490194,0.028778488803793988,0.02827112651290947,0.03173489310415417,0.012553547170585476,0.01221339474126516,0.02316993103664909,0.028778488803793988,0.02827112651290947,0.03173489310415417,0.012553547170585476,0.01221339474126516,0.02316993103664909,0.27454952318353415,0.4387032079428308,0.5304990877615195,0.8476855064728877,0.5304990877615195,814160,203540,81416,122124,0.75,,,,,,,,,0.007255821783353156,2
bayesfl_observability_v1,vi_sparse_bayesian_keep010_seed42,200,vi,12,1,1,,5,256,5.258724784851074,0.006289332173764706,14.339975657122812,14.339975657122812,,,0.5168164815429306,0.0031381286680698395,0.9999575014796228,0.5168164815429306,,-0.0,2.3277319754160017,5.258724784851074,14.339975657122812,14.339975657122812,0.00014090572523457612,0.006289332173764706,14.339975657122812,0.000625,56.05770226183589,0.09857442049238048,0.09948133677244186,0.10702257752418518,0.1286325752735138,1.433289965357486,1.2055179002322247,2.955631868724607,,,,,,,,,,,,,,,,,,1,update_snr,bayesian,0.1,20,101770,10177,0.1,0.026109040595959598,0.01415292104699412,0.013696601889321041,0.02610903928777092,0.01415292104699412,0.013696601889321041,0.02610903928777092,0.02878606137784621,0.028247015017817782,0.03177168109155403,0.012527016565788331,0.012222076834497081,0.023133965995439727,0.02878606137784621,0.028247015017817782,0.03177168109155403,0.012527016565788331,0.012222076834497081,0.023133965995439727,0.27466062922178003,0.43779083401769636,0.531447117169704,0.8470914718328894,0.531447117169704,814160,203540,81416,122124,0.75,,,,,,,,,0.007255332224513642,1
bayesfl_observability_v1,vi_sparse_bayesian_keep010_seed42,200,vi,198,15,1,,5,256,5.812996482849121,0.00025006983196362853,14.389224575305088,14.389224575305088,,,0.5178141385720162,0.0031360331922769547,0.9999573474055555,0.5178141385720162,,-0.0,2.3096097079310103,5.812996482849121,14.389224575305088,14.389224575305088,0.00014138964896634655,0.00025006983196362853,14.389224575305088,0.000625,56.06349318106351,0.09857366675560603,0.09947037696838379,0.10701513364911079,0.12866534292697906,1.4334089218604538,1.2062126962269484,2.9561091840148754,,,,,,,,,,,,,,,,,,1,update_snr,bayesian,0.1,20,101770,10177,0.1,0.026123038196909077,0.014189515769087977,0.013742541260030505,0.02612182584624658,0.014189515769087977,0.013742541260030505,0.02612182584624658,0.028832531349364175,0.028304030304402494,0.031853226652383534,0.012562514037946176,0.012269118554309164,0.023112198308966034,0.028832531349364175,0.028304030304402494,0.031853226652383534,0.012562514037946176,0.012269118554309164,0.023112198308966034,0.2749391640384232,0.43879373079264955,0.530961098892794,0.8473961950956334,0.530961098892794,814160,203540,81416,122124,0.75,,,,,,,,,0.007254921053419706,1
bayesfl_observability_v1,vi_sparse_bayesian_keep010_seed42,200,vi,212,17,1,,5,256,7.112442255020142,0.0018388995667919517,14.332470677374385,14.332470677374385,,,0.5169773120117106,0.0031355321407318115,0.9999574781215171,0.5169773120117106,,-0.0,2.185987945410232,7.112442255020142,14.332470677374385,14.332470677374385,0.0001408319807150868,0.0018388995667919517,14.332470677374385,0.000625,56.060217361939046,0.0985743770303187,0.09947419911623001,0.10702679455280305,0.12873561680316925,1.4333468147718929,1.207041761356468,2.956939431590476,,,,,,,,,,,,,,,,,,1,update_snr,bayesian,0.1,20,101770,10177,0.1,0.026106863008634414,0.014150165712537011,0.013683722216449083,0.026106051610729337,0.014150165712537011,0.013683722216449083,0.026106051610729337,0.028799487280570163,0.028264592218271635,0.031806553887383904,0.012522463316088885,0.012216802597311102,0.02306201113500682,0.028799487280570163,0.028264592218271635,0.031806553887383904,0.012522463316088885,0.012216802597311102,0.02306201113500682,0.27482899052623005,0.4378750587795416,0.5316074499609852,0.8469908613119618,0.5316074499609852,814160,203540,81416,122124,0.75,,,,,,,,,0.00725617219324457,1
bayesfl_observability_v1,vi_sparse_bayesian_keep010_seed42,200,vi,7,0,80,,5,256,143.79390230178834,0.7145901679992676,0.18251789368539995,0.18251789368539995,,,0.5214824216881384,0.0031371712684631348,0.9999567371483663,0.5214824216881384,,-0.0,2.4040642619438994,143.79390230178834,14.601431494831996,0.18251789368539995,0.00014347481079720936,0.7145901679992676,0.18251789368539995,0.000625,56.061972289947136,0.09857501373781405,0.0994756817817688,0.10701482892036437,0.1285952925682068,1.4334594365220477,1.2062909651285625,2.9568416510242224,,,,,,,,,,,,,,,,,,1,update_snr,bayesian,0.1,20,101770,10177,0.1,0.026306306409022987,0.014286354781767327,0.01379489557642273,0.026305335638921085,0.014286354781767327,0.01379489557642273,0.026305335638921085,0.029017647046545997,0.028450451343876,0.032154183742293514,0.012649544530125255,0.012294265548540845,0.023354589250930168,0.029017647046545997,0.028450451343876,0.032154183742293514,0.012649544530125255,0.012294265548540845,0.023354589250930168,0.2760985393248755,0.44239519969411484,0.5294493694170778,0.8483415380752374,0.5294493694170778,814160,203540,81416,122124,0.75,,,,,,,,,0.007255369716927342,80
