schema_version,run_id,round,physical_client_id,virtual_client_id,selected,selection_policy,distance_m,angle_rad,channel_gain,channel_snr_db,pathloss_db,noise_power,tx_power,rate_mbps,delay_ms,energy_j,outage,analog_ota_enabled,ota_noise_power,ota_distortion,ota_mse,ota_contribution_norm,digital_enabled,packet_error_rate,payload_bytes,communication_success
bayesfl_observability_v1,ola_lr0p05_b64_e1,1,24,1,1,random,413.5419178369083,3.5761099207991176,,,,,,,,,,0,,,,,0,,,
bayesfl_observability_v1,ola_lr0p05_b64_e1,1,30,2,1,random,247.4723068152236,0.33109398170456106,,,,,,,,,,0,,,,,0,,,
bayesfl_observability_v1,ola_lr0p05_b64_e1,1,50,4,1,random,512.4147341853131,4.810290372805616,,,,,,,,,,0,,,,,0,,,
bayesfl_observability_v1,ola_lr0p05_b64_e1,1,117,9,1,random,451.05544720842494,0.03391461562941973,,,,,,,,,,0,,,,,0,,,
bayesfl_observability_v1,ola_lr0p05_b64_e1,1,151,12,1,random,59.71953091395691,5.256481255585119,,,,,,,,,,0,,,,,0,,,
bayesfl_observability_v1,ola_lr0p05_b64_e1,1,163,13,1,random,176.2690904351675,4.414354249060658,,,,,,,,,,0,,,,,0,,,
bayesfl_observability_v1,ola_lr0p05_b64_e1,1,171,13,1,random,505.35595564335915,1.2725412185698093,,,,,,,,,,0,,,,,0,,,
bayesfl_observability_v1,ola_lr0p05_b64_e1,1,180,14,1,random,513.8569424337791,6.226351452948496,,,,,,,,,,0,,,,,0,,,
bayesfl_observability_v1,ola_lr0p05_b64_e1,1,183,14,1,random,145.57423040736145,1.8419185953761883,,,,,,,,,,0,,,,,0,,,
bayesfl_observability_v1,ola_lr0p05_b64_e1,1,189,15,1,random,475.29194595271167,0.44670535021845836,,,,,,,,,,0,,,,,0,,,
bayesfl_observability_v1,ola_lr0p05_b64_e1,1,233,18,1,random,439.21626364831354,5.778760420837365,,,,,,,,,,0,,,,,0,,,
bayesfl_observability_v1,ola_lr0p05_b64_e1,1,237,19,1,random,469.67455714719193,4.854893099297161,,,,,,,,,,0,,,,,0,,,
bayesfl_observability_v1,ola_lr0p05_b64_e1,1,252,20,1,random,459.27232267836285,1.874998350090816,,,,,,,,,,0,,,,,0,,,
bayesfl_observability_v1,ola_lr0p05_b64_e1,1,263,21,1,random,406.0448992293342,2.4314697304812256,,,,,,,,,,0,,,,,0,,,
bayesfl_observability_v1,ola_lr0p05_b64_e1,1,267,21,1,random,150.43278096868144,5.4986340060965535,,,,,,,,,,0,,,,,0,,,
bayesfl_observability_v1,ola_lr0p05_b64_e1,2,11,0,1,random,184.56611946256038,0.8994710010681625,,,,,,,,,,0,,,,,0,,,
bayesfl_observability_v1,ola_lr0p05_b64_e1,2,30,2,1,random,247.4723068152236,0.33109398170456106,,,,,,,,,,0,,,,,0,,,
bayesfl_observability_v1,ola_lr0p05_b64_e1,2,41,3,1,random,462.8203939719845,5.9117206090117875,,,,,,,,,,0,,,,,0,,,
bayesfl_observability_v1,ola_lr0p05_b64_e1,2,73,5,1,random,433.18462453670395,0.9332705617839532,,,,,,,,,,0,,,,,0,,,
bayesfl_observability_v1,ola_lr0p05_b64_e1,2,83,6,1,random,530.5836903660695,2.0093833430662467,,,,,,,,,,0,,,,,0,,,
bayesfl_observability_v1,ola_lr0p05_b64_e1,2,128,10,1,random,91.86636830857358,1.3107000224737446,,,,,,,,,,0,,,,,0,,,
bayesfl_observability_v1,ola_lr0p05_b64_e1,2,143,11,1,random,132.2078149831968,1.157911912606807,,,,,,,,,,0,,,,,0,,,
bayesfl_observability_v1,ola_lr0p05_b64_e1,2,158,12,1,random,386.08390679380824,1.4119042331237421,,,,,,,,,,0,,,,,0,,,
bayesfl_observability_v1,ola_lr0p05_b64_e1,2,173,13,1,random,323.5469306973342,5.863675063656309,,,,,,,,,,0,,,,,0,,,
bayesfl_observability_v1,ola_lr0p05_b64_e1,2,195,15,1,random,533.2327766715206,1.3882606107027624,,,,,,,,,,0,,,,,0,,,
bayesfl_observability_v1,ola_lr0p05_b64_e1,2,238,19,1,random,461.53317502431446,3.939706840466583,,,,,,,,,,0,,,,,0,,,
bayesfl_observability_v1,ola_lr0p05_b64_e1,2,264,21,1,random,84.75662840573435,2.8667719852171194,,,,,,,,,,0,,,,,0,,,
bayesfl_observability_v1,ola_lr0p05_b64_e1,2,267,21,1,random,150.43278096868144,5.4986340060965535,,,,,,,,,,0,,,,,0,,,
bayesfl_observability_v1,ola_lr0p05_b64_e1,2,277,22,1,random,499.13702723040376,0.1704494029325066,,,,,,,,,,0,,,,,0,,,
bayesfl_observability_v1,ola_lr0p05_b64_e1,2,278,22,1,random,259.0496696070433,5.205400833556147,,,,,,,,,,0,,,,,0,,,
bayesfl_observability_v1,ola_lr0p05_b64_e1,3,6,0,1,random,382.07816949014125,1.4575165068128029,,,,,,,,,,0,,,,,0,,,
bayesfl_observability_v1,ola_lr0p05_b64_e1,3,16,1,1,random,457.77769010845736,0.4702079771507635,,,,,,,,,,0,,,,,0,,,
bayesfl_observability_v1,ola_lr0p05_b64_e1,3,18,1,1,random,192.73869487670333,4.079410567499369,,,,,,,,,,0,,,,,0,,,
bayesfl_observability_v1,ola_lr0p05_b64_e1,3,34,2,1,random,518.7689813630911,0.8945761526500957,,,,,,,,,,0,,,,,0,,,
bayesfl_observability_v1,ola_lr0p05_b64_e1,3,87,7,1,random,374.83550460292463,2.295494594932251,,,,,,,,,,0,,,,,0,,,
bayesfl_observability_v1,ola_lr0p05_b64_e1,3,100,8,1,random,300.18614970373824,3.7006468336014144,,,,,,,,,,0,,,,,0,,,
bayesfl_observability_v1,ola_lr0p05_b64_e1,3,149,11,1,random,427.0949856881615,0.7390916384227064,,,,,,,,,,0,,,,,0,,,
bayesfl_observability_v1,ola_lr0p05_b64_e1,3,204,16,1,random,240.54352884875206,0.3042386112416968,,,,,,,,,,0,,,,,0,,,
bayesfl_observability_v1,ola_lr0p05_b64_e1,3,215,17,1,random,535.4635076978701,0.46195059571228464,,,,,,,,,,0,,,,,0,,,
bayesfl_observability_v1,ola_lr0p05_b64_e1,3,217,17,1,random,452.7588570783861,0.5928028650980628,,,,,,,,,,0,,,,,0,,,
bayesfl_observability_v1,ola_lr0p05_b64_e1,3,236,18,1,random,432.8639651776865,0.5610407148912296,,,,,,,,,,0,,,,,0,,,
bayesfl_observability_v1,ola_lr0p05_b64_e1,3,239,19,1,random,523.5911267759934,3.30686170828379,,,,,,,,,,0,,,,,0,,,
bayesfl_observability_v1,ola_lr0p05_b64_e1,3,249,19,1,random,442.00811601762734,3.1223736420174864,,,,,,,,,,0,,,,,0,,,
bayesfl_observability_v1,ola_lr0p05_b64_e1,3,260,20,1,random,400.62744373318765,4.295173276929027,,,,,,,,,,0,,,,,0,,,
bayesfl_observability_v1,ola_lr0p05_b64_e1,3,299,23,1,random,193.6088990086483,5.727270269879843,,,,,,,,,,0,,,,,0,,,
bayesfl_observability_v1,ola_lr0p05_b64_e1,4,7,0,1,random,252.92910103355504,2.5535122755371904,,,,,,,,,,0,,,,,0,,,
bayesfl_observability_v1,ola_lr0p05_b64_e1,4,16,1,1,random,457.77769010845736,0.4702079771507635,,,,,,,,,,0,,,,,0,,,
bayesfl_observability_v1,ola_lr0p05_b64_e1,4,20,1,1,random,275.16926983776,4.09262531384759,,,,,,,,,,0,,,,,0,,,
bayesfl_observability_v1,ola_lr0p05_b64_e1,4,41,3,1,random,462.8203939719845,5.9117206090117875,,,,,,,,,,0,,,,,0,,,
bayesfl_observability_v1,ola_lr0p05_b64_e1,4,46,3,1,random,342.6954868921892,0.15499575149570433,,,,,,,,,,0,,,,,0,,,
bayesfl_observability_v1,ola_lr0p05_b64_e1,4,72,5,1,random,120.93847648909959,2.7047799311386003,,,,,,,,,,0,,,,,0,,,
bayesfl_observability_v1,ola_lr0p05_b64_e1,4,101,8,1,random,152.34664836523982,2.7093013664620176,,,,,,,,,,0,,,,,0,,,
bayesfl_observability_v1,ola_lr0p05_b64_e1,4,112,9,1,random,479.9929787701995,1.7280492386568027,,,,,,,,,,0,,,,,0,,,
bayesfl_observability_v1,ola_lr0p05_b64_e1,4,163,13,1,random,176.2690904351675,4.414354249060658,,,,,,,,,,0,,,,,0,,,
bayesfl_observability_v1,ola_lr0p05_b64_e1,4,166,13,1,random,492.81797518905296,3.986647168342786,,,,,,,,,,0,,,,,0,,,
bayesfl_observability_v1,ola_lr0p05_b64_e1,4,180,14,1,random,513.8569424337791,6.226351452948496,,,,,,,,,,0,,,,,0,,,
bayesfl_observability_v1,ola_lr0p05_b64_e1,4,181,14,1,random,117.2094200248818,0.9884171798994301,,,,,,,,,,0,,,,,0,,,
bayesfl_observability_v1,ola_lr0p05_b64_e1,4,192,15,1,random,484.836426855211,4.739542518360244,,,,,,,,,,0,,,,,0,,,
bayesfl_observability_v1,ola_lr0p05_b64_e1,4,292,23,1,random,279.0671500457063,2.060423575075183,,,,,,,,,,0,,,,,0,,,
bayesfl_observability_v1,ola_lr0p05_b64_e1,4,296,23,1,random,433.47189676235445,3.772405701277136,,,,,,,,,,0,,,,,0,,,
bayesfl_observability_v1,ola_lr0p05_b64_e1,5,19,1,1,random,532.1810432573344,3.5395651471461984,,,,,,,,,,0,,,,,0,,,
bayesfl_observability_v1,ola_lr0p05_b64_e1,5,25,2,1,random,479.06110685758097,1.386012514368108,,,,,,,,,,0,,,,,0,,,
bayesfl_observability_v1,ola_lr0p05_b64_e1,5,61,4,1,random,443.8143499745043,5.185910990858567,,,,,,,,,,0,,,,,0,,,
bayesfl_observability_v1,ola_lr0p05_b64_e1,5,89,7,1,random,546.5384330237597,4.125130843665766,,,,,,,,,,0,,,,,0,,,
bayesfl_observability_v1,ola_lr0p05_b64_e1,5,118,9,1,random,336.1605785701321,0.418716155316603,,,,,,,,,,0,,,,,0,,,
bayesfl_observability_v1,ola_lr0p05_b64_e1,5,122,9,1,random,159.02447353412242,0.8523758390877691,,,,,,,,,,0,,,,,0,,,
bayesfl_observability_v1,ola_lr0p05_b64_e1,5,126,10,1,random,199.29961694974457,2.686620278845943,,,,,,,,,,0,,,,,0,,,
bayesfl_observability_v1,ola_lr0p05_b64_e1,5,169,13,1,random,277.9408552749002,3.043563931738982,,,,,,,,,,0,,,,,0,,,
bayesfl_observability_v1,ola_lr0p05_b64_e1,5,177,14,1,random,491.3944810637074,0.07563468299589884,,,,,,,,,,0,,,,,0,,,
bayesfl_observability_v1,ola_lr0p05_b64_e1,5,180,14,1,random,513.8569424337791,6.226351452948496,,,,,,,,,,0,,,,,0,,,
bayesfl_observability_v1,ola_lr0p05_b64_e1,5,212,17,1,random,204.93282197249428,1.8291552855127098,,,,,,,,,,0,,,,,0,,,
bayesfl_observability_v1,ola_lr0p05_b64_e1,5,240,19,1,random,485.5557472749281,4.00309377263168,,,,,,,,,,0,,,,,0,,,
bayesfl_observability_v1,ola_lr0p05_b64_e1,5,250,20,1,random,539.3963132867785,0.7089335613432048,,,,,,,,,,0,,,,,0,,,
bayesfl_observability_v1,ola_lr0p05_b64_e1,5,278,22,1,random,259.0496696070433,5.205400833556147,,,,,,,,,,0,,,,,0,,,
bayesfl_observability_v1,ola_lr0p05_b64_e1,5,288,23,1,random,220.35323721463058,3.1894663115402193,,,,,,,,,,0,,,,,0,,,
bayesfl_observability_v1,ola_lr0p05_b64_e1,6,15,1,1,random,519.4134380723592,5.784100292641981,,,,,,,,,,0,,,,,0,,,
bayesfl_observability_v1,ola_lr0p05_b64_e1,6,17,1,1,random,371.9773416923275,3.3227777376170584,,,,,,,,,,0,,,,,0,,,
bayesfl_observability_v1,ola_lr0p05_b64_e1,6,19,1,1,random,532.1810432573344,3.5395651471461984,,,,,,,,,,0,,,,,0,,,
bayesfl_observability_v1,ola_lr0p05_b64_e1,6,30,2,1,random,247.4723068152236,0.33109398170456106,,,,,,,,,,0,,,,,0,,,
bayesfl_observability_v1,ola_lr0p05_b64_e1,6,39,3,1,random,197.35125607760176,5.345133981472537,,,,,,,,,,0,,,,,0,,,
bayesfl_observability_v1,ola_lr0p05_b64_e1,6,51,4,1,random,439.42159618694393,2.8685338169985437,,,,,,,,,,0,,,,,0,,,
bayesfl_observability_v1,ola_lr0p05_b64_e1,6,77,6,1,random,482.20293006246277,1.0688092845431048,,,,,,,,,,0,,,,,0,,,
bayesfl_observability_v1,ola_lr0p05_b64_e1,6,136,10,1,random,173.8623079109163,2.6872336829201764,,,,,,,,,,0,,,,,0,,,
bayesfl_observability_v1,ola_lr0p05_b64_e1,6,160,12,1,random,403.5511747322784,1.0645512112886544,,,,,,,,,,0,,,,,0,,,
bayesfl_observability_v1,ola_lr0p05_b64_e1,6,164,13,1,random,472.83800926553005,5.636812277753803,,,,,,,,,,0,,,,,0,,,
bayesfl_observability_v1,ola_lr0p05_b64_e1,6,209,16,1,random,431.28862020778746,4.438813501980837,,,,,,,,,,0,,,,,0,,,
bayesfl_observability_v1,ola_lr0p05_b64_e1,6,219,17,1,random,510.5548451629031,5.273497031688743,,,,,,,,,,0,,,,,0,,,
bayesfl_observability_v1,ola_lr0p05_b64_e1,6,237,19,1,random,469.67455714719193,4.854893099297161,,,,,,,,,,0,,,,,0,,,
bayesfl_observability_v1,ola_lr0p05_b64_e1,6,266,21,1,random,312.8849897895343,4.692398110344136,,,,,,,,,,0,,,,,0,,,
bayesfl_observability_v1,ola_lr0p05_b64_e1,6,274,21,1,random,396.887292097371,2.7539391343520725,,,,,,,,,,0,,,,,0,,,
bayesfl_observability_v1,ola_lr0p05_b64_e1,7,1,0,1,random,361.6773230955695,0.16298265984422844,,,,,,,,,,0,,,,,0,,,
bayesfl_observability_v1,ola_lr0p05_b64_e1,7,26,2,1,random,294.1450875328441,0.13079865118838344,,,,,,,,,,0,,,,,0,,,
bayesfl_observability_v1,ola_lr0p05_b64_e1,7,27,2,1,random,34.926743227516376,2.424058602647788,,,,,,,,,,0,,,,,0,,,
bayesfl_observability_v1,ola_lr0p05_b64_e1,7,29,2,1,random,458.3527672480624,2.663154714480116,,,,,,,,,,0,,,,,0,,,
bayesfl_observability_v1,ola_lr0p05_b64_e1,7,43,3,1,random,271.3032554689295,3.857893913135462,,,,,,,,,,0,,,,,0,,,
bayesfl_observability_v1,ola_lr0p05_b64_e1,7,45,3,1,random,399.2941957890928,2.7886529801411424,,,,,,,,,,0,,,,,0,,,
bayesfl_observability_v1,ola_lr0p05_b64_e1,7,52,4,1,random,464.7900413267482,5.277562652447477,,,,,,,,,,0,,,,,0,,,
bayesfl_observability_v1,ola_lr0p05_b64_e1,7,56,4,1,random,336.876853931421,4.436417616942673,,,,,,,,,,0,,,,,0,,,
bayesfl_observability_v1,ola_lr0p05_b64_e1,7,112,9,1,random,479.9929787701995,1.7280492386568027,,,,,,,,,,0,,,,,0,,,
bayesfl_observability_v1,ola_lr0p05_b64_e1,7,139,11,1,random,199.40749488651014,1.2969710379833004,,,,,,,,,,0,,,,,0,,,
bayesfl_observability_v1,ola_lr0p05_b64_e1,7,188,15,1,random,545.5729882159798,2.4915145370187335,,,,,,,,,,0,,,,,0,,,
bayesfl_observability_v1,ola_lr0p05_b64_e1,7,192,15,1,random,484.836426855211,4.739542518360244,,,,,,,,,,0,,,,,0,,,
bayesfl_observability_v1,ola_lr0p05_b64_e1,7,257,20,1,random,353.037371327772,2.349799077257663,,,,,,,,,,0,,,,,0,,,
bayesfl_observability_v1,ola_lr0p05_b64_e1,7,266,21,1,random,312.8849897895343,4.692398110344136,,,,,,,,,,0,,,,,0,,,
bayesfl_observability_v1,ola_lr0p05_b64_e1,7,288,23,1,random,220.35323721463058,3.1894663115402193,,,,,,,,,,0,,,,,0,,,
bayesfl_observability_v1,ola_lr0p05_b64_e1,8,6,0,1,random,382.07816949014125,1.4575165068128029,,,,,,,,,,0,,,,,0,,,
bayesfl_observability_v1,ola_lr0p05_b64_e1,8,38,3,1,random,530.7273757034001,3.065508738320726,,,,,,,,,,0,,,,,0,,,
bayesfl_observability_v1,ola_lr0p05_b64_e1,8,74,5,1,random,448.8275593995928,0.8340559361124446,,,,,,,,,,0,,,,,0,,,
bayesfl_observability_v1,ola_lr0p05_b64_e1,8,79,6,1,random,219.91129097851376,4.559978394090928,,,,,,,,,,0,,,,,0,,,
bayesfl_observability_v1,ola_lr0p05_b64_e1,8,97,7,1,random,474.5577579749368,3.957671339207772,,,,,,,,,,0,,,,,0,,,
bayesfl_observability_v1,ola_lr0p05_b64_e1,8,102,8,1,random,275.3879835647775,3.1964630367488636,,,,,,,,,,0,,,,,0,,,
bayesfl_observability_v1,ola_lr0p05_b64_e1,8,103,8,1,random,201.28823144984364,6.136110008091885,,,,,,,,,,0,,,,,0,,,
bayesfl_observability_v1,ola_lr0p05_b64_e1,8,113,9,1,random,287.15494180515213,4.851663897418012,,,,,,,,,,0,,,,,0,,,
bayesfl_observability_v1,ola_lr0p05_b64_e1,8,120,9,1,random,544.4364868465909,3.7184881313655316,,,,,,,,,,0,,,,,0,,,
bayesfl_observability_v1,ola_lr0p05_b64_e1,8,137,11,1,random,523.1949217261263,1.643351120041765,,,,,,,,,,0,,,,,0,,,
bayesfl_observability_v1,ola_lr0p05_b64_e1,8,138,11,1,random,548.5789377522484,5.395934516329517,,,,,,,,,,0,,,,,0,,,
bayesfl_observability_v1,ola_lr0p05_b64_e1,8,172,13,1,random,512.2695804846903,1.7870059304089094,,,,,,,,,,0,,,,,0,,,
bayesfl_observability_v1,ola_lr0p05_b64_e1,8,180,14,1,random,513.8569424337791,6.226351452948496,,,,,,,,,,0,,,,,0,,,
bayesfl_observability_v1,ola_lr0p05_b64_e1,8,206,16,1,random,27.189961972719313,4.222570958325521,,,,,,,,,,0,,,,,0,,,
bayesfl_observability_v1,ola_lr0p05_b64_e1,8,215,17,1,random,535.4635076978701,0.46195059571228464,,,,,,,,,,0,,,,,0,,,
bayesfl_observability_v1,ola_lr0p05_b64_e1,9,43,3,1,random,271.3032554689295,3.857893913135462,,,,,,,,,,0,,,,,0,,,
bayesfl_observability_v1,ola_lr0p05_b64_e1,9,45,3,1,random,399.2941957890928,2.7886529801411424,,,,,,,,,,0,,,,,0,,,
bayesfl_observability_v1,ola_lr0p05_b64_e1,9,83,6,1,random,530.5836903660695,2.0093833430662467,,,,,,,,,,0,,,,,0,,,
bayesfl_observability_v1,ola_lr0p05_b64_e1,9,96,7,1,random,404.9133581657208,2.996326169706289,,,,,,,,,,0,,,,,0,,,
bayesfl_observability_v1,ola_lr0p05_b64_e1,9,140,11,1,random,333.9270631852678,6.055941878711427,,,,,,,,,,0,,,,,0,,,
bayesfl_observability_v1,ola_lr0p05_b64_e1,9,141,11,1,random,401.09643414160416,2.869583829181718,,,,,,,,,,0,,,,,0,,,
bayesfl_observability_v1,ola_lr0p05_b64_e1,9,147,11,1,random,542.103656327626,2.540797429767278,,,,,,,,,,0,,,,,0,,,
bayesfl_observability_v1,ola_lr0p05_b64_e1,9,151,12,1,random,59.71953091395691,5.256481255585119,,,,,,,,,,0,,,,,0,,,
bayesfl_observability_v1,ola_lr0p05_b64_e1,9,192,15,1,random,484.836426855211,4.739542518360244,,,,,,,,,,0,,,,,0,,,
bayesfl_observability_v1,ola_lr0p05_b64_e1,9,193,15,1,random,315.4408952658323,4.4252255726357275,,,,,,,,,,0,,,,,0,,,
bayesfl_observability_v1,ola_lr0p05_b64_e1,9,202,16,1,random,322.9654192480836,3.1555204714008904,,,,,,,,,,0,,,,,0,,,
bayesfl_observability_v1,ola_lr0p05_b64_e1,9,228,18,1,random,341.43963612458083,3.805897254550807,,,,,,,,,,0,,,,,0,,,
bayesfl_observability_v1,ola_lr0p05_b64_e1,9,235,18,1,random,463.605168585859,4.030063670844018,,,,,,,,,,0,,,,,0,,,
bayesfl_observability_v1,ola_lr0p05_b64_e1,9,265,21,1,random,337.2273981860745,3.468085735682727,,,,,,,,,,0,,,,,0,,,
bayesfl_observability_v1,ola_lr0p05_b64_e1,9,279,22,1,random,412.30022652116133,0.04336722844290614,,,,,,,,,,0,,,,,0,,,
bayesfl_observability_v1,ola_lr0p05_b64_e1,10,9,0,1,random,128.22560033790126,6.03442502546451,,,,,,,,,,0,,,,,0,,,
bayesfl_observability_v1,ola_lr0p05_b64_e1,10,25,2,1,random,479.06110685758097,1.386012514368108,,,,,,,,,,0,,,,,0,,,
bayesfl_observability_v1,ola_lr0p05_b64_e1,10,55,4,1,random,321.6262409200987,5.9827083364166365,,,,,,,,,,0,,,,,0,,,
bayesfl_observability_v1,ola_lr0p05_b64_e1,10,88,7,1,random,497.7510695876567,3.365019667719345,,,,,,,,,,0,,,,,0,,,
bayesfl_observability_v1,ola_lr0p05_b64_e1,10,107,8,1,random,122.44727650103779,3.641393496418491,,,,,,,,,,0,,,,,0,,,
bayesfl_observability_v1,ola_lr0p05_b64_e1,10,115,9,1,random,77.82051198709341,1.7417962608890467,,,,,,,,,,0,,,,,0,,,
bayesfl_observability_v1,ola_lr0p05_b64_e1,10,117,9,1,random,451.05544720842494,0.03391461562941973,,,,,,,,,,0,,,,,0,,,
bayesfl_observability_v1,ola_lr0p05_b64_e1,10,160,12,1,random,403.5511747322784,1.0645512112886544,,,,,,,,,,0,,,,,0,,,
bayesfl_observability_v1,ola_lr0p05_b64_e1,10,169,13,1,random,277.9408552749002,3.043563931738982,,,,,,,,,,0,,,,,0,,,
bayesfl_observability_v1,ola_lr0p05_b64_e1,10,175,14,1,random,238.02955642964469,4.36514428677167,,,,,,,,,,0,,,,,0,,,
bayesfl_observability_v1,ola_lr0p05_b64_e1,10,203,16,1,random,520.0017289324702,5.54684421320646,,,,,,,,,,0,,,,,0,,,
bayesfl_observability_v1,ola_lr0p05_b64_e1,10,224,17,1,random,450.00240059880355,5.597281626599864,,,,,,,,,,0,,,,,0,,,
bayesfl_observability_v1,ola_lr0p05_b64_e1,10,262,21,1,random,327.4094485351827,4.898695141696435,,,,,,,,,,0,,,,,0,,,
bayesfl_observability_v1,ola_lr0p05_b64_e1,10,267,21,1,random,150.43278096868144,5.4986340060965535,,,,,,,,,,0,,,,,0,,,
bayesfl_observability_v1,ola_lr0p05_b64_e1,10,287,23,1,random,272.38909644962644,1.0585795296784222,,,,,,,,,,0,,,,,0,,,
bayesfl_observability_v1,ola_lr0p05_b64_e1,11,7,0,1,random,252.92910103355504,2.5535122755371904,,,,,,,,,,0,,,,,0,,,
bayesfl_observability_v1,ola_lr0p05_b64_e1,11,22,1,1,random,207.4522898639769,3.1611263239482317,,,,,,,,,,0,,,,,0,,,
bayesfl_observability_v1,ola_lr0p05_b64_e1,11,27,2,1,random,34.926743227516376,2.424058602647788,,,,,,,,,,0,,,,,0,,,
bayesfl_observability_v1,ola_lr0p05_b64_e1,11,46,3,1,random,342.6954868921892,0.15499575149570433,,,,,,,,,,0,,,,,0,,,
bayesfl_observability_v1,ola_lr0p05_b64_e1,11,63,5,1,random,375.9112689849976,0.7999934120921338,,,,,,,,,,0,,,,,0,,,
bayesfl_observability_v1,ola_lr0p05_b64_e1,11,78,6,1,random,81.32713332086043,4.78352099908292,,,,,,,,,,0,,,,,0,,,
bayesfl_observability_v1,ola_lr0p05_b64_e1,11,109,8,1,random,452.16527865496397,3.008083198190912,,,,,,,,,,0,,,,,0,,,
bayesfl_observability_v1,ola_lr0p05_b64_e1,11,126,10,1,random,199.29961694974457,2.686620278845943,,,,,,,,,,0,,,,,0,,,
bayesfl_observability_v1,ola_lr0p05_b64_e1,11,142,11,1,random,503.8803379260892,1.6155477050607419,,,,,,,,,,0,,,,,0,,,
bayesfl_observability_v1,ola_lr0p05_b64_e1,11,162,13,1,random,426.7719174505846,3.382761174901961,,,,,,,,,,0,,,,,0,,,
bayesfl_observability_v1,ola_lr0p05_b64_e1,11,188,15,1,random,545.5729882159798,2.4915145370187335,,,,,,,,,,0,,,,,0,,,
bayesfl_observability_v1,ola_lr0p05_b64_e1,11,212,17,1,random,204.93282197249428,1.8291552855127098,,,,,,,,,,0,,,,,0,,,
bayesfl_observability_v1,ola_lr0p05_b64_e1,11,273,21,1,random,487.6354987850719,3.3458412105634263,,,,,,,,,,0,,,,,0,,,
bayesfl_observability_v1,ola_lr0p05_b64_e1,11,284,22,1,random,371.0770482955434,3.3719919238913163,,,,,,,,,,0,,,,,0,,,
bayesfl_observability_v1,ola_lr0p05_b64_e1,11,299,23,1,random,193.6088990086483,5.727270269879843,,,,,,,,,,0,,,,,0,,,
bayesfl_observability_v1,ola_lr0p05_b64_e1,12,0,0,1,random,490.4674285348789,3.1738995362067826,,,,,,,,,,0,,,,,0,,,
bayesfl_observability_v1,ola_lr0p05_b64_e1,12,36,2,1,random,396.0500641632131,5.286805998777361,,,,,,,,,,0,,,,,0,,,
bayesfl_observability_v1,ola_lr0p05_b64_e1,12,39,3,1,random,197.35125607760176,5.345133981472537,,,,,,,,,,0,,,,,0,,,
bayesfl_observability_v1,ola_lr0p05_b64_e1,12,49,3,1,random,260.99446532853915,5.832425601480739,,,,,,,,,,0,,,,,0,,,
bayesfl_observability_v1,ola_lr0p05_b64_e1,12,53,4,1,random,385.15233525000343,4.982057395930648,,,,,,,,,,0,,,,,0,,,
bayesfl_observability_v1,ola_lr0p05_b64_e1,12,97,7,1,random,474.5577579749368,3.957671339207772,,,,,,,,,,0,,,,,0,,,
bayesfl_observability_v1,ola_lr0p05_b64_e1,12,102,8,1,random,275.3879835647775,3.1964630367488636,,,,,,,,,,0,,,,,0,,,
bayesfl_observability_v1,ola_lr0p05_b64_e1,12,105,8,1,random,481.7202222938435,1.2261557081869083,,,,,,,,,,0,,,,,0,,,
bayesfl_observability_v1,ola_lr0p05_b64_e1,12,131,10,1,random,293.33697604589935,1.8368383558248853,,,,,,,,,,0,,,,,0,,,
bayesfl_observability_v1,ola_lr0p05_b64_e1,12,132,10,1,random,511.56884868926454,3.352382439468175,,,,,,,,,,0,,,,,0,,,
bayesfl_observability_v1,ola_lr0p05_b64_e1,12,147,11,1,random,542.103656327626,2.540797429767278,,,,,,,,,,0,,,,,0,,,
bayesfl_observability_v1,ola_lr0p05_b64_e1,12,167,13,1,random,291.0058662753708,0.48639610896319174,,,,,,,,,,0,,,,,0,,,
bayesfl_observability_v1,ola_lr0p05_b64_e1,12,219,17,1,random,510.5548451629031,5.273497031688743,,,,,,,,,,0,,,,,0,,,
bayesfl_observability_v1,ola_lr0p05_b64_e1,12,257,20,1,random,353.037371327772,2.349799077257663,,,,,,,,,,0,,,,,0,,,
bayesfl_observability_v1,ola_lr0p05_b64_e1,12,275,22,1,random,441.15248065144397,1.0731128050036338,,,,,,,,,,0,,,,,0,,,
bayesfl_observability_v1,ola_lr0p05_b64_e1,13,9,0,1,random,128.22560033790126,6.03442502546451,,,,,,,,,,0,,,,,0,,,
bayesfl_observability_v1,ola_lr0p05_b64_e1,13,22,1,1,random,207.4522898639769,3.1611263239482317,,,,,,,,,,0,,,,,0,,,
bayesfl_observability_v1,ola_lr0p05_b64_e1,13,35,2,1,random,482.6506453581826,4.375125053869003,,,,,,,,,,0,,,,,0,,,
bayesfl_observability_v1,ola_lr0p05_b64_e1,13,59,4,1,random,187.1992605708094,5.578669761177742,,,,,,,,,,0,,,,,0,,,
bayesfl_observability_v1,ola_lr0p05_b64_e1,13,62,5,1,random,430.1302587074913,2.9627211075483966,,,,,,,,,,0,,,,,0,,,
bayesfl_observability_v1,ola_lr0p05_b64_e1,13,131,10,1,random,293.33697604589935,1.8368383558248853,,,,,,,,,,0,,,,,0,,,
bayesfl_observability_v1,ola_lr0p05_b64_e1,13,137,11,1,random,523.1949217261263,1.643351120041765,,,,,,,,,,0,,,,,0,,,
bayesfl_observability_v1,ola_lr0p05_b64_e1,13,138,11,1,random,548.5789377522484,5.395934516329517,,,,,,,,,,0,,,,,0,,,
bayesfl_observability_v1,ola_lr0p05_b64_e1,13,154,12,1,random,353.31588455617657,1.9443289530259302,,,,,,,,,,0,,,,,0,,,
bayesfl_observability_v1,ola_lr0p05_b64_e1,13,172,13,1,random,512.2695804846903,1.7870059304089094,,,,,,,,,,0,,,,,0,,,
bayesfl_observability_v1,ola_lr0p05_b64_e1,13,177,14,1,random,491.3944810637074,0.07563468299589884,,,,,,,,,,0,,,,,0,,,
bayesfl_observability_v1,ola_lr0p05_b64_e1,13,188,15,1,random,545.5729882159798,2.4915145370187335,,,,,,,,,,0,,,,,0,,,
bayesfl_observability_v1,ola_lr0p05_b64_e1,13,201,16,1,random,94.3218869478672,2.294699255001969,,,,,,,,,,0,,,,,0,,,
bayesfl_observability_v1,ola_lr0p05_b64_e1,13,223,17,1,random,389.6884005060269,0.1670921152751622,,,,,,,,,,0,,,,,0,,,
bayesfl_observability_v1,ola_lr0p05_b64_e1,13,278,22,1,random,259.0496696070433,5.205400833556147,,,,,,,,,,0,,,,,0,,,
bayesfl_observability_v1,ola_lr0p05_b64_e1,14,1,0,1,random,361.6773230955695,0.16298265984422844,,,,,,,,,,0,,,,,0,,,
bayesfl_observability_v1,ola_lr0p05_b64_e1,14,47,3,1,random,249.32788320523036,1.6398080213030586,,,,,,,,,,0,,,,,0,,,
bayesfl_observability_v1,ola_lr0p05_b64_e1,14,50,4,1,random,512.4147341853131,4.810290372805616,,,,,,,,,,0,,,,,0,,,
bayesfl_observability_v1,ola_lr0p05_b64_e1,14,71,5,1,random,368.0283492417785,0.6968815853170758,,,,,,,,,,0,,,,,0,,,
bayesfl_observability_v1,ola_lr0p05_b64_e1,14,82,6,1,random,522.2747400291731,2.145992916681383,,,,,,,,,,0,,,,,0,,,
bayesfl_observability_v1,ola_lr0p05_b64_e1,14,151,12,1,random,59.71953091395691,5.256481255585119,,,,,,,,,,0,,,,,0,,,
bayesfl_observability_v1,ola_lr0p05_b64_e1,14,154,12,1,random,353.31588455617657,1.9443289530259302,,,,,,,,,,0,,,,,0,,,
bayesfl_observability_v1,ola_lr0p05_b64_e1,14,158,12,1,random,386.08390679380824,1.4119042331237421,,,,,,,,,,0,,,,,0,,,
bayesfl_observability_v1,ola_lr0p05_b64_e1,14,193,15,1,random,315.4408952658323,4.4252255726357275,,,,,,,,,,0,,,,,0,,,
bayesfl_observability_v1,ola_lr0p05_b64_e1,14,199,15,1,random,328.12115505327296,2.8909580760026232,,,,,,,,,,0,,,,,0,,,
bayesfl_observability_v1,ola_lr0p05_b64_e1,14,217,17,1,random,452.7588570783861,0.5928028650980628,,,,,,,,,,0,,,,,0,,,
bayesfl_observability_v1,ola_lr0p05_b64_e1,14,226,18,1,random,259.64493770055356,4.4476501651609315,,,,,,,,,,0,,,,,0,,,
bayesfl_observability_v1,ola_lr0p05_b64_e1,14,241,19,1,random,547.0850924910858,2.779182278604292,,,,,,,,,,0,,,,,0,,,
bayesfl_observability_v1,ola_lr0p05_b64_e1,14,252,20,1,random,459.27232267836285,1.874998350090816,,,,,,,,,,0,,,,,0,,,
bayesfl_observability_v1,ola_lr0p05_b64_e1,14,279,22,1,random,412.30022652116133,0.04336722844290614,,,,,,,,,,0,,,,,0,,,
bayesfl_observability_v1,ola_lr0p05_b64_e1,15,50,4,1,random,512.4147341853131,4.810290372805616,,,,,,,,,,0,,,,,0,,,
bayesfl_observability_v1,ola_lr0p05_b64_e1,15,55,4,1,random,321.6262409200987,5.9827083364166365,,,,,,,,,,0,,,,,0,,,
bayesfl_observability_v1,ola_lr0p05_b64_e1,15,62,5,1,random,430.1302587074913,2.9627211075483966,,,,,,,,,,0,,,,,0,,,
bayesfl_observability_v1,ola_lr0p05_b64_e1,15,78,6,1,random,81.32713332086043,4.78352099908292,,,,,,,,,,0,,,,,0,,,
bayesfl_observability_v1,ola_lr0p05_b64_e1,15,124,9,1,random,392.72214991524504,0.9175607134148717,,,,,,,,,,0,,,,,0,,,
bayesfl_observability_v1,ola_lr0p05_b64_e1,15,155,12,1,random,364.07798553100133,4.510246561176719,,,,,,,,,,0,,,,,0,,,
bayesfl_observability_v1,ola_lr0p05_b64_e1,15,173,13,1,random,323.5469306973342,5.863675063656309,,,,,,,,,,0,,,,,0,,,
bayesfl_observability_v1,ola_lr0p05_b64_e1,15,176,14,1,random,489.5050999646001,5.930952849271908,,,,,,,,,,0,,,,,0,,,
bayesfl_observability_v1,ola_lr0p05_b64_e1,15,188,15,1,random,545.5729882159798,2.4915145370187335,,,,,,,,,,0,,,,,0,,,
bayesfl_observability_v1,ola_lr0p05_b64_e1,15,219,17,1,random,510.5548451629031,5.273497031688743,,,,,,,,,,0,,,,,0,,,
bayesfl_observability_v1,ola_lr0p05_b64_e1,15,233,18,1,random,439.21626364831354,5.778760420837365,,,,,,,,,,0,,,,,0,,,
bayesfl_observability_v1,ola_lr0p05_b64_e1,15,242,19,1,random,66.67214109584975,4.121278865594621,,,,,,,,,,0,,,,,0,,,
bayesfl_observability_v1,ola_lr0p05_b64_e1,15,248,19,1,random,496.9107944354552,5.646545211386695,,,,,,,,,,0,,,,,0,,,
bayesfl_observability_v1,ola_lr0p05_b64_e1,15,273,21,1,random,487.6354987850719,3.3458412105634263,,,,,,,,,,0,,,,,0,,,
bayesfl_observability_v1,ola_lr0p05_b64_e1,15,284,22,1,random,371.0770482955434,3.3719919238913163,,,,,,,,,,0,,,,,0,,,
bayesfl_observability_v1,ola_lr0p05_b64_e1,16,8,0,1,random,393.58563227532574,4.5190857950638375,,,,,,,,,,0,,,,,0,,,
bayesfl_observability_v1,ola_lr0p05_b64_e1,16,15,1,1,random,519.4134380723592,5.784100292641981,,,,,,,,,,0,,,,,0,,,
bayesfl_observability_v1,ola_lr0p05_b64_e1,16,52,4,1,random,464.7900413267482,5.277562652447477,,,,,,,,,,0,,,,,0,,,
bayesfl_observability_v1,ola_lr0p05_b64_e1,16,74,5,1,random,448.8275593995928,0.8340559361124446,,,,,,,,,,0,,,,,0,,,
bayesfl_observability_v1,ola_lr0p05_b64_e1,16,93,7,1,random,520.4425354053219,6.110323892359406,,,,,,,,,,0,,,,,0,,,
bayesfl_observability_v1,ola_lr0p05_b64_e1,16,121,9,1,random,487.8337625290491,3.0015903687615895,,,,,,,,,,0,,,,,0,,,
bayesfl_observability_v1,ola_lr0p05_b64_e1,16,143,11,1,random,132.2078149831968,1.157911912606807,,,,,,,,,,0,,,,,0,,,
bayesfl_observability_v1,ola_lr0p05_b64_e1,16,150,12,1,random,402.11438380447424,6.145053787971962,,,,,,,,,,0,,,,,0,,,
bayesfl_observability_v1,ola_lr0p05_b64_e1,16,157,12,1,random,447.5664585179893,4.346154033485115,,,,,,,,,,0,,,,,0,,,
bayesfl_observability_v1,ola_lr0p05_b64_e1,16,165,13,1,random,356.8073637938388,5.001853908713208,,,,,,,,,,0,,,,,0,,,
bayesfl_observability_v1,ola_lr0p05_b64_e1,16,178,14,1,random,512.7351539524458,5.953113087456182,,,,,,,,,,0,,,,,0,,,
bayesfl_observability_v1,ola_lr0p05_b64_e1,16,186,14,1,random,481.3553947592233,1.5623700394087605,,,,,,,,,,0,,,,,0,,,
bayesfl_observability_v1,ola_lr0p05_b64_e1,16,214,17,1,random,452.30287686025963,1.267071144019375,,,,,,,,,,0,,,,,0,,,
bayesfl_observability_v1,ola_lr0p05_b64_e1,16,278,22,1,random,259.0496696070433,5.205400833556147,,,,,,,,,,0,,,,,0,,,
bayesfl_observability_v1,ola_lr0p05_b64_e1,16,286,22,1,random,397.35062926648067,1.2691704213794874,,,,,,,,,,0,,,,,0,,,
bayesfl_observability_v1,ola_lr0p05_b64_e1,17,0,0,1,random,490.4674285348789,3.1738995362067826,,,,,,,,,,0,,,,,0,,,
bayesfl_observability_v1,ola_lr0p05_b64_e1,17,34,2,1,random,518.7689813630911,0.8945761526500957,,,,,,,,,,0,,,,,0,,,
bayesfl_observability_v1,ola_lr0p05_b64_e1,17,53,4,1,random,385.15233525000343,4.982057395930648,,,,,,,,,,0,,,,,0,,,
bayesfl_observability_v1,ola_lr0p05_b64_e1,17,60,4,1,random,479.70175592926756,3.1488090120682655,,,,,,,,,,0,,,,,0,,,
bayesfl_observability_v1,ola_lr0p05_b64_e1,17,69,5,1,random,503.3134101777154,0.597063216187032,,,,,,,,,,0,,,,,0,,,
bayesfl_observability_v1,ola_lr0p05_b64_e1,17,110,8,1,random,504.0063693721851,4.342182494439445,,,,,,,,,,0,,,,,0,,,
bayesfl_observability_v1,ola_lr0p05_b64_e1,17,141,11,1,random,401.09643414160416,2.869583829181718,,,,,,,,,,0,,,,,0,,,
bayesfl_observability_v1,ola_lr0p05_b64_e1,17,144,11,1,random,376.59812363934867,3.41708029421189,,,,,,,,,,0,,,,,0,,,
bayesfl_observability_v1,ola_lr0p05_b64_e1,17,160,12,1,random,403.5511747322784,1.0645512112886544,,,,,,,,,,0,,,,,0,,,
bayesfl_observability_v1,ola_lr0p05_b64_e1,17,199,15,1,random,328.12115505327296,2.8909580760026232,,,,,,,,,,0,,,,,0,,,
bayesfl_observability_v1,ola_lr0p05_b64_e1,17,248,19,1,random,496.9107944354552,5.646545211386695,,,,,,,,,,0,,,,,0,,,
bayesfl_observability_v1,ola_lr0p05_b64_e1,17,251,20,1,random,220.58329616686788,3.3999804458092657,,,,,,,,,,0,,,,,0,,,
bayesfl_observability_v1,ola_lr0p05_b64_e1,17,270,21,1,random,327.8335218641916,6.2700502866494805,,,,,,,,,,0,,,,,0,,,
bayesfl_observability_v1,ola_lr0p05_b64_e1,17,271,21,1,random,361.67468454144,4.233435798952013,,,,,,,,,,0,,,,,0,,,
bayesfl_observability_v1,ola_lr0p05_b64_e1,17,279,22,1,random,412.30022652116133,0.04336722844290614,,,,,,,,,,0,,,,,0,,,
bayesfl_observability_v1,ola_lr0p05_b64_e1,18,0,0,1,random,490.4674285348789,3.1738995362067826,,,,,,,,,,0,,,,,0,,,
bayesfl_observability_v1,ola_lr0p05_b64_e1,18,35,2,1,random,482.6506453581826,4.375125053869003,,,,,,,,,,0,,,,,0,,,
bayesfl_observability_v1,ola_lr0p05_b64_e1,18,36,2,1,random,396.0500641632131,5.286805998777361,,,,,,,,,,0,,,,,0,,,
bayesfl_observability_v1,ola_lr0p05_b64_e1,18,43,3,1,random,271.3032554689295,3.857893913135462,,,,,,,,,,0,,,,,0,,,
bayesfl_observability_v1,ola_lr0p05_b64_e1,18,87,7,1,random,374.83550460292463,2.295494594932251,,,,,,,,,,0,,,,,0,,,
bayesfl_observability_v1,ola_lr0p05_b64_e1,18,93,7,1,random,520.4425354053219,6.110323892359406,,,,,,,,,,0,,,,,0,,,
bayesfl_observability_v1,ola_lr0p05_b64_e1,18,127,10,1,random,489.1945730528673,0.2634571744981509,,,,,,,,,,0,,,,,0,,,
bayesfl_observability_v1,ola_lr0p05_b64_e1,18,134,10,1,random,280.2588722020636,0.7182160235598093,,,,,,,,,,0,,,,,0,,,
bayesfl_observability_v1,ola_lr0p05_b64_e1,18,138,11,1,random,548.5789377522484,5.395934516329517,,,,,,,,,,0,,,,,0,,,
bayesfl_observability_v1,ola_lr0p05_b64_e1,18,208,16,1,random,184.3760036169153,3.1704543509148975,,,,,,,,,,0,,,,,0,,,
bayesfl_observability_v1,ola_lr0p05_b64_e1,18,223,17,1,random,389.6884005060269,0.1670921152751622,,,,,,,,,,0,,,,,0,,,
bayesfl_observability_v1,ola_lr0p05_b64_e1,18,229,18,1,random,395.8602888120731,2.723119300990756,,,,,,,,,,0,,,,,0,,,
bayesfl_observability_v1,ola_lr0p05_b64_e1,18,242,19,1,random,66.67214109584975,4.121278865594621,,,,,,,,,,0,,,,,0,,,
bayesfl_observability_v1,ola_lr0p05_b64_e1,18,282,22,1,random,362.4573302953916,3.1915554814179132,,,,,,,,,,0,,,,,0,,,
bayesfl_observability_v1,ola_lr0p05_b64_e1,18,291,23,1,random,253.723296922642,1.9391815291334993,,,,,,,,,,0,,,,,0,,,
bayesfl_observability_v1,ola_lr0p05_b64_e1,19,16,1,1,random,457.77769010845736,0.4702079771507635,,,,,,,,,,0,,,,,0,,,
bayesfl_observability_v1,ola_lr0p05_b64_e1,19,33,2,1,random,463.9432407189378,6.272953963304335,,,,,,,,,,0,,,,,0,,,
bayesfl_observability_v1,ola_lr0p05_b64_e1,19,61,4,1,random,443.8143499745043,5.185910990858567,,,,,,,,,,0,,,,,0,,,
bayesfl_observability_v1,ola_lr0p05_b64_e1,19,85,6,1,random,101.05014002889084,5.146080158971667,,,,,,,,,,0,,,,,0,,,
bayesfl_observability_v1,ola_lr0p05_b64_e1,19,119,9,1,random,462.198729846986,1.4919467448214077,,,,,,,,,,0,,,,,0,,,
bayesfl_observability_v1,ola_lr0p05_b64_e1,19,154,12,1,random,353.31588455617657,1.9443289530259302,,,,,,,,,,0,,,,,0,,,
bayesfl_observability_v1,ola_lr0p05_b64_e1,19,155,12,1,random,364.07798553100133,4.510246561176719,,,,,,,,,,0,,,,,0,,,
bayesfl_observability_v1,ola_lr0p05_b64_e1,19,167,13,1,random,291.0058662753708,0.48639610896319174,,,,,,,,,,0,,,,,0,,,
bayesfl_observability_v1,ola_lr0p05_b64_e1,19,168,13,1,random,134.67819380288756,3.3771563345695412,,,,,,,,,,0,,,,,0,,,
bayesfl_observability_v1,ola_lr0p05_b64_e1,19,174,13,1,random,178.45550546165217,0.7761383914779828,,,,,,,,,,0,,,,,0,,,
bayesfl_observability_v1,ola_lr0p05_b64_e1,19,201,16,1,random,94.3218869478672,2.294699255001969,,,,,,,,,,0,,,,,0,,,
bayesfl_observability_v1,ola_lr0p05_b64_e1,19,215,17,1,random,535.4635076978701,0.46195059571228464,,,,,,,,,,0,,,,,0,,,
bayesfl_observability_v1,ola_lr0p05_b64_e1,19,238,19,1,random,461.53317502431446,3.939706840466583,,,,,,,,,,0,,,,,0,,,
bayesfl_observability_v1,ola_lr0p05_b64_e1,19,246,19,1,random,192.7660910115579,5.48594460494769,,,,,,,,,,0,,,,,0,,,
bayesfl_observability_v1,ola_lr0p05_b64_e1,19,248,19,1,random,496.9107944354552,5.646545211386695,,,,,,,,,,0,,,,,0,,,
bayesfl_observability_v1,ola_lr0p05_b64_e1,20,7,0,1,random,252.92910103355504,2.5535122755371904,,,,,,,,,,0,,,,,0,,,
bayesfl_observability_v1,ola_lr0p05_b64_e1,20,15,1,1,random,519.4134380723592,5.784100292641981,,,,,,,,,,0,,,,,0,,,
bayesfl_observability_v1,ola_lr0p05_b64_e1,20,24,1,1,random,413.5419178369083,3.5761099207991176,,,,,,,,,,0,,,,,0,,,
bayesfl_observability_v1,ola_lr0p05_b64_e1,20,27,2,1,random,34.926743227516376,2.424058602647788,,,,,,,,,,0,,,,,0,,,
bayesfl_observability_v1,ola_lr0p05_b64_e1,20,42,3,1,random,163.3278020724751,0.3638514758956482,,,,,,,,,,0,,,,,0,,,
bayesfl_observability_v1,ola_lr0p05_b64_e1,20,64,5,1,random,436.81436912462726,1.9310790567759586,,,,,,,,,,0,,,,,0,,,
bayesfl_observability_v1,ola_lr0p05_b64_e1,20,74,5,1,random,448.8275593995928,0.8340559361124446,,,,,,,,,,0,,,,,0,,,
bayesfl_observability_v1,ola_lr0p05_b64_e1,20,83,6,1,random,530.5836903660695,2.0093833430662467,,,,,,,,,,0,,,,,0,,,
bayesfl_observability_v1,ola_lr0p05_b64_e1,20,156,12,1,random,485.52024317733554,3.127830335861415,,,,,,,,,,0,,,,,0,,,
bayesfl_observability_v1,ola_lr0p05_b64_e1,20,190,15,1,random,538.8510336655534,4.547164504193733,,,,,,,,,,0,,,,,0,,,
bayesfl_observability_v1,ola_lr0p05_b64_e1,20,191,15,1,random,444.132030473283,1.689736634999263,,,,,,,,,,0,,,,,0,,,
bayesfl_observability_v1,ola_lr0p05_b64_e1,20,223,17,1,random,389.6884005060269,0.1670921152751622,,,,,,,,,,0,,,,,0,,,
bayesfl_observability_v1,ola_lr0p05_b64_e1,20,252,20,1,random,459.27232267836285,1.874998350090816,,,,,,,,,,0,,,,,0,,,
bayesfl_observability_v1,ola_lr0p05_b64_e1,20,266,21,1,random,312.8849897895343,4.692398110344136,,,,,,,,,,0,,,,,0,,,
bayesfl_observability_v1,ola_lr0p05_b64_e1,20,298,23,1,random,258.2292184226586,3.0916830175682297,,,,,,,,,,0,,,,,0,,,
bayesfl_observability_v1,ola_lr0p05_b64_e1,21,38,3,1,random,530.7273757034001,3.065508738320726,,,,,,,,,,0,,,,,0,,,
bayesfl_observability_v1,ola_lr0p05_b64_e1,21,52,4,1,random,464.7900413267482,5.277562652447477,,,,,,,,,,0,,,,,0,,,
bayesfl_observability_v1,ola_lr0p05_b64_e1,21,58,4,1,random,433.65932740555445,3.31733339148548,,,,,,,,,,0,,,,,0,,,
bayesfl_observability_v1,ola_lr0p05_b64_e1,21,63,5,1,random,375.9112689849976,0.7999934120921338,,,,,,,,,,0,,,,,0,,,
bayesfl_observability_v1,ola_lr0p05_b64_e1,21,67,5,1,random,520.7471560224626,1.9104971155417736,,,,,,,,,,0,,,,,0,,,
bayesfl_observability_v1,ola_lr0p05_b64_e1,21,125,10,1,random,383.59433817812254,3.8144535232158803,,,,,,,,,,0,,,,,0,,,
bayesfl_observability_v1,ola_lr0p05_b64_e1,21,127,10,1,random,489.1945730528673,0.2634571744981509,,,,,,,,,,0,,,,,0,,,
bayesfl_observability_v1,ola_lr0p05_b64_e1,21,142,11,1,random,503.8803379260892,1.6155477050607419,,,,,,,,,,0,,,,,0,,,
bayesfl_observability_v1,ola_lr0p05_b64_e1,21,172,13,1,random,512.2695804846903,1.7870059304089094,,,,,,,,,,0,,,,,0,,,
bayesfl_observability_v1,ola_lr0p05_b64_e1,21,190,15,1,random,538.8510336655534,4.547164504193733,,,,,,,,,,0,,,,,0,,,
bayesfl_observability_v1,ola_lr0p05_b64_e1,21,206,16,1,random,27.189961972719313,4.222570958325521,,,,,,,,,,0,,,,,0,,,
bayesfl_observability_v1,ola_lr0p05_b64_e1,21,210,16,1,random,515.9071967579426,0.9210150647325754,,,,,,,,,,0,,,,,0,,,
bayesfl_observability_v1,ola_lr0p05_b64_e1,21,279,22,1,random,412.30022652116133,0.04336722844290614,,,,,,,,,,0,,,,,0,,,
bayesfl_observability_v1,ola_lr0p05_b64_e1,21,286,22,1,random,397.35062926648067,1.2691704213794874,,,,,,,,,,0,,,,,0,,,
bayesfl_observability_v1,ola_lr0p05_b64_e1,21,288,23,1,random,220.35323721463058,3.1894663115402193,,,,,,,,,,0,,,,,0,,,
bayesfl_observability_v1,ola_lr0p05_b64_e1,22,34,2,1,random,518.7689813630911,0.8945761526500957,,,,,,,,,,0,,,,,0,,,
bayesfl_observability_v1,ola_lr0p05_b64_e1,22,62,5,1,random,430.1302587074913,2.9627211075483966,,,,,,,,,,0,,,,,0,,,
bayesfl_observability_v1,ola_lr0p05_b64_e1,22,86,6,1,random,416.53476519919326,2.7163714976901447,,,,,,,,,,0,,,,,0,,,
bayesfl_observability_v1,ola_lr0p05_b64_e1,22,95,7,1,random,462.4736593564874,3.3191875175531025,,,,,,,,,,0,,,,,0,,,
bayesfl_observability_v1,ola_lr0p05_b64_e1,22,108,8,1,random,423.2285017459682,3.4718177386646465,,,,,,,,,,0,,,,,0,,,
bayesfl_observability_v1,ola_lr0p05_b64_e1,22,109,8,1,random,452.16527865496397,3.008083198190912,,,,,,,,,,0,,,,,0,,,
bayesfl_observability_v1,ola_lr0p05_b64_e1,22,118,9,1,random,336.1605785701321,0.418716155316603,,,,,,,,,,0,,,,,0,,,
bayesfl_observability_v1,ola_lr0p05_b64_e1,22,141,11,1,random,401.09643414160416,2.869583829181718,,,,,,,,,,0,,,,,0,,,
bayesfl_observability_v1,ola_lr0p05_b64_e1,22,147,11,1,random,542.103656327626,2.540797429767278,,,,,,,,,,0,,,,,0,,,
bayesfl_observability_v1,ola_lr0p05_b64_e1,22,150,12,1,random,402.11438380447424,6.145053787971962,,,,,,,,,,0,,,,,0,,,
bayesfl_observability_v1,ola_lr0p05_b64_e1,22,165,13,1,random,356.8073637938388,5.001853908713208,,,,,,,,,,0,,,,,0,,,
bayesfl_observability_v1,ola_lr0p05_b64_e1,22,202,16,1,random,322.9654192480836,3.1555204714008904,,,,,,,,,,0,,,,,0,,,
bayesfl_observability_v1,ola_lr0p05_b64_e1,22,213,17,1,random,462.0587270552541,4.37710092807046,,,,,,,,,,0,,,,,0,,,
bayesfl_observability_v1,ola_lr0p05_b64_e1,22,219,17,1,random,510.5548451629031,5.273497031688743,,,,,,,,,,0,,,,,0,,,
bayesfl_observability_v1,ola_lr0p05_b64_e1,22,230,18,1,random,234.91750384106712,4.613775043013793,,,,,,,,,,0,,,,,0,,,
bayesfl_observability_v1,ola_lr0p05_b64_e1,23,78,6,1,random,81.32713332086043,4.78352099908292,,,,,,,,,,0,,,,,0,,,
bayesfl_observability_v1,ola_lr0p05_b64_e1,23,79,6,1,random,219.91129097851376,4.559978394090928,,,,,,,,,,0,,,,,0,,,
bayesfl_observability_v1,ola_lr0p05_b64_e1,23,107,8,1,random,122.44727650103779,3.641393496418491,,,,,,,,,,0,,,,,0,,,
bayesfl_observability_v1,ola_lr0p05_b64_e1,23,131,10,1,random,293.33697604589935,1.8368383558248853,,,,,,,,,,0,,,,,0,,,
bayesfl_observability_v1,ola_lr0p05_b64_e1,23,134,10,1,random,280.2588722020636,0.7182160235598093,,,,,,,,,,0,,,,,0,,,
bayesfl_observability_v1,ola_lr0p05_b64_e1,23,140,11,1,random,333.9270631852678,6.055941878711427,,,,,,,,,,0,,,,,0,,,
bayesfl_observability_v1,ola_lr0p05_b64_e1,23,148,11,1,random,202.1501900631251,2.1939680714013625,,,,,,,,,,0,,,,,0,,,
bayesfl_observability_v1,ola_lr0p05_b64_e1,23,153,12,1,random,402.2952646373345,1.7881377999209567,,,,,,,,,,0,,,,,0,,,
bayesfl_observability_v1,ola_lr0p05_b64_e1,23,176,14,1,random,489.5050999646001,5.930952849271908,,,,,,,,,,0,,,,,0,,,
bayesfl_observability_v1,ola_lr0p05_b64_e1,23,205,16,1,random,374.8131351810234,1.2157628836474934,,,,,,,,,,0,,,,,0,,,
bayesfl_observability_v1,ola_lr0p05_b64_e1,23,209,16,1,random,431.28862020778746,4.438813501980837,,,,,,,,,,0,,,,,0,,,
bayesfl_observability_v1,ola_lr0p05_b64_e1,23,238,19,1,random,461.53317502431446,3.939706840466583,,,,,,,,,,0,,,,,0,,,
bayesfl_observability_v1,ola_lr0p05_b64_e1,23,267,21,1,random,150.43278096868144,5.4986340060965535,,,,,,,,,,0,,,,,0,,,
bayesfl_observability_v1,ola_lr0p05_b64_e1,23,281,22,1,random,335.4438673309002,0.4904535997333814,,,,,,,,,,0,,,,,0,,,
bayesfl_observability_v1,ola_lr0p05_b64_e1,23,284,22,1,random,371.0770482955434,3.3719919238913163,,,,,,,,,,0,,,,,0,,,
bayesfl_observability_v1,ola_lr0p05_b64_e1,24,12,1,1,random,519.2429168057155,5.405584059923019,,,,,,,,,,0,,,,,0,,,
bayesfl_observability_v1,ola_lr0p05_b64_e1,24,32,2,1,random,510.3839856417879,2.064211005845625,,,,,,,,,,0,,,,,0,,,
bayesfl_observability_v1,ola_lr0p05_b64_e1,24,47,3,1,random,249.32788320523036,1.6398080213030586,,,,,,,,,,0,,,,,0,,,
bayesfl_observability_v1,ola_lr0p05_b64_e1,24,69,5,1,random,503.3134101777154,0.597063216187032,,,,,,,,,,0,,,,,0,,,
bayesfl_observability_v1,ola_lr0p05_b64_e1,24,98,7,1,random,549.8039070437338,0.663157723523529,,,,,,,,,,0,,,,,0,,,
bayesfl_observability_v1,ola_lr0p05_b64_e1,24,113,9,1,random,287.15494180515213,4.851663897418012,,,,,,,,,,0,,,,,0,,,
bayesfl_observability_v1,ola_lr0p05_b64_e1,24,128,10,1,random,91.86636830857358,1.3107000224737446,,,,,,,,,,0,,,,,0,,,
bayesfl_observability_v1,ola_lr0p05_b64_e1,24,161,12,1,random,402.43485738984157,3.492772365656858,,,,,,,,,,0,,,,,0,,,
bayesfl_observability_v1,ola_lr0p05_b64_e1,24,177,14,1,random,491.3944810637074,0.07563468299589884,,,,,,,,,,0,,,,,0,,,
bayesfl_observability_v1,ola_lr0p05_b64_e1,24,178,14,1,random,512.7351539524458,5.953113087456182,,,,,,,,,,0,,,,,0,,,
bayesfl_observability_v1,ola_lr0p05_b64_e1,24,192,15,1,random,484.836426855211,4.739542518360244,,,,,,,,,,0,,,,,0,,,
bayesfl_observability_v1,ola_lr0p05_b64_e1,24,202,16,1,random,322.9654192480836,3.1555204714008904,,,,,,,,,,0,,,,,0,,,
bayesfl_observability_v1,ola_lr0p05_b64_e1,24,243,19,1,random,512.3745838194576,0.8295792690777347,,,,,,,,,,0,,,,,0,,,
bayesfl_observability_v1,ola_lr0p05_b64_e1,24,257,20,1,random,353.037371327772,2.349799077257663,,,,,,,,,,0,,,,,0,,,
bayesfl_observability_v1,ola_lr0p05_b64_e1,24,289,23,1,random,313.5345872353198,1.1242531484348939,,,,,,,,,,0,,,,,0,,,
bayesfl_observability_v1,ola_lr0p05_b64_e1,25,9,0,1,random,128.22560033790126,6.03442502546451,,,,,,,,,,0,,,,,0,,,
bayesfl_observability_v1,ola_lr0p05_b64_e1,25,18,1,1,random,192.73869487670333,4.079410567499369,,,,,,,,,,0,,,,,0,,,
bayesfl_observability_v1,ola_lr0p05_b64_e1,25,40,3,1,random,326.4062597996715,6.2699677170919434,,,,,,,,,,0,,,,,0,,,
bayesfl_observability_v1,ola_lr0p05_b64_e1,25,42,3,1,random,163.3278020724751,0.3638514758956482,,,,,,,,,,0,,,,,0,,,
bayesfl_observability_v1,ola_lr0p05_b64_e1,25,122,9,1,random,159.02447353412242,0.8523758390877691,,,,,,,,,,0,,,,,0,,,
bayesfl_observability_v1,ola_lr0p05_b64_e1,25,140,11,1,random,333.9270631852678,6.055941878711427,,,,,,,,,,0,,,,,0,,,
bayesfl_observability_v1,ola_lr0p05_b64_e1,25,143,11,1,random,132.2078149831968,1.157911912606807,,,,,,,,,,0,,,,,0,,,
bayesfl_observability_v1,ola_lr0p05_b64_e1,25,163,13,1,random,176.2690904351675,4.414354249060658,,,,,,,,,,0,,,,,0,,,
bayesfl_observability_v1,ola_lr0p05_b64_e1,25,186,14,1,random,481.3553947592233,1.5623700394087605,,,,,,,,,,0,,,,,0,,,
bayesfl_observability_v1,ola_lr0p05_b64_e1,25,235,18,1,random,463.605168585859,4.030063670844018,,,,,,,,,,0,,,,,0,,,
bayesfl_observability_v1,ola_lr0p05_b64_e1,25,245,19,1,random,485.3238413937074,4.904374316276556,,,,,,,,,,0,,,,,0,,,
bayesfl_observability_v1,ola_lr0p05_b64_e1,25,257,20,1,random,353.037371327772,2.349799077257663,,,,,,,,,,0,,,,,0,,,
bayesfl_observability_v1,ola_lr0p05_b64_e1,25,267,21,1,random,150.43278096868144,5.4986340060965535,,,,,,,,,,0,,,,,0,,,
bayesfl_observability_v1,ola_lr0p05_b64_e1,25,281,22,1,random,335.4438673309002,0.4904535997333814,,,,,,,,,,0,,,,,0,,,
bayesfl_observability_v1,ola_lr0p05_b64_e1,25,297,23,1,random,356.07457906536206,1.523657716816707,,,,,,,,,,0,,,,,0,,,
bayesfl_observability_v1,ola_lr0p05_b64_e1,26,5,0,1,random,496.8207433324704,3.0785972719696755,,,,,,,,,,0,,,,,0,,,
bayesfl_observability_v1,ola_lr0p05_b64_e1,26,11,0,1,random,184.56611946256038,0.8994710010681625,,,,,,,,,,0,,,,,0,,,
bayesfl_observability_v1,ola_lr0p05_b64_e1,26,21,1,1,random,265.51506578129704,4.270296457531731,,,,,,,,,,0,,,,,0,,,
bayesfl_observability_v1,ola_lr0p05_b64_e1,26,32,2,1,random,510.3839856417879,2.064211005845625,,,,,,,,,,0,,,,,0,,,
bayesfl_observability_v1,ola_lr0p05_b64_e1,26,34,2,1,random,518.7689813630911,0.8945761526500957,,,,,,,,,,0,,,,,0,,,
bayesfl_observability_v1,ola_lr0p05_b64_e1,26,94,7,1,random,413.0009631664054,0.6443426491629795,,,,,,,,,,0,,,,,0,,,
bayesfl_observability_v1,ola_lr0p05_b64_e1,26,113,9,1,random,287.15494180515213,4.851663897418012,,,,,,,,,,0,,,,,0,,,
bayesfl_observability_v1,ola_lr0p05_b64_e1,26,118,9,1,random,336.1605785701321,0.418716155316603,,,,,,,,,,0,,,,,0,,,
bayesfl_observability_v1,ola_lr0p05_b64_e1,26,140,11,1,random,333.9270631852678,6.055941878711427,,,,,,,,,,0,,,,,0,,,
bayesfl_observability_v1,ola_lr0p05_b64_e1,26,160,12,1,random,403.5511747322784,1.0645512112886544,,,,,,,,,,0,,,,,0,,,
bayesfl_observability_v1,ola_lr0p05_b64_e1,26,169,13,1,random,277.9408552749002,3.043563931738982,,,,,,,,,,0,,,,,0,,,
bayesfl_observability_v1,ola_lr0p05_b64_e1,26,193,15,1,random,315.4408952658323,4.4252255726357275,,,,,,,,,,0,,,,,0,,,
bayesfl_observability_v1,ola_lr0p05_b64_e1,26,203,16,1,random,520.0017289324702,5.54684421320646,,,,,,,,,,0,,,,,0,,,
bayesfl_observability_v1,ola_lr0p05_b64_e1,26,289,23,1,random,313.5345872353198,1.1242531484348939,,,,,,,,,,0,,,,,0,,,
bayesfl_observability_v1,ola_lr0p05_b64_e1,26,296,23,1,random,433.47189676235445,3.772405701277136,,,,,,,,,,0,,,,,0,,,
bayesfl_observability_v1,ola_lr0p05_b64_e1,27,16,1,1,random,457.77769010845736,0.4702079771507635,,,,,,,,,,0,,,,,0,,,
bayesfl_observability_v1,ola_lr0p05_b64_e1,27,21,1,1,random,265.51506578129704,4.270296457531731,,,,,,,,,,0,,,,,0,,,
bayesfl_observability_v1,ola_lr0p05_b64_e1,27,30,2,1,random,247.4723068152236,0.33109398170456106,,,,,,,,,,0,,,,,0,,,
bayesfl_observability_v1,ola_lr0p05_b64_e1,27,32,2,1,random,510.3839856417879,2.064211005845625,,,,,,,,,,0,,,,,0,,,
bayesfl_observability_v1,ola_lr0p05_b64_e1,27,34,2,1,random,518.7689813630911,0.8945761526500957,,,,,,,,,,0,,,,,0,,,
bayesfl_observability_v1,ola_lr0p05_b64_e1,27,41,3,1,random,462.8203939719845,5.9117206090117875,,,,,,,,,,0,,,,,0,,,
bayesfl_observability_v1,ola_lr0p05_b64_e1,27,45,3,1,random,399.2941957890928,2.7886529801411424,,,,,,,,,,0,,,,,0,,,
bayesfl_observability_v1,ola_lr0p05_b64_e1,27,47,3,1,random,249.32788320523036,1.6398080213030586,,,,,,,,,,0,,,,,0,,,
bayesfl_observability_v1,ola_lr0p05_b64_e1,27,98,7,1,random,549.8039070437338,0.663157723523529,,,,,,,,,,0,,,,,0,,,
bayesfl_observability_v1,ola_lr0p05_b64_e1,27,100,8,1,random,300.18614970373824,3.7006468336014144,,,,,,,,,,0,,,,,0,,,
bayesfl_observability_v1,ola_lr0p05_b64_e1,27,117,9,1,random,451.05544720842494,0.03391461562941973,,,,,,,,,,0,,,,,0,,,
bayesfl_observability_v1,ola_lr0p05_b64_e1,27,132,10,1,random,511.56884868926454,3.352382439468175,,,,,,,,,,0,,,,,0,,,
bayesfl_observability_v1,ola_lr0p05_b64_e1,27,141,11,1,random,401.09643414160416,2.869583829181718,,,,,,,,,,0,,,,,0,,,
bayesfl_observability_v1,ola_lr0p05_b64_e1,27,241,19,1,random,547.0850924910858,2.779182278604292,,,,,,,,,,0,,,,,0,,,
bayesfl_observability_v1,ola_lr0p05_b64_e1,27,272,21,1,random,473.3454255951759,3.100589203174686,,,,,,,,,,0,,,,,0,,,
bayesfl_observability_v1,ola_lr0p05_b64_e1,28,7,0,1,random,252.92910103355504,2.5535122755371904,,,,,,,,,,0,,,,,0,,,
bayesfl_observability_v1,ola_lr0p05_b64_e1,28,15,1,1,random,519.4134380723592,5.784100292641981,,,,,,,,,,0,,,,,0,,,
bayesfl_observability_v1,ola_lr0p05_b64_e1,28,46,3,1,random,342.6954868921892,0.15499575149570433,,,,,,,,,,0,,,,,0,,,
bayesfl_observability_v1,ola_lr0p05_b64_e1,28,47,3,1,random,249.32788320523036,1.6398080213030586,,,,,,,,,,0,,,,,0,,,
bayesfl_observability_v1,ola_lr0p05_b64_e1,28,67,5,1,random,520.7471560224626,1.9104971155417736,,,,,,,,,,0,,,,,0,,,
bayesfl_observability_v1,ola_lr0p05_b64_e1,28,74,5,1,random,448.8275593995928,0.8340559361124446,,,,,,,,,,0,,,,,0,,,
bayesfl_observability_v1,ola_lr0p05_b64_e1,28,79,6,1,random,219.91129097851376,4.559978394090928,,,,,,,,,,0,,,,,0,,,
bayesfl_observability_v1,ola_lr0p05_b64_e1,28,113,9,1,random,287.15494180515213,4.851663897418012,,,,,,,,,,0,,,,,0,,,
bayesfl_observability_v1,ola_lr0p05_b64_e1,28,159,12,1,random,185.52299944121046,6.2634131232463455,,,,,,,,,,0,,,,,0,,,
bayesfl_observability_v1,ola_lr0p05_b64_e1,28,161,12,1,random,402.43485738984157,3.492772365656858,,,,,,,,,,0,,,,,0,,,
bayesfl_observability_v1,ola_lr0p05_b64_e1,28,192,15,1,random,484.836426855211,4.739542518360244,,,,,,,,,,0,,,,,0,,,
bayesfl_observability_v1,ola_lr0p05_b64_e1,28,208,16,1,random,184.3760036169153,3.1704543509148975,,,,,,,,,,0,,,,,0,,,
bayesfl_observability_v1,ola_lr0p05_b64_e1,28,211,16,1,random,528.1235984642576,1.262339670820833,,,,,,,,,,0,,,,,0,,,
bayesfl_observability_v1,ola_lr0p05_b64_e1,28,225,18,1,random,25.980997426466867,2.0346182988489887,,,,,,,,,,0,,,,,0,,,
bayesfl_observability_v1,ola_lr0p05_b64_e1,28,281,22,1,random,335.4438673309002,0.4904535997333814,,,,,,,,,,0,,,,,0,,,
bayesfl_observability_v1,ola_lr0p05_b64_e1,29,15,1,1,random,519.4134380723592,5.784100292641981,,,,,,,,,,0,,,,,0,,,
bayesfl_observability_v1,ola_lr0p05_b64_e1,29,21,1,1,random,265.51506578129704,4.270296457531731,,,,,,,,,,0,,,,,0,,,
bayesfl_observability_v1,ola_lr0p05_b64_e1,29,74,5,1,random,448.8275593995928,0.8340559361124446,,,,,,,,,,0,,,,,0,,,
bayesfl_observability_v1,ola_lr0p05_b64_e1,29,113,9,1,random,287.15494180515213,4.851663897418012,,,,,,,,,,0,,,,,0,,,
bayesfl_observability_v1,ola_lr0p05_b64_e1,29,142,11,1,random,503.8803379260892,1.6155477050607419,,,,,,,,,,0,,,,,0,,,
bayesfl_observability_v1,ola_lr0p05_b64_e1,29,147,11,1,random,542.103656327626,2.540797429767278,,,,,,,,,,0,,,,,0,,,
bayesfl_observability_v1,ola_lr0p05_b64_e1,29,188,15,1,random,545.5729882159798,2.4915145370187335,,,,,,,,,,0,,,,,0,,,
bayesfl_observability_v1,ola_lr0p05_b64_e1,29,194,15,1,random,372.73179401533986,4.160249863749864,,,,,,,,,,0,,,,,0,,,
bayesfl_observability_v1,ola_lr0p05_b64_e1,29,206,16,1,random,27.189961972719313,4.222570958325521,,,,,,,,,,0,,,,,0,,,
bayesfl_observability_v1,ola_lr0p05_b64_e1,29,258,20,1,random,387.3861590787106,4.07938397478496,,,,,,,,,,0,,,,,0,,,
bayesfl_observability_v1,ola_lr0p05_b64_e1,29,265,21,1,random,337.2273981860745,3.468085735682727,,,,,,,,,,0,,,,,0,,,
bayesfl_observability_v1,ola_lr0p05_b64_e1,29,279,22,1,random,412.30022652116133,0.04336722844290614,,,,,,,,,,0,,,,,0,,,
bayesfl_observability_v1,ola_lr0p05_b64_e1,29,283,22,1,random,414.58382044962013,5.510602635687206,,,,,,,,,,0,,,,,0,,,
bayesfl_observability_v1,ola_lr0p05_b64_e1,29,287,23,1,random,272.38909644962644,1.0585795296784222,,,,,,,,,,0,,,,,0,,,
bayesfl_observability_v1,ola_lr0p05_b64_e1,29,295,23,1,random,251.85000781365778,2.946033796276255,,,,,,,,,,0,,,,,0,,,
bayesfl_observability_v1,ola_lr0p05_b64_e1,30,9,0,1,random,128.22560033790126,6.03442502546451,,,,,,,,,,0,,,,,0,,,
bayesfl_observability_v1,ola_lr0p05_b64_e1,30,26,2,1,random,294.1450875328441,0.13079865118838344,,,,,,,,,,0,,,,,0,,,
bayesfl_observability_v1,ola_lr0p05_b64_e1,30,77,6,1,random,482.20293006246277,1.0688092845431048,,,,,,,,,,0,,,,,0,,,
bayesfl_observability_v1,ola_lr0p05_b64_e1,30,108,8,1,random,423.2285017459682,3.4718177386646465,,,,,,,,,,0,,,,,0,,,
bayesfl_observability_v1,ola_lr0p05_b64_e1,30,109,8,1,random,452.16527865496397,3.008083198190912,,,,,,,,,,0,,,,,0,,,
bayesfl_observability_v1,ola_lr0p05_b64_e1,30,119,9,1,random,462.198729846986,1.4919467448214077,,,,,,,,,,0,,,,,0,,,
bayesfl_observability_v1,ola_lr0p05_b64_e1,30,132,10,1,random,511.56884868926454,3.352382439468175,,,,,,,,,,0,,,,,0,,,
bayesfl_observability_v1,ola_lr0p05_b64_e1,30,170,13,1,random,330.7368755542129,0.28255189252715196,,,,,,,,,,0,,,,,0,,,
bayesfl_observability_v1,ola_lr0p05_b64_e1,30,217,17,1,random,452.7588570783861,0.5928028650980628,,,,,,,,,,0,,,,,0,,,
bayesfl_observability_v1,ola_lr0p05_b64_e1,30,237,19,1,random,469.67455714719193,4.854893099297161,,,,,,,,,,0,,,,,0,,,
bayesfl_observability_v1,ola_lr0p05_b64_e1,30,242,19,1,random,66.67214109584975,4.121278865594621,,,,,,,,,,0,,,,,0,,,
bayesfl_observability_v1,ola_lr0p05_b64_e1,30,258,20,1,random,387.3861590787106,4.07938397478496,,,,,,,,,,0,,,,,0,,,
bayesfl_observability_v1,ola_lr0p05_b64_e1,30,270,21,1,random,327.8335218641916,6.2700502866494805,,,,,,,,,,0,,,,,0,,,
bayesfl_observability_v1,ola_lr0p05_b64_e1,30,284,22,1,random,371.0770482955434,3.3719919238913163,,,,,,,,,,0,,,,,0,,,
bayesfl_observability_v1,ola_lr0p05_b64_e1,30,289,23,1,random,313.5345872353198,1.1242531484348939,,,,,,,,,,0,,,,,0,,,
bayesfl_observability_v1,ola_lr0p05_b64_e1,31,1,0,1,random,361.6773230955695,0.16298265984422844,,,,,,,,,,0,,,,,0,,,
bayesfl_observability_v1,ola_lr0p05_b64_e1,31,34,2,1,random,518.7689813630911,0.8945761526500957,,,,,,,,,,0,,,,,0,,,
bayesfl_observability_v1,ola_lr0p05_b64_e1,31,46,3,1,random,342.6954868921892,0.15499575149570433,,,,,,,,,,0,,,,,0,,,
bayesfl_observability_v1,ola_lr0p05_b64_e1,31,56,4,1,random,336.876853931421,4.436417616942673,,,,,,,,,,0,,,,,0,,,
bayesfl_observability_v1,ola_lr0p05_b64_e1,31,64,5,1,random,436.81436912462726,1.9310790567759586,,,,,,,,,,0,,,,,0,,,
bayesfl_observability_v1,ola_lr0p05_b64_e1,31,74,5,1,random,448.8275593995928,0.8340559361124446,,,,,,,,,,0,,,,,0,,,
bayesfl_observability_v1,ola_lr0p05_b64_e1,31,110,8,1,random,504.0063693721851,4.342182494439445,,,,,,,,,,0,,,,,0,,,
bayesfl_observability_v1,ola_lr0p05_b64_e1,31,115,9,1,random,77.82051198709341,1.7417962608890467,,,,,,,,,,0,,,,,0,,,
bayesfl_observability_v1,ola_lr0p05_b64_e1,31,119,9,1,random,462.198729846986,1.4919467448214077,,,,,,,,,,0,,,,,0,,,
bayesfl_observability_v1,ola_lr0p05_b64_e1,31,134,10,1,random,280.2588722020636,0.7182160235598093,,,,,,,,,,0,,,,,0,,,
bayesfl_observability_v1,ola_lr0p05_b64_e1,31,136,10,1,random,173.8623079109163,2.6872336829201764,,,,,,,,,,0,,,,,0,,,
bayesfl_observability_v1,ola_lr0p05_b64_e1,31,177,14,1,random,491.3944810637074,0.07563468299589884,,,,,,,,,,0,,,,,0,,,
bayesfl_observability_v1,ola_lr0p05_b64_e1,31,178,14,1,random,512.7351539524458,5.953113087456182,,,,,,,,,,0,,,,,0,,,
bayesfl_observability_v1,ola_lr0p05_b64_e1,31,223,17,1,random,389.6884005060269,0.1670921152751622,,,,,,,,,,0,,,,,0,,,
bayesfl_observability_v1,ola_lr0p05_b64_e1,31,253,20,1,random,480.68624150525653,5.454885620983222,,,,,,,,,,0,,,,,0,,,
bayesfl_observability_v1,ola_lr0p05_b64_e1,32,1,0,1,random,361.6773230955695,0.16298265984422844,,,,,,,,,,0,,,,,0,,,
bayesfl_observability_v1,ola_lr0p05_b64_e1,32,5,0,1,random,496.8207433324704,3.0785972719696755,,,,,,,,,,0,,,,,0,,,
bayesfl_observability_v1,ola_lr0p05_b64_e1,32,20,1,1,random,275.16926983776,4.09262531384759,,,,,,,,,,0,,,,,0,,,
bayesfl_observability_v1,ola_lr0p05_b64_e1,32,31,2,1,random,78.31797689682737,0.39363799314716413,,,,,,,,,,0,,,,,0,,,
bayesfl_observability_v1,ola_lr0p05_b64_e1,32,40,3,1,random,326.4062597996715,6.2699677170919434,,,,,,,,,,0,,,,,0,,,
bayesfl_observability_v1,ola_lr0p05_b64_e1,32,76,6,1,random,387.9205314772656,5.339625383666714,,,,,,,,,,0,,,,,0,,,
bayesfl_observability_v1,ola_lr0p05_b64_e1,32,150,12,1,random,402.11438380447424,6.145053787971962,,,,,,,,,,0,,,,,0,,,
bayesfl_observability_v1,ola_lr0p05_b64_e1,32,153,12,1,random,402.2952646373345,1.7881377999209567,,,,,,,,,,0,,,,,0,,,
bayesfl_observability_v1,ola_lr0p05_b64_e1,32,184,14,1,random,335.0554348937908,3.9960109846843737,,,,,,,,,,0,,,,,0,,,
bayesfl_observability_v1,ola_lr0p05_b64_e1,32,185,14,1,random,316.91266672642354,2.3900448368657425,,,,,,,,,,0,,,,,0,,,
bayesfl_observability_v1,ola_lr0p05_b64_e1,32,188,15,1,random,545.5729882159798,2.4915145370187335,,,,,,,,,,0,,,,,0,,,
bayesfl_observability_v1,ola_lr0p05_b64_e1,32,203,16,1,random,520.0017289324702,5.54684421320646,,,,,,,,,,0,,,,,0,,,
bayesfl_observability_v1,ola_lr0p05_b64_e1,32,222,17,1,random,344.1128776705216,3.4722911826444824,,,,,,,,,,0,,,,,0,,,
bayesfl_observability_v1,ola_lr0p05_b64_e1,32,253,20,1,random,480.68624150525653,5.454885620983222,,,,,,,,,,0,,,,,0,,,
bayesfl_observability_v1,ola_lr0p05_b64_e1,32,264,21,1,random,84.75662840573435,2.8667719852171194,,,,,,,,,,0,,,,,0,,,
bayesfl_observability_v1,ola_lr0p05_b64_e1,33,75,6,1,random,485.0116432459541,3.4413935150410224,,,,,,,,,,0,,,,,0,,,
bayesfl_observability_v1,ola_lr0p05_b64_e1,33,93,7,1,random,520.4425354053219,6.110323892359406,,,,,,,,,,0,,,,,0,,,
bayesfl_observability_v1,ola_lr0p05_b64_e1,33,111,8,1,random,362.4127345771058,5.84665032519695,,,,,,,,,,0,,,,,0,,,
bayesfl_observability_v1,ola_lr0p05_b64_e1,33,112,9,1,random,479.9929787701995,1.7280492386568027,,,,,,,,,,0,,,,,0,,,
bayesfl_observability_v1,ola_lr0p05_b64_e1,33,116,9,1,random,498.74908300085406,3.154226262822562,,,,,,,,,,0,,,,,0,,,
bayesfl_observability_v1,ola_lr0p05_b64_e1,33,148,11,1,random,202.1501900631251,2.1939680714013625,,,,,,,,,,0,,,,,0,,,
bayesfl_observability_v1,ola_lr0p05_b64_e1,33,160,12,1,random,403.5511747322784,1.0645512112886544,,,,,,,,,,0,,,,,0,,,
bayesfl_observability_v1,ola_lr0p05_b64_e1,33,199,15,1,random,328.12115505327296,2.8909580760026232,,,,,,,,,,0,,,,,0,,,
bayesfl_observability_v1,ola_lr0p05_b64_e1,33,218,17,1,random,430.25317250087494,5.550035310795923,,,,,,,,,,0,,,,,0,,,
bayesfl_observability_v1,ola_lr0p05_b64_e1,33,224,17,1,random,450.00240059880355,5.597281626599864,,,,,,,,,,0,,,,,0,,,
bayesfl_observability_v1,ola_lr0p05_b64_e1,33,226,18,1,random,259.64493770055356,4.4476501651609315,,,,,,,,,,0,,,,,0,,,
bayesfl_observability_v1,ola_lr0p05_b64_e1,33,245,19,1,random,485.3238413937074,4.904374316276556,,,,,,,,,,0,,,,,0,,,
bayesfl_observability_v1,ola_lr0p05_b64_e1,33,277,22,1,random,499.13702723040376,0.1704494029325066,,,,,,,,,,0,,,,,0,,,
bayesfl_observability_v1,ola_lr0p05_b64_e1,33,279,22,1,random,412.30022652116133,0.04336722844290614,,,,,,,,,,0,,,,,0,,,
bayesfl_observability_v1,ola_lr0p05_b64_e1,33,291,23,1,random,253.723296922642,1.9391815291334993,,,,,,,,,,0,,,,,0,,,
bayesfl_observability_v1,ola_lr0p05_b64_e1,34,17,1,1,random,371.9773416923275,3.3227777376170584,,,,,,,,,,0,,,,,0,,,
bayesfl_observability_v1,ola_lr0p05_b64_e1,34,31,2,1,random,78.31797689682737,0.39363799314716413,,,,,,,,,,0,,,,,0,,,
bayesfl_observability_v1,ola_lr0p05_b64_e1,34,52,4,1,random,464.7900413267482,5.277562652447477,,,,,,,,,,0,,,,,0,,,
bayesfl_observability_v1,ola_lr0p05_b64_e1,34,76,6,1,random,387.9205314772656,5.339625383666714,,,,,,,,,,0,,,,,0,,,
bayesfl_observability_v1,ola_lr0p05_b64_e1,34,109,8,1,random,452.16527865496397,3.008083198190912,,,,,,,,,,0,,,,,0,,,
bayesfl_observability_v1,ola_lr0p05_b64_e1,34,142,11,1,random,503.8803379260892,1.6155477050607419,,,,,,,,,,0,,,,,0,,,
bayesfl_observability_v1,ola_lr0p05_b64_e1,34,160,12,1,random,403.5511747322784,1.0645512112886544,,,,,,,,,,0,,,,,0,,,
bayesfl_observability_v1,ola_lr0p05_b64_e1,34,186,14,1,random,481.3553947592233,1.5623700394087605,,,,,,,,,,0,,,,,0,,,
bayesfl_observability_v1,ola_lr0p05_b64_e1,34,199,15,1,random,328.12115505327296,2.8909580760026232,,,,,,,,,,0,,,,,0,,,
bayesfl_observability_v1,ola_lr0p05_b64_e1,34,202,16,1,random,322.9654192480836,3.1555204714008904,,,,,,,,,,0,,,,,0,,,
bayesfl_observability_v1,ola_lr0p05_b64_e1,34,226,18,1,random,259.64493770055356,4.4476501651609315,,,,,,,,,,0,,,,,0,,,
bayesfl_observability_v1,ola_lr0p05_b64_e1,34,244,19,1,random,507.4517079249348,3.4936319454721323,,,,,,,,,,0,,,,,0,,,
bayesfl_observability_v1,ola_lr0p05_b64_e1,34,250,20,1,random,539.3963132867785,0.7089335613432048,,,,,,,,,,0,,,,,0,,,
bayesfl_observability_v1,ola_lr0p05_b64_e1,34,251,20,1,random,220.58329616686788,3.3999804458092657,,,,,,,,,,0,,,,,0,,,
bayesfl_observability_v1,ola_lr0p05_b64_e1,34,277,22,1,random,499.13702723040376,0.1704494029325066,,,,,,,,,,0,,,,,0,,,
bayesfl_observability_v1,ola_lr0p05_b64_e1,35,14,1,1,random,483.78573872989597,0.4777667413128442,,,,,,,,,,0,,,,,0,,,
bayesfl_observability_v1,ola_lr0p05_b64_e1,35,35,2,1,random,482.6506453581826,4.375125053869003,,,,,,,,,,0,,,,,0,,,
bayesfl_observability_v1,ola_lr0p05_b64_e1,35,69,5,1,random,503.3134101777154,0.597063216187032,,,,,,,,,,0,,,,,0,,,
bayesfl_observability_v1,ola_lr0p05_b64_e1,35,134,10,1,random,280.2588722020636,0.7182160235598093,,,,,,,,,,0,,,,,0,,,
bayesfl_observability_v1,ola_lr0p05_b64_e1,35,135,10,1,random,426.61517554812576,0.054865846869908065,,,,,,,,,,0,,,,,0,,,
bayesfl_observability_v1,ola_lr0p05_b64_e1,35,141,11,1,random,401.09643414160416,2.869583829181718,,,,,,,,,,0,,,,,0,,,
bayesfl_observability_v1,ola_lr0p05_b64_e1,35,162,13,1,random,426.7719174505846,3.382761174901961,,,,,,,,,,0,,,,,0,,,
bayesfl_observability_v1,ola_lr0p05_b64_e1,35,172,13,1,random,512.2695804846903,1.7870059304089094,,,,,,,,,,0,,,,,0,,,
bayesfl_observability_v1,ola_lr0p05_b64_e1,35,224,17,1,random,450.00240059880355,5.597281626599864,,,,,,,,,,0,,,,,0,,,
bayesfl_observability_v1,ola_lr0p05_b64_e1,35,228,18,1,random,341.43963612458083,3.805897254550807,,,,,,,,,,0,,,,,0,,,
bayesfl_observability_v1,ola_lr0p05_b64_e1,35,232,18,1,random,469.61485828552657,4.813794021046244,,,,,,,,,,0,,,,,0,,,
bayesfl_observability_v1,ola_lr0p05_b64_e1,35,258,20,1,random,387.3861590787106,4.07938397478496,,,,,,,,,,0,,,,,0,,,
bayesfl_observability_v1,ola_lr0p05_b64_e1,35,277,22,1,random,499.13702723040376,0.1704494029325066,,,,,,,,,,0,,,,,0,,,
bayesfl_observability_v1,ola_lr0p05_b64_e1,35,280,22,1,random,533.6066337489176,2.752592265264449,,,,,,,,,,0,,,,,0,,,
bayesfl_observability_v1,ola_lr0p05_b64_e1,35,290,23,1,random,380.66775623364026,3.355100586067569,,,,,,,,,,0,,,,,0,,,
bayesfl_observability_v1,ola_lr0p05_b64_e1,36,7,0,1,random,252.92910103355504,2.5535122755371904,,,,,,,,,,0,,,,,0,,,
bayesfl_observability_v1,ola_lr0p05_b64_e1,36,9,0,1,random,128.22560033790126,6.03442502546451,,,,,,,,,,0,,,,,0,,,
bayesfl_observability_v1,ola_lr0p05_b64_e1,36,17,1,1,random,371.9773416923275,3.3227777376170584,,,,,,,,,,0,,,,,0,,,
bayesfl_observability_v1,ola_lr0p05_b64_e1,36,47,3,1,random,249.32788320523036,1.6398080213030586,,,,,,,,,,0,,,,,0,,,
bayesfl_observability_v1,ola_lr0p05_b64_e1,36,48,3,1,random,345.16871175329607,6.175871470061512,,,,,,,,,,0,,,,,0,,,
bayesfl_observability_v1,ola_lr0p05_b64_e1,36,51,4,1,random,439.42159618694393,2.8685338169985437,,,,,,,,,,0,,,,,0,,,
bayesfl_observability_v1,ola_lr0p05_b64_e1,36,121,9,1,random,487.8337625290491,3.0015903687615895,,,,,,,,,,0,,,,,0,,,
bayesfl_observability_v1,ola_lr0p05_b64_e1,36,124,9,1,random,392.72214991524504,0.9175607134148717,,,,,,,,,,0,,,,,0,,,
bayesfl_observability_v1,ola_lr0p05_b64_e1,36,127,10,1,random,489.1945730528673,0.2634571744981509,,,,,,,,,,0,,,,,0,,,
bayesfl_observability_v1,ola_lr0p05_b64_e1,36,203,16,1,random,520.0017289324702,5.54684421320646,,,,,,,,,,0,,,,,0,,,
bayesfl_observability_v1,ola_lr0p05_b64_e1,36,206,16,1,random,27.189961972719313,4.222570958325521,,,,,,,,,,0,,,,,0,,,
bayesfl_observability_v1,ola_lr0p05_b64_e1,36,216,17,1,random,173.36402250976164,3.077097597291967,,,,,,,,,,0,,,,,0,,,
bayesfl_observability_v1,ola_lr0p05_b64_e1,36,231,18,1,random,197.17137371975178,1.5200310733993183,,,,,,,,,,0,,,,,0,,,
bayesfl_observability_v1,ola_lr0p05_b64_e1,36,243,19,1,random,512.3745838194576,0.8295792690777347,,,,,,,,,,0,,,,,0,,,
bayesfl_observability_v1,ola_lr0p05_b64_e1,36,274,21,1,random,396.887292097371,2.7539391343520725,,,,,,,,,,0,,,,,0,,,
bayesfl_observability_v1,ola_lr0p05_b64_e1,37,54,4,1,random,530.5746885236875,4.131226103072369,,,,,,,,,,0,,,,,0,,,
bayesfl_observability_v1,ola_lr0p05_b64_e1,37,96,7,1,random,404.9133581657208,2.996326169706289,,,,,,,,,,0,,,,,0,,,
bayesfl_observability_v1,ola_lr0p05_b64_e1,37,108,8,1,random,423.2285017459682,3.4718177386646465,,,,,,,,,,0,,,,,0,,,
bayesfl_observability_v1,ola_lr0p05_b64_e1,37,119,9,1,random,462.198729846986,1.4919467448214077,,,,,,,,,,0,,,,,0,,,
bayesfl_observability_v1,ola_lr0p05_b64_e1,37,140,11,1,random,333.9270631852678,6.055941878711427,,,,,,,,,,0,,,,,0,,,
bayesfl_observability_v1,ola_lr0p05_b64_e1,37,160,12,1,random,403.5511747322784,1.0645512112886544,,,,,,,,,,0,,,,,0,,,
bayesfl_observability_v1,ola_lr0p05_b64_e1,37,187,15,1,random,471.5017614130201,3.6346428597224256,,,,,,,,,,0,,,,,0,,,
bayesfl_observability_v1,ola_lr0p05_b64_e1,37,196,15,1,random,222.54856737415753,4.816278063269207,,,,,,,,,,0,,,,,0,,,
bayesfl_observability_v1,ola_lr0p05_b64_e1,37,198,15,1,random,456.7195185021447,5.266217818611937,,,,,,,,,,0,,,,,0,,,
bayesfl_observability_v1,ola_lr0p05_b64_e1,37,222,17,1,random,344.1128776705216,3.4722911826444824,,,,,,,,,,0,,,,,0,,,
bayesfl_observability_v1,ola_lr0p05_b64_e1,37,226,18,1,random,259.64493770055356,4.4476501651609315,,,,,,,,,,0,,,,,0,,,
bayesfl_observability_v1,ola_lr0p05_b64_e1,37,231,18,1,random,197.17137371975178,1.5200310733993183,,,,,,,,,,0,,,,,0,,,
bayesfl_observability_v1,ola_lr0p05_b64_e1,37,266,21,1,random,312.8849897895343,4.692398110344136,,,,,,,,,,0,,,,,0,,,
bayesfl_observability_v1,ola_lr0p05_b64_e1,37,293,23,1,random,267.517534898283,3.107535633443526,,,,,,,,,,0,,,,,0,,,
bayesfl_observability_v1,ola_lr0p05_b64_e1,37,299,23,1,random,193.6088990086483,5.727270269879843,,,,,,,,,,0,,,,,0,,,
bayesfl_observability_v1,ola_lr0p05_b64_e1,38,36,2,1,random,396.0500641632131,5.286805998777361,,,,,,,,,,0,,,,,0,,,
bayesfl_observability_v1,ola_lr0p05_b64_e1,38,38,3,1,random,530.7273757034001,3.065508738320726,,,,,,,,,,0,,,,,0,,,
bayesfl_observability_v1,ola_lr0p05_b64_e1,38,57,4,1,random,424.82959356888534,3.414469970958966,,,,,,,,,,0,,,,,0,,,
bayesfl_observability_v1,ola_lr0p05_b64_e1,38,74,5,1,random,448.8275593995928,0.8340559361124446,,,,,,,,,,0,,,,,0,,,
bayesfl_observability_v1,ola_lr0p05_b64_e1,38,88,7,1,random,497.7510695876567,3.365019667719345,,,,,,,,,,0,,,,,0,,,
bayesfl_observability_v1,ola_lr0p05_b64_e1,38,98,7,1,random,549.8039070437338,0.663157723523529,,,,,,,,,,0,,,,,0,,,
bayesfl_observability_v1,ola_lr0p05_b64_e1,38,108,8,1,random,423.2285017459682,3.4718177386646465,,,,,,,,,,0,,,,,0,,,
bayesfl_observability_v1,ola_lr0p05_b64_e1,38,111,8,1,random,362.4127345771058,5.84665032519695,,,,,,,,,,0,,,,,0,,,
bayesfl_observability_v1,ola_lr0p05_b64_e1,38,119,9,1,random,462.198729846986,1.4919467448214077,,,,,,,,,,0,,,,,0,,,
bayesfl_observability_v1,ola_lr0p05_b64_e1,38,146,11,1,random,359.71447641942336,5.149789625973441,,,,,,,,,,0,,,,,0,,,
bayesfl_observability_v1,ola_lr0p05_b64_e1,38,152,12,1,random,374.82544744764004,4.149431919821053,,,,,,,,,,0,,,,,0,,,
bayesfl_observability_v1,ola_lr0p05_b64_e1,38,166,13,1,random,492.81797518905296,3.986647168342786,,,,,,,,,,0,,,,,0,,,
bayesfl_observability_v1,ola_lr0p05_b64_e1,38,169,13,1,random,277.9408552749002,3.043563931738982,,,,,,,,,,0,,,,,0,,,
bayesfl_observability_v1,ola_lr0p05_b64_e1,38,258,20,1,random,387.3861590787106,4.07938397478496,,,,,,,,,,0,,,,,0,,,
bayesfl_observability_v1,ola_lr0p05_b64_e1,38,266,21,1,random,312.8849897895343,4.692398110344136,,,,,,,,,,0,,,,,0,,,
bayesfl_observability_v1,ola_lr0p05_b64_e1,39,12,1,1,random,519.2429168057155,5.405584059923019,,,,,,,,,,0,,,,,0,,,
bayesfl_observability_v1,ola_lr0p05_b64_e1,39,27,2,1,random,34.926743227516376,2.424058602647788,,,,,,,,,,0,,,,,0,,,
bayesfl_observability_v1,ola_lr0p05_b64_e1,39,66,5,1,random,521.1253930592115,1.979567985571703,,,,,,,,,,0,,,,,0,,,
bayesfl_observability_v1,ola_lr0p05_b64_e1,39,72,5,1,random,120.93847648909959,2.7047799311386003,,,,,,,,,,0,,,,,0,,,
bayesfl_observability_v1,ola_lr0p05_b64_e1,39,78,6,1,random,81.32713332086043,4.78352099908292,,,,,,,,,,0,,,,,0,,,
bayesfl_observability_v1,ola_lr0p05_b64_e1,39,80,6,1,random,473.32247054734864,4.706451518668536,,,,,,,,,,0,,,,,0,,,
bayesfl_observability_v1,ola_lr0p05_b64_e1,39,92,7,1,random,534.980056763498,2.0325682341798506,,,,,,,,,,0,,,,,0,,,
bayesfl_observability_v1,ola_lr0p05_b64_e1,39,102,8,1,random,275.3879835647775,3.1964630367488636,,,,,,,,,,0,,,,,0,,,
bayesfl_observability_v1,ola_lr0p05_b64_e1,39,106,8,1,random,492.88205255459764,3.08096390636755,,,,,,,,,,0,,,,,0,,,
bayesfl_observability_v1,ola_lr0p05_b64_e1,39,121,9,1,random,487.8337625290491,3.0015903687615895,,,,,,,,,,0,,,,,0,,,
bayesfl_observability_v1,ola_lr0p05_b64_e1,39,129,10,1,random,317.6141392360155,4.626210341821955,,,,,,,,,,0,,,,,0,,,
bayesfl_observability_v1,ola_lr0p05_b64_e1,39,238,19,1,random,461.53317502431446,3.939706840466583,,,,,,,,,,0,,,,,0,,,
bayesfl_observability_v1,ola_lr0p05_b64_e1,39,245,19,1,random,485.3238413937074,4.904374316276556,,,,,,,,,,0,,,,,0,,,
bayesfl_observability_v1,ola_lr0p05_b64_e1,39,272,21,1,random,473.3454255951759,3.100589203174686,,,,,,,,,,0,,,,,0,,,
bayesfl_observability_v1,ola_lr0p05_b64_e1,39,276,22,1,random,336.8020076539627,5.5866636930851366,,,,,,,,,,0,,,,,0,,,
bayesfl_observability_v1,ola_lr0p05_b64_e1,40,57,4,1,random,424.82959356888534,3.414469970958966,,,,,,,,,,0,,,,,0,,,
bayesfl_observability_v1,ola_lr0p05_b64_e1,40,58,4,1,random,433.65932740555445,3.31733339148548,,,,,,,,,,0,,,,,0,,,
bayesfl_observability_v1,ola_lr0p05_b64_e1,40,78,6,1,random,81.32713332086043,4.78352099908292,,,,,,,,,,0,,,,,0,,,
bayesfl_observability_v1,ola_lr0p05_b64_e1,40,99,7,1,random,421.4606558707937,5.53959021131973,,,,,,,,,,0,,,,,0,,,
bayesfl_observability_v1,ola_lr0p05_b64_e1,40,105,8,1,random,481.7202222938435,1.2261557081869083,,,,,,,,,,0,,,,,0,,,
bayesfl_observability_v1,ola_lr0p05_b64_e1,40,139,11,1,random,199.40749488651014,1.2969710379833004,,,,,,,,,,0,,,,,0,,,
bayesfl_observability_v1,ola_lr0p05_b64_e1,40,141,11,1,random,401.09643414160416,2.869583829181718,,,,,,,,,,0,,,,,0,,,
bayesfl_observability_v1,ola_lr0p05_b64_e1,40,144,11,1,random,376.59812363934867,3.41708029421189,,,,,,,,,,0,,,,,0,,,
bayesfl_observability_v1,ola_lr0p05_b64_e1,40,181,14,1,random,117.2094200248818,0.9884171798994301,,,,,,,,,,0,,,,,0,,,
bayesfl_observability_v1,ola_lr0p05_b64_e1,40,211,16,1,random,528.1235984642576,1.262339670820833,,,,,,,,,,0,,,,,0,,,
bayesfl_observability_v1,ola_lr0p05_b64_e1,40,217,17,1,random,452.7588570783861,0.5928028650980628,,,,,,,,,,0,,,,,0,,,
bayesfl_observability_v1,ola_lr0p05_b64_e1,40,220,17,1,random,397.83276820166617,3.751909192056509,,,,,,,,,,0,,,,,0,,,
bayesfl_observability_v1,ola_lr0p05_b64_e1,40,225,18,1,random,25.980997426466867,2.0346182988489887,,,,,,,,,,0,,,,,0,,,
bayesfl_observability_v1,ola_lr0p05_b64_e1,40,255,20,1,random,475.86688399091037,5.405131307473174,,,,,,,,,,0,,,,,0,,,
bayesfl_observability_v1,ola_lr0p05_b64_e1,40,294,23,1,random,492.7762168519203,5.965964465332432,,,,,,,,,,0,,,,,0,,,
bayesfl_observability_v1,ola_lr0p05_b64_e1,41,15,1,1,random,519.4134380723592,5.784100292641981,,,,,,,,,,0,,,,,0,,,
bayesfl_observability_v1,ola_lr0p05_b64_e1,41,23,1,1,random,329.5695305074107,2.470793842880754,,,,,,,,,,0,,,,,0,,,
bayesfl_observability_v1,ola_lr0p05_b64_e1,41,44,3,1,random,394.5404658477517,5.255650337272892,,,,,,,,,,0,,,,,0,,,
bayesfl_observability_v1,ola_lr0p05_b64_e1,41,82,6,1,random,522.2747400291731,2.145992916681383,,,,,,,,,,0,,,,,0,,,
bayesfl_observability_v1,ola_lr0p05_b64_e1,41,85,6,1,random,101.05014002889084,5.146080158971667,,,,,,,,,,0,,,,,0,,,
bayesfl_observability_v1,ola_lr0p05_b64_e1,41,99,7,1,random,421.4606558707937,5.53959021131973,,,,,,,,,,0,,,,,0,,,
bayesfl_observability_v1,ola_lr0p05_b64_e1,41,100,8,1,random,300.18614970373824,3.7006468336014144,,,,,,,,,,0,,,,,0,,,
bayesfl_observability_v1,ola_lr0p05_b64_e1,41,102,8,1,random,275.3879835647775,3.1964630367488636,,,,,,,,,,0,,,,,0,,,
bayesfl_observability_v1,ola_lr0p05_b64_e1,41,132,10,1,random,511.56884868926454,3.352382439468175,,,,,,,,,,0,,,,,0,,,
bayesfl_observability_v1,ola_lr0p05_b64_e1,41,166,13,1,random,492.81797518905296,3.986647168342786,,,,,,,,,,0,,,,,0,,,
bayesfl_observability_v1,ola_lr0p05_b64_e1,41,173,13,1,random,323.5469306973342,5.863675063656309,,,,,,,,,,0,,,,,0,,,
bayesfl_observability_v1,ola_lr0p05_b64_e1,41,227,18,1,random,140.6061359978593,2.427206468007539,,,,,,,,,,0,,,,,0,,,
bayesfl_observability_v1,ola_lr0p05_b64_e1,41,249,19,1,random,442.00811601762734,3.1223736420174864,,,,,,,,,,0,,,,,0,,,
bayesfl_observability_v1,ola_lr0p05_b64_e1,41,268,21,1,random,385.0821861615506,0.7249054437771512,,,,,,,,,,0,,,,,0,,,
bayesfl_observability_v1,ola_lr0p05_b64_e1,41,285,22,1,random,503.1449414764846,0.6368843465911291,,,,,,,,,,0,,,,,0,,,
bayesfl_observability_v1,ola_lr0p05_b64_e1,42,3,0,1,random,371.5596383619438,3.2459408847982902,,,,,,,,,,0,,,,,0,,,
bayesfl_observability_v1,ola_lr0p05_b64_e1,42,43,3,1,random,271.3032554689295,3.857893913135462,,,,,,,,,,0,,,,,0,,,
bayesfl_observability_v1,ola_lr0p05_b64_e1,42,62,5,1,random,430.1302587074913,2.9627211075483966,,,,,,,,,,0,,,,,0,,,
bayesfl_observability_v1,ola_lr0p05_b64_e1,42,74,5,1,random,448.8275593995928,0.8340559361124446,,,,,,,,,,0,,,,,0,,,
bayesfl_observability_v1,ola_lr0p05_b64_e1,42,81,6,1,random,493.3182778151673,1.396117985534601,,,,,,,,,,0,,,,,0,,,
bayesfl_observability_v1,ola_lr0p05_b64_e1,42,85,6,1,random,101.05014002889084,5.146080158971667,,,,,,,,,,0,,,,,0,,,
bayesfl_observability_v1,ola_lr0p05_b64_e1,42,103,8,1,random,201.28823144984364,6.136110008091885,,,,,,,,,,0,,,,,0,,,
bayesfl_observability_v1,ola_lr0p05_b64_e1,42,117,9,1,random,451.05544720842494,0.03391461562941973,,,,,,,,,,0,,,,,0,,,
bayesfl_observability_v1,ola_lr0p05_b64_e1,42,120,9,1,random,544.4364868465909,3.7184881313655316,,,,,,,,,,0,,,,,0,,,
bayesfl_observability_v1,ola_lr0p05_b64_e1,42,125,10,1,random,383.59433817812254,3.8144535232158803,,,,,,,,,,0,,,,,0,,,
bayesfl_observability_v1,ola_lr0p05_b64_e1,42,222,17,1,random,344.1128776705216,3.4722911826444824,,,,,,,,,,0,,,,,0,,,
bayesfl_observability_v1,ola_lr0p05_b64_e1,42,224,17,1,random,450.00240059880355,5.597281626599864,,,,,,,,,,0,,,,,0,,,
bayesfl_observability_v1,ola_lr0p05_b64_e1,42,231,18,1,random,197.17137371975178,1.5200310733993183,,,,,,,,,,0,,,,,0,,,
bayesfl_observability_v1,ola_lr0p05_b64_e1,42,241,19,1,random,547.0850924910858,2.779182278604292,,,,,,,,,,0,,,,,0,,,
bayesfl_observability_v1,ola_lr0p05_b64_e1,42,282,22,1,random,362.4573302953916,3.1915554814179132,,,,,,,,,,0,,,,,0,,,
bayesfl_observability_v1,ola_lr0p05_b64_e1,43,0,0,1,random,490.4674285348789,3.1738995362067826,,,,,,,,,,0,,,,,0,,,
bayesfl_observability_v1,ola_lr0p05_b64_e1,43,8,0,1,random,393.58563227532574,4.5190857950638375,,,,,,,,,,0,,,,,0,,,
bayesfl_observability_v1,ola_lr0p05_b64_e1,43,31,2,1,random,78.31797689682737,0.39363799314716413,,,,,,,,,,0,,,,,0,,,
bayesfl_observability_v1,ola_lr0p05_b64_e1,43,35,2,1,random,482.6506453581826,4.375125053869003,,,,,,,,,,0,,,,,0,,,
bayesfl_observability_v1,ola_lr0p05_b64_e1,43,44,3,1,random,394.5404658477517,5.255650337272892,,,,,,,,,,0,,,,,0,,,
bayesfl_observability_v1,ola_lr0p05_b64_e1,43,53,4,1,random,385.15233525000343,4.982057395930648,,,,,,,,,,0,,,,,0,,,
bayesfl_observability_v1,ola_lr0p05_b64_e1,43,60,4,1,random,479.70175592926756,3.1488090120682655,,,,,,,,,,0,,,,,0,,,
bayesfl_observability_v1,ola_lr0p05_b64_e1,43,61,4,1,random,443.8143499745043,5.185910990858567,,,,,,,,,,0,,,,,0,,,
bayesfl_observability_v1,ola_lr0p05_b64_e1,43,85,6,1,random,101.05014002889084,5.146080158971667,,,,,,,,,,0,,,,,0,,,
bayesfl_observability_v1,ola_lr0p05_b64_e1,43,101,8,1,random,152.34664836523982,2.7093013664620176,,,,,,,,,,0,,,,,0,,,
bayesfl_observability_v1,ola_lr0p05_b64_e1,43,149,11,1,random,427.0949856881615,0.7390916384227064,,,,,,,,,,0,,,,,0,,,
bayesfl_observability_v1,ola_lr0p05_b64_e1,43,162,13,1,random,426.7719174505846,3.382761174901961,,,,,,,,,,0,,,,,0,,,
bayesfl_observability_v1,ola_lr0p05_b64_e1,43,171,13,1,random,505.35595564335915,1.2725412185698093,,,,,,,,,,0,,,,,0,,,
bayesfl_observability_v1,ola_lr0p05_b64_e1,43,198,15,1,random,456.7195185021447,5.266217818611937,,,,,,,,,,0,,,,,0,,,
bayesfl_observability_v1,ola_lr0p05_b64_e1,43,255,20,1,random,475.86688399091037,5.405131307473174,,,,,,,,,,0,,,,,0,,,
bayesfl_observability_v1,ola_lr0p05_b64_e1,44,8,0,1,random,393.58563227532574,4.5190857950638375,,,,,,,,,,0,,,,,0,,,
bayesfl_observability_v1,ola_lr0p05_b64_e1,44,9,0,1,random,128.22560033790126,6.03442502546451,,,,,,,,,,0,,,,,0,,,
bayesfl_observability_v1,ola_lr0p05_b64_e1,44,18,1,1,random,192.73869487670333,4.079410567499369,,,,,,,,,,0,,,,,0,,,
bayesfl_observability_v1,ola_lr0p05_b64_e1,44,43,3,1,random,271.3032554689295,3.857893913135462,,,,,,,,,,0,,,,,0,,,
bayesfl_observability_v1,ola_lr0p05_b64_e1,44,46,3,1,random,342.6954868921892,0.15499575149570433,,,,,,,,,,0,,,,,0,,,
bayesfl_observability_v1,ola_lr0p05_b64_e1,44,91,7,1,random,464.40227318498495,0.9928567282267872,,,,,,,,,,0,,,,,0,,,
bayesfl_observability_v1,ola_lr0p05_b64_e1,44,93,7,1,random,520.4425354053219,6.110323892359406,,,,,,,,,,0,,,,,0,,,
bayesfl_observability_v1,ola_lr0p05_b64_e1,44,119,9,1,random,462.198729846986,1.4919467448214077,,,,,,,,,,0,,,,,0,,,
bayesfl_observability_v1,ola_lr0p05_b64_e1,44,134,10,1,random,280.2588722020636,0.7182160235598093,,,,,,,,,,0,,,,,0,,,
bayesfl_observability_v1,ola_lr0p05_b64_e1,44,154,12,1,random,353.31588455617657,1.9443289530259302,,,,,,,,,,0,,,,,0,,,
bayesfl_observability_v1,ola_lr0p05_b64_e1,44,164,13,1,random,472.83800926553005,5.636812277753803,,,,,,,,,,0,,,,,0,,,
bayesfl_observability_v1,ola_lr0p05_b64_e1,44,176,14,1,random,489.5050999646001,5.930952849271908,,,,,,,,,,0,,,,,0,,,
bayesfl_observability_v1,ola_lr0p05_b64_e1,44,195,15,1,random,533.2327766715206,1.3882606107027624,,,,,,,,,,0,,,,,0,,,
bayesfl_observability_v1,ola_lr0p05_b64_e1,44,270,21,1,random,327.8335218641916,6.2700502866494805,,,,,,,,,,0,,,,,0,,,
bayesfl_observability_v1,ola_lr0p05_b64_e1,44,282,22,1,random,362.4573302953916,3.1915554814179132,,,,,,,,,,0,,,,,0,,,
bayesfl_observability_v1,ola_lr0p05_b64_e1,45,20,1,1,random,275.16926983776,4.09262531384759,,,,,,,,,,0,,,,,0,,,
bayesfl_observability_v1,ola_lr0p05_b64_e1,45,41,3,1,random,462.8203939719845,5.9117206090117875,,,,,,,,,,0,,,,,0,,,
bayesfl_observability_v1,ola_lr0p05_b64_e1,45,44,3,1,random,394.5404658477517,5.255650337272892,,,,,,,,,,0,,,,,0,,,
bayesfl_observability_v1,ola_lr0p05_b64_e1,45,75,6,1,random,485.0116432459541,3.4413935150410224,,,,,,,,,,0,,,,,0,,,
bayesfl_observability_v1,ola_lr0p05_b64_e1,45,110,8,1,random,504.0063693721851,4.342182494439445,,,,,,,,,,0,,,,,0,,,
bayesfl_observability_v1,ola_lr0p05_b64_e1,45,114,9,1,random,503.7964908652484,1.3168164609715463,,,,,,,,,,0,,,,,0,,,
bayesfl_observability_v1,ola_lr0p05_b64_e1,45,133,10,1,random,541.9292220429796,0.2654367396178076,,,,,,,,,,0,,,,,0,,,
bayesfl_observability_v1,ola_lr0p05_b64_e1,45,158,12,1,random,386.08390679380824,1.4119042331237421,,,,,,,,,,0,,,,,0,,,
bayesfl_observability_v1,ola_lr0p05_b64_e1,45,191,15,1,random,444.132030473283,1.689736634999263,,,,,,,,,,0,,,,,0,,,
bayesfl_observability_v1,ola_lr0p05_b64_e1,45,199,15,1,random,328.12115505327296,2.8909580760026232,,,,,,,,,,0,,,,,0,,,
bayesfl_observability_v1,ola_lr0p05_b64_e1,45,230,18,1,random,234.91750384106712,4.613775043013793,,,,,,,,,,0,,,,,0,,,
bayesfl_observability_v1,ola_lr0p05_b64_e1,45,232,18,1,random,469.61485828552657,4.813794021046244,,,,,,,,,,0,,,,,0,,,
bayesfl_observability_v1,ola_lr0p05_b64_e1,45,256,20,1,random,527.4188185003038,1.6729914705643931,,,,,,,,,,0,,,,,0,,,
bayesfl_observability_v1,ola_lr0p05_b64_e1,45,269,21,1,random,419.8222126178066,5.316281132989882,,,,,,,,,,0,,,,,0,,,
bayesfl_observability_v1,ola_lr0p05_b64_e1,45,284,22,1,random,371.0770482955434,3.3719919238913163,,,,,,,,,,0,,,,,0,,,
bayesfl_observability_v1,ola_lr0p05_b64_e1,46,27,2,1,random,34.926743227516376,2.424058602647788,,,,,,,,,,0,,,,,0,,,
bayesfl_observability_v1,ola_lr0p05_b64_e1,46,47,3,1,random,249.32788320523036,1.6398080213030586,,,,,,,,,,0,,,,,0,,,
bayesfl_observability_v1,ola_lr0p05_b64_e1,46,77,6,1,random,482.20293006246277,1.0688092845431048,,,,,,,,,,0,,,,,0,,,
bayesfl_observability_v1,ola_lr0p05_b64_e1,46,83,6,1,random,530.5836903660695,2.0093833430662467,,,,,,,,,,0,,,,,0,,,
bayesfl_observability_v1,ola_lr0p05_b64_e1,46,97,7,1,random,474.5577579749368,3.957671339207772,,,,,,,,,,0,,,,,0,,,
bayesfl_observability_v1,ola_lr0p05_b64_e1,46,122,9,1,random,159.02447353412242,0.8523758390877691,,,,,,,,,,0,,,,,0,,,
bayesfl_observability_v1,ola_lr0p05_b64_e1,46,141,11,1,random,401.09643414160416,2.869583829181718,,,,,,,,,,0,,,,,0,,,
bayesfl_observability_v1,ola_lr0p05_b64_e1,46,150,12,1,random,402.11438380447424,6.145053787971962,,,,,,,,,,0,,,,,0,,,
bayesfl_observability_v1,ola_lr0p05_b64_e1,46,157,12,1,random,447.5664585179893,4.346154033485115,,,,,,,,,,0,,,,,0,,,
bayesfl_observability_v1,ola_lr0p05_b64_e1,46,183,14,1,random,145.57423040736145,1.8419185953761883,,,,,,,,,,0,,,,,0,,,
bayesfl_observability_v1,ola_lr0p05_b64_e1,46,263,21,1,random,406.0448992293342,2.4314697304812256,,,,,,,,,,0,,,,,0,,,
bayesfl_observability_v1,ola_lr0p05_b64_e1,46,286,22,1,random,397.35062926648067,1.2691704213794874,,,,,,,,,,0,,,,,0,,,
bayesfl_observability_v1,ola_lr0p05_b64_e1,46,292,23,1,random,279.0671500457063,2.060423575075183,,,,,,,,,,0,,,,,0,,,
bayesfl_observability_v1,ola_lr0p05_b64_e1,46,296,23,1,random,433.47189676235445,3.772405701277136,,,,,,,,,,0,,,,,0,,,
bayesfl_observability_v1,ola_lr0p05_b64_e1,46,298,23,1,random,258.2292184226586,3.0916830175682297,,,,,,,,,,0,,,,,0,,,
bayesfl_observability_v1,ola_lr0p05_b64_e1,47,45,3,1,random,399.2941957890928,2.7886529801411424,,,,,,,,,,0,,,,,0,,,
bayesfl_observability_v1,ola_lr0p05_b64_e1,47,85,6,1,random,101.05014002889084,5.146080158971667,,,,,,,,,,0,,,,,0,,,
bayesfl_observability_v1,ola_lr0p05_b64_e1,47,112,9,1,random,479.9929787701995,1.7280492386568027,,,,,,,,,,0,,,,,0,,,
bayesfl_observability_v1,ola_lr0p05_b64_e1,47,172,13,1,random,512.2695804846903,1.7870059304089094,,,,,,,,,,0,,,,,0,,,
bayesfl_observability_v1,ola_lr0p05_b64_e1,47,179,14,1,random,103.47826926519456,3.046349888550348,,,,,,,,,,0,,,,,0,,,
bayesfl_observability_v1,ola_lr0p05_b64_e1,47,194,15,1,random,372.73179401533986,4.160249863749864,,,,,,,,,,0,,,,,0,,,
bayesfl_observability_v1,ola_lr0p05_b64_e1,47,207,16,1,random,337.40646018493874,2.0807020583163696,,,,,,,,,,0,,,,,0,,,
bayesfl_observability_v1,ola_lr0p05_b64_e1,47,209,16,1,random,431.28862020778746,4.438813501980837,,,,,,,,,,0,,,,,0,,,
bayesfl_observability_v1,ola_lr0p05_b64_e1,47,218,17,1,random,430.25317250087494,5.550035310795923,,,,,,,,,,0,,,,,0,,,
bayesfl_observability_v1,ola_lr0p05_b64_e1,47,222,17,1,random,344.1128776705216,3.4722911826444824,,,,,,,,,,0,,,,,0,,,
bayesfl_observability_v1,ola_lr0p05_b64_e1,47,223,17,1,random,389.6884005060269,0.1670921152751622,,,,,,,,,,0,,,,,0,,,
bayesfl_observability_v1,ola_lr0p05_b64_e1,47,274,21,1,random,396.887292097371,2.7539391343520725,,,,,,,,,,0,,,,,0,,,
bayesfl_observability_v1,ola_lr0p05_b64_e1,47,287,23,1,random,272.38909644962644,1.0585795296784222,,,,,,,,,,0,,,,,0,,,
bayesfl_observability_v1,ola_lr0p05_b64_e1,47,288,23,1,random,220.35323721463058,3.1894663115402193,,,,,,,,,,0,,,,,0,,,
bayesfl_observability_v1,ola_lr0p05_b64_e1,47,294,23,1,random,492.7762168519203,5.965964465332432,,,,,,,,,,0,,,,,0,,,
bayesfl_observability_v1,ola_lr0p05_b64_e1,48,21,1,1,random,265.51506578129704,4.270296457531731,,,,,,,,,,0,,,,,0,,,
bayesfl_observability_v1,ola_lr0p05_b64_e1,48,47,3,1,random,249.32788320523036,1.6398080213030586,,,,,,,,,,0,,,,,0,,,
bayesfl_observability_v1,ola_lr0p05_b64_e1,48,104,8,1,random,429.36715569146986,0.1770332118014059,,,,,,,,,,0,,,,,0,,,
bayesfl_observability_v1,ola_lr0p05_b64_e1,48,106,8,1,random,492.88205255459764,3.08096390636755,,,,,,,,,,0,,,,,0,,,
bayesfl_observability_v1,ola_lr0p05_b64_e1,48,109,8,1,random,452.16527865496397,3.008083198190912,,,,,,,,,,0,,,,,0,,,
bayesfl_observability_v1,ola_lr0p05_b64_e1,48,123,9,1,random,405.92180494791853,4.542610573124623,,,,,,,,,,0,,,,,0,,,
bayesfl_observability_v1,ola_lr0p05_b64_e1,48,130,10,1,random,198.17571202154096,2.7880453467149926,,,,,,,,,,0,,,,,0,,,
bayesfl_observability_v1,ola_lr0p05_b64_e1,48,132,10,1,random,511.56884868926454,3.352382439468175,,,,,,,,,,0,,,,,0,,,
bayesfl_observability_v1,ola_lr0p05_b64_e1,48,146,11,1,random,359.71447641942336,5.149789625973441,,,,,,,,,,0,,,,,0,,,
bayesfl_observability_v1,ola_lr0p05_b64_e1,48,150,12,1,random,402.11438380447424,6.145053787971962,,,,,,,,,,0,,,,,0,,,
bayesfl_observability_v1,ola_lr0p05_b64_e1,48,170,13,1,random,330.7368755542129,0.28255189252715196,,,,,,,,,,0,,,,,0,,,
bayesfl_observability_v1,ola_lr0p05_b64_e1,48,186,14,1,random,481.3553947592233,1.5623700394087605,,,,,,,,,,0,,,,,0,,,
bayesfl_observability_v1,ola_lr0p05_b64_e1,48,194,15,1,random,372.73179401533986,4.160249863749864,,,,,,,,,,0,,,,,0,,,
bayesfl_observability_v1,ola_lr0p05_b64_e1,48,200,16,1,random,315.63184436716875,3.6934672579291026,,,,,,,,,,0,,,,,0,,,
bayesfl_observability_v1,ola_lr0p05_b64_e1,48,220,17,1,random,397.83276820166617,3.751909192056509,,,,,,,,,,0,,,,,0,,,
bayesfl_observability_v1,ola_lr0p05_b64_e1,49,28,2,1,random,203.24444994514093,3.955662608116106,,,,,,,,,,0,,,,,0,,,
bayesfl_observability_v1,ola_lr0p05_b64_e1,49,55,4,1,random,321.6262409200987,5.9827083364166365,,,,,,,,,,0,,,,,0,,,
bayesfl_observability_v1,ola_lr0p05_b64_e1,49,88,7,1,random,497.7510695876567,3.365019667719345,,,,,,,,,,0,,,,,0,,,
bayesfl_observability_v1,ola_lr0p05_b64_e1,49,115,9,1,random,77.82051198709341,1.7417962608890467,,,,,,,,,,0,,,,,0,,,
bayesfl_observability_v1,ola_lr0p05_b64_e1,49,132,10,1,random,511.56884868926454,3.352382439468175,,,,,,,,,,0,,,,,0,,,
bayesfl_observability_v1,ola_lr0p05_b64_e1,49,145,11,1,random,424.004736604649,4.095620742328892,,,,,,,,,,0,,,,,0,,,
bayesfl_observability_v1,ola_lr0p05_b64_e1,49,159,12,1,random,185.52299944121046,6.2634131232463455,,,,,,,,,,0,,,,,0,,,
bayesfl_observability_v1,ola_lr0p05_b64_e1,49,203,16,1,random,520.0017289324702,5.54684421320646,,,,,,,,,,0,,,,,0,,,
bayesfl_observability_v1,ola_lr0p05_b64_e1,49,220,17,1,random,397.83276820166617,3.751909192056509,,,,,,,,,,0,,,,,0,,,
bayesfl_observability_v1,ola_lr0p05_b64_e1,49,241,19,1,random,547.0850924910858,2.779182278604292,,,,,,,,,,0,,,,,0,,,
bayesfl_observability_v1,ola_lr0p05_b64_e1,49,274,21,1,random,396.887292097371,2.7539391343520725,,,,,,,,,,0,,,,,0,,,
bayesfl_observability_v1,ola_lr0p05_b64_e1,49,275,22,1,random,441.15248065144397,1.0731128050036338,,,,,,,,,,0,,,,,0,,,
bayesfl_observability_v1,ola_lr0p05_b64_e1,49,280,22,1,random,533.6066337489176,2.752592265264449,,,,,,,,,,0,,,,,0,,,
bayesfl_observability_v1,ola_lr0p05_b64_e1,49,289,23,1,random,313.5345872353198,1.1242531484348939,,,,,,,,,,0,,,,,0,,,
bayesfl_observability_v1,ola_lr0p05_b64_e1,49,292,23,1,random,279.0671500457063,2.060423575075183,,,,,,,,,,0,,,,,0,,,
bayesfl_observability_v1,ola_lr0p05_b64_e1,50,18,1,1,random,192.73869487670333,4.079410567499369,,,,,,,,,,0,,,,,0,,,
bayesfl_observability_v1,ola_lr0p05_b64_e1,50,31,2,1,random,78.31797689682737,0.39363799314716413,,,,,,,,,,0,,,,,0,,,
bayesfl_observability_v1,ola_lr0p05_b64_e1,50,62,5,1,random,430.1302587074913,2.9627211075483966,,,,,,,,,,0,,,,,0,,,
bayesfl_observability_v1,ola_lr0p05_b64_e1,50,87,7,1,random,374.83550460292463,2.295494594932251,,,,,,,,,,0,,,,,0,,,
bayesfl_observability_v1,ola_lr0p05_b64_e1,50,94,7,1,random,413.0009631664054,0.6443426491629795,,,,,,,,,,0,,,,,0,,,
bayesfl_observability_v1,ola_lr0p05_b64_e1,50,96,7,1,random,404.9133581657208,2.996326169706289,,,,,,,,,,0,,,,,0,,,
bayesfl_observability_v1,ola_lr0p05_b64_e1,50,124,9,1,random,392.72214991524504,0.9175607134148717,,,,,,,,,,0,,,,,0,,,
bayesfl_observability_v1,ola_lr0p05_b64_e1,50,152,12,1,random,374.82544744764004,4.149431919821053,,,,,,,,,,0,,,,,0,,,
bayesfl_observability_v1,ola_lr0p05_b64_e1,50,159,12,1,random,185.52299944121046,6.2634131232463455,,,,,,,,,,0,,,,,0,,,
bayesfl_observability_v1,ola_lr0p05_b64_e1,50,165,13,1,random,356.8073637938388,5.001853908713208,,,,,,,,,,0,,,,,0,,,
bayesfl_observability_v1,ola_lr0p05_b64_e1,50,166,13,1,random,492.81797518905296,3.986647168342786,,,,,,,,,,0,,,,,0,,,
bayesfl_observability_v1,ola_lr0p05_b64_e1,50,181,14,1,random,117.2094200248818,0.9884171798994301,,,,,,,,,,0,,,,,0,,,
bayesfl_observability_v1,ola_lr0p05_b64_e1,50,258,20,1,random,387.3861590787106,4.07938397478496,,,,,,,,,,0,,,,,0,,,
bayesfl_observability_v1,ola_lr0p05_b64_e1,50,269,21,1,random,419.8222126178066,5.316281132989882,,,,,,,,,,0,,,,,0,,,
bayesfl_observability_v1,ola_lr0p05_b64_e1,50,292,23,1,random,279.0671500457063,2.060423575075183,,,,,,,,,,0,,,,,0,,,
bayesfl_observability_v1,ola_lr0p05_b64_e1,51,19,1,1,random,532.1810432573344,3.5395651471461984,,,,,,,,,,0,,,,,0,,,
bayesfl_observability_v1,ola_lr0p05_b64_e1,51,33,2,1,random,463.9432407189378,6.272953963304335,,,,,,,,,,0,,,,,0,,,
bayesfl_observability_v1,ola_lr0p05_b64_e1,51,61,4,1,random,443.8143499745043,5.185910990858567,,,,,,,,,,0,,,,,0,,,
bayesfl_observability_v1,ola_lr0p05_b64_e1,51,99,7,1,random,421.4606558707937,5.53959021131973,,,,,,,,,,0,,,,,0,,,
bayesfl_observability_v1,ola_lr0p05_b64_e1,51,107,8,1,random,122.44727650103779,3.641393496418491,,,,,,,,,,0,,,,,0,,,
bayesfl_observability_v1,ola_lr0p05_b64_e1,51,117,9,1,random,451.05544720842494,0.03391461562941973,,,,,,,,,,0,,,,,0,,,
bayesfl_observability_v1,ola_lr0p05_b64_e1,51,126,10,1,random,199.29961694974457,2.686620278845943,,,,,,,,,,0,,,,,0,,,
bayesfl_observability_v1,ola_lr0p05_b64_e1,51,143,11,1,random,132.2078149831968,1.157911912606807,,,,,,,,,,0,,,,,0,,,
bayesfl_observability_v1,ola_lr0p05_b64_e1,51,148,11,1,random,202.1501900631251,2.1939680714013625,,,,,,,,,,0,,,,,0,,,
bayesfl_observability_v1,ola_lr0p05_b64_e1,51,171,13,1,random,505.35595564335915,1.2725412185698093,,,,,,,,,,0,,,,,0,,,
bayesfl_observability_v1,ola_lr0p05_b64_e1,51,174,13,1,random,178.45550546165217,0.7761383914779828,,,,,,,,,,0,,,,,0,,,
bayesfl_observability_v1,ola_lr0p05_b64_e1,51,177,14,1,random,491.3944810637074,0.07563468299589884,,,,,,,,,,0,,,,,0,,,
bayesfl_observability_v1,ola_lr0p05_b64_e1,51,217,17,1,random,452.7588570783861,0.5928028650980628,,,,,,,,,,0,,,,,0,,,
bayesfl_observability_v1,ola_lr0p05_b64_e1,51,228,18,1,random,341.43963612458083,3.805897254550807,,,,,,,,,,0,,,,,0,,,
bayesfl_observability_v1,ola_lr0p05_b64_e1,51,236,18,1,random,432.8639651776865,0.5610407148912296,,,,,,,,,,0,,,,,0,,,
bayesfl_observability_v1,ola_lr0p05_b64_e1,52,12,1,1,random,519.2429168057155,5.405584059923019,,,,,,,,,,0,,,,,0,,,
bayesfl_observability_v1,ola_lr0p05_b64_e1,52,29,2,1,random,458.3527672480624,2.663154714480116,,,,,,,,,,0,,,,,0,,,
bayesfl_observability_v1,ola_lr0p05_b64_e1,52,70,5,1,random,312.8278346471957,6.254261365008327,,,,,,,,,,0,,,,,0,,,
bayesfl_observability_v1,ola_lr0p05_b64_e1,52,89,7,1,random,546.5384330237597,4.125130843665766,,,,,,,,,,0,,,,,0,,,
bayesfl_observability_v1,ola_lr0p05_b64_e1,52,97,7,1,random,474.5577579749368,3.957671339207772,,,,,,,,,,0,,,,,0,,,
bayesfl_observability_v1,ola_lr0p05_b64_e1,52,112,9,1,random,479.9929787701995,1.7280492386568027,,,,,,,,,,0,,,,,0,,,
bayesfl_observability_v1,ola_lr0p05_b64_e1,52,113,9,1,random,287.15494180515213,4.851663897418012,,,,,,,,,,0,,,,,0,,,
bayesfl_observability_v1,ola_lr0p05_b64_e1,52,114,9,1,random,503.7964908652484,1.3168164609715463,,,,,,,,,,0,,,,,0,,,
bayesfl_observability_v1,ola_lr0p05_b64_e1,52,134,10,1,random,280.2588722020636,0.7182160235598093,,,,,,,,,,0,,,,,0,,,
bayesfl_observability_v1,ola_lr0p05_b64_e1,52,151,12,1,random,59.71953091395691,5.256481255585119,,,,,,,,,,0,,,,,0,,,
bayesfl_observability_v1,ola_lr0p05_b64_e1,52,167,13,1,random,291.0058662753708,0.48639610896319174,,,,,,,,,,0,,,,,0,,,
bayesfl_observability_v1,ola_lr0p05_b64_e1,52,213,17,1,random,462.0587270552541,4.37710092807046,,,,,,,,,,0,,,,,0,,,
bayesfl_observability_v1,ola_lr0p05_b64_e1,52,218,17,1,random,430.25317250087494,5.550035310795923,,,,,,,,,,0,,,,,0,,,
bayesfl_observability_v1,ola_lr0p05_b64_e1,52,254,20,1,random,323.3116816480785,2.31607225248344,,,,,,,,,,0,,,,,0,,,
bayesfl_observability_v1,ola_lr0p05_b64_e1,52,287,23,1,random,272.38909644962644,1.0585795296784222,,,,,,,,,,0,,,,,0,,,
bayesfl_observability_v1,ola_lr0p05_b64_e1,53,18,1,1,random,192.73869487670333,4.079410567499369,,,,,,,,,,0,,,,,0,,,
bayesfl_observability_v1,ola_lr0p05_b64_e1,53,38,3,1,random,530.7273757034001,3.065508738320726,,,,,,,,,,0,,,,,0,,,
bayesfl_observability_v1,ola_lr0p05_b64_e1,53,56,4,1,random,336.876853931421,4.436417616942673,,,,,,,,,,0,,,,,0,,,
bayesfl_observability_v1,ola_lr0p05_b64_e1,53,58,4,1,random,433.65932740555445,3.31733339148548,,,,,,,,,,0,,,,,0,,,
bayesfl_observability_v1,ola_lr0p05_b64_e1,53,69,5,1,random,503.3134101777154,0.597063216187032,,,,,,,,,,0,,,,,0,,,
bayesfl_observability_v1,ola_lr0p05_b64_e1,53,83,6,1,random,530.5836903660695,2.0093833430662467,,,,,,,,,,0,,,,,0,,,
bayesfl_observability_v1,ola_lr0p05_b64_e1,53,165,13,1,random,356.8073637938388,5.001853908713208,,,,,,,,,,0,,,,,0,,,
bayesfl_observability_v1,ola_lr0p05_b64_e1,53,169,13,1,random,277.9408552749002,3.043563931738982,,,,,,,,,,0,,,,,0,,,
bayesfl_observability_v1,ola_lr0p05_b64_e1,53,181,14,1,random,117.2094200248818,0.9884171798994301,,,,,,,,,,0,,,,,0,,,
bayesfl_observability_v1,ola_lr0p05_b64_e1,53,214,17,1,random,452.30287686025963,1.267071144019375,,,,,,,,,,0,,,,,0,,,
bayesfl_observability_v1,ola_lr0p05_b64_e1,53,230,18,1,random,234.91750384106712,4.613775043013793,,,,,,,,,,0,,,,,0,,,
bayesfl_observability_v1,ola_lr0p05_b64_e1,53,239,19,1,random,523.5911267759934,3.30686170828379,,,,,,,,,,0,,,,,0,,,
bayesfl_observability_v1,ola_lr0p05_b64_e1,53,267,21,1,random,150.43278096868144,5.4986340060965535,,,,,,,,,,0,,,,,0,,,
bayesfl_observability_v1,ola_lr0p05_b64_e1,53,292,23,1,random,279.0671500457063,2.060423575075183,,,,,,,,,,0,,,,,0,,,
bayesfl_observability_v1,ola_lr0p05_b64_e1,53,293,23,1,random,267.517534898283,3.107535633443526,,,,,,,,,,0,,,,,0,,,
bayesfl_observability_v1,ola_lr0p05_b64_e1,54,1,0,1,random,361.6773230955695,0.16298265984422844,,,,,,,,,,0,,,,,0,,,
bayesfl_observability_v1,ola_lr0p05_b64_e1,54,10,0,1,random,398.6609854138698,2.6261177995751868,,,,,,,,,,0,,,,,0,,,
bayesfl_observability_v1,ola_lr0p05_b64_e1,54,48,3,1,random,345.16871175329607,6.175871470061512,,,,,,,,,,0,,,,,0,,,
bayesfl_observability_v1,ola_lr0p05_b64_e1,54,69,5,1,random,503.3134101777154,0.597063216187032,,,,,,,,,,0,,,,,0,,,
bayesfl_observability_v1,ola_lr0p05_b64_e1,54,70,5,1,random,312.8278346471957,6.254261365008327,,,,,,,,,,0,,,,,0,,,
bayesfl_observability_v1,ola_lr0p05_b64_e1,54,93,7,1,random,520.4425354053219,6.110323892359406,,,,,,,,,,0,,,,,0,,,
bayesfl_observability_v1,ola_lr0p05_b64_e1,54,114,9,1,random,503.7964908652484,1.3168164609715463,,,,,,,,,,0,,,,,0,,,
bayesfl_observability_v1,ola_lr0p05_b64_e1,54,127,10,1,random,489.1945730528673,0.2634571744981509,,,,,,,,,,0,,,,,0,,,
bayesfl_observability_v1,ola_lr0p05_b64_e1,54,149,11,1,random,427.0949856881615,0.7390916384227064,,,,,,,,,,0,,,,,0,,,
bayesfl_observability_v1,ola_lr0p05_b64_e1,54,157,12,1,random,447.5664585179893,4.346154033485115,,,,,,,,,,0,,,,,0,,,
bayesfl_observability_v1,ola_lr0p05_b64_e1,54,212,17,1,random,204.93282197249428,1.8291552855127098,,,,,,,,,,0,,,,,0,,,
bayesfl_observability_v1,ola_lr0p05_b64_e1,54,227,18,1,random,140.6061359978593,2.427206468007539,,,,,,,,,,0,,,,,0,,,
bayesfl_observability_v1,ola_lr0p05_b64_e1,54,245,19,1,random,485.3238413937074,4.904374316276556,,,,,,,,,,0,,,,,0,,,
bayesfl_observability_v1,ola_lr0p05_b64_e1,54,271,21,1,random,361.67468454144,4.233435798952013,,,,,,,,,,0,,,,,0,,,
bayesfl_observability_v1,ola_lr0p05_b64_e1,54,296,23,1,random,433.47189676235445,3.772405701277136,,,,,,,,,,0,,,,,0,,,
bayesfl_observability_v1,ola_lr0p05_b64_e1,55,5,0,1,random,496.8207433324704,3.0785972719696755,,,,,,,,,,0,,,,,0,,,
bayesfl_observability_v1,ola_lr0p05_b64_e1,55,9,0,1,random,128.22560033790126,6.03442502546451,,,,,,,,,,0,,,,,0,,,
bayesfl_observability_v1,ola_lr0p05_b64_e1,55,17,1,1,random,371.9773416923275,3.3227777376170584,,,,,,,,,,0,,,,,0,,,
bayesfl_observability_v1,ola_lr0p05_b64_e1,55,23,1,1,random,329.5695305074107,2.470793842880754,,,,,,,,,,0,,,,,0,,,
bayesfl_observability_v1,ola_lr0p05_b64_e1,55,41,3,1,random,462.8203939719845,5.9117206090117875,,,,,,,,,,0,,,,,0,,,
bayesfl_observability_v1,ola_lr0p05_b64_e1,55,47,3,1,random,249.32788320523036,1.6398080213030586,,,,,,,,,,0,,,,,0,,,
bayesfl_observability_v1,ola_lr0p05_b64_e1,55,65,5,1,random,444.05687184584593,3.341585876187733,,,,,,,,,,0,,,,,0,,,
bayesfl_observability_v1,ola_lr0p05_b64_e1,55,71,5,1,random,368.0283492417785,0.6968815853170758,,,,,,,,,,0,,,,,0,,,
bayesfl_observability_v1,ola_lr0p05_b64_e1,55,93,7,1,random,520.4425354053219,6.110323892359406,,,,,,,,,,0,,,,,0,,,
bayesfl_observability_v1,ola_lr0p05_b64_e1,55,137,11,1,random,523.1949217261263,1.643351120041765,,,,,,,,,,0,,,,,0,,,
bayesfl_observability_v1,ola_lr0p05_b64_e1,55,161,12,1,random,402.43485738984157,3.492772365656858,,,,,,,,,,0,,,,,0,,,
bayesfl_observability_v1,ola_lr0p05_b64_e1,55,195,15,1,random,533.2327766715206,1.3882606107027624,,,,,,,,,,0,,,,,0,,,
bayesfl_observability_v1,ola_lr0p05_b64_e1,55,244,19,1,random,507.4517079249348,3.4936319454721323,,,,,,,,,,0,,,,,0,,,
bayesfl_observability_v1,ola_lr0p05_b64_e1,55,266,21,1,random,312.8849897895343,4.692398110344136,,,,,,,,,,0,,,,,0,,,
bayesfl_observability_v1,ola_lr0p05_b64_e1,55,284,22,1,random,371.0770482955434,3.3719919238913163,,,,,,,,,,0,,,,,0,,,
bayesfl_observability_v1,ola_lr0p05_b64_e1,56,41,3,1,random,462.8203939719845,5.9117206090117875,,,,,,,,,,0,,,,,0,,,
bayesfl_observability_v1,ola_lr0p05_b64_e1,56,47,3,1,random,249.32788320523036,1.6398080213030586,,,,,,,,,,0,,,,,0,,,
bayesfl_observability_v1,ola_lr0p05_b64_e1,56,50,4,1,random,512.4147341853131,4.810290372805616,,,,,,,,,,0,,,,,0,,,
bayesfl_observability_v1,ola_lr0p05_b64_e1,56,62,5,1,random,430.1302587074913,2.9627211075483966,,,,,,,,,,0,,,,,0,,,
bayesfl_observability_v1,ola_lr0p05_b64_e1,56,65,5,1,random,444.05687184584593,3.341585876187733,,,,,,,,,,0,,,,,0,,,
bayesfl_observability_v1,ola_lr0p05_b64_e1,56,107,8,1,random,122.44727650103779,3.641393496418491,,,,,,,,,,0,,,,,0,,,
bayesfl_observability_v1,ola_lr0p05_b64_e1,56,171,13,1,random,505.35595564335915,1.2725412185698093,,,,,,,,,,0,,,,,0,,,
bayesfl_observability_v1,ola_lr0p05_b64_e1,56,177,14,1,random,491.3944810637074,0.07563468299589884,,,,,,,,,,0,,,,,0,,,
bayesfl_observability_v1,ola_lr0p05_b64_e1,56,199,15,1,random,328.12115505327296,2.8909580760026232,,,,,,,,,,0,,,,,0,,,
bayesfl_observability_v1,ola_lr0p05_b64_e1,56,220,17,1,random,397.83276820166617,3.751909192056509,,,,,,,,,,0,,,,,0,,,
bayesfl_observability_v1,ola_lr0p05_b64_e1,56,242,19,1,random,66.67214109584975,4.121278865594621,,,,,,,,,,0,,,,,0,,,
bayesfl_observability_v1,ola_lr0p05_b64_e1,56,243,19,1,random,512.3745838194576,0.8295792690777347,,,,,,,,,,0,,,,,0,,,
bayesfl_observability_v1,ola_lr0p05_b64_e1,56,248,19,1,random,496.9107944354552,5.646545211386695,,,,,,,,,,0,,,,,0,,,
bayesfl_observability_v1,ola_lr0p05_b64_e1,56,259,20,1,random,241.3915248670327,5.365072908894912,,,,,,,,,,0,,,,,0,,,
bayesfl_observability_v1,ola_lr0p05_b64_e1,56,282,22,1,random,362.4573302953916,3.1915554814179132,,,,,,,,,,0,,,,,0,,,
bayesfl_observability_v1,ola_lr0p05_b64_e1,57,37,3,1,random,442.6325033379362,2.7426773211159468,,,,,,,,,,0,,,,,0,,,
bayesfl_observability_v1,ola_lr0p05_b64_e1,57,55,4,1,random,321.6262409200987,5.9827083364166365,,,,,,,,,,0,,,,,0,,,
bayesfl_observability_v1,ola_lr0p05_b64_e1,57,99,7,1,random,421.4606558707937,5.53959021131973,,,,,,,,,,0,,,,,0,,,
bayesfl_observability_v1,ola_lr0p05_b64_e1,57,101,8,1,random,152.34664836523982,2.7093013664620176,,,,,,,,,,0,,,,,0,,,
bayesfl_observability_v1,ola_lr0p05_b64_e1,57,107,8,1,random,122.44727650103779,3.641393496418491,,,,,,,,,,0,,,,,0,,,
bayesfl_observability_v1,ola_lr0p05_b64_e1,57,114,9,1,random,503.7964908652484,1.3168164609715463,,,,,,,,,,0,,,,,0,,,
bayesfl_observability_v1,ola_lr0p05_b64_e1,57,132,10,1,random,511.56884868926454,3.352382439468175,,,,,,,,,,0,,,,,0,,,
bayesfl_observability_v1,ola_lr0p05_b64_e1,57,149,11,1,random,427.0949856881615,0.7390916384227064,,,,,,,,,,0,,,,,0,,,
bayesfl_observability_v1,ola_lr0p05_b64_e1,57,152,12,1,random,374.82544744764004,4.149431919821053,,,,,,,,,,0,,,,,0,,,
bayesfl_observability_v1,ola_lr0p05_b64_e1,57,166,13,1,random,492.81797518905296,3.986647168342786,,,,,,,,,,0,,,,,0,,,
bayesfl_observability_v1,ola_lr0p05_b64_e1,57,189,15,1,random,475.29194595271167,0.44670535021845836,,,,,,,,,,0,,,,,0,,,
bayesfl_observability_v1,ola_lr0p05_b64_e1,57,233,18,1,random,439.21626364831354,5.778760420837365,,,,,,,,,,0,,,,,0,,,
bayesfl_observability_v1,ola_lr0p05_b64_e1,57,251,20,1,random,220.58329616686788,3.3999804458092657,,,,,,,,,,0,,,,,0,,,
bayesfl_observability_v1,ola_lr0p05_b64_e1,57,285,22,1,random,503.1449414764846,0.6368843465911291,,,,,,,,,,0,,,,,0,,,
bayesfl_observability_v1,ola_lr0p05_b64_e1,57,290,23,1,random,380.66775623364026,3.355100586067569,,,,,,,,,,0,,,,,0,,,
bayesfl_observability_v1,ola_lr0p05_b64_e1,58,15,1,1,random,519.4134380723592,5.784100292641981,,,,,,,,,,0,,,,,0,,,
bayesfl_observability_v1,ola_lr0p05_b64_e1,58,24,1,1,random,413.5419178369083,3.5761099207991176,,,,,,,,,,0,,,,,0,,,
bayesfl_observability_v1,ola_lr0p05_b64_e1,58,34,2,1,random,518.7689813630911,0.8945761526500957,,,,,,,,,,0,,,,,0,,,
bayesfl_observability_v1,ola_lr0p05_b64_e1,58,94,7,1,random,413.0009631664054,0.6443426491629795,,,,,,,,,,0,,,,,0,,,
bayesfl_observability_v1,ola_lr0p05_b64_e1,58,118,9,1,random,336.1605785701321,0.418716155316603,,,,,,,,,,0,,,,,0,,,
bayesfl_observability_v1,ola_lr0p05_b64_e1,58,126,10,1,random,199.29961694974457,2.686620278845943,,,,,,,,,,0,,,,,0,,,
bayesfl_observability_v1,ola_lr0p05_b64_e1,58,147,11,1,random,542.103656327626,2.540797429767278,,,,,,,,,,0,,,,,0,,,
bayesfl_observability_v1,ola_lr0p05_b64_e1,58,161,12,1,random,402.43485738984157,3.492772365656858,,,,,,,,,,0,,,,,0,,,
bayesfl_observability_v1,ola_lr0p05_b64_e1,58,168,13,1,random,134.67819380288756,3.3771563345695412,,,,,,,,,,0,,,,,0,,,
bayesfl_observability_v1,ola_lr0p05_b64_e1,58,211,16,1,random,528.1235984642576,1.262339670820833,,,,,,,,,,0,,,,,0,,,
bayesfl_observability_v1,ola_lr0p05_b64_e1,58,216,17,1,random,173.36402250976164,3.077097597291967,,,,,,,,,,0,,,,,0,,,
bayesfl_observability_v1,ola_lr0p05_b64_e1,58,228,18,1,random,341.43963612458083,3.805897254550807,,,,,,,,,,0,,,,,0,,,
bayesfl_observability_v1,ola_lr0p05_b64_e1,58,249,19,1,random,442.00811601762734,3.1223736420174864,,,,,,,,,,0,,,,,0,,,
bayesfl_observability_v1,ola_lr0p05_b64_e1,58,267,21,1,random,150.43278096868144,5.4986340060965535,,,,,,,,,,0,,,,,0,,,
bayesfl_observability_v1,ola_lr0p05_b64_e1,58,297,23,1,random,356.07457906536206,1.523657716816707,,,,,,,,,,0,,,,,0,,,
bayesfl_observability_v1,ola_lr0p05_b64_e1,59,3,0,1,random,371.5596383619438,3.2459408847982902,,,,,,,,,,0,,,,,0,,,
bayesfl_observability_v1,ola_lr0p05_b64_e1,59,5,0,1,random,496.8207433324704,3.0785972719696755,,,,,,,,,,0,,,,,0,,,
bayesfl_observability_v1,ola_lr0p05_b64_e1,59,15,1,1,random,519.4134380723592,5.784100292641981,,,,,,,,,,0,,,,,0,,,
bayesfl_observability_v1,ola_lr0p05_b64_e1,59,27,2,1,random,34.926743227516376,2.424058602647788,,,,,,,,,,0,,,,,0,,,
bayesfl_observability_v1,ola_lr0p05_b64_e1,59,76,6,1,random,387.9205314772656,5.339625383666714,,,,,,,,,,0,,,,,0,,,
bayesfl_observability_v1,ola_lr0p05_b64_e1,59,134,10,1,random,280.2588722020636,0.7182160235598093,,,,,,,,,,0,,,,,0,,,
bayesfl_observability_v1,ola_lr0p05_b64_e1,59,139,11,1,random,199.40749488651014,1.2969710379833004,,,,,,,,,,0,,,,,0,,,
bayesfl_observability_v1,ola_lr0p05_b64_e1,59,157,12,1,random,447.5664585179893,4.346154033485115,,,,,,,,,,0,,,,,0,,,
bayesfl_observability_v1,ola_lr0p05_b64_e1,59,161,12,1,random,402.43485738984157,3.492772365656858,,,,,,,,,,0,,,,,0,,,
bayesfl_observability_v1,ola_lr0p05_b64_e1,59,211,16,1,random,528.1235984642576,1.262339670820833,,,,,,,,,,0,,,,,0,,,
bayesfl_observability_v1,ola_lr0p05_b64_e1,59,233,18,1,random,439.21626364831354,5.778760420837365,,,,,,,,,,0,,,,,0,,,
bayesfl_observability_v1,ola_lr0p05_b64_e1,59,237,19,1,random,469.67455714719193,4.854893099297161,,,,,,,,,,0,,,,,0,,,
bayesfl_observability_v1,ola_lr0p05_b64_e1,59,264,21,1,random,84.75662840573435,2.8667719852171194,,,,,,,,,,0,,,,,0,,,
bayesfl_observability_v1,ola_lr0p05_b64_e1,59,275,22,1,random,441.15248065144397,1.0731128050036338,,,,,,,,,,0,,,,,0,,,
bayesfl_observability_v1,ola_lr0p05_b64_e1,59,280,22,1,random,533.6066337489176,2.752592265264449,,,,,,,,,,0,,,,,0,,,
bayesfl_observability_v1,ola_lr0p05_b64_e1,60,17,1,1,random,371.9773416923275,3.3227777376170584,,,,,,,,,,0,,,,,0,,,
bayesfl_observability_v1,ola_lr0p05_b64_e1,60,23,1,1,random,329.5695305074107,2.470793842880754,,,,,,,,,,0,,,,,0,,,
bayesfl_observability_v1,ola_lr0p05_b64_e1,60,50,4,1,random,512.4147341853131,4.810290372805616,,,,,,,,,,0,,,,,0,,,
bayesfl_observability_v1,ola_lr0p05_b64_e1,60,62,5,1,random,430.1302587074913,2.9627211075483966,,,,,,,,,,0,,,,,0,,,
bayesfl_observability_v1,ola_lr0p05_b64_e1,60,68,5,1,random,454.70173775484653,6.209823751991205,,,,,,,,,,0,,,,,0,,,
bayesfl_observability_v1,ola_lr0p05_b64_e1,60,86,6,1,random,416.53476519919326,2.7163714976901447,,,,,,,,,,0,,,,,0,,,
bayesfl_observability_v1,ola_lr0p05_b64_e1,60,102,8,1,random,275.3879835647775,3.1964630367488636,,,,,,,,,,0,,,,,0,,,
bayesfl_observability_v1,ola_lr0p05_b64_e1,60,114,9,1,random,503.7964908652484,1.3168164609715463,,,,,,,,,,0,,,,,0,,,
bayesfl_observability_v1,ola_lr0p05_b64_e1,60,149,11,1,random,427.0949856881615,0.7390916384227064,,,,,,,,,,0,,,,,0,,,
bayesfl_observability_v1,ola_lr0p05_b64_e1,60,150,12,1,random,402.11438380447424,6.145053787971962,,,,,,,,,,0,,,,,0,,,
bayesfl_observability_v1,ola_lr0p05_b64_e1,60,165,13,1,random,356.8073637938388,5.001853908713208,,,,,,,,,,0,,,,,0,,,
bayesfl_observability_v1,ola_lr0p05_b64_e1,60,202,16,1,random,322.9654192480836,3.1555204714008904,,,,,,,,,,0,,,,,0,,,
bayesfl_observability_v1,ola_lr0p05_b64_e1,60,216,17,1,random,173.36402250976164,3.077097597291967,,,,,,,,,,0,,,,,0,,,
bayesfl_observability_v1,ola_lr0p05_b64_e1,60,276,22,1,random,336.8020076539627,5.5866636930851366,,,,,,,,,,0,,,,,0,,,
bayesfl_observability_v1,ola_lr0p05_b64_e1,60,293,23,1,random,267.517534898283,3.107535633443526,,,,,,,,,,0,,,,,0,,,
