schema_version,run_id,round,method,physical_client_id,virtual_client_id,num_examples,num_batches,local_epochs,batch_size,train_loss,task_loss,prior_loss,regularization_loss,accuracy_local_train_estimate,loss_local_train_estimate,update_l2_norm,update_linf_norm,update_cosine_to_global,drift_from_global_before_l2,drift_from_global_after_l2,label_entropy,kl_to_global_label_distribution,vi_elbo_loss,vi_kl_loss,vi_likelihood_loss,vi_complexity_cost,vi_loc_l2,vi_scale_mean,vi_scale_p50,vi_scale_p90,vi_scale_max,vi_snr_raw_mean,vi_snr_raw_p50,vi_snr_raw_p90,ola_task_loss,ola_prior_loss,ola_fisher_mean,ola_fisher_p50,ola_fisher_p90,ola_fisher_max,ola_precision_mean,ola_precision_p50,ola_precision_p90,ola_sigma_mean,ola_sigma_p50,ola_sigma_p90,ola_snr_raw_mean,ola_snr_raw_p50,ola_snr_raw_p90,channel_snr_db,pathloss_db,rate_mbps,delay_ms,energy_j,ota_contribution_norm,digital_payload_bytes,communication_success,num_examples_seen,ola_fisher_std,ola_precision_std,ola_precision_min,ola_precision_p10,ola_precision_p25,ola_precision_p75,ola_precision_p95,ola_precision_max,ola_sigma_std,ola_sigma_min,ola_sigma_p10,ola_sigma_p25,ola_sigma_p75,ola_sigma_p95,ola_sigma_max,ola_snr_raw_std,ola_snr_raw_min,ola_snr_raw_p10,ola_snr_raw_p25,ola_snr_raw_p75,ola_snr_raw_p95,ola_snr_raw_max,num_examples_train
bayesfl_observability_v1,ola_lr0p02_b128_e1,1,ola,50,4,13,1,1,128,2.384284734725952,2.384284734725952,0.0,0.0,0.0,2.384284734725952,0.10951331049734073,0.011980462819337845,0.9998698148901491,0.10951331049734073,,0.8953326659680909,1.3255516450199865,,,,,,,,,,,,,2.384284734725952,0.0,0.000294614444962312,3.871155058732256e-05,0.0004407847503898666,0.3588288128376007,1.000294613927219,1.000038743019104,1.0004408359527588,0.999854658425317,0.999980628490448,0.9999999403953552,0.01820991296821925,0.017961678169926734,0.03240185647274951,,,,,,,,,13.0,0.002422271477457818,0.002422271400050916,1.0,1.0000001192092896,1.0000040531158447,1.000151515007019,1.0009335279464722,1.3588287830352783,0.0010826567094287848,0.8578624129295349,0.9997796416282654,0.9999242424964905,0.9999979734420776,1.0,1.0,0.011012254036268924,1.8609037199022534e-07,0.00362318752932513,0.009055796774001097,0.02704188071679753,0.03421333526997177,0.09295058800954356,13
bayesfl_observability_v1,ola_lr0p02_b128_e1,1,ola,263,21,214,2,1,128,2.050955248770313,2.050955248770313,1.885250296061152e-08,1.885250296061152e-08,0.3598130841121495,2.050955248770313,0.1864353092587704,0.028706373646855354,0.9996231152545232,0.1864353092587704,,0.7768433258123565,1.5365177254738465,,,,,,,,,,,,,2.050955248770313,1.885250296061152e-08,0.00022164348143847352,2.4944685719674453e-05,0.0003274406190030277,0.5152233839035034,1.0002216444732843,1.0000249147415161,1.000327467918396,0.999891560927723,0.9999875426292419,0.9999995827674866,0.018214603191688463,0.01796091229461821,0.03240794730547273,,,,,,,,,214.0,0.0027718365924583087,0.0027718366452052544,1.0,1.0000008344650269,1.000003457069397,1.0001095533370972,1.0008408308029175,1.5152233839035034,0.0011669634046158166,0.8123845458030701,0.9998363256454468,0.9999452233314514,0.9999982714653015,0.9999998211860657,1.0,0.011027800615054713,1.0108996077961247e-07,0.0036184054036361196,0.009080069595754147,0.027032746802358558,0.03423431583259842,0.10857493183360259,214
bayesfl_observability_v1,ola_lr0p02_b128_e1,1,ola,267,21,306,3,1,128,1.9577563533595963,1.9577563338809543,4.768064575555816e-08,4.768064575555816e-08,0.4738562091503268,1.9577563338809543,0.2566995571944545,0.03624861687421799,0.9992860744643718,0.2566995571944545,,0.49629795412582844,1.8891532045272958,,,,,,,,,,,,,1.9577563338809543,4.768064575555816e-08,0.00019689532743736739,2.834613223967608e-05,0.00033289621351286847,0.3749437928199768,1.000196896212455,1.000028371810913,1.0003328561782836,0.9999033189949076,0.9999858140945435,0.9999993443489075,0.018218798072958696,0.017960481968596446,0.03240098282155744,,,,,,,,,306.0,0.0023281000377131426,0.0023280999036837742,1.0,1.000001311302185,1.000006079673767,1.0000969171524048,1.0006293058395386,1.374943733215332,0.0010226911000845837,0.8528203368186951,0.999833631515503,0.9999515414237976,0.9999969601631165,0.9999997019767761,1.0,0.011044231738314318,1.9331667480120385e-07,0.003630826648898351,0.009080274946885316,0.027040098719695885,0.03422697252381316,0.1422701003796849,306
bayesfl_observability_v1,ola_lr0p02_b128_e1,1,ola,163,13,151,2,1,128,2.1988411162862715,2.1988411162862715,7.383675563533985e-09,7.383675563533985e-09,0.17218543046357615,2.1988411162862715,0.18818856625838393,0.01987399160861969,0.999615956187373,0.18818856625838393,,0.7494436652757661,1.488660305959026,,,,,,,,,,,,,2.1988411162862715,7.383675563533985e-09,0.00023190625529427672,3.474850382190198e-05,0.0003995043458417059,0.24732646346092224,1.0002319031255096,1.0000346899032593,1.0003994703292847,0.999885269913702,0.9999826550483704,0.9999995231628418,0.018215952725743157,0.01796217699441429,0.03241096078836502,,,,,,,,,151.0,0.001874173873893387,0.0018741742039551997,1.0,1.0000009536743164,1.0000051259994507,1.000122308731079,1.000883048772812,1.2473264932632446,0.0008650142689711828,0.895385205745697,0.9998003244400024,0.9999388456344604,0.9999974370002747,0.9999998211860657,1.0,0.011024404324890316,1.4715409801236581e-07,0.0036377307941298557,0.009063295092844124,0.027041216961939868,0.0342303784287413,0.09771763782902143,151
bayesfl_observability_v1,ola_lr0p02_b128_e1,1,ola,171,13,648,6,1,128,1.4742775522632363,1.4742773800720403,1.9773113359001906e-07,1.9773113359001906e-07,0.6435185185185185,1.4742773800720403,0.39533514602450925,0.04386334866285324,0.9983141885852714,0.39533514602450925,,0.8947993234419066,1.3755222828587679,,,,,,,,,,,,,1.4742773800720403,1.9773113359001906e-07,0.00013775451508396473,2.3049300580169074e-05,0.00025059684703592237,0.1605813205242157,1.000137752148706,1.0000230073928833,1.0002505779266357,0.9999316548884143,0.9999884963035583,0.9999992847442627,0.01824286407406001,0.017980299112642453,0.03243215435710624,,,,,,,,,648.0,0.001220964869420854,0.0012209651132343517,1.0,1.0000014305114746,1.0000053644180298,1.0000739097595215,1.0004558563232422,1.160581350326538,0.0005777754959244688,0.9282441139221191,0.9998747110366821,0.9999630451202393,0.9999973177909851,0.9999997019767761,1.0,0.01108730720682834,6.002174716809202e-07,0.003631852060529221,0.009037550570786935,0.02704881173850409,0.034290173326941654,0.12317605423527989,648
bayesfl_observability_v1,ola_lr0p02_b128_e1,1,ola,30,2,2,1,1,128,2.3100805282592773,2.3100805282592773,0.0,0.0,0.0,2.3100805282592773,0.1442504049960329,0.012679670006036758,0.9997741857699466,0.1442504049960329,,0.6931471805599453,1.6262933525338354,,,,,,,,,,,,,2.3100805282592773,0.0,0.0005111570195601263,4.445927152119111e-05,0.0005179863073863089,0.4019351303577423,1.0005111581288,1.0000444650650024,1.0005179643630981,0.999748553857361,0.9999777674674988,1.0,0.018213666924615485,0.017944862398781316,0.03240015256830112,,,,,,,,,2.0,0.003476735434682734,0.0034767353780816275,1.0,1.0,1.0,1.0002007484436035,1.0022374391555786,1.40193510055542,0.001571077844388948,0.8445707559585571,0.9997410774230957,0.9998996257781982,1.0,1.0,1.0,0.011018654419364414,1.0562655808661289e-07,0.0036187071496900968,0.009056149334479902,0.027059811320093868,0.034220217789378816,0.09146197577882767,2
bayesfl_observability_v1,ola_lr0p02_b128_e1,1,ola,233,18,351,3,1,128,1.2670385370566974,1.2670384129228076,1.195908202299426e-07,1.195908202299426e-07,0.8831908831908832,1.2670384129228076,0.324827526496134,0.05357635021209717,0.9988595919845373,0.324827526496134,,-0.0,2.3277319754160017,,,,,,,,,,,,,1.2670384129228076,1.195908202299426e-07,0.0003238764745962331,4.093108145752922e-05,0.0004709153436124325,0.8280913829803467,1.000323874632736,1.000040888786316,1.0004708766937256,0.9998439948246288,0.999979555606842,0.9999995231628418,0.018234741065445148,0.01797346033143842,0.03240733302565215,,,,,,,,,351.0,0.004584924386692842,0.004584924520309121,1.0,1.0000009536743164,1.0000064373016357,1.0001568794250488,1.001184529066086,1.8280913829803467,0.0017830319201568654,0.739607036113739,0.9997646808624268,0.9999215602874756,0.9999967813491821,0.9999998807907104,1.0,0.011071666541856469,3.567023251509052e-07,0.0036201278017048994,0.009059460145482118,0.02704479443435087,0.034245017956598636,0.11105997857221252,351
bayesfl_observability_v1,ola_lr0p02_b128_e1,1,ola,151,12,210,2,1,128,2.0190951824188232,2.019095135870434,2.4218720506312475e-08,2.4218720506312475e-08,0.4238095238095238,2.019095135870434,0.21256441587743202,0.03276734799146652,0.9995101008410953,0.21256441587743202,,0.14950144571405588,2.251522034186354,,,,,,,,,,,,,2.019095135870434,2.4218720506312475e-08,0.000289714606773239,3.654886313597672e-05,0.00042295208550058305,0.6729414463043213,1.0002897131287234,1.000036597251892,1.0004229545593262,0.9998594896637809,0.999981701374054,0.9999995231628418,0.01821575415046481,0.0179530668317329,0.032397232968341835,,,,,,,,,210.0,0.0038185250295186025,0.0038185250126837743,1.0,1.0000009536743164,1.0000057220458984,1.000152587890625,1.0009452104568481,1.6729414463043213,0.0015552534204028624,0.7731426358222961,0.9997885823249817,0.9999237060546875,0.9999971389770508,0.9999998807907104,1.0,0.011038669703597672,1.1194608822189266e-07,0.003621462383929672,0.00907334074177867,0.027031710721477187,0.03422325739430755,0.15242926800554574,210
bayesfl_observability_v1,ola_lr0p02_b128_e1,1,ola,24,1,27,1,1,128,2.1893298625946045,2.1893298625946045,0.0,0.0,0.2222222222222222,2.1893298625946045,0.0851036586497122,0.007871629670262337,0.9999213961324942,0.0851036586497122,,1.3110298871791874,1.0210991742953581,,,,,,,,,,,,,2.1893298625946045,0.0,0.00017791669648159554,2.1415800802060403e-05,0.00032431145082227966,0.15490637719631195,1.0001779167382951,1.0000214576721191,1.000324273109436,0.9999117063465129,0.9999892711639404,0.9999998211860657,0.01820978819411692,0.01794693438365741,0.03239595295618147,,,,,,,,,27.0,0.0013680562769924987,0.001368056265670102,1.0,1.0000003576278687,1.0000032186508179,1.000078797340393,1.000774621963501,1.1549063920974731,0.0006427275999722213,0.9305219054222107,0.9998379230499268,0.9999606013298035,0.9999983906745911,0.9999999403953552,1.0,0.011011624821053249,3.2776174622137667e-07,0.003640937053904951,0.009059660953474699,0.027036753660231054,0.034215953177841596,0.09207857691494487,27
bayesfl_observability_v1,ola_lr0p02_b128_e1,1,ola,189,15,1,1,1,128,2.4948177337646484,2.4948177337646484,0.0,0.0,0.0,2.4948177337646484,0.284041009409448,0.02925439551472664,0.9991250296273079,0.284041009409448,,-0.0,2.3292713582565514,,,,,,,,,,,,,2.4948177337646484,0.0,0.001981902739727981,1.9412997062318027e-05,0.0014633152168244123,2.139549493789673,1.0019818994927947,1.0000194311141968,1.0014632940292358,0.9990770366871956,0.9999902844429016,1.0,0.018235428929247004,0.017971705092194153,0.03242493309077358,,,,,,,,,1.0,0.017642332498756536,0.017642332532290937,1.0,1.0,1.0,1.0004431009292603,1.0087671279907227,3.139549493789673,0.005567534294543515,0.5643731355667114,0.9992691874504089,0.9997785091400146,1.0,1.0,1.0,0.011057684319283154,3.0228071068419707e-07,0.0036117552806445015,0.009062715417295678,0.027057076950789627,0.034256429175775496,0.1380360193389224,1
bayesfl_observability_v1,ola_lr0p02_b128_e1,1,ola,180,14,9,1,1,128,2.226719379425049,2.226719379425049,0.0,0.0,0.0,2.226719379425049,0.14853715670281598,0.017832282930612564,0.9997606034684445,0.14853715670281598,,-0.0,2.3096097079310103,,,,,,,,,,,,,2.226719379425049,0.0,0.0005419889895613011,4.6829718485241756e-05,0.0008533543441444635,0.7949758768081665,1.000541988399088,1.0000468492507935,1.0008533000946045,0.999740818239821,0.9999765753746033,0.9999998807907104,0.018215391594549317,0.017966041472336994,0.03241692051750318,,,,,,,,,9.0,0.006508436429040177,0.006508436513557147,1.0,1.000000238418579,1.0000032186508179,1.0002048909664154,1.0018383264541626,1.7949758768081665,0.002493519029317743,0.746398389339447,0.9995735883712769,0.9998975545167923,0.9999983906745911,1.0,1.0,0.011025481439166311,3.703613596004317e-07,0.003631714824638255,0.00906740076674615,0.027032490003136993,0.03421455650906475,0.11135850440769701,9
bayesfl_observability_v1,ola_lr0p02_b128_e1,1,ola,183,14,18,1,1,128,2.3056769371032715,2.3056769371032715,0.0,0.0,0.05555555555555555,2.3056769371032715,0.08892883486115996,0.008766021579504013,0.999914157886181,0.08892883486115996,,1.3727655308924485,0.9483462981176023,,,,,,,,,,,,,2.3056769371032715,0.0,0.0001942698712073255,2.40304079852649e-05,0.0003176637226715689,0.19210776686668396,1.0001942716530854,1.0000240802764893,1.0003176927566528,0.9999036785543486,0.9999879598617554,0.9999998807907104,0.0182088211274343,0.017957116077047017,0.032407474145345005,,,,,,,,,18.0,0.0015239093846595995,0.0015239094604278186,1.0,1.000000238418579,1.0000033378601074,1.0001025199890137,1.0007618129253388,1.1921077966690063,0.000708248846644777,0.915887713432312,0.9998412132263184,0.9999487400054932,0.9999983310699463,1.0,1.0,0.011010850152330307,9.002283007921597e-08,0.0036318313758178862,0.009060805670724145,0.027031332283961488,0.034215775894874526,0.09068498600110665,18
bayesfl_observability_v1,ola_lr0p02_b128_e1,1,ola,237,19,36,1,1,128,2.282296895980835,2.282296895980835,0.0,0.0,0.1111111111111111,2.282296895980835,0.08106908534100911,0.010959025472402573,0.9999286635559359,0.08106908534100911,,1.3898628753106193,0.9179151593699346,,,,,,,,,,,,,2.282296895980835,0.0,0.00016144731649207048,2.1782358089694753e-05,0.00027459964912850436,0.3002506196498871,1.0001614451162402,1.0000218152999878,1.0002745509147644,0.9999200699095573,0.9999890923500061,0.9999997019767761,0.018208928380531966,0.017954090664576622,0.03239998861647638,,,,,,,,,36.0,0.0015386150994941535,0.001538615309784799,1.0,1.0000005960464478,1.000004529953003,1.0000900030136108,1.000584876537323,1.3002506494522095,0.000690082165712363,0.8769735097885132,0.9998627245426178,0.9999549984931946,0.9999977350234985,0.9999999403953552,1.0,0.011010839099440192,2.6120976676229884e-09,0.0036353139033486834,0.00906387649246293,0.027041236957742507,0.03421121432890673,0.0928034665107017,36
bayesfl_observability_v1,ola_lr0p02_b128_e1,1,ola,117,9,8,1,1,128,2.317547559738159,2.317547559738159,0.0,0.0,0.25,2.317547559738159,0.13060385034684058,0.01316705159842968,0.99981486901328,0.13060385034684058,,0.5623351446188083,1.7518051301834499,,,,,,,,,,,,,2.317547559738159,0.0,0.0004190175246571146,4.710047141998075e-05,0.000672267773188652,0.4334280788898468,1.000419016195747,1.0000470876693726,1.0006722450256347,0.9997950933145214,0.9999764561653137,0.9999998211860657,0.018212061591091715,0.017954303702835017,0.03240640425476539,,,,,,,,,8.0,0.0037985396738534,0.0037985396488368875,1.0,1.0000003576278687,1.0000044107437134,1.0001879930496216,1.0016210734844209,1.4334280490875244,0.0016270767092453485,0.8352414965629578,0.999664056301117,0.9999060034751892,0.9999977946281433,1.0,1.0,0.011015632970735484,6.884652067912559e-07,0.0036365714991397984,0.009067046104473842,0.027022271004537017,0.03421768628319138,0.08991156384247129,8
bayesfl_observability_v1,ola_lr0p02_b128_e1,1,ola,252,20,369,3,1,128,2.052483484350892,2.052483447845066,4.359469132810738e-08,4.359469132810738e-08,0.4986449864498645,2.052483447845066,0.213325261621719,0.019683994352817535,0.9995067059018184,0.213325261621719,,1.0683684981935357,1.1688247118610566,,,,,,,,,,,,,2.052483447845066,4.359469132810738e-08,0.00013243595273954104,2.3248689103638753e-05,0.00021591599215753376,0.10830564796924591,1.0001324369430167,1.0000232458114624,1.0002158880233765,0.999934182178064,0.9999883770942688,0.9999991059303284,0.018216460702960374,0.017980643619550908,0.032396556786577324,,,,,,,,,369.0,0.0010539743351738531,0.0010539742171258213,1.0,1.0000017881393433,1.0000064373016357,1.0000874996185303,1.0004130065441132,1.1083056926727295,0.0005034015937651698,0.949883222579956,0.9998920559883118,0.9999562501907349,0.9999967813491821,0.9999996423721313,1.0,0.011027219849425875,6.513518272881746e-08,0.003622084823241544,0.009054222362774542,0.027018510474004304,0.03422283933281429,0.10177305693150336,369
bayesfl_observability_v1,ola_lr0p02_b128_e1,2,ola,143,11,59,1,1,128,1.4339540004730225,1.4339540004730225,0.0,0.0,0.8135593220338984,1.4339540004730225,0.10458173113606284,0.017369087785482407,0.9998818483580194,0.10458173113606284,,0.5821360471219024,1.7374773776084904,,,,,,,,,,,,,1.4339540004730225,0.0,0.00026867787601721205,2.5067500246223062e-05,0.0003895510482834659,0.7542130351066589,1.0002368641471282,1.0000481605529785,1.0003776550292969,0.999883499528074,0.9999759197235107,0.9999967217445374,0.018227987462913577,0.017965520736421374,0.03241688978390371,,,,,,,,,59.0,0.003838919985913429,0.0024570189661616317,1.000000238418579,1.0000065565109253,1.00001859664917,1.0001416206359863,1.0008572459220886,1.4634835720062256,0.0010608688225863235,0.82662034034729,0.9998112320899963,0.9999291896820068,0.999990701675415,0.9999983906745911,0.9999998807907104,0.011055832839267222,1.7378327129244635e-07,0.0036383193457203036,0.009045396121972062,0.02705213303841499,0.03423658004218716,0.10498232679541104,59
bayesfl_observability_v1,ola_lr0p02_b128_e1,2,ola,41,3,4,1,1,128,2.471179723739624,2.471179723739624,0.0,0.0,0.0,2.471179723739624,0.19460421225743774,0.02298961952328682,0.9995898776980008,0.19460421225743774,,0.5623351446188083,1.756608808640784,,,,,,,,,,,,,2.471179723739624,0.0,0.0009303036595821673,6.935651617823169e-05,0.0014859943185001612,1.3213064670562744,1.0005676753431707,1.0000877380371094,1.0009840846061706,0.9997227565219855,0.9999561309814453,0.9999940991401672,0.01822732763801627,0.017955467929275937,0.03241091737527129,,,,,,,,,4.0,0.009166139003979955,0.004704247816795087,1.000000238418579,1.0000118017196655,1.0000321865081787,1.000307559967041,1.0021458923816682,1.6660032272338867,0.0018985969211927512,0.7747508883476257,0.9995083153247833,0.9998462796211243,0.9999839067459106,0.9999973177909851,0.9999998807907104,0.01104735045405828,8.358339806304515e-08,0.0036289127315974165,0.009052489740218267,0.027066218776180172,0.034236276952675566,0.11813539423816405,4
bayesfl_observability_v1,ola_lr0p02_b128_e1,2,ola,128,10,63,1,1,128,2.250659704208374,2.250659704208374,0.0,0.0,0.1111111111111111,2.250659704208374,0.1057603243026396,0.01326276920735836,0.9998788524158043,0.1057603243026396,,0.9152182792868668,1.361330606993555,,,,,,,,,,,,,2.250659704208374,0.0,0.0002747677733681127,3.282347461208701e-05,0.0003525982581777504,0.4397526681423187,1.0002399073926689,1.0000566244125366,1.0003936290740967,0.9998813399271025,0.9999716877937317,0.9999945163726807,0.018220928436496944,0.017965538210403947,0.03240294796202174,,,,,,,,,63.0,0.003441512325242636,0.0019295887209188998,1.0000003576278687,1.0000109672546387,1.0000252723693848,1.0001628398895264,1.0007842898368835,1.2286694049835205,0.0008901583323961423,0.902157723903656,0.9998032450675964,0.9999185800552368,0.9999873638153076,0.999997615814209,0.9999998211860657,0.011039069239602428,2.0285790686468147e-07,0.0036365116041064873,0.009050669281763698,0.027055438213457416,0.0342287944820924,0.1006892091800975,63
bayesfl_observability_v1,ola_lr0p02_b128_e1,2,ola,11,0,2,1,1,128,2.605907917022705,2.605907917022705,0.0,0.0,0.0,2.605907917022705,0.20094144071703784,0.01957167498767376,0.9995626686951077,0.20094144071703784,,0.6931471805599453,1.5913406603425941,,,,,,,,,,,,,2.605907917022705,0.0,0.000991880364753614,5.5918200814630836e-05,0.0013072430156171322,0.9576261639595032,1.0005984628927946,1.0000884532928467,1.000969898700714,0.9997044938450725,0.9999557733535767,0.9999948740005493,0.018225006979484638,0.017970108544956762,0.03240551049296872,,,,,,,,,2.0,0.006258020847298957,0.0032927517341475726,1.000000238418579,1.0000102519989014,1.0000290870666504,1.0002491474151611,1.003042960166931,1.4831990003585815,0.0014807255106233897,0.8211079835891724,0.9995154082775116,0.9998754262924194,0.9999854564666748,0.9999974370002747,0.9999998807907104,0.01104241101336266,3.486480451111193e-07,0.003632039578852782,0.009054430945434302,0.027032959595908766,0.034233902114116095,0.09753303443583192,2
bayesfl_observability_v1,ola_lr0p02_b128_e1,2,ola,158,12,100,1,1,128,1.8601319789886475,1.8601319789886475,0.0,0.0,0.54,1.8601319789886475,0.0857824112515762,0.009842120110988617,0.9999203603326604,0.0857824112515762,,0.9581847713458628,1.3628065184402316,,,,,,,,,,,,,1.8601319789886475,0.0,0.0001807660028538477,1.993831665458856e-05,0.0002924071945017206,0.2421683669090271,1.0001929057374197,1.000046730041504,1.0003713488578796,0.9999041586613577,0.999976634979248,0.9999961853027344,0.018223175687510956,0.017967109252782165,0.03240702158008204,,,,,,,,,100.0,0.0015238496378637018,0.0013088244895596954,1.0000003576278687,1.0000076293945312,1.0000184774398804,1.0001220703125,1.0007535874843598,1.2074612379074097,0.0006159842652791532,0.9100461006164551,0.999814385175705,0.99993896484375,0.9999907612800598,0.9999977350234985,0.9999998211860657,0.01104408082940251,5.06840212585525e-07,0.003635685017994756,0.009058730232103317,0.027046257401452712,0.034226902567510646,0.10036564493250358,100
bayesfl_observability_v1,ola_lr0p02_b128_e1,2,ola,195,15,25,1,1,128,2.1238205432891846,2.1238205432891846,0.0,0.0,0.24,2.1238205432891846,0.07661212442275903,0.007038828916847706,0.9999364354090745,0.07661212442275903,,1.3119690925702856,0.9861324927876863,,,,,,,,,,,,,2.1238205432891846,0.0,0.0001441833905497842,1.7316046069026925e-05,0.00027193968417122967,0.12386279553174973,1.0001746128171674,1.0000473260879517,1.0003700256347656,0.9999130497597706,0.9999763369560242,0.9999954700469971,0.018220755824480857,0.017953919112972738,0.032401281088051216,,,,,,,,,25.0,0.0011816756418887438,0.0009772731495259143,1.0000003576278687,1.0000090599060059,1.0000197887420654,1.0001152753829956,1.0006592929363252,1.0931029319763184,0.0004747801554396693,0.9564658403396606,0.999815046787262,0.9999423623085022,0.9999901056289673,0.9999974966049194,0.9999998211860657,0.011038253213185956,7.263199163200603e-07,0.0036329054377135057,0.009063381035370908,0.02703543811554095,0.034229846821925404,0.09623873542741462,25
bayesfl_observability_v1,ola_lr0p02_b128_e1,2,ola,73,5,163,2,1,128,2.1992422759167254,2.1992422503196387,1.704435987031876e-08,1.704435987031876e-08,0.1411042944785276,2.1992422503196387,0.2332495708825727,0.0414440892636776,0.9994112555411881,0.2332495708825727,,0.5806591790624623,1.7081390410628632,,,,,,,,,,,,,2.1992422503196387,1.704435987031876e-08,0.00035347520539639777,3.922559153579641e-05,0.00047233800287358493,1.0909700393676758,1.0002792592588408,1.0000572204589844,1.0004462003707886,0.9998636423059704,0.9999713897705078,0.9999961853027344,0.018228005420635424,0.017959397746053398,0.03241683955171237,,,,,,,,,163.0,0.006028349879844306,0.003264720446219487,1.000000238418579,1.0000076293945312,1.000024825334549,1.000151127576828,1.0009260952472687,1.5721558332443237,0.0013613703244026074,0.797539472579956,0.9997769594192505,0.999924436211586,0.9999875873327255,0.9999982118606567,0.9999998807907104,0.0110564060782862,4.065493943129781e-07,0.0036205292811441045,0.009067824908939325,0.02705495065401863,0.03425692711340231,0.11855051371041125,163
bayesfl_observability_v1,ola_lr0p02_b128_e1,2,ola,264,21,197,2,1,128,2.2319769738289303,2.231976932075423,2.731207676940824e-08,2.731207676940824e-08,0.14720812182741116,2.231976932075423,0.2168884139982211,0.02849249541759491,0.9994906999917622,0.2168884139982211,,0.6375936626726958,1.698074512420698,,,,,,,,,,,,,2.231976932075423,2.731207676940824e-08,0.00030845412625737977,2.8244583518244326e-05,0.00045968100312165916,0.5088133215904236,1.0002567510022926,1.000052809715271,1.000435483455658,0.999873336066405,0.9999735951423645,0.9999960064888,0.018224007942135426,0.01795592382742263,0.032417649179116936,,,,,,,,,197.0,0.004044164876236563,0.0022454967643392274,1.000000238418579,1.0000079870224,1.0000202655792236,1.0001589059829712,1.0009347319602966,1.259169578552246,0.0010163606731865144,0.8911645412445068,0.9997823178768158,0.9999205470085144,0.9999898672103882,0.9999978542327881,0.9999998807907104,0.011048386560278973,1.296746978623684e-06,0.0036361761055772827,0.009056459862618126,0.027023978499954592,0.034236435796764775,0.1038385059184482,197
bayesfl_observability_v1,ola_lr0p02_b128_e1,2,ola,267,21,306,3,1,128,1.8331382718740725,1.8331381830514646,5.987385641457365e-08,5.987385641457365e-08,0.4542483660130719,1.8331381830514646,0.2781214320676086,0.04101221263408661,0.9991639429637373,0.2781214320676086,,0.49629795412582844,1.8891532045272958,,,,,,,,,,,,,1.8331381830514646,5.987385641457365e-08,0.00023115208311362458,2.8749498596880585e-05,0.0003845978208119052,0.4688725471496582,1.000218100406993,1.0000492334365845,1.000388741493225,0.9998922538766695,0.9999753832817078,0.9999967813491821,0.018231905987929713,0.017961741533675957,0.03241270533196945,,,,,,,,,306.0,0.0029989018755343486,0.0019545318844670185,1.000000238418579,1.0000064373016357,1.0000193119049072,1.0001356601715088,1.000697135925293,1.2752346992492676,0.0008899343826459444,0.8855333924293518,0.9998056888580322,0.9999321699142456,0.9999903440475464,0.9999980330467224,0.9999998807907104,0.011074282801736337,2.8743166472587635e-07,0.0036303382686812525,0.009058153929893528,0.02704061679886573,0.034254296500899076,0.14406851818866484,306
bayesfl_observability_v1,ola_lr0p02_b128_e1,2,ola,238,19,18,1,1,128,2.531790018081665,2.531790018081665,0.0,0.0,0.0,2.531790018081665,0.14339680293514317,0.018464449793100357,0.9997772499988117,0.14339680293514317,,0.9404479886553264,1.3716040057455146,,,,,,,,,,,,,2.531790018081665,0.0,0.0005051253685041782,5.014102498535067e-05,0.0006777886184863751,0.8523396253585815,1.0003550872782119,1.000074863433838,1.0006015300750732,0.9998255912998962,0.999962568283081,0.9999947547912598,0.018220756469034056,0.017966303613435222,0.03240680799131907,,,,,,,,,18.0,0.005875346397792338,0.0031028636089205914,1.000000238418579,1.0000104904174805,1.0000274181365967,1.0002057552337646,1.001257312297821,1.4307193756103516,0.0013543818753460526,0.8360317349433899,0.9996993541717529,0.9998971223831177,0.9999862909317017,0.9999973773956299,0.9999998807907104,0.01104018271722336,2.4539342209498527e-08,0.003635652062910673,0.009052135674217091,0.02704060988197939,0.034214237224779724,0.09650440984622471,18
bayesfl_observability_v1,ola_lr0p02_b128_e1,2,ola,30,2,2,1,1,128,2.4770326614379883,2.4770326614379883,0.0,0.0,0.0,2.4770326614379883,0.16366191602022898,0.014730218797922134,0.9997098991647417,0.16366191602022898,,0.6931471805599453,1.6262933525338354,,,,,,,,,,,,,2.4770326614379883,0.0,0.0006579842680656596,5.44954564247746e-05,0.0007377657457254827,0.5424483418464661,1.000431517214886,1.0000817775726318,1.0006103515625,0.9997861906178892,0.9999591112136841,0.9999963045120239,0.01822367641759378,0.017961413492800997,0.03241580037520792,,,,,,,,,2.0,0.004320066413330263,0.0023269332989232124,1.000000238418579,1.0000073909759521,1.0000265836715698,1.000220775604248,1.001820707321167,1.2742218971252441,0.0010887832027138904,0.8858852386474609,0.9996949434280396,0.999889612197876,0.9999867081642151,0.9999985694885254,0.9999998807907104,0.01104148152109862,3.378770747575848e-07,0.003622943975930839,0.009045238889774898,0.027058680738324792,0.034241674357421176,0.09502659925134063,2
bayesfl_observability_v1,ola_lr0p02_b128_e1,2,ola,277,22,896,7,1,128,1.471754687173026,1.4717543806348528,3.147104499540936e-07,3.147104499540936e-07,0.5345982142857143,1.4717543806348528,0.4236218788929337,0.05148182809352875,0.9980672964754982,0.4236218788929337,,1.0079628307563315,1.347582353346925,,,,,,,,,,,,,1.4717543806348528,3.147104499540936e-07,0.000108930642108798,1.3923533970228164e-05,0.0001922537194332108,0.14769427478313446,1.0001569896851492,1.000040352344513,1.0002949237823486,0.9999219110587895,0.9999798238277435,0.9999967813491821,0.018249902310612357,0.01797753145273425,0.03244652023469963,,,,,,,,,896.0,0.0010444514009879172,0.0010539698420220325,1.0000003576278687,1.0000064373016357,1.000016212463379,1.0001083612442017,1.0005608260631562,1.1146454811096191,0.0005068916834679448,0.9471780061721802,0.9998525381088257,0.9999458193778992,0.9999918937683105,0.9999983906745911,0.9999998211860657,0.011118325637215353,8.147390698715691e-08,0.0036379441305788964,0.009063407917123251,0.027043574083678502,0.034311879987206056,0.14574567632878935,896
bayesfl_observability_v1,ola_lr0p02_b128_e1,2,ola,278,22,61,1,1,128,2.0704658031463623,2.0704658031463623,0.0,0.0,0.06557377049180328,2.0704658031463623,0.12012789573237542,0.0157167986035347,0.9998437534146524,0.12012789573237542,,0.3945326819623348,1.9802377464173406,,,,,,,,,,,,,2.0704658031463623,0.0,0.00035449325840661175,3.3375494240317494e-05,0.0005226793407928245,0.6175443530082703,1.000279769384874,1.0000518560409546,1.0004644393920898,0.9998626434610906,0.9999740719795227,0.9999967813491821,0.018223131500238313,0.017955772431186658,0.03241566696510322,,,,,,,,,61.0,0.004735058286804026,0.0027767686512880215,1.000000238418579,1.0000064373016357,1.0000200271606445,1.0001678466796875,1.0008889138698578,1.349570631980896,0.0012216721828947257,0.8607998490333557,0.9997678995132446,0.9999160766601562,0.9999899864196777,0.9999983310699463,0.9999998807907104,0.011048159897615362,2.9174651818469826e-07,0.0036318981982094455,0.009054528754212858,0.027044001420015444,0.03423034654274447,0.12269858176521342,61
bayesfl_observability_v1,ola_lr0p02_b128_e1,2,ola,83,6,165,2,1,128,1.8660183032353719,1.8660183032353719,1.1617571755784934e-08,1.1617571755784934e-08,0.46060606060606063,1.8660183032353719,0.20125827303590163,0.028365761041641235,0.9995621711299163,0.20125827303590163,,0.7163703465940834,1.5113752911057265,,,,,,,,,,,,,1.8660183032353719,1.1617571755784934e-08,0.0002621074904037548,3.35356016876176e-05,0.00043539953185245395,0.5029079914093018,1.0002335778081113,1.0000545978546143,1.0004065036773682,0.9998843746346013,0.9999727010726929,0.9999964237213135,0.01823142521595241,0.017972108007701944,0.03241944647715012,,,,,,,,,165.0,0.002933247613972255,0.0018346805307013516,1.000000238418579,1.000007152557373,1.0000205039978027,1.0001612901687622,1.000804740190506,1.282056212425232,0.0008425706641283564,0.8831743597984314,0.9997968077659607,0.9999193549156189,0.9999897480010986,0.9999980926513672,0.9999998807907104,0.011063603946332098,6.002890634616436e-07,0.0036329956720573425,0.009047040024792036,0.02703954000350002,0.03424242022769508,0.13387460605752177,165
bayesfl_observability_v1,ola_lr0p02_b128_e1,2,ola,173,13,119,1,1,128,2.619866132736206,2.619866132736206,0.0,0.0,0.0,2.619866132736206,0.11626050518989067,0.011875571683049202,0.9998535783791527,0.11626050518989067,,0.7679964346078391,1.5533998077393687,,,,,,,,,,,,,2.619866132736206,0.0,0.0003320356155643353,3.0881921702530235e-05,0.0005117807886563241,0.3525729775428772,1.0002685418025419,1.000056505203247,1.0004489541053772,0.9998670306194739,0.9999717473983765,0.9999955892562866,0.018218630776882676,0.017958771670676617,0.032411914447119515,,,,,,,,,119.0,0.0033126537789042185,0.001910313677173528,1.0000003576278687,1.0000088214874268,1.0000213384628296,1.0001740455627441,1.0009044408798218,1.177288293838501,0.0008982232316637723,0.9216341972351074,0.9997755825519562,0.9999129772186279,0.9999893307685852,0.9999978542327881,0.9999998211860657,0.011032574056201117,4.8465232794139034e-08,0.003624289148615402,0.009045794279327607,0.027038665956153864,0.0342198509852438,0.09327527798487215,119
bayesfl_observability_v1,ola_lr0p02_b128_e1,3,ola,204,16,2,1,1,128,2.2211146354675293,2.2211146354675293,0.0,0.0,0.0,2.2211146354675293,0.15534869213400399,0.014331664890050888,0.9997393028048523,0.15534869213400399,,0.6931471805599453,1.5580197962672118,,,,,,,,,,,,,2.2211146354675293,0.0,0.0005928372226602688,4.3484858906595036e-05,0.0006598882027901709,0.5134914517402649,1.0003366446206903,1.0000756978988647,1.0005824565887451,0.9998329514339441,0.9999621510505676,0.9999956488609314,0.018236772198665506,0.017955022732770172,0.032418906544974015,,,,,,,,,2.0,0.0043990450819177684,0.0018681118261322021,1.0000003576278687,1.0000087022781372,1.0000295639038086,1.0001797676086426,1.0013290107250215,1.1903353929519653,0.0008869712003928479,0.9165693521499634,0.999708890914917,0.9999101161956787,0.9999852180480957,0.9999977350234985,0.9999998211860657,0.011075095350766123,6.193623766127201e-07,0.0036428502482450547,0.00904777060427941,0.02704025520717591,0.03425982607524572,0.11460046754250806,2
bayesfl_observability_v1,ola_lr0p02_b128_e1,3,ola,149,11,333,3,1,128,1.5755569009451538,1.5755567862106874,1.1014830348855454e-07,1.1014830348855454e-07,0.5705705705705706,1.5755567862106874,0.33436704654390587,0.04797736927866936,0.9987956647020461,0.33436704654390587,,0.21239478849365837,2.0487084209067463,,,,,,,,,,,,,1.5755567862106874,1.1014830348855454e-07,0.0003399773266602461,3.905145604221616e-05,0.00041450705321040087,0.6455848217010498,1.0002523538369825,1.0000656843185425,1.000422716140747,0.9998756285657627,0.9999671578407288,0.9999938011169434,0.018251916473423647,0.017974938123187754,0.03245071491492156,,,,,,,,,333.0,0.0061069571815789495,0.0023058161246959723,1.0000003576278687,1.0000123977661133,1.0000298023223877,1.0001659393310547,1.000833696126938,1.2245080471038818,0.0010448533038274707,0.9036893844604492,0.9997887015342712,0.9999170303344727,0.9999850988388062,0.9999964833259583,0.9999998211860657,0.01111541777418684,5.064185152941316e-07,0.003627880256023177,0.009051706705404223,0.027041650486165393,0.03429037903561533,0.14915057350328095,333
bayesfl_observability_v1,ola_lr0p02_b128_e1,3,ola,299,23,48,1,1,128,1.8857609033584595,1.8857609033584595,0.0,0.0,0.125,1.8857609033584595,0.140957735209294,0.023658476769924164,0.99978549914522,0.140957735209294,,-0.0,2.185987945410232,,,,,,,,,,,,,1.8857609033584595,0.0,0.00048808795158534715,4.4507529310067184e-05,0.0006796119268983603,1.3993090391159058,1.0003017241012795,1.000069499015808,1.0004675388336182,0.9998520816258015,0.999965250492096,0.999995231628418,0.018238223219552093,0.017970659928063536,0.03242687324163596,,,,,,,,,48.0,0.008117140996662825,0.003055801477072493,1.0000003576278687,1.000009536743164,1.0000265836715698,1.00021231174469,1.000787627696991,1.4913386106491089,0.0013004434403204005,0.8188641667366028,0.9997663497924805,0.999893844127655,0.9999867081642151,0.999997615814209,0.9999998211860657,0.011085149812522751,2.672639255339491e-07,0.0036493300667318753,0.009062126206558538,0.02702240962430822,0.034258681993579204,0.12926532331841936,48
bayesfl_observability_v1,ola_lr0p02_b128_e1,3,ola,16,1,369,3,1,128,1.0911276895340865,1.0911275179890114,1.6993046223393903e-07,1.6993046223393903e-07,0.6287262872628726,1.0911275179890114,0.31304704692703206,0.06516030430793762,0.9989441743719036,0.31304704692703206,,0.1490487639578261,2.177886214364074,,,,,,,,,,,,,1.0911275179890114,1.6993046223393903e-07,0.0003662792626490729,2.929344555013813e-05,0.00041728321230039,1.5326389074325562,1.000261123280892,1.0000563859939575,1.0004322528839111,0.9998720720408882,0.9999718070030212,0.999995768070221,0.018250731896634762,0.017974129012948523,0.03243137620561159,,,,,,,,,369.0,0.007066917789756648,0.002932657284828786,1.0000003576278687,1.000008463859558,1.0000208616256714,1.0001521110534668,1.0009288787841797,1.5936261415481567,0.0012221636891792547,0.7921488285064697,0.9997839331626892,0.9999239444732666,0.9999895691871643,0.9999979138374329,0.9999998211860657,0.011112823130111556,1.917885771158368e-07,0.0036240831875984474,0.009051040516924855,0.027043089623272218,0.034287281301883236,0.1164207352234624,369
bayesfl_observability_v1,ola_lr0p02_b128_e1,3,ola,18,1,406,4,1,128,1.9983308045147674,1.998330665926628,1.344180631060468e-07,1.344180631060468e-07,0.42610837438423643,1.998330665926628,0.3817007960191953,0.055420443415641785,0.9984292421846295,0.3817007960191953,,0.93387416116756,1.3882321409892098,,,,,,,,,,,,,1.998330665926628,1.344180631060468e-07,0.0002637663782912304,2.5469953470746987e-05,0.00029498315416276455,0.49398094415664673,1.000226951710213,1.0000585317611694,1.0004034042358398,0.9998876306652683,0.9999707341194153,0.9999951720237732,0.018249640026283966,0.017981104705926038,0.03242905536400775,,,,,,,,,406.0,0.00433016289329534,0.0017623427467636562,1.0000004768371582,1.0000096559524536,1.000022292137146,1.0001462697982788,1.0007682502269746,1.1693346500396729,0.0008305015299458288,0.9247633218765259,0.9997983574867249,0.9999268651008606,0.999988853931427,0.9999973773956299,0.9999997615814209,0.011106454355932839,2.8521116964493597e-07,0.003628808746082739,0.00905563840765614,0.02704157826123748,0.034296884877943024,0.135690830923361,406
bayesfl_observability_v1,ola_lr0p02_b128_e1,3,ola,236,18,41,1,1,128,2.7287333011627197,2.7287333011627197,0.0,0.0,0.07317073170731707,2.7287333011627197,0.15460194668630803,0.019421346485614777,0.9997416694658368,0.15460194668630803,,1.0353574001541463,1.2518665823368382,,,,,,,,,,,,,2.7287333011627197,0.0,0.0005871515004722157,3.021615520992782e-05,0.0007926466932985941,0.9429718255996704,1.0003347472567286,1.0000674724578857,1.0005820989608765,0.9998350734875621,0.9999662637710571,0.9999951720237732,0.018229553439786425,0.01795707285040263,0.03240840644559097,,,,,,,,,41.0,0.006893392521173806,0.0026835081792040676,1.0000003576278687,1.0000096559524536,1.0000243186950684,1.0001983642578125,1.0012065410614013,1.3205088376998901,0.001212717721300965,0.8702206015586853,0.9997090697288513,0.9999008178710938,0.9999878406524658,0.9999974966049194,0.9999998211860657,0.011063055743605648,9.657384253960059e-08,0.0036392706939486243,0.009057838760317604,0.02705369941431673,0.03425328360961711,0.11211562951981445,41
bayesfl_observability_v1,ola_lr0p02_b128_e1,3,ola,215,17,42,1,1,128,2.0356287956237793,2.0356287956237793,0.0,0.0,0.23809523809523808,2.0356287956237793,0.06901262935022677,0.006997592747211456,0.9999485405757327,0.06901262935022677,,1.521719365805568,0.7932357448939426,,,,,,,,,,,,,2.0356287956237793,0.0,0.00011699773076198042,1.4733755051565822e-05,0.00018964990449603649,0.12241577357053757,1.000178029385627,1.0000488758087158,1.0003591775894165,0.9999113628909269,0.9999755620956421,0.9999958276748657,0.018232320617590166,0.017955601742622673,0.03241328952998803,,,,,,,,,42.0,0.0010775137652553964,0.0010065986777583601,1.0000004768371582,1.0000083446502686,1.0000200271606445,1.0001251697540283,1.0006418883800507,1.1010838747024536,0.0004890972630240619,0.9529932141304016,0.9998204708099365,0.9999374151229858,0.9999899864196777,0.9999975562095642,0.9999997615814209,0.011068427701431684,3.0996365455851883e-07,0.0036276016922262883,0.009055360834147779,0.027022868410439528,0.03424730743214783,0.11615237515628041,42
bayesfl_observability_v1,ola_lr0p02_b128_e1,3,ola,217,17,189,2,1,128,1.6343447821480888,1.6343447244356548,4.9833239493771676e-08,4.9833239493771676e-08,0.291005291005291,1.6343447244356548,0.25809110752278586,0.052757151424884796,0.9992814929713008,0.25809110752278586,,0.3250829733914482,1.9958124018703602,,,,,,,,,,,,,1.6343447244356548,4.9833239493771676e-08,0.00048058851043943145,3.8648044210276566e-05,0.000533008947968483,1.9328727722167969,1.0002992246935078,1.0000595450401306,1.0004712343215942,0.9998542496383079,0.9999702274799347,0.9999956488609314,0.0182448526328525,0.017971525307432235,0.03243315028594937,,,,,,,,,189.0,0.009176431244965087,0.0036255927459754164,1.0000003576278687,1.0000087022781372,1.0000215768814087,1.000172108411789,1.0010548293590547,1.7270375490188599,0.0014600736902046047,0.7609377503395081,0.9997645020484924,0.9999139457941055,0.9999892115592957,0.9999979138374329,0.9999998211860657,0.011098345379349433,2.8379445330079335e-07,0.0036373182374574986,0.009052872919355946,0.027042664755521528,0.03427661053086489,0.10782273216042955,189
bayesfl_observability_v1,ola_lr0p02_b128_e1,3,ola,100,8,10,1,1,128,1.8526561260223389,1.8526561260223389,0.0,0.0,0.2,1.8526561260223389,0.11881981119974437,0.018337367102503777,0.9998475710583783,0.11881981119974437,,0.6001660731596457,1.7117035045711888,,,,,,,,,,,,,1.8526561260223389,0.0,0.00034681506097804574,2.729830339376349e-05,0.0004681923281168574,0.8406476378440857,1.0002546361812361,1.0000579357147217,1.00042964220047,0.9998744232856982,0.9999710321426392,0.999995231628418,0.01823672502177771,0.017961288894641984,0.032413921125831774,,,,,,,,,10.0,0.005492213679070785,0.0022670064030813476,1.0000003576278687,1.000009536743164,1.0000224113464355,1.000157117843628,1.0008297622203828,1.3109478950500488,0.0010252045368030584,0.8733881115913391,0.9997852385044098,0.999921441078186,0.9999887943267822,0.999997615814209,0.9999998211860657,0.011080847376906518,8.605864717140275e-08,0.0036471142890134476,0.009064511343273726,0.0270404930318019,0.03426175667677066,0.11579167247338458,10
bayesfl_observability_v1,ola_lr0p02_b128_e1,3,ola,34,2,89,1,1,128,2.7166857719421387,2.7166857719421387,0.0,0.0,0.02247191011235955,2.7166857719421387,0.12746758617080178,0.017952043563127518,0.999824405212001,0.12746758617080178,,0.9392429968990706,1.3654484544000312,,,,,,,,,,,,,2.7166857719421387,0.0,0.0003991349528814913,3.4002205211436376e-05,0.0006247077253647149,0.8056896924972534,1.0002720759509296,1.0000638961791992,1.000474214553833,0.9998654773166914,0.9999680519104004,0.9999955296516418,0.018229500759557173,0.01796891783144878,0.03241297760467101,,,,,,,,,89.0,0.005225333383234144,0.0020863476746704433,1.0000004768371582,1.0000089406967163,1.0000251531600952,1.0001730918884277,1.0008900165557861,1.277056336402893,0.0009626926842408589,0.8849015831947327,0.999763011932373,0.9999134540557861,0.9999874234199524,0.9999973177909851,0.9999997615814209,0.011060294703802986,2.931953567106188e-07,0.0036268852096544243,0.009047237597347458,0.02703102287493614,0.034245591071033366,0.11319981698852563,89
bayesfl_observability_v1,ola_lr0p02_b128_e1,3,ola,260,20,217,2,1,128,1.7638129655117263,1.7638129166194372,2.925375359873508e-08,2.925375359873508e-08,0.35023041474654376,1.7638129166194372,0.2087756566881512,0.031119927763938904,0.9995298097397055,0.2087756566881512,,0.6044081348942495,1.6077125747920737,,,,,,,,,,,,,1.7638129166194372,2.925375359873508e-08,0.00028312886274438174,2.8136655600974336e-05,0.00038266213960014284,0.6154448986053467,1.000233402796411,1.0000581741333008,1.0003854036331177,0.9998844674795095,0.9999709129333496,0.9999951720237732,0.018241436654317034,0.01797997745523413,0.03242683577592344,,,,,,,,,217.0,0.003906979611505055,0.0018242308170264097,1.0000003576278687,1.0000096559524536,1.0000232458114624,1.0001622438430786,1.0007173478603364,1.2300505638122559,0.0008492311728261817,0.9016510844230652,0.9998073577880859,0.9999188780784607,0.9999883770942688,0.999997615814209,0.9999998211860657,0.011093194517766154,2.876746614587007e-08,0.003646128927593989,0.009059807934419704,0.027031246821576996,0.03426992346890234,0.12727044819834524,217
bayesfl_observability_v1,ola_lr0p02_b128_e1,3,ola,87,7,39,1,1,128,2.865351915359497,2.865351915359497,0.0,0.0,0.0,2.865351915359497,0.15169243453473472,0.02209392562508583,0.9997513016986916,0.15169243453473472,,0.4377023180952629,1.8840029267722176,,,,,,,,,,,,,2.865351915359497,0.0,0.0005652597869696663,5.5095999414334074e-05,0.0007566861459054053,1.2203538417816162,1.0003274486588978,1.000073790550232,1.0005571961402893,0.9998394500960931,0.999963104724884,0.9999951124191284,0.0182298071969228,0.01796109367953712,0.032425191186022315,,,,,,,,,39.0,0.008638261754240628,0.0031201524051828727,1.0000003576278687,1.0000097751617432,1.0000293254852295,1.000207543373108,1.0010018467903137,1.4152777194976807,0.0013654359134614828,0.8405802249908447,0.9997215211391449,0.999896228313446,0.9999853372573853,0.999997079372406,0.9999998211860657,0.01106110738188991,9.157875092986206e-08,0.003630969957752095,0.009050086114517457,0.02703874697933688,0.03424061937679364,0.11339920325099444,39
bayesfl_observability_v1,ola_lr0p02_b128_e1,3,ola,239,19,46,1,1,128,2.6186037063598633,2.6186037063598633,0.0,0.0,0.0,2.6186037063598633,0.12224407880657484,0.015667539089918137,0.9998385000988257,0.12224407880657484,,0.9560443809671457,1.3493424985245688,,,,,,,,,,,,,2.6186037063598633,0.0,0.00036709284342627914,3.853270391118713e-05,0.0004871602635830641,0.6136794090270996,1.0002613934726066,1.0000638961791992,1.0005155801773071,0.9998707459005026,0.9999680519104004,0.9999954104423523,0.018229488615293377,0.017960614915106286,0.03241358253577153,,,,,,,,,46.0,0.004672579467030817,0.0020291457648659098,1.0000003576278687,1.0000091791152954,1.000026822090149,1.0001498460769653,1.0008916854858398,1.2363213300704956,0.0009418375639975214,0.8993615508079529,0.9997422695159912,0.9999250769615173,0.9999865889549255,0.999997615814209,0.9999998211860657,0.011063507218702513,4.5387946242302434e-07,0.003627856718042759,0.009059858288714077,0.02704171854822779,0.03424712351255298,0.1124763122800988,46
bayesfl_observability_v1,ola_lr0p02_b128_e1,3,ola,249,19,148,2,1,128,2.6589013821369893,2.6589013660276257,1.5473403699480832e-08,1.5473403699480832e-08,0.060810810810810814,2.6589013660276257,0.2572004350421925,0.029819097369909286,0.9992851104256326,0.2572004350421925,,0.8084292285499561,1.5072994420910157,,,,,,,,,,,,,2.6589013660276257,1.5473403699480832e-08,0.0004473828687272515,5.157676059752703e-05,0.0007895385206211364,0.5566402673721313,1.0002881578030023,1.000063419342041,1.0005801916122437,0.9998572652795829,0.9999682903289795,0.999994695186615,0.01823282937605963,0.01796597578402882,0.03242669111008014,,,,,,,,,148.0,0.0046140572473036085,0.0019376310245531017,1.0000004768371582,1.00001060962677,1.0000262260437012,1.0001810789108276,1.0010231733322144,1.1922101974487305,0.0009123178798320014,0.9158483743667603,0.9997100234031677,0.9999094605445862,0.9999868869781494,0.9999973773956299,0.9999997615814209,0.011071164141544066,2.4238705311493204e-07,0.0036295379859389346,0.00905512715359598,0.027046251572264608,0.03425306363309793,0.11578261244292934,148
bayesfl_observability_v1,ola_lr0p02_b128_e1,3,ola,6,0,230,2,1,128,2.0679209460382877,2.0679208931715594,3.6733618952419656e-08,3.6733618952419656e-08,0.17391304347826086,2.0679208931715594,0.20804173359850095,0.03278382122516632,0.9995324303050581,0.20804173359850095,,1.0431642721063052,1.257328427832494,,,,,,,,,,,,,2.0679208931715594,3.6733618952419656e-08,0.00029289843128558937,2.5832676328718662e-05,0.0003652264131233096,0.687313437461853,1.000236663099613,1.0000516176223755,1.0004161715507507,0.99988302444327,0.9999741911888123,0.9999957084655762,0.01823526299800952,0.017968485266073527,0.03241729530662976,,,,,,,,,230.0,0.0039798207715173745,0.001979550786470742,1.0000004768371582,1.0000085830688477,1.0000216960906982,1.0001479387283325,1.000833696126938,1.276743769645691,0.0009109046689888728,0.8850098848342896,0.9997919738292694,0.9999260306358337,0.9999891519546509,0.9999977350234985,0.9999997615814209,0.011074467965257535,6.227983290065017e-07,0.0036235418713466885,0.009051424653338396,0.027038658527148908,0.034249385895116724,0.1065651381193694,230
bayesfl_observability_v1,ola_lr0p02_b128_e1,4,ola,112,9,53,1,1,128,1.9056494235992432,1.9056494235992432,0.0,0.0,0.32075471698113206,1.9056494235992432,0.1099160340147734,0.013605654239654541,0.9998696432661116,0.1099160340147734,,0.7684671875616165,1.5586349016673413,,,,,,,,,,,,,1.9056494235992432,0.0,0.00029678528071182156,2.5944423214241397e-05,0.0004075287812156603,0.46278464794158936,1.0002659308848287,1.0000684261322021,1.0004799365997314,0.9998682888327032,0.9999657869338989,0.9999943971633911,0.018241293171456983,0.01797379068453675,0.03242113816103655,,,,,,,,,53.0,0.003932454151276817,0.001871682526319957,1.0000004768371582,1.0000112056732178,1.0000271797180176,1.0001673698425293,1.0009339511394502,1.1988617181777954,0.0008832570364927768,0.9133042097091675,0.9997601509094238,0.9999163150787354,0.9999864101409912,0.9999969333410264,0.9999997615814209,0.011085268380829034,1.5001402939587224e-07,0.0036252604129865533,0.009050015311800238,0.027041270419523405,0.03426597697558686,0.10436655293370452,53
bayesfl_observability_v1,ola_lr0p02_b128_e1,4,ola,192,15,5,1,1,128,1.2105547189712524,1.2105547189712524,0.0,0.0,1.0,1.2105547189712524,0.16841015619519573,0.03031739965081215,0.9996945517030145,0.16841015619519573,,-0.0,2.3277319754160017,,,,,,,,,,,,,1.2105547189712524,0.0,0.0006967176415952503,6.351027332129888e-05,0.0008236306603066623,2.2978618144989014,1.0003659159340417,1.0000829696655273,1.0005927205085754,0.9998214965240536,0.9999585151672363,0.9999938011169434,0.018249771614258448,0.017976433686645747,0.03243773493500214,,,,,,,,,5.0,0.011642346109363402,0.003888912416304208,1.0000003576278687,1.0000123977661133,1.0000293254852295,1.00020369887352,1.0012775123119355,1.7508280277252197,0.0015660072665579967,0.7557501792907715,0.9997037589550019,0.99989815056324,0.9999853372573853,0.999996542930603,0.9999998211860657,0.011107261302031693,1.374993876946148e-07,0.003622077209821761,0.009043702978838783,0.027057153942682245,0.034265034607787105,0.10976377322989762,5
bayesfl_observability_v1,ola_lr0p02_b128_e1,4,ola,163,13,151,2,1,128,1.936550689848843,1.9365506716911367,1.0628567541902013e-08,1.0628567541902013e-08,0.47019867549668876,1.9365506716911367,0.21696614767773065,0.023396611213684082,0.9994926189354263,0.21696614767773065,,0.7494436652757661,1.488660305959026,,,,,,,,,,,,,1.9365506716911367,1.0628567541902013e-08,0.0003038240621024183,3.490491508273408e-05,0.00047520993393845856,0.3448165953159332,1.0002676923394238,1.0000685453414917,1.0005195140838623,0.9998671879840527,0.9999657273292542,0.9999940395355225,0.018247780025078434,0.017973065930602466,0.032419944003752206,,,,,,,,,151.0,0.003094057638650931,0.001687144151727534,1.0000004768371582,1.000011920928955,1.000028133392334,1.000178337097168,1.0009199500083923,1.18365478515625,0.0008034936370616753,0.9191523194313049,0.9997403621673584,0.999910831451416,0.999985933303833,0.9999968409538269,0.9999997615814209,0.011101263827505169,9.445178822401598e-07,0.0036385172966078108,0.00905221396860917,0.027033974152596278,0.034288394573463096,0.12309142152648929,151
bayesfl_observability_v1,ola_lr0p02_b128_e1,4,ola,166,13,76,1,1,128,2.022805690765381,2.022805690765381,0.0,0.0,0.19736842105263158,2.022805690765381,0.09008374010738462,0.010085895657539368,0.9999124131912136,0.09008374010738462,,1.0982287840542058,1.252671424477001,,,,,,,,,,,,,2.022805690765381,0.0,0.000199348544462932,1.8940656445920467e-05,0.0002808045537676662,0.25431331992149353,1.0002415741486788,1.0000641345977783,1.000456726551056,0.999880183988228,0.9999679327011108,0.9999943375587463,0.018239305145840802,0.01797353595504337,0.03242179368862433,,,,,,,,,76.0,0.0025145405455812265,0.0016390152863796647,1.0000004768371582,1.0000113248825073,1.0000269412994385,1.0001603364944458,1.0008376300334931,1.1949763298034668,0.0007793753373639491,0.914787769317627,0.9997717022895813,0.9999198317527771,0.9999865293502808,0.9999969005584717,0.9999997615814209,0.011082119307518195,7.167744442899625e-07,0.0036269256316920446,0.00905497206681354,0.02704593318077075,0.03425504722897372,0.1106577490441395,76
bayesfl_observability_v1,ola_lr0p02_b128_e1,4,ola,101,8,1047,9,1,128,1.5263285171222778,1.526328192740935,3.0344684818327896e-07,3.0344684818327896e-07,0.55396370582617,1.526328192740935,0.4450777676331108,0.049826983362436295,0.9978758664615847,0.4450777676331108,,1.3655297072495858,0.9316261638098886,,,,,,,,,,,,,1.526328192740935,3.0344684818327896e-07,8.015735018454096e-05,1.4514023860101588e-05,0.00013754922256339357,0.0839335098862648,1.00021177646839,1.000058650970459,1.0004136562347412,0.9998947525294998,0.9999706745147705,0.9999943971633911,0.018274917581822748,0.017984702130397958,0.03245668464589978,,,,,,,,,1047.0,0.0006794636107781172,0.0013258376028571007,1.0000004768371582,1.0000112056732178,1.0000261068344116,1.0001347064971924,1.000747984647751,1.1803297996520996,0.0006335939445517408,0.92044597864151,0.9997932314872742,0.9999326467514038,0.9999869465827942,0.9999969005584717,0.9999997615814209,0.011167388958317372,1.9640378331397055e-07,0.0036279091823722014,0.009035713774732362,0.027050828495285076,0.03434630938611314,0.1302747207276412,1047
bayesfl_observability_v1,ola_lr0p02_b128_e1,4,ola,180,14,9,1,1,128,1.788939118385315,1.788939118385315,0.0,0.0,0.2222222222222222,1.788939118385315,0.16686758823806155,0.025150194764137268,0.999699723911967,0.16686758823806155,,-0.0,2.3096097079310103,,,,,,,,,,,,,1.788939118385315,0.0,0.000684012797520041,3.8535734347533435e-05,0.0009359996183775365,1.581330418586731,1.0003627414317757,1.0000839233398438,1.0005992770195007,0.9998222103917296,0.9999580383300781,0.999994158744812,0.018245604473862347,0.01797500437488871,0.03242318166057631,,,,,,,,,9.0,0.011201443382062656,0.0033179764047696508,1.0000003576278687,1.000011682510376,1.0000290870666504,1.000220775604248,1.001234769821167,1.4253442287445068,0.0014475625868133114,0.83760666847229,0.9997004806995392,0.999889612197876,0.9999854564666748,0.9999966621398926,0.9999998211860657,0.01109892989163815,5.595953301937003e-10,0.0036341381664607027,0.009057976263790096,0.027040885597971107,0.03429141264620475,0.12301669898769235,9
bayesfl_observability_v1,ola_lr0p02_b128_e1,4,ola,181,14,2,1,1,128,1.5633935928344727,1.5633935928344727,0.0,0.0,0.5,1.5633935928344727,0.16448168931099486,0.01946096122264862,0.9997083757950114,0.16448168931099486,,0.6931471805599453,1.6112121538688304,,,,,,,,,,,,,1.5633935928344727,0.0,0.0006645924034169253,4.1246450564358383e-05,0.0008071294578258021,0.946822464466095,1.0003578849961905,1.0000795125961304,1.0007418513298034,0.9998228611178397,0.9999602437019348,0.9999934434890747,0.018247746517937098,0.017974818295351566,0.03244057754962337,,,,,,,,,2.0,0.005451509623148799,0.002279256334314131,1.0000003576278687,1.0000131130218506,1.0000324249267578,1.0002012252807617,1.0014877319335938,1.3001317977905273,0.0010418631486224796,0.8770135641098022,0.9996292531490326,0.9998993873596191,0.9999837875366211,0.9999969601631165,0.9999998211860657,0.011094633169512206,2.0709881141552286e-07,0.0036238206595970088,0.009064166230745994,0.027051371692886756,0.03427627628502789,0.10364126105427587,2
bayesfl_observability_v1,ola_lr0p02_b128_e1,4,ola,16,1,369,3,1,128,0.7418431102583402,0.7418430062328897,1.0431102344309175e-07,1.0431102344309175e-07,0.948509485094851,0.7418430062328897,0.24536275166218172,0.046292517334222794,0.9993531130219199,0.24536275166218172,,0.1490487639578261,2.177886214364074,,,,,,,,,,,,,0.7418430062328897,1.0431102344309175e-07,0.0002193939770975773,2.1442232537083328e-05,0.00027128716174047447,0.7806023955345154,1.000246583690364,1.0000629425048828,1.000449299812317,0.9998781528280328,0.9999685287475586,0.9999946355819702,0.018257769019107348,0.017986254340301305,0.032446481088772045,,,,,,,,,369.0,0.0039060076021873694,0.002071906174165753,1.0000003576278687,1.0000107288360596,1.0000250339508057,1.0001539885997772,1.0008739352226257,1.3715131282806396,0.000931391449690146,0.8538862466812134,0.9997754096984863,0.9999230057001114,0.9999874830245972,0.9999971985816956,0.9999998211860657,0.011127061021553546,4.242532865784451e-08,0.0036266830517357293,0.009057132906233589,0.02704650728213396,0.03428676540541806,0.115359734155365,369
bayesfl_observability_v1,ola_lr0p02_b128_e1,4,ola,20,1,3,1,1,128,3.0894157886505127,3.0894157886505127,0.0,0.0,0.0,3.0894157886505127,0.2512455725144878,0.029530860483646393,0.9993183055718801,0.2512455725144878,,-0.0,2.311121424016332,,,,,,,,,,,,,3.0894157886505127,0.0,0.0015506617862840236,0.00010318939894204959,0.0012990051181986928,2.1801793575286865,1.0005794002462303,1.0001146793365479,1.0007934808731078,0.9997162925063175,0.9999426603317261,0.9999938011169434,0.01824027814940755,0.017958930962031754,0.03242807299393349,,,,,,,,,3.0,0.016205068910356966,0.004334312292409568,1.0000003576278687,1.0000123977661133,1.0000383853912354,1.0002896785736084,1.0022398352622985,1.5494909286499023,0.0018484975066017715,0.8033512234687805,0.9996034979820252,0.9998551607131958,0.9999808073043823,0.9999966621398926,0.9999998211860657,0.011080911531983867,2.0709881141552286e-07,0.0036291692185130217,0.009047672052761673,0.027049186742993305,0.03427286812135893,0.10430471182835238,3
bayesfl_observability_v1,ola_lr0p02_b128_e1,4,ola,292,23,70,1,1,128,2.559351921081543,2.559351921081543,0.0,0.0,0.1,2.559351921081543,0.18297230500944298,0.0293971449136734,0.999638506785645,0.18297230500944298,,0.30463609734923813,1.9998591779099486,,,,,,,,,,,,,2.559351921081543,0.0,0.000822414909328525,8.120116763166152e-05,0.0010565243195742372,2.160479784011841,1.0003973392884085,1.0000954866409302,1.0007131099700928,0.9998053759386254,0.9999522566795349,0.9999939799308777,0.018239718067685907,0.017969953799912248,0.0324206348374145,,,,,,,,,70.0,0.012799525902500896,0.0035913008133486987,1.0000003576278687,1.0000120401382446,1.0000364780426025,1.0002155303955078,1.0013767600059509,1.5582618713378906,0.001520677279147683,0.8010872006416321,0.9996436238288879,0.9998922348022461,0.9999817609786987,0.9999966025352478,0.9999998211860657,0.011083754279690041,1.615483881278627e-08,0.0036346085001828276,0.009041177214465759,0.02704977358807133,0.03425443772678781,0.11101860649820303,70
bayesfl_observability_v1,ola_lr0p02_b128_e1,4,ola,296,23,107,1,1,128,1.66242253780365,1.66242253780365,0.0,0.0,0.6915887850467289,1.66242253780365,0.14187036567329062,0.02128780633211136,0.9997830347151343,0.14187036567329062,,-0.0,2.185987945410232,,,,,,,,,,,,,1.66242253780365,0.0,0.000494428649378081,4.7539619117742404e-05,0.0005843984545208514,1.1329264640808105,1.0003153423821631,1.000079095363617,1.000480544567108,0.9998447382820254,0.9999604523181915,0.9999940395355225,0.018245460111351645,0.017983659366076554,0.032431910361153275,,,,,,,,,107.0,0.008166235670152566,0.0026859037678104458,1.0000003576278687,1.000011920928955,1.0000299215316772,1.0002171993255615,1.0009245872497559,1.3264851570129395,0.0011976893579525004,0.868257999420166,0.9997598469257355,0.9998914003372192,0.9999850392341614,0.9999971389770508,0.9999998211860657,0.011098566917645497,1.1958859650593153e-06,0.0036325610468582554,0.009061638556579292,0.0270299409980443,0.034266847369320404,0.13242121200882281,107
bayesfl_observability_v1,ola_lr0p02_b128_e1,4,ola,72,5,243,2,1,128,1.2769406158247112,1.2769405876167517,3.0718770115643176e-08,3.0718770115643176e-08,0.7078189300411523,1.2769405876167517,0.17779151362224097,0.027267958968877792,0.9996597195561766,0.17779151362224097,,0.5850114854903742,1.7313068426386855,,,,,,,,,,,,,1.2769405876167517,3.0718770115643176e-08,0.00021498583970149746,1.7213934370374773e-05,0.0002933115611085671,0.5232337713241577,1.000245483549215,1.0000596046447754,1.0004477500915527,0.9998784660080673,0.9999701976776123,0.9999948740005493,0.01824889739190202,0.017971538370646176,0.0324359671354224,,,,,,,,,243.0,0.002817070203993026,0.0018665944999973782,1.0000004768371582,1.0000102519989014,1.0000241994857788,1.0001533031463623,1.0008715510368347,1.3071709871292114,0.0008587500643052356,0.8746489882469177,0.9997761845588684,0.9999233484268188,0.9999879002571106,0.9999970197677612,0.9999997615814209,0.011106122476195277,1.378709434495527e-07,0.0036199667004853074,0.00905733496355925,0.02705400605936044,0.03426483204912848,0.10811702149285185,243
bayesfl_observability_v1,ola_lr0p02_b128_e1,4,ola,41,3,4,1,1,128,2.5974926948547363,2.5974926948547363,0.0,0.0,0.0,2.5974926948547363,0.2149390590788564,0.027093134820461273,0.9995012202494081,0.2149390590788564,,0.5623351446188083,1.756608808640784,,,,,,,,,,,,,2.5974926948547363,0.0,0.0011348826156833062,8.177265044650994e-05,0.0016856629401445391,1.8350954055786133,1.0004754582603566,1.0000965595245361,1.000898253917694,0.9997662840944219,0.9999517202377319,0.9999923706054688,0.01824214125975672,0.01795947900917623,0.03240964316912559,,,,,,,,,4.0,0.012462117608019059,0.0035351165872444623,1.0000003576278687,1.0000152587890625,1.0000369548797607,1.0002861022949219,1.0016616702079773,1.4769845008850098,0.0015175444028812852,0.8228336572647095,0.9995511710643769,0.9998569488525391,0.9999815225601196,0.9999958872795105,0.9999998211860657,0.01108558526138732,2.2490368538230857e-07,0.0036200828899296275,0.009039619750171013,0.027042673802358128,0.03427643745512505,0.13000507683583698,4
bayesfl_observability_v1,ola_lr0p02_b128_e1,4,ola,46,3,44,1,1,128,2.530647039413452,2.530647039413452,0.0,0.0,0.045454545454545456,2.530647039413452,0.1666093987819998,0.02165406197309494,0.9997002509414953,0.1666093987819998,,0.7751254239840702,1.531153988824562,,,,,,,,,,,,,2.530647039413452,0.0,0.0006818977089540989,3.622151052695699e-05,0.0008738048200029928,1.172245740890503,1.0003622106534975,1.000077486038208,1.0006933212280273,0.99982140357548,0.999961256980896,0.9999937415122986,0.018238967290985134,0.01797066640528639,0.03241715051668228,,,,,,,,,44.0,0.008788712142001743,0.0027105736421565033,1.0000004768371582,1.0000125169754028,1.000030279159546,1.0002152621746063,1.0013284146785737,1.3112720251083374,0.001227842385582354,0.8732801675796509,0.9996535181999207,0.9998923689126968,0.999984860420227,0.9999962449073792,0.9999997615814209,0.011079342531663672,2.3814347266759098e-07,0.003625015093608828,0.009044001313230366,0.027039054272444657,0.034265240713387116,0.11626678786243931,44
bayesfl_observability_v1,ola_lr0p02_b128_e1,4,ola,7,0,152,2,1,128,2.48074608100088,2.48074608100088,8.789722914427425e-09,8.789722914427425e-09,0.05921052631578947,2.48074608100088,0.199235146616003,0.029843531548976898,0.9995713767768208,0.199235146616003,,1.264349492321815,1.032554209297049,,,,,,,,,,,,,2.48074608100088,8.789722914427425e-09,0.00027190049653740494,4.043664375785738e-05,0.0004563713999232282,0.5614427328109741,1.0002597093336167,1.0000667572021484,1.0005154609680176,0.9998712026535252,0.9999666213989258,0.999993622303009,0.018237807704840476,0.017977315490943342,0.03242301350087052,,,,,,,,,152.0,0.00292217341587749,0.001719405218245691,1.0000003576278687,1.000012755393982,1.0000295639038086,1.000166654586792,1.0009141623973847,1.203786849975586,0.0008090028650949983,0.9114339351654053,0.999742329120636,0.999916672706604,0.9999852180480957,0.9999956488609314,0.9999998211860657,0.011077184509824315,5.6040362764554325e-08,0.003628444494145973,0.009058358989714299,0.02703917289221342,0.0342666940548641,0.10681601873191124,152
bayesfl_observability_v1,ola_lr0p02_b128_e1,5,ola,89,7,52,1,1,128,1.2548357248306274,1.2548357248306274,0.0,0.0,0.6538461538461539,1.2548357248306274,0.07723018773289542,0.007187694311141968,0.9999359034492535,0.07723018773289542,,0.8769609959156035,1.4396900839655709,,,,,,,,,,,,,1.2548357248306274,0.0,0.00014651915674777262,1.3743666386289988e-05,0.00024289131979458105,0.1291574388742447,1.0002251911376518,1.0000616312026978,1.0004494190216064,0.9998881237105325,0.9999691843986511,0.9999942183494568,0.01825791272527511,0.01798163110602996,0.03244146109477628,,,,,,,,,52.0,0.0014231636398610165,0.001408100083462566,1.0000003576278687,1.0000115633010864,1.000024676322937,1.0001386404037476,1.0008052051067353,1.204565167427063,0.0006698338614282731,0.9111394286155701,0.9997753500938416,0.9999306797981262,0.9999876618385315,0.999997079372406,0.9999998211860657,0.011124100486776865,7.077646135400715e-07,0.0036269841941552095,0.009036579829422188,0.02703939625217638,0.03428976188112887,0.11049241951835286,52
bayesfl_observability_v1,ola_lr0p02_b128_e1,5,ola,118,9,17,1,1,128,2.1910345554351807,2.1910345554351807,0.0,0.0,0.29411764705882354,2.1910345554351807,0.17843156707071692,0.01857968419790268,0.9996573608244994,0.17843156707071692,,0.8277381569989198,1.4618562942707825,,,,,,,,,,,,,2.1910345554351807,0.0,0.0007821024128102887,4.251489735906944e-05,0.0010318182175979018,0.863011360168457,1.0003523100227178,1.0000765323638916,1.0006582736968994,0.9998259679934032,0.9999617338180542,0.9999938011169434,0.01825766847294322,0.017985953816922827,0.03243801726338887,,,,,,,,,17.0,0.008881127688196998,0.0024501976993595857,1.0000003576278687,1.0000123977661133,1.0000290870666504,1.0002143383026123,1.0012485444545747,1.2194041013717651,0.0011420237352837155,0.9055786728858948,0.9996710419654846,0.9998928308486938,0.9999854564666748,0.9999966621398926,0.9999998211860657,0.01112140581247883,2.6322042922778317e-07,0.003629673565852312,0.009030996750384771,0.027038193086558873,0.03429780403474878,0.11555741019153701,17
bayesfl_observability_v1,ola_lr0p02_b128_e1,5,ola,122,9,9,1,1,128,1.9904255867004395,1.9904255867004395,0.0,0.0,0.1111111111111111,1.9904255867004395,0.12733535261703932,0.011561088263988495,0.9998255063680284,0.12733535261703932,,0.9649629230074277,1.3560707552711873,,,,,,,,,,,,,1.9904255867004395,0.0,0.0003983072614409396,4.729955253424123e-05,0.0005591388209722937,0.3341467082500458,1.0002755507816556,1.0000733137130737,1.0005380034446716,0.9998632692184947,0.9999633431434631,0.9999924898147583,0.018256156558051784,0.01798497693613451,0.03243472643213165,,,,,,,,,9.0,0.004090745434622018,0.001690073147397067,1.0000005960464478,1.0000150203704834,1.0000313520431519,1.000171422958374,1.0009492099285127,1.1911646127700806,0.0008085051317899954,0.9162502884864807,0.9997311174869538,0.999914288520813,0.9999843239784241,0.9999960660934448,0.9999997019767761,0.011119425412298054,4.3025505433301423e-07,0.003628586176923026,0.009030883070828862,0.027053682370967284,0.034281792455174834,0.10930849570829512,9
bayesfl_observability_v1,ola_lr0p02_b128_e1,5,ola,177,14,173,2,1,128,1.8933593654908196,1.893359334482623,2.5211450037469973e-08,2.5211450037469973e-08,0.20809248554913296,1.893359334482623,0.23922481678079746,0.03540819138288498,0.9993849172296765,0.23922481678079746,,0.7072416889214992,1.6019064244591992,,,,,,,,,,,,,1.893359334482623,2.5211450037469973e-08,0.0003762886745712869,4.5474680518964306e-05,0.0004880364838754759,0.7844644784927368,1.0002711474057955,1.0000767707824707,1.0005092740058898,0.9998656001372832,0.9999616146087646,0.9999934434890747,0.018262517867883656,0.0179691948477455,0.032438498653214465,,,,,,,,,173.0,0.005564847462952116,0.0018046898092128343,1.0000003576278687,1.0000131130218506,1.0000303983688354,1.000156044960022,1.0009297132492065,1.2003825902938843,0.0008550259645988301,0.9127254486083984,0.9997454226016999,0.999921977519989,0.9999848008155823,0.9999958872795105,0.9999998211860657,0.01114163176620289,8.346106538751827e-08,0.003643192801277152,0.009044203921234947,0.027047103103090775,0.03431085152337711,0.12951094047364944,173
bayesfl_observability_v1,ola_lr0p02_b128_e1,5,ola,180,14,9,1,1,128,2.305809736251831,2.305809736251831,0.0,0.0,0.0,2.305809736251831,0.19842222863880257,0.0246477872133255,0.9995762945456688,0.19842222863880257,,-0.0,2.3096097079310103,,,,,,,,,,,,,2.305809736251831,0.0,0.0009671657049021544,6.517459405586123e-05,0.0011560500133782625,1.5187832117080688,1.000389320198862,1.0000877380371094,1.0006346702575684,0.9998093302848239,0.9999561309814453,0.9999927282333374,0.018257622267545175,0.017988260871086667,0.03244022819689033,,,,,,,,,9.0,0.014683110182896251,0.003463941319066067,1.0000003576278687,1.0000145435333252,1.0000317096710205,1.0002377927303314,1.0012710750102998,1.3306928873062134,0.001539195368848627,0.866884171962738,0.9996828436851501,0.9998811036348343,0.9999841451644897,0.9999963045120239,0.9999998211860657,0.01112594459983068,3.715463236829937e-07,0.0036349196230286047,0.009047198078775825,0.027037738629807018,0.034302184244814016,0.11393184552595127,9
bayesfl_observability_v1,ola_lr0p02_b128_e1,5,ola,19,1,426,4,1,128,1.030173335836527,1.0301733061741216,3.1128422272787405e-08,3.1128422272787405e-08,0.6713615023474179,1.0301733061741216,0.1799793703995457,0.023034922778606415,0.9996537650795007,0.1799793703995457,,0.9753254220848997,1.3234545863280318,,,,,,,,,,,,,1.0301733061741216,3.1128422272787405e-08,5.8872421449683523e-05,8.040801731112879e-06,0.00010143084873561755,0.08414395898580551,1.0002076639692874,1.0000574588775635,1.000401508808136,0.9998968103457448,0.9999712705612183,0.9999948143959045,0.01827298487945912,0.017997283055901182,0.03246740208867178,,,,,,,,,426.0,0.0005417296453618711,0.0013301515440758557,1.0000003576278687,1.000010371208191,1.0000241994857788,1.0001347064971924,1.0007277190685273,1.190363883972168,0.0006339636357397203,0.9165583848953247,0.9997993052005768,0.9999326467514038,0.9999879002571106,0.999997079372406,0.9999998211860657,0.011160405388446544,1.3949194999170458e-07,0.0036380160461062876,0.00903620464638976,0.02704522720186943,0.034319903002763656,0.12051682439744685,426
bayesfl_observability_v1,ola_lr0p02_b128_e1,5,ola,169,13,10,1,1,128,2.337221622467041,2.337221622467041,0.0,0.0,0.1,2.337221622467041,0.19660100462897773,0.02065841481089592,0.9995840372917277,0.19660100462897773,,0.6001660731596457,1.7098339961345228,,,,,,,,,,,,,2.337221622467041,0.0,0.0009494929088571059,5.861439603904728e-05,0.001310857385396959,1.0669251680374146,1.000385787811028,1.0000859498977661,1.0007226586341857,0.999809856944601,0.9999570250511169,0.9999929666519165,0.018258743185163427,0.017979324910328907,0.032433358625016895,,,,,,,,,10.0,0.011334790796832719,0.0028211156279083485,1.0000003576278687,1.000014066696167,1.0000301599502563,1.0002340078353882,1.0013525485992432,1.232454538345337,0.0012900938535047874,0.9007713198661804,0.9996388494968415,0.9998829960823059,0.9999849200248718,0.9999963045120239,0.9999998211860657,0.011122466553045095,3.041988188665668e-07,0.0036208478977487724,0.009045037482358615,0.027049371518663684,0.03431859679440422,0.11713426724403016,10
bayesfl_observability_v1,ola_lr0p02_b128_e1,5,ola,25,2,59,1,1,128,2.286247491836548,2.286247491836548,0.0,0.0,0.13559322033898305,2.286247491836548,0.1492959985366224,0.01848151534795761,0.9997600511273655,0.1492959985366224,,0.8243222826562666,1.4886055708722064,,,,,,,,,,,,,2.286247491836548,0.0,0.0005475409263545002,3.583336729207076e-05,0.0006792086700443183,0.8539159297943115,1.0003053969421847,1.000074028968811,1.0005619525909424,0.9998491078401416,0.9999629855155945,0.9999938607215881,0.018252957926066224,0.017982205769681223,0.032429848853093926,,,,,,,,,59.0,0.007630304169284947,0.002260665923699064,1.0000004768371582,1.0000122785568237,1.0000289678573608,1.0001813173294067,1.0010656893253327,1.219461441040039,0.001055797690375272,0.90555739402771,0.9997191429138184,0.9999093413352966,0.9999855160713196,0.9999962449073792,0.9999997615814209,0.011113621479531152,3.48688509735459e-07,0.0036322835201641245,0.009054685124111252,0.027030047972537614,0.03428908517319546,0.11023194886493491,59
bayesfl_observability_v1,ola_lr0p02_b128_e1,5,ola,288,23,1,1,1,128,2.1226601600646973,2.1226601600646973,0.0,0.0,0.0,2.1226601600646973,0.2931191429584319,0.03056081384420395,0.9990762709463059,0.2931191429584319,,-0.0,2.185987945410232,,,,,,,,,,,,,2.1226601600646973,0.0,0.0021106130748612738,6.949324597371742e-05,0.0014339301269501448,2.3349084854125977,1.0006180104319586,1.0001118183135986,1.000672459602356,0.9996990692162193,0.9999440908432007,0.9999948740005493,0.01826689353852509,0.017999721059999342,0.03244803378727513,,,,,,,,,1.0,0.022636099012821084,0.005045192410659691,1.0000003576278687,1.0000102519989014,1.0000323057174683,1.000264048576355,1.002012312412262,1.513901710510254,0.002146272532089317,0.8127391338348389,0.9996639490127563,0.9998679757118225,0.9999838471412659,0.9999971985816956,0.9999998211860657,0.011148856186496343,1.0673516139675203e-07,0.0036255115219861705,0.009031876889885682,0.027053714569940414,0.034341638067470544,0.15303279124325714,1
bayesfl_observability_v1,ola_lr0p02_b128_e1,5,ola,278,22,61,1,1,128,2.061325788497925,2.061325788497925,0.0,0.0,0.0,2.061325788497925,0.15260640348626836,0.021653659641742706,0.9997493853821795,0.15260640348626836,,0.3945326819623348,1.9802377464173406,,,,,,,,,,,,,2.061325788497925,0.0,0.0005720918575562231,3.856835246551782e-05,0.0006834633531980217,1.1722023487091064,1.0003103077499504,1.000072956085205,1.0005311965942383,0.9998471505699099,0.9999635219573975,0.9999939203262329,0.018256251118195187,0.01798516413450499,0.03245313130960162,,,,,,,,,61.0,0.008770918715807619,0.002598433559636057,1.0000004768371582,1.0000121593475342,1.0000290870666504,1.0002015829086304,1.0009895145893097,1.3193612098693848,0.0011806411170682371,0.8705989718437195,0.9997345209121704,0.9998992085456848,0.9999854564666748,0.9999970197677612,0.9999997615814209,0.01112597451607178,3.1281074214043753e-07,0.003621066493893881,0.009047473078750333,0.02704268642727374,0.0342782555021464,0.12413355447631462,61
bayesfl_observability_v1,ola_lr0p02_b128_e1,5,ola,250,20,178,2,1,128,2.166494838307413,2.1664948048216575,2.0506804244714555e-08,2.0506804244714555e-08,0.21348314606741572,2.1664948048216575,0.20909819983857938,0.02952221967279911,0.9995295917480642,0.20909819983857938,,1.1913948887090147,1.0967669956015758,,,,,,,,,,,,,2.1664948048216575,2.0506804244714555e-08,0.00029201267458135656,3.7584137317026034e-05,0.00043117971508763766,0.5471566915512085,1.0002542925300328,1.0000693798065186,1.0005006909370422,0.9998739174626554,0.9999653100967407,0.9999933242797852,0.01825777125618908,0.017982503243981887,0.032442365363974296,,,,,,,,,178.0,0.0035351053346358297,0.0017240433711004008,1.0000003576278687,1.0000133514404297,1.0000293254852295,1.0001554489135742,1.0008752346038818,1.2208967208862305,0.0008122989764255847,0.9050249457359314,0.9997497141361237,0.9999222755432129,0.9999853372573853,0.9999963641166687,0.9999998211860657,0.011123379260088035,2.5072584161582665e-07,0.0036317087005913033,0.009051088958642848,0.027044810044656104,0.034313529459730416,0.11481778840347322,178
bayesfl_observability_v1,ola_lr0p02_b128_e1,5,ola,212,17,239,2,1,128,1.912738889829883,1.9127388344648992,4.294500607846195e-08,4.294500607846195e-08,0.3514644351464435,1.9127388344648992,0.23546265810870967,0.03063124418258667,0.9994038002064957,0.23546265810870967,,0.8353546496930009,1.4841423980608157,,,,,,,,,,,,,1.9127388344648992,4.294500607846195e-08,0.0003623690796334599,3.6944489693269134e-05,0.00045494764344766736,0.6005552411079407,1.0002683640135475,1.0000718832015991,1.0004888772964478,0.9998671567251444,0.9999640583992004,0.9999942779541016,0.01826148856817088,0.017992749947540486,0.03244143577162532,,,,,,,,,239.0,0.005644259590371606,0.001930300176223698,1.0000004768371582,1.0000114440917969,1.0000280141830444,1.0001649856567383,1.0008931398391723,1.1938103437423706,0.0009142992627477595,0.915234386920929,0.9997556209564209,0.9999175071716309,0.9999859929084778,0.9999966621398926,0.9999997615814209,0.011131711104363094,1.5007929390859475e-07,0.0036377240676894,0.009036355834966314,0.027048006413538644,0.03431270227079192,0.11244097535498457,239
bayesfl_observability_v1,ola_lr0p02_b128_e1,5,ola,240,19,26,1,1,128,2.345628499984741,2.345628499984741,0.0,0.0,0.0,2.345628499984741,0.14089658298866475,0.015843354165554047,0.9997862915278515,0.14089658298866475,,0.9684025979068378,1.4023380517684862,,,,,,,,,,,,,2.345628499984741,0.0,0.0004876645359527877,3.7226476706564426e-05,0.0006045577407348909,0.6275296211242676,1.0002934219502884,1.0000673532485962,1.0005286931991577,0.999854928160201,0.9999663233757019,0.9999939203262329,0.018252762084822127,0.017986087756178305,0.03243813009649477,,,,,,,,,26.0,0.005560637295252436,0.002158358936456483,1.0000004768371582,1.0000121593475342,1.0000288486480713,1.0001803636550903,1.0009834229946137,1.2728875875473022,0.00100432111277569,0.8863494396209717,0.9997357726097107,0.9999098181724548,0.9999855756759644,0.9999969601631165,0.9999997615814209,0.011114371951165207,3.082559498104238e-07,0.0036203742576593548,0.009038878921440743,0.027045111831506416,0.034283208862246575,0.11250609535123798,26
bayesfl_observability_v1,ola_lr0p02_b128_e1,5,ola,126,10,285,3,1,128,1.8004330944596676,1.8004330166599207,6.528520009197293e-08,6.528520009197293e-08,0.37543859649122807,1.8004330166599207,0.31588211854914255,0.04669570177793503,0.9989285172469091,0.31588211854914255,,0.8109234426674724,1.4398861295926373,,,,,,,,,,,,,1.8004330166599207,6.528520009197293e-08,0.00029844416911848715,3.774026845348999e-05,0.0003655886393971741,0.641020655632019,1.0002555785109326,1.0000715255737305,1.0004847049713135,0.9998733618210935,0.9999642372131348,0.999993622303009,0.018268919702048386,0.0179866661065743,0.0324495840988155,,,,,,,,,285.0,0.004267613163531795,0.0017972358165583024,1.0000004768371582,1.000012755393982,1.0000299215316772,1.0001581907272339,1.000870704650879,1.214625597000122,0.0008446330938291752,0.9073582291603088,0.9997577667236328,0.9999209046363831,0.9999850392341614,0.9999966025352478,0.9999997615814209,0.011151413299846782,1.603492068567378e-07,0.003636583394320062,0.009064167433798955,0.027038845812443278,0.03434300517973308,0.12612763644387745,285
bayesfl_observability_v1,ola_lr0p02_b128_e1,5,ola,61,4,198,2,1,128,1.6754810966626563,1.675481054517958,4.610136559819298e-08,4.610136559819298e-08,0.3383838383838384,1.675481054517958,0.26048265512944974,0.04066075384616852,0.9992710587537033,0.26048265512944974,,0.38144262903567916,1.9227600406973597,,,,,,,,,,,,,1.675481054517958,4.610136559819298e-08,0.00045923234426474427,4.126789281144738e-05,0.0005524232401512563,1.038014531135559,1.0002877351318653,1.0000789165496826,1.0005284667015075,0.9998576648556039,0.9999605417251587,0.9999932646751404,0.018265115389740356,0.017983594248369598,0.03243888266159196,,,,,,,,,198.0,0.007488193227724139,0.0020764693652840444,1.0000003576278687,1.0000134706497192,1.0000309944152832,1.0001674890518188,1.0009695291519165,1.2144770622253418,0.0009739916185113009,0.9074137210845947,0.9997358858585358,0.9999162554740906,0.9999845027923584,0.9999963045120239,0.9999998211860657,0.011149328281350642,1.6005696394864946e-08,0.0036366064398010226,0.009042294778345422,0.027048435130941823,0.03431379974899553,0.13809101571752708,198
bayesfl_observability_v1,ola_lr0p02_b128_e1,6,ola,30,2,2,1,1,128,2.2909300327301025,2.2909300327301025,0.0,0.0,0.0,2.2909300327301025,0.1750641800371082,0.017158448696136475,0.9996706523930017,0.1750641800371082,,0.6931471805599453,1.6262933525338354,,,,,,,,,,,,,2.2909300327301025,0.0,0.0007528610716381511,7.257977267727256e-05,0.0009054306428879499,0.7360308170318604,1.0003393135172007,1.0000853538513184,1.0007022619247437,0.9998315162136031,0.9999573230743408,0.999992847442627,0.018264513727079074,0.017993905130513264,0.03244778057025978,,,,,,,,,2.0,0.00548624533577418,0.0017797403983917596,1.000000238418579,1.000014305114746,1.0000351667404175,1.0001957416534424,1.0013322293758393,1.1746916770935059,0.0008535281984112936,0.9226522445678711,0.9996490478515625,0.9999021291732788,0.9999824166297913,0.9999960660934448,0.9999998807907104,0.01113840627940517,2.2425134471973447e-07,0.0036189143722924633,0.009042643624058417,0.027061542315421613,0.03432094454756384,0.10957134769794183,2
bayesfl_observability_v1,ola_lr0p02_b128_e1,6,ola,39,3,138,2,1,128,1.9945508518080781,1.9945508431697236,5.595422096674789e-09,5.595422096674789e-09,0.2463768115942029,1.9945508431697236,0.21215853107090635,0.027742840349674225,0.999516679467754,0.21215853107090635,,0.778571268152444,1.5315510853062817,,,,,,,,,,,,,1.9945508431697236,5.595422096674789e-09,0.0003169207519433604,4.580954373523127e-05,0.00047865116212051544,0.4983084797859192,1.0002666567437153,1.0000770092010498,1.0005135536193848,0.9998676740157999,0.9999614953994751,0.9999929666519165,0.018266633047205796,0.01798224701720147,0.03245039794573261,,,,,,,,,138.0,0.004050050773049999,0.001655993519036561,1.0000004768371582,1.000014066696167,1.000031590461731,1.0001622438430786,1.0009044528007507,1.1784967184066772,0.0007923719057537641,0.9211615920066833,0.9997432827949524,0.9999188780784607,0.9999842047691345,0.9999955296516418,0.9999997615814209,0.01115195984800418,9.861889181397997e-08,0.003632443140342233,0.009043805742106129,0.027047926043254497,0.03432485401207708,0.12651466507009398,138
bayesfl_observability_v1,ola_lr0p02_b128_e1,6,ola,160,12,379,3,1,128,1.7844125063878564,1.7844123887512489,1.1470577865207398e-07,1.1470577865207398e-07,0.46174142480211083,1.7844123887512489,0.29334815120549074,0.03415359556674957,0.9990764309433342,0.29334815120549074,,1.1782151454192733,1.120809894534982,,,,,,,,,,,,,1.7844123887512489,1.1470577865207398e-07,0.0002782122581324086,2.7951169613515958e-05,0.0004470700107049198,0.36136263608932495,1.00026020378217,1.0000724792480469,1.0005277514457702,0.9998707387083533,0.9999637603759766,0.9999933242797852,0.018272227057921867,0.018005969371885845,0.03245163054608018,,,,,,,,,379.0,0.0027601318712172237,0.0015099891889282604,1.0000004768371582,1.0000133514404297,1.000029444694519,1.0001614093780518,1.0008988499641418,1.1743439435958862,0.0007258551054395647,0.9227888584136963,0.9997362434864044,0.9999192953109741,0.9999852776527405,0.9999961853027344,0.9999997615814209,0.0111563743645424,5.96724060228941e-07,0.003629937936680114,0.009046339887851182,0.027051537203491984,0.034341261586166266,0.12283951779072344,379
bayesfl_observability_v1,ola_lr0p02_b128_e1,6,ola,15,1,51,1,1,128,1.7219033241271973,1.7219033241271973,0.0,0.0,0.2549019607843137,1.7219033241271973,0.15970557170007108,0.0211331844329834,0.9997261321913642,0.15970557170007108,,0.4639406270393286,1.8477013096607757,,,,,,,,,,,,,1.7219033241271973,0.0,0.0006265567062226447,6.199486961122602e-05,0.0007589722517877817,1.1165287494659424,1.0003182623303686,1.0000890493392944,1.0005726933479309,0.9998426692857365,0.9999554753303528,0.9999930262565613,0.018266703622493337,0.01797489778357223,0.03244893587469195,,,,,,,,,51.0,0.008997091237854178,0.002254208545821761,1.000000238418579,1.0000139474868774,1.0000330209732056,1.000180959701538,1.0010755062103271,1.2253097295761108,0.0010534183330733894,0.9033937454223633,0.9997137725353241,0.999909520149231,0.9999834895133972,0.9999958872795105,0.9999998807907104,0.011151782984231905,1.4846608279100347e-07,0.0036319058313509845,0.0090403573720001,0.027059322501840406,0.03431465301586262,0.1248783767180762,51
bayesfl_observability_v1,ola_lr0p02_b128_e1,6,ola,17,1,132,2,1,128,1.8477311152400393,1.847731113433838,1.2793689071107413e-09,1.2793689071107413e-09,0.29545454545454547,1.847731113433838,0.24950944011779244,0.03608820587396622,0.9993325117785533,0.24950944011779244,,1.2053659931842142,1.1004903769146668,,,,,,,,,,,,,1.847731113433838,1.2793689071107413e-09,0.0004773949446208736,5.5589076509932056e-05,0.0006029064592439682,0.9390938878059387,1.0002934028161254,1.0000826120376587,1.000562071800232,0.9998547191532958,0.9999586939811707,0.999992847442627,0.01827348774789977,0.01798022520767923,0.032455294706422826,,,,,,,,,132.0,0.006991056660226319,0.00198938646083192,1.0000003576278687,1.000014305114746,1.0000330209732056,1.0001662969589233,1.00099236369133,1.1957372426986694,0.0009392655366341819,0.914496660232544,0.9997190833091736,0.9999168515205383,0.9999834895133972,0.9999958872795105,0.9999998211860657,0.011171070452949875,2.5505126280730506e-07,0.0036366698567868723,0.009040924539586806,0.027052465649739968,0.03434467329208942,0.13971550850069336,132
bayesfl_observability_v1,ola_lr0p02_b128_e1,6,ola,19,1,426,4,1,128,0.9815818449141274,0.9815818152517221,3.905553896355156e-08,3.905553896355156e-08,0.7535211267605634,0.9815818152517221,0.18483935629754683,0.02049800008535385,0.9996357614503142,0.18483935629754683,,0.9753254220848997,1.3234545863280318,,,,,,,,,,,,,0.9815818152517221,3.905553896355156e-08,7.059582645495697e-05,1.0756917617982253e-05,0.00012224641541251914,0.077798031270504,1.000225603157614,1.0000638365745544,1.0004420280456543,0.9998879066598992,0.9999680817127228,0.9999942779541016,0.018281837856007406,0.017995518595662598,0.032466007498611095,,,,,,,,,426.0,0.0006662348865687228,0.0013910089478940905,1.000000238418579,1.0000114440917969,1.000027060508728,1.000138282775879,1.0007728457450866,1.1812885999679565,0.0006665611168445868,0.9200723767280579,0.9997790455818176,0.9999308586120605,0.999986469745636,0.9999963641166687,0.9999998807907104,0.01118298030198218,4.0331990936069953e-07,0.003623515670109338,0.009040118275811877,0.027051442515170762,0.03435478706503559,0.12703769591332054,426
bayesfl_observability_v1,ola_lr0p02_b128_e1,6,ola,136,10,138,2,1,128,2.300374077714008,2.3003740690756533,1.1330541014288336e-08,1.1330541014288336e-08,0.09420289855072464,2.3003740690756533,0.2745700674844601,0.03427489101886749,0.9991907236811811,0.2745700674844601,,0.2813922348789828,2.0277707902000017,,,,,,,,,,,,,2.3003740690756533,1.1330541014288336e-08,0.000539530745642344,5.637272079184186e-05,0.0007306097715627411,0.7605671882629395,1.000303757193047,1.0000789165496826,1.0005711317062378,0.9998496470434253,0.9999605417251587,0.999992847442627,0.018270849313716534,0.017994155682967902,0.03245214396710079,,,,,,,,,138.0,0.007816345509732195,0.0020589439196843913,1.0000005960464478,1.000014305114746,1.0000308752059937,1.0001923739910126,1.0010318219661714,1.1813489198684692,0.0009744201308408582,0.9200488924980164,0.9997145533561707,0.9999038130044937,0.9999845623970032,0.9999955892562866,0.9999997019767761,0.011156636849824243,2.4219897389517387e-07,0.0036537696627028746,0.009065697155102154,0.027047603482649233,0.034362651318569026,0.12112278734135863,138
bayesfl_observability_v1,ola_lr0p02_b128_e1,6,ola,164,13,62,1,1,128,1.6114819049835205,1.6114819049835205,0.0,0.0,0.5806451612903226,1.6114819049835205,0.10322678340511,0.012683570384979248,0.9998856474629895,0.10322678340511,,1.019453344863651,1.2659801342180577,,,,,,,,,,,,,1.6114819049835205,0.0,0.00026176107126161857,2.3887948373157997e-05,0.0003508088440867142,0.40218260884284973,1.0002574626959249,1.0000735521316528,1.0005052208900451,0.9998721826617676,0.9999632239341736,0.9999937415122986,0.018265455425211803,0.017977297025675774,0.032451712509673374,,,,,,,,,62.0,0.003215054434886874,0.0015790442323268916,1.0000004768371582,1.0000125169754028,1.0000306367874146,1.0001500844955444,1.0008851408958435,1.1785709857940674,0.0007571208451801166,0.9211325645446777,0.9997474491596222,0.9999249577522278,0.9999846816062927,0.9999961256980896,0.9999997615814209,0.011145609450022794,1.8462343176460889e-07,0.003630632503784451,0.009038285560243081,0.027047143713913226,0.034304720207218115,0.11342399011773666,62
bayesfl_observability_v1,ola_lr0p02_b128_e1,6,ola,219,17,79,1,1,128,2.0816869735717773,2.0816869735717773,0.0,0.0,0.05063291139240506,2.0816869735717773,0.14623816307822254,0.01647292822599411,0.9997701712514834,0.14623816307822254,,0.8512212851081872,1.4493005765096665,,,,,,,,,,,,,2.0816869735717773,0.0,0.000525341495317477,4.135784911341034e-05,0.0007655225927010179,0.6783936023712158,1.0003013935915623,1.0000773668289185,1.0006076097488403,0.9998505843573591,0.9999613165855408,0.9999930262565613,0.01826390418719373,0.017985178208866342,0.03245224485311367,,,,,,,,,79.0,0.005704450018119534,0.0018779228268307453,1.000000238418579,1.0000139474868774,1.0000314712524414,1.0001852214336395,1.0010467767715454,1.1939705610275269,0.0008932588497400377,0.9151729941368103,0.9996963143348694,0.9999073892831802,0.9999842643737793,0.9999961256980896,0.9999998807907104,0.011137797594518333,2.9278974160438637e-08,0.0036304652047946017,0.009042847307984473,0.02704963094900309,0.034319253945321135,0.10969258002268265,79
bayesfl_observability_v1,ola_lr0p02_b128_e1,6,ola,77,6,103,1,1,128,2.0056772232055664,2.0056772232055664,0.0,0.0,0.1941747572815534,2.0056772232055664,0.1713264597453161,0.023153387010097504,0.999684651025178,0.1713264597453161,,0.560246206790157,1.7468416333340404,,,,,,,,,,,,,2.0056772232055664,0.0,0.0007210562264243975,4.369021007732954e-05,0.0009506400383543226,1.3401987552642822,1.000334013112814,1.0000804662704468,1.0006551861763,0.9998349341724668,0.9999597668647766,0.9999926686286926,0.018266533272759934,0.017992282026463115,0.03244884737685878,,,,,,,,,103.0,0.010219228993183874,0.002350130482551128,1.000000238418579,1.0000146627426147,1.0000324249267578,1.0002028942108154,1.001165997982025,1.2456097602844238,0.0010898812164126938,0.8960020542144775,0.9996725857257843,0.9998985528945923,0.9999837875366211,0.9999960660934448,0.9999998807907104,0.011143825595229813,2.0487019174900118e-07,0.0036314127577968466,0.009052230862623929,0.027052856935698293,0.03432868310863812,0.11962157364899335,103
bayesfl_observability_v1,ola_lr0p02_b128_e1,6,ola,266,21,765,6,1,128,1.1550496384988422,1.155049341644337,2.830068836499099e-07,2.830068836499099e-07,0.6039215686274509,1.155049341644337,0.3724174332818272,0.048233870416879654,0.9985168710664453,0.3724174332818272,,0.7641131958245704,1.5607339077663793,,,,,,,,,,,,,1.155049341644337,2.830068836499099e-07,0.00013754485469785974,1.9208753656130284e-05,0.00018712359596975215,0.2346862405538559,1.000236761521951,1.0000668168067932,1.0004631400108337,0.9998824259574655,0.9999665915966034,0.9999938011169434,0.018287098053512293,0.017964973675607288,0.032467886331271754,,,,,,,,,765.0,0.0017288003527871295,0.0014866836423118037,1.000000238418579,1.0000123977661133,1.000028371810913,1.0001459121704102,1.0008103847503662,1.1822361946105957,0.0007109649765538597,0.9197035431861877,0.9997685492038727,0.9999270439147949,0.9999858140945435,0.9999963045120239,0.9999998807907104,0.011201010162716305,4.135475737603342e-07,0.003621316359616482,0.00906063722766342,0.0270252672056396,0.03438702358860333,0.13512444248638983,765
bayesfl_observability_v1,ola_lr0p02_b128_e1,6,ola,274,21,41,1,1,128,2.985438346862793,2.985438346862793,0.0,0.0,0.07317073170731707,2.985438346862793,0.21537699349525266,0.03373927250504494,0.9995011986811568,0.21537699349525266,,0.5699626470748532,1.739856822479874,,,,,,,,,,,,,2.985438346862793,0.0,0.0011395119419995846,8.353371595148928e-05,0.0014327009208500478,2.84584641456604,1.0004037543014095,1.0000948905944824,1.0007554411888122,0.9998015367546683,0.9999525547027588,0.999993085861206,0.01825992892462821,0.01798595587184465,0.032459392223162936,,,,,,,,,41.0,0.016526528276430304,0.0032216173895041242,1.0000007152557373,1.000013828277588,1.0000358819961548,1.0002222061157227,1.001398229598999,1.4929444789886475,0.0014162284671964203,0.8184236288070679,0.999622517824173,0.9998888969421387,0.9999820590019226,0.9999960064888,0.9999996423721313,0.011128278934290513,2.636267826845442e-07,0.0036326332581538053,0.009022451561225362,0.027048487009305143,0.03430009822456088,0.11060526490649324,41
bayesfl_observability_v1,ola_lr0p02_b128_e1,6,ola,51,4,24,1,1,128,2.2985873222351074,2.2985873222351074,0.0,0.0,0.041666666666666664,2.2985873222351074,0.13243381821174466,0.011740438640117645,0.9998114469097731,0.13243381821174466,,1.1023452738842328,1.226539569881583,,,,,,,,,,,,,2.2985873222351074,0.0,0.0004308420137390369,4.225537122692913e-05,0.000614820746704936,0.3445948362350464,1.0002856432144074,1.0000773668289185,1.0005476474761963,0.9998582851761414,0.9999613165855408,0.9999935030937195,0.01826092384200305,0.017997884739985065,0.032452058857297,,,,,,,,,24.0,0.004164977782343815,0.0017374995795875542,1.0000004768371582,1.000012993812561,1.0000317096710205,1.0001739263534546,1.000976324081421,1.1886006593704224,0.0008326928589098392,0.9172379374504089,0.9997262954711914,0.9999130368232727,0.9999841451644897,0.9999960064888,0.9999997615814209,0.011131880289979792,9.494983547306316e-08,0.0036359062410488956,0.009045176961670438,0.027040975623733005,0.03431728624932944,0.10898665351087507,24
bayesfl_observability_v1,ola_lr0p02_b128_e1,6,ola,209,16,35,1,1,128,2.1954429149627686,2.1954429149627686,0.0,0.0,0.0,2.1954429149627686,0.17180379365610018,0.02505255676805973,0.999682784731663,0.17180379365610018,,0.38937723629048177,1.9497352935038788,,,,,,,,,,,,,2.1954429149627686,0.0,0.0007250797165864414,4.62015832454199e-05,0.0008270701160654426,1.5690765380859375,1.000334683320395,1.0000832080841064,1.0005791306495666,0.9998354817638583,0.9999583959579468,0.999993085861206,0.01826452569914878,0.01799294313578622,0.03245287695254563,,,,,,,,,35.0,0.01318880297785068,0.002876673533587036,1.000000238418579,1.000013828277588,1.0000319480895996,1.0001819133758545,1.0010367631912231,1.2919126749038696,0.0013067582267181721,0.8797988891601562,0.9997105538845062,0.9999090433120728,0.9999840259552002,0.9999960660934448,0.9999998807907104,0.011140111746809402,8.746810780586332e-09,0.003626622456223525,0.009020520836499473,0.02705315187178993,0.03432192079680415,0.10943181751078757,35
bayesfl_observability_v1,ola_lr0p02_b128_e1,6,ola,237,19,36,1,1,128,2.4194998741149902,2.4194998741149902,0.0,0.0,0.16666666666666666,2.4194998741149902,0.11682864044187954,0.01528264582157135,0.9998532516808728,0.11682864044187954,,1.3898628753106193,0.9179151593699346,,,,,,,,,,,,,2.4194998741149902,0.0,0.00033528869419111046,3.645026299636811e-05,0.0005003063473850492,0.58389812707901,1.0002697167842132,1.0000782012939453,1.000533354282379,0.9998660297440419,0.9999608993530273,0.9999934434890747,0.018260256697086787,0.017985089691639963,0.03245075269578034,,,,,,,,,36.0,0.0034536100793020347,0.0015527101367087811,1.0000003576278687,1.0000131130218506,1.0000311136245728,1.000171184539795,1.0009351432323457,1.1741929054260254,0.0007456803032911943,0.9228482246398926,0.9997334420681,0.9999144077301025,0.9999844431877136,0.9999960064888,0.9999998211860657,0.011127274926393652,1.190059716862598e-06,0.0036309609482927654,0.009035121063174986,0.0270464847971013,0.0342973123042225,0.11155983214267805,36
bayesfl_observability_v1,ola_lr0p02_b128_e1,7,ola,112,9,53,1,1,128,1.9451478719711304,1.9451478719711304,0.0,0.0,0.2641509433962264,1.9451478719711304,0.1300583882081798,0.017001669853925705,0.9998186303043096,0.1300583882081798,,0.7684671875616165,1.5586349016673413,,,,,,,,,,,,,1.9451478719711304,0.0,0.0004155248550496217,3.5825243685394526e-05,0.0005311908316798508,0.7226420044898987,1.0002830828924105,1.0000768899917603,1.0005452632904053,0.9998596205667556,0.9999615550041199,0.999993622303009,0.018274880482570005,0.017982975996070117,0.032455785911259465,,,,,,,,,53.0,0.0057594317120191535,0.001784260175669184,1.0000003576278687,1.000012755393982,1.0000312328338623,1.0001651048660278,1.0009558200836182,1.1720175743103027,0.0008529325968482295,0.9237042665481567,0.9997274875640869,0.9999174475669861,0.9999843835830688,0.9999960064888,0.9999998211860657,0.011164369569981571,2.9672579453031714e-07,0.003632940745904071,0.009037385314576572,0.027049281600600744,0.0343428956194292,0.10820899293652844,53
bayesfl_observability_v1,ola_lr0p02_b128_e1,7,ola,188,15,69,1,1,128,1.6441452503204346,1.6441452503204346,0.0,0.0,0.6521739130434783,1.6441452503204346,0.12492621766683559,0.01903907209634781,0.9998328306060384,0.12492621766683559,,0.7873390100049964,1.5118297685691615,,,,,,,,,,,,,1.6441452503204346,0.0,0.00038337822380564755,3.898306022165343e-05,0.00048205212224274903,0.9062157273292542,1.0002784902669715,1.0000816583633423,1.0005375146865845,0.9998618805620494,0.9999591708183289,0.9999932050704956,0.018276803210448937,0.017973304171606877,0.03245016926228508,,,,,,,,,69.0,0.005817541235146265,0.0017605015014351597,1.0000003576278687,1.0000135898590088,1.0000301599502563,1.0001659393310547,1.0009555280208589,1.180025339126587,0.0008380010023657124,0.9205647110939026,0.9997313618659973,0.9999170303344727,0.9999849200248718,0.9999958872795105,0.9999998211860657,0.011173551406650481,4.798800212902567e-07,0.0036281308069948445,0.00904714140436449,0.027055719854585103,0.034349908727875994,0.12109434107750555,69
bayesfl_observability_v1,ola_lr0p02_b128_e1,7,ola,192,15,5,1,1,128,1.1519842147827148,1.1519842147827148,0.0,0.0,0.8,1.1519842147827148,0.1900339687882547,0.02932588756084442,0.9996134771480631,0.1900339687882547,,-0.0,2.3277319754160017,,,,,,,,,,,,,1.1519842147827148,0.0,0.0008871207293873165,8.135898679029197e-05,0.000930494221393019,2.150019407272339,1.0003504561900014,1.0000879764556885,1.0006438493728638,0.9998278512881619,0.9999560117721558,0.9999932050704956,0.018282957598958885,0.01798886242740861,0.03247242374726012,,,,,,,,,5.0,0.01485349295919576,0.003075272445093041,1.0000003576278687,1.0000135898590088,1.0000377893447876,1.0001965761184692,1.0011734426021577,1.4617244005203247,0.001342764991761902,0.8271176218986511,0.9996782541275024,0.9999017119407654,0.9999811053276062,0.9999957084655762,0.9999998211860657,0.011188275130537504,1.5008791959579753e-07,0.0036216207256184944,0.00904475994401819,0.027049356616192736,0.03434392062413536,0.12135390819238352,5
bayesfl_observability_v1,ola_lr0p02_b128_e1,7,ola,26,2,29,1,1,128,2.121397018432617,2.121397018432617,0.0,0.0,0.3793103448275862,2.121397018432617,0.12379150071339291,0.01586700603365898,0.9998356294585008,0.12379150071339291,,1.0130227035447372,1.337996707207389,,,,,,,,,,,,,2.121397018432617,0.0,0.00037644531806177076,3.798582292802166e-05,0.0004483779805013912,0.6294046640396118,1.0002774984285805,1.000079870223999,1.0005676865577697,0.9998621927487706,0.9999600648880005,0.999993622303009,0.018272405895324632,0.017989876882408315,0.03247682482916458,,,,,,,,,29.0,0.004891256747701652,0.0015966869211967636,1.0000003576278687,1.000012755393982,1.0000317096710205,1.0001626014709473,1.0009691715240479,1.1559756994247437,0.0007684603330179653,0.9300914406776428,0.9997162759304047,0.9999186992645264,0.9999841451644897,0.9999960660934448,0.9999998211860657,0.01116173645715201,1.6975556136684957e-07,0.003631019774672751,0.00905250464055807,0.02704572402861801,0.03433051628712213,0.10846788490945146,29
bayesfl_observability_v1,ola_lr0p02_b128_e1,7,ola,27,2,611,5,1,128,0.8545613242298024,0.8545609388726042,3.867414560819031e-07,3.867414560819031e-07,0.7872340425531915,0.8545609388726042,0.4208992579002501,0.05749654024839401,0.9981083382328311,0.4208992579002501,,0.08162587036147914,2.2275297802473157,,,,,,,,,,,,,0.8545609388726042,3.867414560819031e-07,0.00027925141931517904,2.103414499288192e-05,0.00036700752389151603,0.4246530532836914,1.0002636138355263,1.000073790550232,1.000525712966919,0.999869108427317,0.999963104724884,0.9999933838844299,0.01829877066466222,0.01799563940748617,0.032497928338949045,,,,,,,,,611.0,0.004409721436479546,0.0015747427235550298,1.0000003576278687,1.0000132322311401,1.0000288486480713,1.0001609325408936,1.0008976578712463,1.1569775342941284,0.0007587408678273836,0.9296886324882507,0.9997372627258301,0.9999195337295532,0.9999855756759644,0.9999959200620652,0.9999998211860657,0.011226377066582008,8.072273786603171e-08,0.0036623843948145334,0.009059038121805994,0.027046224922807196,0.03444916933815192,0.14319353048403094,611
bayesfl_observability_v1,ola_lr0p02_b128_e1,7,ola,29,2,338,3,1,128,1.3813813050117718,1.381381276091175,5.786887312800222e-08,5.786887312800222e-08,0.650887573964497,1.381381276091175,0.22519737252901292,0.03686065971851349,0.9994582128800764,0.22519737252901292,,1.2090758876194794,1.1323626999805705,,,,,,,,,,,,,1.381381276091175,5.786887312800222e-08,0.0001673951674352827,1.9396868083276786e-05,0.00026421150832902724,0.4191717505455017,1.000247636488663,1.0000675916671753,1.0005017518997192,0.9998769718156156,0.9999662041664124,0.9999935626983643,0.018287447826228334,0.017990888435716258,0.03248083609896879,,,,,,,,,338.0,0.002455288979404942,0.001462856799791059,1.0000003576278687,1.0000128746032715,1.0000284910202026,1.0001529455184937,1.0008434712886811,1.1555739641189575,0.000704706343514147,0.9302530884742737,0.9997491836547852,0.9999235272407532,0.9999857544898987,0.9999960660934448,0.9999998211860657,0.011198864114872613,6.834810964084869e-07,0.0036233634773436625,0.009041433153181556,0.027044405927870913,0.03440111524262145,0.13383572868563248,338
bayesfl_observability_v1,ola_lr0p02_b128_e1,7,ola,139,11,364,3,1,128,1.47880599459449,1.478805864250267,1.1695246277648059e-07,1.1695246277648059e-07,0.6071428571428571,1.478805864250267,0.2912567163249561,0.03648670017719269,0.9990926719950246,0.2912567163249561,,0.8409163134019236,1.4643652933933091,,,,,,,,,,,,,1.478805864250267,1.1695246277648059e-07,0.0002761253560359921,2.6574076400720514e-05,0.0003715820377692595,0.394222617149353,1.000263168177624,1.0000733137130737,1.0005269050598145,0.9998693103357817,0.9999633431434631,0.9999932050704956,0.01828787004562863,0.01797698606641565,0.0324764507376284,,,,,,,,,364.0,0.004076556651271121,0.0015555578828154468,1.0000003576278687,1.0000135898590088,1.0000293254852295,1.0001561343669891,1.0008960962295532,1.157246470451355,0.0007500603437525683,0.9295806288719177,0.9997366666793823,0.9999219328165054,0.9999853372573853,0.9999959468841553,0.9999998211860657,0.011196638734383861,4.047740573154761e-07,0.0036564490482582884,0.009070687755770884,0.02704985755720836,0.03440939645760901,0.12382524089329651,364
bayesfl_observability_v1,ola_lr0p02_b128_e1,7,ola,1,0,101,1,1,128,1.9801430702209473,1.9801430702209473,0.0,0.0,0.33663366336633666,1.9801430702209473,0.12000917284907604,0.014464624226093292,0.9998455545209768,0.12000917284907604,,0.627941588739906,1.7479275202290525,,,,,,,,,,,,,1.9801430702209473,0.0,0.000353792914191091,3.084177296841517e-05,0.00048664596397429705,0.5230633616447449,1.0002742640206301,1.000077724456787,1.0005377650260925,0.9998638684469414,0.9999611377716064,0.999993622303009,0.018273345194978412,0.01798328733313649,0.03246778749696341,,,,,,,,,101.0,0.004173908449239753,0.0016501394615944607,1.0000004768371582,1.000012755393982,1.0000303983688354,1.0001682043075562,1.000928521156311,1.159921646118164,0.000792096196779502,0.9285080432891846,0.9997312366962433,0.9999158978462219,0.9999848008155823,0.9999960064888,0.9999997615814209,0.011164979518213587,1.3500759381379463e-07,0.003640686502531983,0.009045539723407535,0.027052910812839993,0.03433709601475897,0.11425240812773978,101
bayesfl_observability_v1,ola_lr0p02_b128_e1,7,ola,52,4,24,1,1,128,1.899070143699646,1.899070143699646,0.0,0.0,0.5,1.899070143699646,0.10219881991771469,0.010738596320152283,0.999888038546071,0.10219881991771469,,1.0880102622771117,1.1812023456676566,,,,,,,,,,,,,1.899070143699646,0.0,0.00025657363115901905,3.058568108826876e-05,0.00039502689032815423,0.28829360008239746,1.0002603749892935,1.0000765323638916,1.0005236864089966,0.9998706354793402,0.9999617338180542,0.9999929070472717,0.018274107319062493,0.017990980543070606,0.03246404118194861,,,,,,,,,24.0,0.0021927700537594766,0.0014905027729885788,1.0000004768371582,1.0000141859054565,1.0000319480895996,1.0001542270183563,1.0008866250514985,1.1602416038513184,0.0007190186961084561,0.928380012512207,0.9997382760047913,0.9999228864908218,0.9999840259552002,0.9999955892562866,0.9999997615814209,0.011165635455308126,2.3366428989142963e-08,0.003640626430095378,0.009046562643620167,0.027054051333774608,0.0343392546769277,0.1155644009543623,24
bayesfl_observability_v1,ola_lr0p02_b128_e1,7,ola,56,4,2,1,1,128,1.4229763746261597,1.4229763746261597,0.0,0.0,0.5,1.4229763746261597,0.22075643220131308,0.03408746048808098,0.9994780958289635,0.22075643220131308,,-0.0,2.4040642619438994,,,,,,,,,,,,,1.4229763746261597,0.0,0.0011971456457230776,7.354778063017875e-05,0.0011568040354177356,2.9048874378204346,1.0003947437401077,1.0000869035720825,1.0007511377334595,0.999806608595126,0.9999565482139587,0.9999933242797852,0.018281492850279458,0.017981873332166762,0.03247230277160144,,,,,,,,,2.0,0.020360101312401197,0.003518682927098567,1.0000003576278687,1.0000133514404297,1.0000377893447876,1.0002323389053345,1.0012918293476105,1.4501796960830688,0.0015190084415264429,0.8304033279418945,0.9996246099472046,0.9998838305473328,0.9999811053276062,0.9999961256980896,0.9999998211860657,0.011192550388414631,1.680387151954008e-07,0.0036292962877049174,0.009048055915870249,0.02705751110048684,0.0343626268678271,0.15204537356669845,2
bayesfl_observability_v1,ola_lr0p02_b128_e1,7,ola,257,20,1,1,1,128,1.159350872039795,1.159350872039795,0.0,0.0,1.0,1.159350872039795,0.270695878265609,0.04411286115646362,0.9992156733280494,0.270695878265609,,-0.0,2.4040642619438994,,,,,,,,,,,,,1.159350872039795,0.0,0.0018000456908366111,4.3913758418057114e-05,0.0012392067583277822,4.864860534667969,1.0004808723616134,1.0000966787338257,1.0007977485656738,0.999765814507981,0.9999516606330872,0.9999929070472717,0.01828696233834582,0.017985041086248987,0.03246575432319969,,,,,,,,,1.0,0.028590887031823557,0.004624991682392981,1.0000003576278687,1.0000141859054565,1.0000392198562622,1.0002211332321167,1.001737129688263,1.7281004190444946,0.0018426103990742196,0.7607036828994751,0.9996013641357422,0.9998894333839417,0.9999803900718689,0.9999958276748657,0.9999998211860657,0.011205216665005539,5.912722576815373e-08,0.003627446345748161,0.009042758462741312,0.02704066388902284,0.03440232625987956,0.15542525947803593,1
bayesfl_observability_v1,ola_lr0p02_b128_e1,7,ola,43,3,1,1,1,128,2.9960060119628906,2.9960060119628906,0.0,0.0,0.0,2.9960060119628906,0.3922960109577155,0.05043590068817139,0.9983509613343244,0.3922960109577155,,-0.0,2.3163460082440825,,,,,,,,,,,,,2.9960060119628906,0.0,0.0037804895206416268,0.0001259133714484051,0.004816375207155943,6.3594512939453125,1.000763793509145,1.0001156330108643,1.0013192534446715,0.9996298855293051,0.9999421834945679,0.999993622303009,0.018287615658958003,0.017991525513727,0.032475026606583066,,,,,,,,,1.0,0.04294626758448007,0.006427190461124474,1.0000003576278687,1.000012755393982,1.0000375509262085,1.0002845525741577,1.0038377165794372,1.9117753505706787,0.00249800435683931,0.7232385873794556,0.9993410289287568,0.9998577237129211,0.9999812245368958,0.9999963045120239,0.9999998211860657,0.011195945403478904,3.298884599245745e-07,0.003617958059967652,0.009046821855095252,0.027059489438213694,0.03443475036679465,0.1400769783571893,1
bayesfl_observability_v1,ola_lr0p02_b128_e1,7,ola,45,3,2,1,1,128,2.403489589691162,2.403489589691162,0.0,0.0,0.0,2.403489589691162,0.3006691038756279,0.0279182568192482,0.999030846029994,0.3006691038756279,,0.6931471805599453,1.619408415869196,,,,,,,,,,,,,2.403489589691162,0.0,0.0022207407473458438,7.786224159644917e-05,0.004029119852930307,1.948573112487793,1.0005409721823564,1.0000876188278198,1.0011168837547302,0.9997330226580287,0.9999561905860901,0.9999929666519165,0.01828282130135446,0.01799642242672122,0.03246812621214929,,,,,,,,,2.0,0.016839363778572692,0.003148584470226021,1.0000003576278687,1.000014066696167,1.0000357627868652,1.0002520084381104,1.0022092521190644,1.3172638416290283,0.001456432587488525,0.8712917566299438,0.9994420349597931,0.9998739957809448,0.9999821186065674,0.9999961256980896,0.9999998211860657,0.011176799420736813,3.298884599245745e-07,0.003622137365277091,0.009060226751509914,0.027048113205497635,0.03437963666597047,0.13939736349720797,2
bayesfl_observability_v1,ola_lr0p02_b128_e1,7,ola,266,21,765,6,1,128,0.8986296878141515,0.8986295296475778,1.59481512055149e-07,1.59481512055149e-07,0.7359477124183007,0.8986295296475778,0.285659440015684,0.03151782229542732,0.999131708931921,0.285659440015684,,0.7641131958245704,1.5607339077663793,,,,,,,,,,,,,0.8986295296475778,1.59481512055149e-07,8.294737834948883e-05,1.2867299574281787e-05,0.00012012686202069753,0.1184232085943222,1.000235572242662,1.000067114830017,1.0004723072052002,0.9998829216921717,0.9999664425849915,0.9999936819076538,0.01829929455931935,0.01797325503450571,0.0324902220612729,,,,,,,,,765.0,0.0009991483871351827,0.001383950282114398,1.0000003576278687,1.0000126361846924,1.0000282526016235,1.0001455545425415,1.0008022785186768,1.1580456495285034,0.0006672736956268463,0.9292598366737366,0.9997639656066895,0.9999272227287292,0.9999858736991882,0.9999962449073792,0.9999998211860657,0.011233529207666588,1.3521149957167404e-06,0.003624880599161965,0.009060955133414733,0.027040251769201034,0.0344359764483048,0.13368587848158142,765
bayesfl_observability_v1,ola_lr0p02_b128_e1,7,ola,288,23,1,1,1,128,1.6912384033203125,1.6912384033203125,0.0,0.0,1.0,1.6912384033203125,0.2825273817993842,0.03244867920875549,0.9991454219558443,0.2825273817993842,,-0.0,2.185987945410232,,,,,,,,,,,,,1.6912384033203125,0.0,0.001960836303462036,8.490103937219828e-05,0.001146839582361281,2.6322929859161377,1.000503840769299,1.0001065731048584,1.0007133483886719,0.9997525833222795,0.9999467134475708,0.9999938011169434,0.01828664367435341,0.018004327092603502,0.03247006684238558,,,,,,,,,1.0,0.022190957803219016,0.0036801142586004947,1.0000003576278687,1.0000123977661133,1.0000373125076294,1.0002357959747314,1.0018218219280244,1.418426275253296,0.0016265844490546593,0.8396467566490173,0.9996435046195984,0.9998821020126343,0.9999813437461853,0.9999963641166687,0.9999998211860657,0.01119856267816891,6.711573312335345e-08,0.0036431014246662715,0.009039956811075072,0.027055198138465273,0.03438453025989707,0.16430698019102405,1
bayesfl_observability_v1,ola_lr0p02_b128_e1,8,ola,206,16,6,1,1,128,1.4450936317443848,1.4450936317443848,0.0,0.0,0.8333333333333334,1.4450936317443848,0.17255262457776505,0.024291880428791046,0.9996821939140565,0.17255262457776505,,0.6365141682948128,1.6395997169315697,,,,,,,,,,,,,1.4450936317443848,0.0,0.0007314142018603805,7.665299926884472e-05,0.0009509799478109946,1.4752389192581177,1.0003141946662348,1.0000838041305542,1.0006186962127686,0.9998441402647646,0.9999580979347229,0.999991774559021,0.01829720520032261,0.017998337946682978,0.03249788772834773,,,,,,,,,6.0,0.008268722290464993,0.0018437511697839643,1.000000238418579,1.000016450881958,1.000036358833313,1.0001792907714844,1.0010831356048584,1.2037824392318726,0.0008762357518883768,0.911435604095459,0.9996907711029053,0.9999103546142578,0.9999818205833435,0.999995768070221,0.9999998807907104,0.011217591400930916,2.591730630787099e-07,0.003638881912435426,0.009050222867463823,0.027044041440843138,0.03445151986521838,0.1261402099046943,6
bayesfl_observability_v1,ola_lr0p02_b128_e1,8,ola,74,5,70,1,1,128,1.7371814250946045,1.7371814250946045,0.0,0.0,0.2571428571428571,1.7371814250946045,0.1246529389635622,0.014257825911045074,0.9998339115468369,0.1246529389635622,,1.1534898214385076,1.1546999842430363,,,,,,,,,,,,,1.7371814250946045,0.0,0.00038170277085458886,3.578691394068301e-05,0.0005554658884648245,0.5082141757011414,1.00027047968384,1.0000743865966797,1.000542414188385,0.9998657366264729,0.9999628067016602,0.9999933838844299,0.018290369364055988,0.01799090145611312,0.03248918657806629,,,,,,,,,70.0,0.004026994113537737,0.0016307639008647013,1.0000003576278687,1.0000132322311401,1.0000289678573608,1.0001561641693115,1.0009198188781738,1.1808825731277466,0.0007822587675950495,0.920230507850647,0.9997289121150971,0.9999219179153442,0.9999855160713196,0.9999964237213135,0.9999998211860657,0.011203469318121323,1.308185046488351e-07,0.003624265498324584,0.009063240923128005,0.027060249260435567,0.03440143884223465,0.11568395391641526,70
bayesfl_observability_v1,ola_lr0p02_b128_e1,8,ola,215,17,42,1,1,128,1.8553659915924072,1.8553659915924072,0.0,0.0,0.4523809523809524,1.8553659915924072,0.0855927263262097,0.007668083533644676,0.9999216920591965,0.0855927263262097,,1.521719365805568,0.7932357448939426,,,,,,,,,,,,,1.8553659915924072,0.0,0.00017996746120040646,2.5482748242211528e-05,0.00027258042537141596,0.14699877798557281,1.0002452621879776,1.0000708103179932,1.0004912734031677,0.9998780981395853,0.9999645948410034,0.9999935626983643,0.01828923765045308,0.017988024497286925,0.03249364271389523,,,,,,,,,42.0,0.0017935550788834966,0.0014002347592819134,1.000000238418579,1.0000128746032715,1.0000290870666504,1.0001482963562012,1.0008232593536377,1.1470928192138672,0.0006780079123614913,0.9336857199668884,0.9997544229030609,0.9999258518218994,0.9999854564666748,0.9999961853027344,0.9999998807907104,0.011200061460292045,1.3102415979928437e-06,0.003644248209075986,0.009067121437338739,0.027051465239199022,0.03439665415130267,0.11024307691754258,42
bayesfl_observability_v1,ola_lr0p02_b128_e1,8,ola,97,7,4,1,1,128,2.4784440994262695,2.4784440994262695,0.0,0.0,0.25,2.4784440994262695,0.16698641913317122,0.017251111567020416,0.9997017722793156,0.16698641913317122,,0.6931471805599453,1.5580197962672118,,,,,,,,,,,,,2.4784440994262695,0.0,0.0006849873564496761,6.552731792908162e-05,0.001159951207228005,0.7440022230148315,1.0003083905138692,1.0000858306884766,1.0006150007247925,0.9998468617846153,0.9999570846557617,0.9999926090240479,0.01828853204631474,0.01799199760973117,0.03249242830178165,,,,,,,,,4.0,0.006438865467762283,0.0016864087105069264,1.000000238418579,1.0000147819519043,1.000035285949707,1.0002098083496094,1.0009924292564392,1.140927791595459,0.0008136521158308768,0.9362049102783203,0.9996926188468933,0.9998950958251953,0.9999823570251465,0.9999958276748657,0.9999998807907104,0.011195875343566683,1.7418888161412537e-08,0.0036606601780999,0.00905984717418938,0.027045852523460454,0.034400878904719004,0.11941117250080825,4
bayesfl_observability_v1,ola_lr0p02_b128_e1,8,ola,172,13,289,3,1,128,1.876006370597232,1.8760062905743873,6.448922562283889e-08,6.448922562283889e-08,0.4463667820069204,1.8760062905743873,0.28799784419734525,0.03777892142534256,0.999114748864753,0.28799784419734525,,1.2787090971089894,1.0140274784545764,,,,,,,,,,,,,1.8760062905743873,6.448922562283889e-08,0.0002584985544043047,3.103060589637607e-05,0.0003963551513152203,0.4151756167411804,1.0002550789107387,1.0000717639923096,1.0005130767822266,0.9998732546328842,0.9999641180038452,0.9999933838844299,0.01829988835403181,0.017999763650989903,0.03249585471903612,,,,,,,,,289.0,0.0033919496937117547,0.0014610808017880437,1.000000238418579,1.0000132322311401,1.00002920627594,1.0001509189605713,1.0008550345897675,1.1391353607177734,0.0007075114981106521,0.9369412064552307,0.9997435212135315,0.9999245405197144,0.99998539686203,0.9999962449073792,0.9999998807907104,0.01122496959289015,1.060449597486676e-07,0.0036276532828697855,0.00905014080767303,0.027038664541421356,0.03442958617449322,0.12489225733958549,289
bayesfl_observability_v1,ola_lr0p02_b128_e1,8,ola,113,9,2,1,1,128,2.2561941146850586,2.2561941146850586,0.0,0.0,0.0,2.2561941146850586,0.31970975786191025,0.0500180758535862,0.9989076916044908,0.31970975786191025,,-0.0,2.3277319754160017,,,,,,,,,,,,,2.2561941146850586,0.0,0.002510915175743744,0.00014876699424348772,0.0021652485011145477,6.254519939422607,1.0005366330872096,1.000106930732727,1.000838041305542,0.9997410762013674,0.9999465346336365,0.9999935626983643,0.018298750198076055,0.01799704230765941,0.03250234689269805,,,,,,,,,2.0,0.039667550470424265,0.0057352813148961665,1.000000238418579,1.0000128746032715,1.000041127204895,1.0002541542053223,1.0017958343029023,1.8223977088928223,0.002244633557855032,0.7407615184783936,0.9995812773704529,0.9998729228973389,0.9999794363975525,0.9999961853027344,0.9999998807907104,0.011225051376412986,6.349498634668052e-07,0.0036348238556643633,0.009063889310299982,0.02705611877840879,0.03440342483619503,0.12556771186873186,2
bayesfl_observability_v1,ola_lr0p02_b128_e1,8,ola,120,9,855,7,1,128,1.0550101511311112,1.0550097539062389,4.023039879450142e-07,4.023039879450142e-07,0.8011695906432749,1.0550097539062389,0.4367058034829501,0.05239514261484146,0.9979775981743436,0.4367058034829501,,1.0262410776633744,1.2672530622969025,,,,,,,,,,,,,1.0550097539062389,4.023039879450142e-07,0.0001399969272650152,1.5425199308083393e-05,0.0001672145328484476,0.18743284046649933,1.0002402672882902,1.000069260597229,1.0004773139953613,0.9998805785754276,0.9999653697013855,0.9999937415122986,0.0183300989314584,0.01800553330074762,0.032517808900791464,,,,,,,,,855.0,0.0020505607358643633,0.0013828690438099295,1.000000238418579,1.0000125169754028,1.0000274181365967,1.000146508216858,1.0008080005645752,1.1391093730926514,0.0006707276578168042,0.9369518756866455,0.9997614622116089,0.999926745891571,0.9999862909317017,0.9999963045120239,0.9999998807907104,0.011297098679921066,1.393370883649886e-07,0.0036519217632473952,0.009048764617608394,0.027064920314822202,0.03452493798478155,0.14318392052077802,855
bayesfl_observability_v1,ola_lr0p02_b128_e1,8,ola,102,8,8,1,1,128,1.4236865043640137,1.4236865043640137,0.0,0.0,0.75,1.4236865043640137,0.10396566747999735,0.011495515704154968,0.9998846543081966,0.10396566747999735,,1.0735428464085233,1.2939773289156493,,,,,,,,,,,,,1.4236865043640137,0.0,0.0002655217880058006,3.74787523469422e-05,0.0004670513677410782,0.33036723732948303,1.000255956200681,1.000075101852417,1.0005266785621643,0.9998727911867116,0.9999624490737915,0.999993622303009,0.018292312610546355,0.017983918112338692,0.03249734509570541,,,,,,,,,8.0,0.002629686374851849,0.001438323455855185,1.0000005960464478,1.000012755393982,1.000030279159546,1.000159502029419,1.000872439146042,1.1389660835266113,0.000695681684250823,0.9370108246803284,0.9997367799282074,0.9999202489852905,0.999984860420227,0.9999957084655762,0.9999997019767761,0.01121176567005983,1.922621324269766e-07,0.003644370130209443,0.009063011522621458,0.027063349451217716,0.03440584476386931,0.12018149166182117,8
bayesfl_observability_v1,ola_lr0p02_b128_e1,8,ola,103,8,34,1,1,128,1.8575650453567505,1.8575650453567505,0.0,0.0,0.35294117647058826,1.8575650453567505,0.11970685425284693,0.013330385088920593,0.9998468819759393,0.11970685425284693,,0.95557352218981,1.2692229080072153,,,,,,,,,,,,,1.8575650453567505,0.0,0.00035201267007583354,4.7752535465406254e-05,0.0004854315600823612,0.4442479610443115,1.000266768121293,1.0000760555267334,1.0005064249038695,0.9998674391323847,0.9999619722366333,0.9999930262565613,0.01829096571933515,0.01798803613960872,0.03248956902638762,,,,,,,,,34.0,0.003620575590494165,0.0014867054605283004,1.000000238418579,1.0000139474868774,1.0000321865081787,1.0001721382141113,1.000872439146042,1.1385605335235596,0.0007199023780463825,0.9371776580810547,0.99974684715271,0.9999139308929443,0.9999839067459106,0.9999954700469971,0.9999998807907104,0.011205951129575505,2.5920453777660024e-07,0.003648876218999849,0.009052782473521724,0.02704434518852586,0.034410719768314287,0.12135427140848544,34
bayesfl_observability_v1,ola_lr0p02_b128_e1,8,ola,79,6,34,1,1,128,1.6051653623580933,1.6051653623580933,0.0,0.0,0.7058823529411765,1.6051653623580933,0.17043613669865731,0.026734553277492523,0.999689861309361,0.17043613669865731,,-0.0,2.185987945410232,,,,,,,,,,,,,1.6051653623580933,0.0,0.0007135815847805132,6.815245433244854e-05,0.0008959965198300779,1.7868410348892212,1.0003119651842787,1.0000839233398438,1.000549578666687,0.9998456113796707,0.9999580383300781,0.9999932050704956,0.018295761362309055,0.01800280921204926,0.032500751616759166,,,,,,,,,34.0,0.01144195288260878,0.0021223097091773737,1.000000238418579,1.0000135898590088,1.0000364780426025,1.0002037286758423,1.0009386539459229,1.2609888315200806,0.0009898294876643276,0.8905214071273804,0.9997253298759461,0.9998981356620789,0.9999817609786987,0.9999959468841553,0.9999998807907104,0.0112190710116585,2.745734421094295e-07,0.0036478213027578204,0.009062523599058066,0.02705008495775425,0.034419978730962794,0.1453891008781893,34
bayesfl_observability_v1,ola_lr0p02_b128_e1,8,ola,137,11,171,2,1,128,1.5391996004428083,1.5391995704662034,2.039362924147338e-08,2.039362924147338e-08,0.52046783625731,1.5391995704662034,0.22066801443279793,0.029960058629512787,0.9994806584205083,0.22066801443279793,,0.6827231249542707,1.62788476164325,,,,,,,,,,,,,1.5391995704662034,2.039362924147338e-08,0.0003160165740200327,4.0573095247964375e-05,0.00042311532306484886,0.5686262249946594,1.0002622693698018,1.0000786781311035,1.000519037246704,0.9998697588857715,0.9999606609344482,0.9999934434890747,0.01829852195735726,0.017980279192958706,0.03249108217682539,,,,,,,,,171.0,0.00419788400274274,0.0015538175625707444,1.000000238418579,1.0000131130218506,1.0000295639038086,1.0001518726348877,1.0008935928344727,1.1397439241409302,0.0007501275129350348,0.9366910457611084,0.9997406005859375,0.9999240636825562,0.9999852180480957,0.9999960660934448,0.9999998807907104,0.011229971092455247,1.2011661542455678e-07,0.0036366679863858455,0.009055484651468085,0.02705011726787907,0.034450581478841766,0.1274923183398383,171
bayesfl_observability_v1,ola_lr0p02_b128_e1,8,ola,138,11,64,1,1,128,2.0480217933654785,2.0480217933654785,0.0,0.0,0.28125,2.0480217933654785,0.1256446856040702,0.014706440269947052,0.9998311809609265,0.1256446856040702,,1.1844657730950183,1.1205255670011776,,,,,,,,,,,,,2.0480217933654785,0.0,0.0003878006313936226,3.9338892747764476e-05,0.0005770132411271334,0.5406984686851501,1.0002712418829938,1.0000739097595215,1.000542902946472,0.99986531441978,0.9999630451202393,0.9999933838844299,0.018288746104067367,0.01798895048670715,0.03249472208218715,,,,,,,,,64.0,0.004880770800773306,0.0015885657935533252,1.0000007152557373,1.0000132322311401,1.0000295639038086,1.000158429145813,1.0008992075920105,1.1395012140274048,0.0007673483603381142,0.9367907643318176,0.9997286677360535,0.9999207854270935,0.9999852180480957,0.9999961853027344,0.9999996423721313,0.011197886025586168,1.0080862007126982e-06,0.0036324605916299166,0.009067639860273542,0.027041937706842597,0.03439817880247524,0.11320588734764801,64
bayesfl_observability_v1,ola_lr0p02_b128_e1,8,ola,6,0,230,2,1,128,1.26738848167917,1.26738848167917,2.3991826913555522e-08,2.3991826913555522e-08,0.6130434782608696,1.26738848167917,0.16598992723987957,0.02008628472685814,0.9997061137355395,0.16598992723987957,,1.0431642721063052,1.257328427832494,,,,,,,,,,,,,1.26738848167917,2.3991826913555522e-08,0.00018804912292810343,1.7802274669520557e-05,0.0002489773905836046,0.2567671537399292,1.000246272378063,1.0000684261322021,1.0004873275756836,0.9998776747117497,0.9999657869338989,0.9999937415122986,0.01829656476596657,0.017985091314940558,0.03249758778627998,,,,,,,,,230.0,0.002205588935192838,0.0014836322063885824,1.000000238418579,1.0000125169754028,1.0000276565551758,1.0001487731933594,1.0008309543132783,1.170614242553711,0.0007140076936637699,0.924257755279541,0.9997564554214478,0.9999256134033203,0.9999861717224121,0.9999964237213135,0.9999998807907104,0.01122024465925857,1.5799096221631543e-07,0.003623734294568212,0.009065100476719996,0.02706459686159449,0.03440550321575524,0.12008033072917451,230
bayesfl_observability_v1,ola_lr0p02_b128_e1,8,ola,180,14,9,1,1,128,1.1528939008712769,1.1528939008712769,0.0,0.0,1.0,1.1528939008712769,0.16060899159213482,0.021242253482341766,0.9997248891097875,0.16060899159213482,,-0.0,2.3096097079310103,,,,,,,,,,,,,1.1528939008712769,0.0,0.0006336653535483341,4.5385892008198425e-05,0.0008190322550944984,1.1280831098556519,1.0003019748601345,1.0000801086425781,1.0005662560462951,0.9998506303818436,0.9999599456787109,0.9999934434890747,0.018298111682657825,0.017999506556864206,0.03249950586863606,,,,,,,,,9.0,0.01060917227947304,0.002131224996570421,1.000000238418579,1.0000131130218506,1.0000312328338623,1.0001811981201172,1.0009896337985993,1.1872305870056152,0.0010005948267715337,0.9177670478820801,0.999716991186142,0.9999094009399414,0.9999843835830688,0.9999960660934448,0.9999998807907104,0.011224601282342626,1.9938374622717637e-07,0.003655895640233113,0.009063579964426745,0.027046209944690532,0.03442922144500488,0.13540635242140714,9
bayesfl_observability_v1,ola_lr0p02_b128_e1,8,ola,38,3,257,3,1,128,1.4376551006786553,1.4376550407261237,3.729094831803977e-08,3.729094831803977e-08,0.5836575875486382,1.4376550407261237,0.22995765633569998,0.03154801204800606,0.9994362360140154,0.22995765633569998,,1.3397067534967495,0.9396094349232524,,,,,,,,,,,,,1.4376550407261237,3.729094831803977e-08,0.00019440861405280516,1.9253287973697297e-05,0.00030145154742058385,0.32329684495925903,1.0002470657107896,1.000068187713623,1.0004922151565552,0.9998772908770477,0.9999659061431885,0.9999939203262329,0.018301391136922092,0.018000513343153047,0.03249726457504146,,,,,,,,,257.0,0.002541162337473135,0.0014973332847882583,1.000000238418579,1.0000121593475342,1.0000278949737549,1.0001503229141235,1.0008318424224854,1.178930401802063,0.0007190863213956505,0.9209921360015869,0.9997539520263672,0.9999248385429382,0.9999860525131226,0.9999963045120239,0.9999998807907104,0.011229859082779212,2.751729290357433e-08,0.003631808424168051,0.009054643658290113,0.027066137562197553,0.034421418354276194,0.11555315781386417,257
bayesfl_observability_v1,ola_lr0p02_b128_e1,9,ola,96,7,406,4,1,128,1.0781107075108682,1.0781106006335743,1.0254117826330428e-07,1.0254117826330428e-07,0.7216748768472906,1.0781106006335743,0.25115350102242306,0.03231379762291908,0.9993308353964145,0.25115350102242306,,0.976478358472114,1.3250720199394128,,,,,,,,,,,,,1.0781106006335743,1.0254117826330428e-07,0.00016367980429240055,2.278220563312061e-05,0.0002245555035187863,0.29232797026634216,1.0002407005918603,1.0000680685043335,1.0004801750183105,0.9998804127407458,0.9999659657478333,0.9999939799308777,0.01832387610432754,0.018007915753694273,0.03254168508970214,,,,,,,,,406.0,0.0022406351881022048,0.0014364707353539648,1.0000005960464478,1.0000120401382446,1.0000269412994385,1.0001420974731445,1.0007996559143066,1.1599626541137695,0.0006933745659898286,0.9284916520118713,0.9997600317001343,0.9999289512634277,0.9999865293502808,0.9999964833259583,0.9999997019767761,0.011283792874800556,3.6543968368761944e-08,0.003634669824450353,0.00907240517885789,0.02707198815827295,0.03448616359247873,0.13520040453173485,406
bayesfl_observability_v1,ola_lr0p02_b128_e1,9,ola,151,12,210,2,1,128,1.1690948645273844,1.1690948179789953,4.7356817574273876e-08,4.7356817574273876e-08,0.7904761904761904,1.1690948179789953,0.23468738549519688,0.03219784051179886,0.9994148328046916,0.23468738549519688,,0.14950144571405588,2.251522034186354,,,,,,,,,,,,,1.1690948179789953,4.7356817574273876e-08,0.00038252632891471545,3.8622029023827054e-05,0.00047803280176594853,0.6728144288063049,1.000265018096827,1.0000742673873901,1.0005070090293884,0.9998685302025234,0.9999628663063049,0.9999936819076538,0.018318334281018395,0.01800964413714785,0.03251759980070082,,,,,,,,,210.0,0.006808113289653383,0.001684002011186735,1.0000005960464478,1.0000126361846924,1.0000299215316772,1.0001587867736816,1.0008610606193542,1.1407380104064941,0.0008083393314440782,0.9362828135490417,0.9997465550899506,0.9999206066131592,0.9999850392341614,0.9999964833259583,0.9999997019767761,0.01127682681469771,3.4667006862881704e-07,0.003635565076593503,0.00904928279885791,0.02707299773237762,0.03448561964011157,0.1372705428920807,210
bayesfl_observability_v1,ola_lr0p02_b128_e1,9,ola,279,22,12,1,1,128,1.0574709177017212,1.0574709177017212,0.0,0.0,0.8333333333333334,1.0574709177017212,0.10383315100261702,0.017939262092113495,0.9998855304880659,0.10383315100261702,,0.6172417697303416,1.6358465807671725,,,,,,,,,,,,,1.0574709177017212,0.0,0.00026484531638422924,2.9638291380251758e-05,0.00035829854605253826,0.8045434951782227,1.000251940999411,1.00007164478302,1.000488293170929,0.9998748299513747,0.99996417760849,0.9999935030937195,0.018313127602770093,0.01800876835097985,0.03251994517709445,,,,,,,,,12.0,0.0041945569367168286,0.0014700802841240053,1.0000005960464478,1.000012993812561,1.000029444694519,1.000157117843628,1.000820279121399,1.1348897218704224,0.0007099182496288779,0.9386920928955078,0.9997559726238251,0.999921441078186,0.9999852776527405,0.9999961853027344,0.9999997019767761,0.011256733687291484,3.873357415190056e-07,0.003650334302557081,0.009061753609774629,0.027059265259690032,0.03446473468309826,0.14822778864071365,12
bayesfl_observability_v1,ola_lr0p02_b128_e1,9,ola,83,6,165,2,1,128,1.0690873734878772,1.069087360121987,1.34735726198938e-08,1.34735726198938e-08,0.8242424242424242,1.069087360121987,0.1754422653810493,0.026252977550029755,0.9996735733092501,0.1754422653810493,,0.7163703465940834,1.5113752911057265,,,,,,,,,,,,,1.069087360121987,1.34735726198938e-08,0.0002075541883880007,2.8981478862988297e-05,0.0002976010728161782,0.46281176805496216,1.000245575649724,1.0000691413879395,1.0004851818084717,0.9998779632059615,0.9999654293060303,0.9999937415122986,0.01832009929885025,0.018012199186485413,0.0325180184087264,,,,,,,,,165.0,0.002967735945140696,0.0014209235594644645,1.0000005960464478,1.0000125169754028,1.000028133392334,1.0001485347747803,1.0008078277111054,1.1338778734207153,0.0006885276574035154,0.9391108751296997,0.9997575283050537,0.9999257326126099,0.999985933303833,0.9999963641166687,0.9999997019767761,0.011273437152283714,8.053960709471989e-08,0.0036479749525109104,0.009057206569824467,0.027051420402916325,0.034497172795956536,0.15441482607773455,165
bayesfl_observability_v1,ola_lr0p02_b128_e1,9,ola,228,18,56,1,1,128,1.069442868232727,1.069442868232727,0.0,0.0,0.8392857142857143,1.069442868232727,0.1091866905460378,0.020332641899585724,0.9998733628607653,0.1091866905460378,,0.42008907680192553,1.7809840036757387,,,,,,,,,,,,,1.069442868232727,0.0,0.0002928597346103083,2.8745615054504015e-05,0.0003403380687814206,1.0335413217544556,1.0002550530728838,1.000070333480835,1.0004868626594543,0.9998733463813997,0.9999648332595825,0.999993622303009,0.018313123981870277,0.018008441581221342,0.03251789794632443,,,,,,,,,56.0,0.005558057090793741,0.0015397273785698069,1.0000005960464478,1.000012755393982,1.0000301599502563,1.0001533031463623,1.000818556547165,1.15718674659729,0.0007407263995139993,0.9296046495437622,0.9997566878795624,0.9999233484268188,0.9999849200248718,0.9999963045120239,0.9999997019767761,0.011256725715205513,2.1643319454267443e-07,0.003653747231085463,0.009059047818801132,0.02705346907866576,0.03446154212680595,0.1524594038358271,56
bayesfl_observability_v1,ola_lr0p02_b128_e1,9,ola,235,18,231,2,1,128,1.1110850151999172,1.1110849620459915,4.0959022194122306e-08,4.0959022194122306e-08,0.7705627705627706,1.1110849620459915,0.20626666023884802,0.03148379921913147,0.9995481837325956,0.20626666023884802,,0.696711248923874,1.5968824956831422,,,,,,,,,,,,,1.1110849620459915,4.0959022194122306e-08,0.00029337126575018006,2.1288109564920887e-05,0.0003712882171384991,0.6552449464797974,1.0002551111899016,1.0000709295272827,1.00050390958786,0.9998733733812437,0.9999645352363586,0.9999938011169434,0.01831955781546025,0.018004631196071,0.03252848656021677,,,,,,,,,231.0,0.005492738925042451,0.0015873662514738168,1.0000005960464478,1.0000123977661133,1.0000276565551758,1.0001482963562012,1.0008462131023408,1.1342263221740723,0.0007653625304397727,0.9389665722846985,0.9997481048107147,0.9999258518218994,0.9999861717224121,0.9999963045120239,0.9999997019767761,0.01127199319251816,3.2848292685736253e-07,0.0036513086727948357,0.009070464248365844,0.027045515074647947,0.034490086694842104,0.1383484335056699,231
bayesfl_observability_v1,ola_lr0p02_b128_e1,9,ola,265,21,52,1,1,128,1.2832673788070679,1.2832673788070679,0.0,0.0,0.7115384615384616,1.2832673788070679,0.09814214424715263,0.01191609725356102,0.9998976439729753,0.09814214424715263,,1.03127351150664,1.2200074472909117,,,,,,,,,,,,,1.2832673788070679,0.0,0.00023660904645932517,3.4109347325284034e-05,0.0003625899145845328,0.3549833595752716,1.0002488043683797,1.0000704526901245,1.0004926919937134,0.9998763111675021,0.9999647736549377,0.9999933838844299,0.01831188977421088,0.01800805671976508,0.03252085522979285,,,,,,,,,52.0,0.0025622945211305013,0.00138165481254096,1.0000005960464478,1.0000132322311401,1.0000298023223877,1.0001496076583862,1.000834584236145,1.133896827697754,0.0006709091996355435,0.9391030073165894,0.9997537136077881,0.9999251961708069,0.9999850988388062,0.9999961853027344,0.9999997019767761,0.011251360085193509,1.6680064797428446e-08,0.0036492648623470693,0.00905129657056904,0.027050069636302732,0.03445754585639494,0.13498322826685538,52
bayesfl_observability_v1,ola_lr0p02_b128_e1,9,ola,140,11,4,1,1,128,1.4491958618164062,1.4491958618164062,0.0,0.0,0.5,1.4491958618164062,0.13621063412350157,0.016134023666381836,0.9998026262550052,0.13621063412350157,,0.5623351446188083,1.7521899758935873,,,,,,,,,,,,,1.4491958618164062,0.0,0.00045576637800728,4.815481042896863e-05,0.0007367161277215931,0.6507667899131775,1.0002731548541537,1.0000779628753662,1.000548255443573,0.9998643405313071,0.9999610185623169,0.999992847442627,0.018312675728954564,0.01801292979494359,0.032512397543355165,,,,,,,,,4.0,0.0055516604121861384,0.0015740850796139606,1.0000005960464478,1.000014305114746,1.000032663345337,1.0001699924468994,1.000901460647583,1.1334811449050903,0.0007595885416398157,0.9392751455307007,0.9997259914875031,0.9999150037765503,0.9999836683273315,0.999995231628418,0.9999997019767761,0.011252449362576666,9.661191000788327e-08,0.0036452556746436045,0.009059487836771251,0.02705059356005343,0.034480593027502476,0.1222381056320998,4
bayesfl_observability_v1,ola_lr0p02_b128_e1,9,ola,141,11,30,1,1,128,1.5291216373443604,1.5291216373443604,0.0,0.0,0.6666666666666666,1.5291216373443604,0.09330271635542571,0.013186030089855194,0.9999074107748753,0.09330271635542571,,1.5190465305721117,0.7674065092926465,,,,,,,,,,,,,1.5291216373443604,0.0,0.00021384977684194267,2.391179441474378e-05,0.00027191711706109345,0.4346786439418793,1.0002462753685446,1.0000704526901245,1.000491738319397,0.9998775704917662,0.9999647736549377,0.9999936819076538,0.01831095474194114,0.017990954956015083,0.03251173476252562,,,,,,,,,30.0,0.0026637862444737954,0.0013768076000599363,1.0000005960464478,1.0000126361846924,1.000030517578125,1.0001453161239624,1.000828927755356,1.1348252296447754,0.0006685309210522838,0.9387187957763672,0.9997541904449463,0.9999273419380188,0.9999847412109375,0.9999964237213135,0.9999997019767761,0.011246571191434787,2.773945445960127e-07,0.003645109200240385,0.009044181073570265,0.027055595429334466,0.03447468827713963,0.12260998858043426,30
bayesfl_observability_v1,ola_lr0p02_b128_e1,9,ola,147,11,14,1,1,128,2.1302037239074707,2.1302037239074707,0.0,0.0,0.14285714285714285,2.1302037239074707,0.14566621786425984,0.01430104672908783,0.9997738820824957,0.14566621786425984,,0.8918673953172509,1.3950007042270034,,,,,,,,,,,,,2.1302037239074707,0.0,0.0005212402412757432,5.825359949085396e-05,0.0006708594155497849,0.5112999081611633,1.0002804306959772,1.0000758171081543,1.0005556344985962,0.9998606732004786,0.9999620914459229,0.999992847442627,0.018306585257279934,0.018003496558096688,0.032510544932620414,,,,,,,,,14.0,0.004916242425857951,0.001541402914916973,1.0000005960464478,1.000014305114746,1.00003182888031,1.0001633167266846,1.0009303748607636,1.1342337131500244,0.0007482474407381513,0.9389635324478149,0.9997223019599915,0.9999183416366577,0.999984085559845,0.9999963045120239,0.9999997019767761,0.011241660096245821,4.1376341220654195e-07,0.0036427698955657107,0.009046810446999964,0.02703729514625343,0.03444599312983791,0.12159941302534628,14
bayesfl_observability_v1,ola_lr0p02_b128_e1,9,ola,192,15,5,1,1,128,1.486954927444458,1.486954927444458,0.0,0.0,0.6,1.486954927444458,0.22373503766276068,0.03579448536038399,0.9994673969622211,0.22373503766276068,,-0.0,2.3277319754160017,,,,,,,,,,,,,1.486954927444458,0.0,0.0012296690956809897,0.00011663614714052528,0.0012102366890758276,3.203112840652466,1.0003591421007278,1.000089406967163,1.0006418228149414,0.9998239194022024,0.9999552965164185,0.9999933838844299,0.018316265338434737,0.0180054185869054,0.032522457206852394,,,,,,,,,5.0,0.021645761876853135,0.0032673292536896017,1.0000005960464478,1.0000132322311401,1.0000344514846802,1.0001907348632812,1.0011580646038056,1.4078530073165894,0.0014326335569874635,0.8427938222885132,0.9996792674064636,0.9999046325683594,0.9999827742576599,0.9999958276748657,0.9999997019767761,0.011266237975229658,1.8431281194457993e-07,0.003618479498919711,0.009064716597611931,0.027066822317078215,0.034457586417382245,0.12097271625551533,5
bayesfl_observability_v1,ola_lr0p02_b128_e1,9,ola,193,15,49,1,1,128,1.8814828395843506,1.8814828395843506,0.0,0.0,0.22448979591836735,1.8814828395843506,0.14709949976674622,0.018286146223545074,0.999769503807756,0.14709949976674622,,0.7946603084287958,1.5090944792576573,,,,,,,,,,,,,1.8814828395843506,0.0,0.0005315481815201458,5.436322317109443e-05,0.0006594301667064428,0.8359581828117371,1.0002815749423377,1.0000756978988647,1.0005336999893188,0.9998603586358968,0.9999621510505676,0.9999934434890747,0.0183082330454892,0.017996398620768718,0.032499407859343424,,,,,,,,,49.0,0.007965582768180837,0.001767563879188746,1.0000005960464478,1.0000131130218506,1.0000312328338623,1.000160574913025,1.000928944349289,1.1414613723754883,0.0008485064857185333,0.9359861016273499,0.9997332692146301,0.9999197125434875,0.9999843835830688,0.9999955892562866,0.9999997019767761,0.011247708175734911,5.533082256923491e-07,0.0036408610862455684,0.009042966418600848,0.02704960703943718,0.03445118106912302,0.12183288312856985,49
bayesfl_observability_v1,ola_lr0p02_b128_e1,9,ola,43,3,1,1,1,128,2.7526161670684814,2.7526161670684814,0.0,0.0,0.0,2.7526161670684814,0.3842757849088293,0.05442710965871811,0.9984280409831012,0.3842757849088293,,-0.0,2.3163460082440825,,,,,,,,,,,,,2.7526161670684814,0.0,0.0036274905526412285,0.00011642901517916471,0.00415057539939882,7.405775547027588,1.0006255681369256,1.000102162361145,1.0011454820632935,0.999698237077513,0.9999489188194275,0.9999938011169434,0.018320655997787334,0.01801602662126956,0.03253869543327812,,,,,,,,,1.0,0.05302896563840949,0.006234638462028388,1.0000005960464478,1.0000123977661133,1.0000344514846802,1.0002291202545166,1.0024913012981416,1.8419833183288574,0.002419202992004648,0.7368127703666687,0.9994277358055115,0.9998854398727417,0.9999827742576599,0.999996542930603,0.9999997019767761,0.011279344631307099,3.757756651846485e-07,0.0036361051573411845,0.009057884980487835,0.027059990954339034,0.034517041661431554,0.1635210247737139,1
bayesfl_observability_v1,ola_lr0p02_b128_e1,9,ola,45,3,2,1,1,128,1.5604547262191772,1.5604547262191772,0.0,0.0,0.5,1.5604547262191772,0.25909156735559274,0.036866337060928345,0.9992857169477642,0.25909156735559274,,0.6931471805599453,1.619408415869196,,,,,,,,,,,,,1.5604547262191772,0.0,0.001649023356943547,6.731739995302632e-05,0.0033775949850678444,3.3978159427642822,1.0004057380016185,1.00007963180542,1.0008589029312134,0.9997996458776974,0.99996018409729,0.9999929070472717,0.018318724785243618,0.018003698609936454,0.03251456006611927,,,,,,,,,2.0,0.017897464485593057,0.002709066009240059,1.0000005960464478,1.0000141859054565,1.0000330209732056,1.0001945495605469,1.0015479564666747,1.4193823337554932,0.0012273662793270022,0.8393639326095581,0.9995707869529724,0.9999027252197266,0.9999834895133972,0.9999964833259583,0.9999997019767761,0.011267233489756766,4.4979720903874784e-07,0.0036402330567071386,0.00905421187855716,0.02704726531878102,0.034480984950149444,0.1599728983913238,2
bayesfl_observability_v1,ola_lr0p02_b128_e1,9,ola,202,16,344,3,1,128,1.3059406751810119,1.3059405545855678,1.1826963611045273e-07,1.1826963611045273e-07,0.6627906976744186,1.3059405545855678,0.2985971294307874,0.0475722961127758,0.9990530025920882,0.2985971294307874,,0.7151651242351365,1.5572907521493602,,,,,,,,,,,,,1.3059405545855678,1.1826963611045273e-07,0.00029625983203350877,3.714709782798309e-05,0.00039034499786794186,0.7222804427146912,1.0002554322338602,1.0000731945037842,1.0004999756813049,0.9998730757691671,0.9999634027481079,0.9999934434890747,0.018323365741116086,0.01802269668695508,0.03253044122543486,,,,,,,,,344.0,0.004715374865310063,0.0014589941444946442,1.0000005960464478,1.0000131130218506,1.000031590461731,1.0001534223556519,1.0008519887924194,1.1334354877471924,0.0007064926622331332,0.9392940998077393,0.9997500717639923,0.9999232888221741,0.9999842047691345,0.9999961256980896,0.9999997019767761,0.0112808595212004,2.214069216673777e-07,0.0036528501061560952,0.009044409946589511,0.0270505061890119,0.03449688830912763,0.14474831709029873,344
bayesfl_observability_v1,ola_lr0p02_b128_e1,10,ola,115,9,475,4,1,128,0.8361593262772811,0.8361592049347727,1.2771610110911224e-07,1.2771610110911224e-07,0.8947368421052632,0.8361592049347727,0.2707604604787066,0.037788234651088715,0.9992260338260506,0.2707604604787066,,0.6676113069747761,1.6615326749486288,,,,,,,,,,,,,0.8361592049347727,1.2771610110911224e-07,0.00015821329171725347,1.9278781110187992e-05,0.00020393182639963947,0.279144287109375,1.000243712364134,1.0000698566436768,1.0004762411117554,0.9998788866580229,0.9999650716781616,0.9999938607215881,0.018343923528656464,0.018005922592514597,0.03254788760374322,,,,,,,,,475.0,0.002572224364714682,0.0014110744488416425,1.0000005960464478,1.0000122785568237,1.0000280141830444,1.0001391172409058,1.0008032321929932,1.1316114664077759,0.0006855987683269497,0.9400508403778076,0.9997619986534119,0.9999304413795471,0.9999859929084778,0.9999966025352478,0.9999997019767761,0.011329098831706443,2.2207624989541465e-08,0.003635179187670662,0.009048056027728443,0.02708623346404591,0.034539707990633176,0.14094035629931245,475
bayesfl_observability_v1,ola_lr0p02_b128_e1,10,ola,117,9,8,1,1,128,1.6138195991516113,1.6138195991516113,0.0,0.0,0.375,1.6138195991516113,0.17073760428173237,0.018686167895793915,0.9996903822908539,0.17073760428173237,,0.5623351446188083,1.7518051301834499,,,,,,,,,,,,,1.6138195991516113,0.0,0.0007161081457117853,5.313180008670315e-05,0.0009420698042958982,0.8729318976402283,1.0002994971529748,1.000082015991211,1.0005748391151428,0.999851548474934,0.9999589920043945,0.9999932050704956,0.01832409223413098,0.018007487204689872,0.032529772346246655,,,,,,,,,8.0,0.009586404405851887,0.0018827184238786275,1.0000004768371582,1.0000135898590088,1.000031590461731,1.0001660585403442,1.001000165939331,1.1344538927078247,0.0009016253989367329,0.9388723969459534,0.9997126996517182,0.9999169707298279,0.9999842047691345,0.9999961853027344,0.9999997615814209,0.011281185099209959,1.1805070905399362e-07,0.003660856827115429,0.009044331737364726,0.02704990759499823,0.03450139759437939,0.12621304461813374,8
bayesfl_observability_v1,ola_lr0p02_b128_e1,10,ola,55,4,63,1,1,128,1.916567325592041,1.916567325592041,0.0,0.0,0.31746031746031744,1.916567325592041,0.12170542908821237,0.017908398061990738,0.9998425734807623,0.12170542908821237,,1.1559825345480084,1.158099049240569,,,,,,,,,,,,,1.916567325592041,0.0,0.0003638649062806618,4.76947952847695e-05,0.0004777987167472021,0.8017767667770386,1.0002642746757429,1.0000742673873901,1.0005244135856628,0.9998687289336745,0.9999628663063049,0.9999934434890747,0.018320398625957596,0.018009445478043486,0.03252850095084628,,,,,,,,,63.0,0.005592812800347224,0.0015266722147119955,1.0000007152557373,1.0000131130218506,1.0000317096710205,1.0001553297042847,1.00086510181427,1.1274387836456299,0.0007389530717565366,0.9417887926101685,0.9997379124164582,0.9999223351478577,0.9999841451644897,0.999996542930603,0.9999996423721313,0.011270611753837045,2.2329863090909574e-07,0.0036510980420622423,0.009044841504947691,0.027061137581411626,0.03448890930742826,0.12827144418304698,63
bayesfl_observability_v1,ola_lr0p02_b128_e1,10,ola,9,0,107,1,1,128,1.362699270248413,1.362699270248413,0.0,0.0,0.7009345794392523,1.362699270248413,0.1798221343709618,0.02615387737751007,0.9996567505668983,0.1798221343709618,,0.20393077072313337,2.077417173602598,,,,,,,,,,,,,1.362699270248413,0.0,0.0007943402031921536,5.941594281466678e-05,0.0009269280708394946,1.7100632190704346,1.0003073214594385,1.0000803470611572,1.0005946159362793,0.999848039277682,0.9999598264694214,0.9999933838844299,0.018325779994397873,0.01800038678080398,0.032527484459210484,,,,,,,,,107.0,0.0138747835743604,0.002187660351197484,1.0000005960464478,1.0000132322311401,1.0000367164611816,1.000162959098816,1.0009911060333252,1.2151769399642944,0.0010249228898697629,0.9071523547172546,0.9997028112411499,0.999918520450592,0.9999816417694092,0.9999964833259583,0.9999997019767761,0.011288553120705685,4.847139843629163e-08,0.0036530443611655123,0.009064254002520582,0.02704909869262642,0.034507659508011775,0.13626214166682185,107
bayesfl_observability_v1,ola_lr0p02_b128_e1,10,ola,25,2,59,1,1,128,1.4617371559143066,1.4617371559143066,0.0,0.0,0.6440677966101694,1.4617371559143066,0.1338874459830908,0.016974322497844696,0.9998096749385745,0.1338874459830908,,0.8243222826562666,1.4886055708722064,,,,,,,,,,,,,1.4617371559143066,0.0,0.000440351983297556,3.269584703957662e-05,0.000585424539167434,0.7203192710876465,1.00027192375849,1.000074028968811,1.000531554222107,0.9998651179915223,0.9999629855155945,0.9999933838844299,0.018323168530898482,0.018009993869135085,0.03252863818894799,,,,,,,,,59.0,0.0072389086128573565,0.0017143410499546284,1.0000005960464478,1.0000132322311401,1.000029444694519,1.0001576840877533,1.0008836030960082,1.127530813217163,0.0008243112998628255,0.9417503476142883,0.9997343420982361,0.9999211579561234,0.9999852776527405,0.9999963045120239,0.9999997019767761,0.011279998651491176,2.7715378313180412e-08,0.0036593743461226878,0.00904861404611786,0.02705529332461413,0.03449261032157931,0.1274767315397375,59
bayesfl_observability_v1,ola_lr0p02_b128_e1,10,ola,203,16,396,4,1,128,1.359965519471602,1.359965473714501,6.046037407201647e-08,6.046037407201647e-08,0.7095959595959596,1.359965473714501,0.2737809532957783,0.039916012436151505,0.9992079814918906,0.2737809532957783,,1.5571176369237727,0.7668056340182599,,,,,,,,,,,,,1.359965473714501,6.046037407201647e-08,0.00014907797656392262,2.274064263474429e-05,0.0002190561252064072,0.27695733308792114,1.0002427968363214,1.000069260597229,1.0004860281944274,0.9998793043034407,0.9999653697013855,0.9999937415122986,0.01834128099519278,0.01800994111934951,0.03255196193328728,,,,,,,,,396.0,0.0021190073116660346,0.0013710563870720403,1.0000007152557373,1.0000125169754028,1.0000288486480713,1.000143051147461,1.0008022785186768,1.128949761390686,0.000666530378813385,0.9411583542823792,0.9997571051120758,0.9999284744262695,0.9999855756759644,0.999996542930603,0.9999996423721313,0.011325350405609736,7.390851743340695e-09,0.0036338832471829448,0.009061854157188366,0.027064197179536523,0.03454866587086201,0.13351391808810842,396
bayesfl_observability_v1,ola_lr0p02_b128_e1,10,ola,175,14,34,1,1,128,1.5831785202026367,1.5831785202026367,0.0,0.0,0.47058823529411764,1.5831785202026367,0.1587863541400204,0.022204093635082245,0.9997322181446261,0.1587863541400204,,0.12425083738963087,2.2773014559616316,,,,,,,,,,,,,1.5831785202026367,0.0,0.0006193649626496813,5.822063940286171e-05,0.0008264372241683307,1.2325546741485596,1.0002898261098927,1.00007963180542,1.000538945198059,0.9998565099158994,0.99996018409729,0.9999934434890747,0.018322502890028663,0.018017807618377058,0.03253556597023215,,,,,,,,,34.0,0.010867341025805052,0.001988462174974608,1.0000004768371582,1.0000131130218506,1.000032901763916,1.0001795291900635,1.0008999764919282,1.192724347114563,0.000941707246614593,0.9156509637832642,0.99973064661026,0.9999102354049683,0.999983549118042,0.9999963045120239,0.9999997615814209,0.011284385362380309,2.7145691866931576e-07,0.0036493976543014034,0.009041809174485535,0.02705730625410104,0.034497836039652535,0.13254650861029332,34
bayesfl_observability_v1,ola_lr0p02_b128_e1,10,ola,169,13,10,1,1,128,1.489931344985962,1.489931344985962,0.0,0.0,0.6,1.489931344985962,0.17702764478983818,0.03287313133478165,0.999667265493726,0.17702764478983818,,0.6001660731596457,1.7098339961345228,,,,,,,,,,,,,1.489931344985962,0.0,0.000769843473702358,5.276458432490472e-05,0.0009848544490523663,2.701608180999756,1.000304872552503,1.0000799298286438,1.000610601902008,0.9998491176098682,0.9999600350856781,0.9999924302101135,0.01832581017791618,0.018006469136439777,0.03253187714726951,,,,,,,,,10.0,0.0135328141777279,0.002107871992189937,1.0000004768371582,1.000015139579773,1.000032663345337,1.000173807144165,1.0010114908218384,1.3141634464263916,0.0009738284765387954,0.8723189830780029,0.9996948182582855,0.9999130964279175,0.9999836683273315,0.9999964833259583,0.9999997615814209,0.011286563157535125,7.467532848145855e-08,0.0036446638786168033,0.009062817172995247,0.027063040641472417,0.034504427052945943,0.15877180821082656,10
bayesfl_observability_v1,ola_lr0p02_b128_e1,10,ola,160,12,379,3,1,128,1.1454744118813789,1.1454743135887588,8.785037425515939e-08,8.785037425515939e-08,0.7335092348284961,1.1454743135887588,0.2518348526474938,0.03372824937105179,0.9993285273318532,0.2518348526474938,,1.1782151454192733,1.120809894534982,,,,,,,,,,,,,1.1454743135887588,8.785037425515939e-08,0.00021009505445636657,1.988438452826813e-05,0.0003093467501457781,0.38921257853507996,1.000248899428915,1.0000686645507812,1.0004966259002686,0.9998763022388119,0.9999656677246094,0.9999935030937195,0.018335677345418765,0.01801585711019714,0.032531789228731324,,,,,,,,,379.0,0.0027528454951166207,0.001419577233572279,1.0000005960464478,1.000012993812561,1.00002920627594,1.0001482963562012,1.0008206367492676,1.1279358863830566,0.0006892451514834637,0.9415812492370605,0.9997517466545105,0.9999258518218994,0.99998539686203,0.999996542930603,0.9999997019767761,0.011309021896954128,6.753583286509933e-07,0.0036509450779000623,0.009064409682503122,0.027059877148709235,0.034537868934857434,0.1450176298633977,379
bayesfl_observability_v1,ola_lr0p02_b128_e1,10,ola,107,8,2,1,1,128,2.0429906845092773,2.0429906845092773,0.0,0.0,0.0,2.0429906845092773,0.2926948657201209,0.038604237139225006,0.999090130352123,0.2926948657201209,,-0.0,2.311121424016332,,,,,,,,,,,,,2.0429906845092773,0.0,0.0021045074377745486,0.00018078405992127955,0.0022722682915627956,3.725717544555664,1.000438341092206,1.0000994205474854,1.0007641315460205,0.9997855862489299,0.9999502897262573,0.9999927341938019,0.018326812955933493,0.0179947717132126,0.03254290516347893,,,,,,,,,2.0,0.03267667057144441,0.0038133282295639503,1.0000004768371582,1.0000145316123963,1.0000430345535278,1.0002138316631317,1.0014252662658691,1.3854434490203857,0.0016690574192901432,0.8495825529098511,0.9996181726455688,0.9998930841684341,0.9999784827232361,0.9999966621398926,0.9999997615814209,0.011302800538706649,5.685646986066512e-07,0.0036408497444825275,0.009026475850277278,0.02704939094144152,0.03452087053032303,0.14425556037639062,2
bayesfl_observability_v1,ola_lr0p02_b128_e1,10,ola,224,17,90,1,1,128,1.448659062385559,1.448659062385559,0.0,0.0,0.7111111111111111,1.448659062385559,0.1384853559103725,0.018650613725185394,0.9997964206289817,0.1384853559103725,,0.6694250749067785,1.6387902561312846,,,,,,,,,,,,,1.448659062385559,0.0,0.00047111611428673464,3.384749288670719e-05,0.000614433316513896,0.8696131706237793,1.000274999878244,1.0000746250152588,1.0005300045013428,0.9998636901595334,0.9999626874923706,0.9999933242797852,0.01832431288171651,0.0180104962645291,0.03253635547041472,,,,,,,,,90.0,0.008569435277278678,0.0018062439939605982,1.0000005960464478,1.0000133514404297,1.0000290870666504,1.000156283378601,1.0008896589279175,1.1341220140457153,0.0008642550493238298,0.9390097260475159,0.9997351169586182,0.9999218583106995,0.9999854564666748,0.9999963045120239,0.9999997019767761,0.011281615629743946,2.759001786794499e-07,0.0036593348127456748,0.009059655700911742,0.027044155421513307,0.034499336514225126,0.12838180179809863,90
bayesfl_observability_v1,ola_lr0p02_b128_e1,10,ola,88,7,205,2,1,128,1.0866074826659227,1.0866074602778364,2.8258319608406653e-08,2.8258319608406653e-08,0.775609756097561,1.0866074602778364,0.17361029172517645,0.022332612425088882,0.99968067165854,0.17361029172517645,,0.7902076087663292,1.5291533326690006,,,,,,,,,,,,,1.0866074602778364,2.8258319608406653e-08,0.00022314539671596838,3.005303551617544e-05,0.0003139384323731065,0.3757895827293396,1.0002502046669701,1.0000699758529663,1.0004924654960632,0.9998757361018659,0.9999650120735168,0.9999938011169434,0.018329085726591397,0.018005433664543054,0.03254950711682896,,,,,,,,,205.0,0.00295788550742056,0.0015065080473830544,1.0000004768371582,1.0000123977661133,1.000029444694519,1.0001455545425415,1.0008234560489655,1.164987564086914,0.0007267428196879041,0.9264870882034302,0.9997538268566132,0.9999272227287292,0.9999852776527405,0.9999966025352478,0.9999997615814209,0.011294888580310117,7.215019667614199e-07,0.003646554577175368,0.00905576112762397,0.027060502628571417,0.03450593267723135,0.1257835271624311,205
bayesfl_observability_v1,ola_lr0p02_b128_e1,10,ola,262,21,160,2,1,128,1.6600515365600585,1.6600515127182007,2.231287794529635e-08,2.231287794529635e-08,0.45,1.6600515127182007,0.24312125344590835,0.039470382034778595,0.999372970952217,0.24312125344590835,,0.9542672572047401,1.3332467097968215,,,,,,,,,,,,,1.6600515127182007,2.231287794529635e-08,0.00039599147698466335,4.585940041579306e-05,0.00045554322423413396,1.0073622465133667,1.0002674872354895,1.0000742077827454,1.000529170036316,0.999867231487771,0.9999628961086273,0.999993622303009,0.018328946431485554,0.018014335490170154,0.032527084351385294,,,,,,,,,160.0,0.007482759005890281,0.001626548515041919,1.0000005960464478,1.000012755393982,1.0000323057174683,1.000150203704834,1.0008781611919404,1.1280900239944458,0.000783117514526808,0.9415169358253479,0.9997355341911316,0.999924898147583,0.9999838471412659,0.999996542930603,0.9999997019767761,0.011296762944439048,1.6888472845387682e-07,0.0036377810394832874,0.009067410905236578,0.02705836895810085,0.03451309422302029,0.1378417739331087,160
bayesfl_observability_v1,ola_lr0p02_b128_e1,10,ola,267,21,306,3,1,128,1.0580548963515588,1.0580548075289509,7.456254944770907e-08,7.456254944770907e-08,0.8464052287581699,1.0580548075289509,0.25428756988405105,0.03360888361930847,0.9993157161736402,0.25428756988405105,,0.49629795412582844,1.8891532045272958,,,,,,,,,,,,,1.0580548075289509,7.456254944770907e-08,0.00022412458386646307,2.8778318664990366e-05,0.00034415309783071324,0.34813615679740906,1.0002503010160013,1.0000697374343872,1.0004836320877075,0.9998756629814858,0.9999651312828064,0.9999937415122986,0.0183348673918293,0.01800792699450294,0.03254304482407717,,,,,,,,,306.0,0.003414922662973257,0.0014797863614243228,1.0000005960464478,1.0000125169754028,1.000029444694519,1.0001509189605713,1.0008162260055542,1.1296555995941162,0.0007169185545104793,0.9408642649650574,0.9997583031654358,0.9999245405197144,0.9999852776527405,0.999996542930603,0.9999997019767761,0.011317239445208568,8.096680296432623e-08,0.003648253339434109,0.009051399185917325,0.0270709115421286,0.03455564868900374,0.14093755892762178,306
bayesfl_observability_v1,ola_lr0p02_b128_e1,10,ola,287,23,262,3,1,128,1.4008326888766907,1.40083256147745,1.3464670786984833e-07,1.3464670786984833e-07,0.5114503816793893,1.40083256147745,0.35283338674615383,0.05944708734750748,0.9986797644370125,0.35283338674615383,,-0.0,2.3163460082440825,,,,,,,,,,,,,1.40083256147745,1.3464670786984833e-07,0.0005071821783793264,5.364991375245154e-05,0.0005443858681246638,1.388688325881958,1.000278607657139,1.000077247619629,1.0005446791648864,0.999861867399479,0.9999613761901855,0.9999936819076538,0.01833408613691951,0.018020865571665996,0.032539267381582755,,,,,,,,,262.0,0.010172855599229357,0.001795743234393102,1.0000007152557373,1.0000126361846924,1.0000323057174683,1.000156044960022,1.0009082555770874,1.1717514991760254,0.0008553652031383106,0.9238091111183167,0.9997277796268463,0.999921977519989,0.9999838471412659,0.999996542930603,0.9999996423721313,0.011309979776711188,1.6825840756825933e-06,0.003637234197271663,0.00906771391844886,0.0270667825443706,0.03454344365138085,0.16111773651161485,262
bayesfl_observability_v1,ola_lr0p02_b128_e1,11,ola,299,23,48,1,1,128,0.9669675827026367,0.9669675827026367,0.0,0.0,0.8958333333333334,0.9669675827026367,0.12981605131746832,0.024036318063735962,0.9998218718953352,0.12981605131746832,,-0.0,2.185987945410232,,,,,,,,,,,,,0.9669675827026367,0.0,0.00041397781993152925,4.999569682695437e-05,0.0005120831774547696,1.444361925125122,1.0002711337207986,1.0000756978988647,1.0005048632621765,0.9998654571985863,0.9999621510505676,0.9999933242797852,0.018339986666592666,0.01801824268717646,0.03255406653177425,,,,,,,,,48.0,0.008141133062458738,0.001670693310749861,1.0000008344650269,1.0000133514404297,1.0000331401824951,1.00016450881958,1.0008412063121797,1.176284909248352,0.0008018050821280046,0.9220272302627563,0.9997476279735565,0.99991774559021,0.9999834299087524,0.999996542930603,0.9999995827674866,0.011324118890972257,3.66773087055879e-07,0.0036601270430316924,0.009062044251455369,0.027057499919435787,0.0345490785621081,0.16251833499777127,48
bayesfl_observability_v1,ola_lr0p02_b128_e1,11,ola,63,5,8,1,1,128,1.6069458723068237,1.6069458723068237,0.0,0.0,0.375,1.6069458723068237,0.1873880660591495,0.022211238741874695,0.9996281684417828,0.1873880660591495,,-0.0,2.3292713582565514,,,,,,,,,,,,,1.6069458723068237,0.0,0.000862589342828224,7.735847611911595e-05,0.0008538965892512366,1.2333476543426514,1.0003119150945898,1.0000898838043213,1.000562071800232,0.99984567523928,0.9999550580978394,0.9999931454658508,0.018340041463443178,0.01801348107913704,0.03254016546315821,,,,,,,,,8.0,0.01454211862179992,0.0021237834959975865,1.0000008344650269,1.0000137090682983,1.0000337362289429,1.0001816749572754,1.0009532630443574,1.1470495462417603,0.0010104802376211515,0.9337033033370972,0.9997190833091736,0.9999091625213623,0.9999831318855286,0.9999968409538269,0.9999995827674866,0.011320263553137842,1.0554235884159382e-06,0.003637001326137138,0.009061801672940704,0.027068266580409974,0.034553079377062035,0.1317140226492129,8
bayesfl_observability_v1,ola_lr0p02_b128_e1,11,ola,78,6,10,1,1,128,1.0688127279281616,1.0688127279281616,0.0,0.0,0.9,1.0688127279281616,0.12420435563206288,0.01840227097272873,0.999836891169406,0.12420435563206288,,0.6554817739013927,1.6692820093029912,,,,,,,,,,,,,1.0688127279281616,0.0,0.00037896047635113716,4.13838388340082e-05,0.0005420910543762148,0.8466088771820068,1.0002679494821898,1.0000747442245483,1.000523817539215,0.9998669791569512,0.9999626278877258,0.9999935626983643,0.018339141844595962,0.018020923661052922,0.032547983083119916,,,,,,,,,10.0,0.005566267089731634,0.0016060297508028612,1.0000007152557373,1.0000128746032715,1.000032663345337,1.0001604557037354,1.000860995054245,1.1276227235794067,0.0007751533428774807,0.941711962223053,0.999738210439682,0.9999197721481323,0.9999836683273315,0.9999967217445374,0.9999996423721313,0.01132057807824896,2.7753411879732543e-07,0.0036501698574476354,0.00906558485240249,0.027065431313844576,0.034550622927424446,0.13857401587944457,10
bayesfl_observability_v1,ola_lr0p02_b128_e1,11,ola,22,1,257,3,1,128,0.99093756833429,0.9909375079179088,7.235107577816466e-08,7.235107577816466e-08,0.7976653696498055,0.9909375079179088,0.3056512966851399,0.04791634529829025,0.9990144417903962,0.3056512966851399,,0.4385302006761509,1.8631715997773055,,,,,,,,,,,,,0.9909375079179088,7.235107577816466e-08,0.0003720667844235003,3.309598832856864e-05,0.0005099766713101418,0.7672509551048279,1.0002673235438106,1.0000736713409424,1.000527262687683,0.9998673577545035,0.9999631643295288,0.9999935030937195,0.01835491554706033,0.01802516963845066,0.03257135713099772,,,,,,,,,257.0,0.006803464883743314,0.0016632753496237725,1.0000007152557373,1.000012993812561,1.0000301599502563,1.0001500844955444,1.000851458311081,1.1212791204452515,0.000801464694419632,0.9443720579147339,0.999736487865448,0.9999249577522278,0.9999849200248718,0.9999964237213135,0.9999996423721313,0.011360711714231827,2.0471210916665147e-07,0.003653354333238092,0.00907390878904495,0.027063861280119658,0.034602082731667795,0.15781689285144063,257
bayesfl_observability_v1,ola_lr0p02_b128_e1,11,ola,126,10,285,3,1,128,0.9371229645453001,0.9371228928105872,6.16612119461423e-08,6.16612119461423e-08,0.8315789473684211,0.9371228928105872,0.23427109326416676,0.029779639095067978,0.9994214479622007,0.23427109326416676,,0.8109234426674724,1.4398861295926373,,,,,,,,,,,,,0.9371228928105872,6.16612119461423e-08,0.00020583891585328827,2.678304554137867e-05,0.00024204443761846064,0.3604589104652405,1.0002522110212784,1.0000721216201782,1.0004971027374268,0.9998746907973414,0.9999639391899109,0.9999935626983643,0.01835135130659006,0.018011759950548545,0.03256502245796654,,,,,,,,,285.0,0.0030339437119072917,0.0014613478991827935,1.0000007152557373,1.0000128746032715,1.0000303983688354,1.000144362449646,1.0008132457733154,1.1227973699569702,0.0007095290655027496,0.9437333345413208,0.9997515082359314,0.999927818775177,0.9999848008155823,0.9999968409538269,0.9999996423721313,0.011351970133750285,6.125241575188188e-07,0.003660718041427438,0.00909210412694673,0.027054319713724555,0.034586840671788764,0.14838266374477488,285
bayesfl_observability_v1,ola_lr0p02_b128_e1,11,ola,284,22,252,2,1,128,0.590384422786652,0.5903843787927476,3.953546885285837e-08,3.953546885285837e-08,0.9682539682539683,0.5903843787927476,0.18303731273623802,0.03555262088775635,0.9996465149663868,0.18303731273623802,,0.042414731858117456,2.1445043425723562,,,,,,,,,,,,,0.5903843787927476,3.953546885285837e-08,0.00023914322750499505,2.459308598190546e-05,0.0002689469169126824,0.884445071220398,1.0002552389360615,1.0000715255737305,1.0004876852035522,0.9998732169707374,0.9999642372131348,0.9999934434890747,0.018345769918499382,0.018028498284868293,0.03256226117117827,,,,,,,,,252.0,0.004885122388765055,0.0015003927786599567,1.0000007152557373,1.0000131130218506,1.000030755996704,1.0001531839370728,1.0008094429969787,1.1253834962844849,0.0007267380063983007,0.9426484107971191,0.9997562766075134,0.9999234080314636,0.999984622001648,0.9999967217445374,0.9999996423721313,0.011340310074361091,8.685059207554824e-07,0.00366454307259918,0.009063103192248508,0.027062604875924014,0.03457065406331401,0.1711800829033071,252
bayesfl_observability_v1,ola_lr0p02_b128_e1,11,ola,212,17,239,2,1,128,1.0326644977765103,1.0326644700940184,3.317551069563652e-08,3.317551069563652e-08,0.891213389121339,1.0326644700940184,0.19318677302572573,0.028047755360603333,0.9996059655994636,0.19318677302572573,,0.8353546496930009,1.4841423980608157,,,,,,,,,,,,,1.0326644700940184,3.317551069563652e-08,0.0002474482352323538,1.983259335247567e-05,0.00025875404244288827,0.5037598013877869,1.0002559948895247,1.000071406364441,1.0004957914352417,0.9998728572355924,0.9999642968177795,0.9999937415122986,0.0183470249621721,0.018009953012658793,0.032553234918841094,,,,,,,,,239.0,0.004366959753344644,0.0015142225932032283,1.0000007152557373,1.0000125169754028,1.0000299215316772,1.0001466274261475,1.0008267164230347,1.1210381984710693,0.0007356838154667526,0.9444735050201416,0.9997521638870239,0.9999266862869263,0.9999850392341614,0.9999967813491821,0.9999996423721313,0.011335119323217421,3.4605091864431186e-07,0.0036490771275071382,0.00905055315345497,0.02707005725950044,0.034574605862701106,0.13649047009183957,239
bayesfl_observability_v1,ola_lr0p02_b128_e1,11,ola,109,8,28,1,1,128,1.1816991567611694,1.1816991567611694,0.0,0.0,0.8928571428571429,1.1816991567611694,0.11961987153367333,0.020328454673290253,0.9998486680755315,0.11961987153367333,,0.8583093118876355,1.4436829998723784,,,,,,,,,,,,,1.1816991567611694,0.0,0.0003515013053022836,3.1839555958868004e-05,0.0004308190924348313,1.0331153869628906,1.000265454914477,1.000072956085205,1.0005234599113464,0.9998682700130506,0.9999635219573975,0.9999935626983643,0.01833878976537194,0.018024841291286366,0.0325302617111998,,,,,,,,,28.0,0.006835103527288474,0.0016480556355589085,1.0000007152557373,1.0000128746032715,1.0000314712524414,1.0001499652862549,1.0008571803569795,1.1366825103759766,0.0007916323550035045,0.9379515647888184,0.9997383892536164,0.9999250173568726,0.9999842643737793,0.9999967813491821,0.9999996423721313,0.011317983822234838,1.1815727144766781e-07,0.00363661883432497,0.009065308257892177,0.02706576095568235,0.034540524074216754,0.1379450593457592,28
bayesfl_observability_v1,ola_lr0p02_b128_e1,11,ola,46,3,44,1,1,128,1.350774884223938,1.350774884223938,0.0,0.0,0.7727272727272727,1.350774884223938,0.15338612684208236,0.032294437289237976,0.9997509392602698,0.15338612684208236,,0.7751254239840702,1.531153988824562,,,,,,,,,,,,,1.350774884223938,0.0,0.0005779528594699807,3.501191531540826e-05,0.0006070445233490323,2.607326030731201,1.0002860409789205,1.0000759363174438,1.0005691289901733,0.9998583618750257,0.9999620318412781,0.9999931454658508,0.018339388091721528,0.018020307969180707,0.03254891636303395,,,,,,,,,44.0,0.012807512815081981,0.001983115072576854,1.0000008344650269,1.0000137090682983,1.000030755996704,1.0001627206802368,1.0009321093559265,1.2846466302871704,0.000920393245674139,0.8822835087776184,0.9997155547142029,0.9999186396598816,0.999984622001648,0.9999964833259583,0.9999995827674866,0.01132003949525556,1.357001409684578e-07,0.003647912958976806,0.009063906486136135,0.02706166658271992,0.034538500678088405,0.16096573016766152,44
bayesfl_observability_v1,ola_lr0p02_b128_e1,11,ola,7,0,152,2,1,128,1.6393069719013416,1.639306953078822,1.1103522312121066e-08,1.1103522312121066e-08,0.5,1.639306953078822,0.19106760173607784,0.02073555439710617,0.9996137345524582,0.19106760173607784,,1.264349492321815,1.032554209297049,,,,,,,,,,,,,1.639306953078822,1.1103522312121066e-08,0.0002578386253975767,3.983099122706335e-05,0.00038047389825806037,0.2866698205471039,1.0002569382347901,1.0000725984573364,1.0005125999450684,0.9998723368478616,0.9999637007713318,0.9999935626983643,0.01834052875096911,0.01800609364169012,0.03254750923063634,,,,,,,,,152.0,0.0026232096632423985,0.0014691967372298697,1.0000007152557373,1.0000128746032715,1.000030755996704,1.0001471042633057,1.0008350729942321,1.1238640546798706,0.0007136881788580582,0.9432854056358337,0.9997437596321106,0.9999264478683472,0.999984622001648,0.9999962449073792,0.9999996423721313,0.011323882931639748,9.453408901791638e-08,0.0036568761129855826,0.009064334092539067,0.027058888365590852,0.03455770483299167,0.12580320235140555,152
bayesfl_observability_v1,ola_lr0p02_b128_e1,11,ola,188,15,69,1,1,128,2.2194583415985107,2.2194583415985107,0.0,0.0,0.17391304347826086,2.2194583415985107,0.16897073256236408,0.020576369017362595,0.9996972666434235,0.16897073256236408,,0.7873390100049964,1.5118297685691615,,,,,,,,,,,,,2.2194583415985107,0.0,0.0007013636118103214,6.981917977100238e-05,0.0008343070861883474,1.0584675073623657,1.000297258263828,1.0000814199447632,1.000556230545044,0.9998526359536833,0.9999592900276184,0.9999933242797852,0.018333313222911804,0.01801429516563638,0.03253909877560942,,,,,,,,,69.0,0.010880402121724768,0.0018552862212765987,1.0000007152557373,1.0000133514404297,1.0000323057174683,1.0001685619354248,1.0009517788887023,1.1364959478378296,0.0008918341771879835,0.9380285143852234,0.9997220039367676,0.9999157190322876,0.9999838471412659,0.9999961853027344,0.9999996423721313,0.011305691203048578,4.2822148757690985e-07,0.0036440296624818598,0.00903764641700601,0.02705468451865557,0.0345118431873649,0.1275519933898388,69
bayesfl_observability_v1,ola_lr0p02_b128_e1,11,ola,27,2,611,5,1,128,0.5000281886558876,0.5000279284221061,2.59777598912791e-07,2.59777598912791e-07,0.9083469721767594,0.5000279284221061,0.32326111687379855,0.053887635469436646,0.9988973578742038,0.32326111687379855,,0.08162587036147914,2.2275297802473157,,,,,,,,,,,,,0.5000279284221061,2.59777598912791e-07,0.00020466150275483518,1.6299885828630067e-05,0.0002543430629884826,0.5160247683525085,1.0002521026376963,1.000070333480835,1.0004947185516357,0.9998748046101762,0.9999648332595825,0.9999937415122986,0.018354368106949997,0.018028200561383257,0.03257036754449473,,,,,,,,,611.0,0.004201413319717661,0.0015181292422341143,1.0000007152557373,1.0000125169754028,1.0000286102294922,1.000144124031067,1.0008146345615387,1.120952844619751,0.000735749550701855,0.9445095062255859,0.9997527003288269,0.9999279379844666,0.9999856948852539,0.9999966621398926,0.9999996423721313,0.011361106039032011,4.718949226099809e-07,0.003658676583999303,0.00906795002124284,0.027055714316944254,0.03460988377350918,0.15657460544336543,611
bayesfl_observability_v1,ola_lr0p02_b128_e1,11,ola,273,21,112,1,1,128,0.8754499554634094,0.8754499554634094,0.0,0.0,0.9553571428571429,0.8754499554634094,0.12668173149680081,0.023575350642204285,0.9998304409346601,0.12668173149680081,,0.04690514858239692,2.1408414767998805,,,,,,,,,,,,,0.8754499554634094,0.0,0.00039422869820973834,4.265623283572495e-05,0.00045966575562488325,1.3894929885864258,1.000269338731343,1.0000745058059692,1.000503420829773,0.999866331550758,0.9999627470970154,0.9999933838844299,0.018340356726554916,0.018020319721001175,0.03255197241800923,,,,,,,,,112.0,0.007792538914651632,0.0016505629199984127,1.0000007152557373,1.0000132322311401,1.0000327825546265,1.0001651048660278,1.0008387565612793,1.1712968349456787,0.0007929393106783495,0.923988401889801,0.9997483491897583,0.9999174475669861,0.9999836087226868,0.9999966025352478,0.9999996423721313,0.011325111410318944,4.435902445594552e-07,0.003658309200683793,0.009062448611132918,0.027057483047033946,0.03455379435664128,0.1616744999805694,112
bayesfl_observability_v1,ola_lr0p02_b128_e1,11,ola,142,11,1305,11,1,128,0.9519691013741767,0.9519686282366172,4.7149043625705273e-07,4.7149043625705273e-07,0.782375478927203,0.9519686282366172,0.4341872740289461,0.056436628103256226,0.9980233181875228,0.4341872740289461,,1.0393456977703441,1.2528709717652187,,,,,,,,,,,,,0.9519686282366172,4.7149043625705273e-07,9.031754412528374e-05,1.5876677025516983e-05,0.00013223998539615425,0.09733428806066513,1.0002417090916735,1.0000689625740051,1.0004782676696777,0.9998798464825641,0.9999655187129974,0.9999936819076538,0.018378074189116918,0.018014523916629905,0.032606016879915996,,,,,,,,,1305.0,0.001005745494906201,0.0013683724625934825,1.0000007152557373,1.0000126361846924,1.0000295639038086,1.0001397132873535,1.0007918536663056,1.1206820011138916,0.0006662190571384917,0.944623589515686,0.9997609853744507,0.9999301433563232,0.9999852180480957,0.9999966025352478,0.9999996423721313,0.011427294859378182,3.670091965133463e-08,0.0036425205136099118,0.009021769347210724,0.02707788768014012,0.034688876148326976,0.15364353123504368,1305
bayesfl_observability_v1,ola_lr0p02_b128_e1,11,ola,162,13,1,1,1,128,0.5472931861877441,0.5472931861877441,0.0,0.0,1.0,0.5472931861877441,0.22310451228191966,0.041023895144462585,0.9994735063823345,0.22310451228191966,,-0.0,2.3155014849272724,,,,,,,,,,,,,0.5472931861877441,0.0,0.0012227480230324812,3.105384166701697e-05,0.0017762501956894994,4.207399368286133,1.0003446593246654,1.0000816583633423,1.0007243275642395,0.9998298877253331,0.9999591708183289,0.9999933242797852,0.01834621467094944,0.01800704100182028,0.03255858664860055,,,,,,,,,1.0,0.021053655493181535,0.002582905746957414,1.0000007152557373,1.0000133514404297,1.00003182888031,1.0001941919326782,1.0012456834316255,1.428062915802002,0.0011441766540420276,0.836808979511261,0.9996380150318146,0.9999029040336609,0.999984085559845,0.9999968409538269,0.9999996423721313,0.011335800471131103,1.4242710078898594e-07,0.0036583182197285477,0.009067408112470483,0.02707159216737908,0.03456689085510141,0.17801290304177825,1
bayesfl_observability_v1,ola_lr0p02_b128_e1,12,ola,97,7,4,1,1,128,1.5895500183105469,1.5895500183105469,0.0,0.0,0.25,1.5895500183105469,0.15777335543695747,0.016830511391162872,0.9997375061305505,0.15777335543695747,,0.6931471805599453,1.5580197962672118,,,,,,,,,,,,,1.5895500183105469,0.0,0.0006114875013991029,4.762578828376718e-05,0.0009642982680816209,0.7081654667854309,1.000282459736011,1.0000765323638916,1.0005500435829162,0.9998597565868157,0.9999617338180542,0.999993085861206,0.0183593936136261,0.018017300214594058,0.0325695425060276,,,,,,,,,4.0,0.006544872412156333,0.00162867217373905,1.0000007152557373,1.000013828277588,1.000033974647522,1.0001736879348755,1.0008729696273804,1.1116892099380493,0.000788410091344323,0.9484365582466125,0.9997250974178314,0.9999131560325623,0.999983012676239,0.9999963045120239,0.9999996423721313,0.011371271535555942,3.291029673160578e-07,0.0036517861996388274,0.009057491348715535,0.027072456108530693,0.03462667678647931,0.14633319438863823,4
bayesfl_observability_v1,ola_lr0p02_b128_e1,12,ola,131,10,45,1,1,128,1.3632681369781494,1.3632681369781494,0.0,0.0,0.8,1.3632681369781494,0.17061941017603416,0.03332073986530304,0.9996932350790583,0.17061941017603416,,0.742378396193409,1.5708860200036903,,,,,,,,,,,,,1.3632681369781494,0.0,0.0007151170199574651,4.3419302528491244e-05,0.0009050753200426724,2.775678873062134,1.0002910952384385,1.000077724456787,1.000566840171814,0.9998558986212751,0.9999611377716064,0.9999932050704956,0.018362529509822863,0.018010564119674256,0.03258395288769603,,,,,,,,,45.0,0.014823275626492253,0.002026495946890668,1.0000008344650269,1.0000135898590088,1.0000321865081787,1.0001620054244995,1.0009288907051086,1.27901029586792,0.0009421837228737621,0.8842253684997559,0.9997166991233826,0.9999189972877502,0.9999839067459106,0.9999967813491821,0.9999995827674866,0.011380286600829273,2.284793316277067e-09,0.003642518227543629,0.009065249113649991,0.02705564844792747,0.03461745559370991,0.15997081869418991,45
bayesfl_observability_v1,ola_lr0p02_b128_e1,12,ola,132,10,381,3,1,128,0.9211073295650832,0.9211072308497792,9.752613953046695e-08,9.752613953046695e-08,0.8267716535433071,0.9211072308497792,0.23060279804354133,0.028030306100845337,0.9994416880244157,0.23060279804354133,,0.9889320457164062,1.276983504145674,,,,,,,,,,,,,0.9211072308497792,9.752613953046695e-08,0.00021546559651165493,2.5871222533169203e-05,0.0002839916705852376,0.3368934988975525,1.000249457857142,1.000070571899414,1.0004897236824035,0.9998760401722349,0.999964714050293,0.9999938011169434,0.01837266875035783,0.01798949577452156,0.03259445601102346,,,,,,,,,381.0,0.0028933512630333197,0.0014342673200664646,1.0000007152557373,1.0000123977661133,1.0000299215316772,1.0001411437988281,1.0008026361465454,1.1117467880249023,0.0006978371469184895,0.9484120607376099,0.999755197763443,0.9999294281005859,0.9999850392341614,0.9999968409538269,0.9999996423721313,0.011406086432792999,4.815011070798266e-07,0.003658916870564694,0.009083402541076951,0.02705837930422425,0.03467390970286313,0.14467572961770878,381
bayesfl_observability_v1,ola_lr0p02_b128_e1,12,ola,219,17,79,1,1,128,1.4700357913970947,1.4700357913970947,0.0,0.0,0.6582278481012658,1.4700357913970947,0.15048489778619517,0.0252772718667984,0.9997612890542008,0.15048489778619517,,0.8512212851081872,1.4493005765096665,,,,,,,,,,,,,1.4700357913970947,0.0,0.0005562961662877533,5.031585715187248e-05,0.0008305425464641303,1.597350835800171,1.0002778594498785,1.000077724456787,1.0005524158477783,0.9998621224888512,0.9999611377716064,0.9999932646751404,0.01836064228592398,0.01800719701306238,0.032579709995299896,,,,,,,,,79.0,0.008522620475912589,0.0016947037677449283,1.0000007152557373,1.0000134706497192,1.0000309944152832,1.0001555681228638,1.0008984804153442,1.1808162927627563,0.0008116910564513494,0.9202563762664795,0.9997239112854004,0.9999222159385681,0.9999845027923584,0.9999968409538269,0.9999996423721313,0.011373767525689268,7.474416054863185e-08,0.0036526791545900433,0.00906769227920886,0.027059924464826857,0.034623215443873874,0.14496698045367015,79
bayesfl_observability_v1,ola_lr0p02_b128_e1,12,ola,102,8,8,1,1,128,1.8830766677856445,1.8830766677856445,0.0,0.0,0.5,1.8830766677856445,0.1479620424635365,0.014741133898496628,0.9997690373879207,0.1479620424635365,,1.0735428464085233,1.2939773289156493,,,,,,,,,,,,,1.8830766677856445,0.0,0.0005378001079268637,8.822300878819078e-05,0.0007953381631523373,0.5432523488998413,1.0002763192604693,1.0000795125961304,1.0005412101745605,0.9998627592880787,0.9999602437019348,0.9999931454658508,0.01835757330850208,0.01799365186309601,0.032561864021882984,,,,,,,,,8.0,0.0057554965622182925,0.0015686438083040049,1.000001072883606,1.0000137090682983,1.0000334978103638,1.0001626014709473,1.0008910357952119,1.1114356517791748,0.0007617904833698277,0.9485447406768799,0.9997295141220093,0.9999186992645264,0.9999832510948181,0.9999961256980896,0.999999463558197,0.0113668549466986,1.1305206250010069e-07,0.003636731036152759,0.00905293941600205,0.027071309347880032,0.03460980037646601,0.1302025752602035,8
bayesfl_observability_v1,ola_lr0p02_b128_e1,12,ola,105,8,413,4,1,128,0.9902622574178127,0.9902622121009642,4.549543703512579e-08,4.549543703512579e-08,0.8329297820823245,0.9902622121009642,0.196195575042444,0.02433912456035614,0.9995982105632886,0.196195575042444,,1.5226552204244723,0.7426563375743231,,,,,,,,,,,,,0.9902622121009642,4.549543703512579e-08,8.503953191484817e-05,1.652739229029976e-05,0.0001350287086097524,0.1005815863609314,1.0002385883969924,1.0000667572021484,1.0004682540893555,0.9998814014340356,0.9999666213989258,0.9999938011169434,0.018379160063191367,0.018010693137860887,0.03261236067372033,,,,,,,,,413.0,0.0007314867726632082,0.0013629765111182253,1.0000007152557373,1.0000123977661133,1.0000286102294922,1.0001370906829834,1.0007686614990234,1.113419532775879,0.0006640195914465655,0.9476993680000305,0.9997659921646118,0.9999314546585083,0.9999856948852539,0.9999968409538269,0.9999996423721313,0.01142179667478184,2.234399008283451e-07,0.0036466156151365716,0.00906663777023073,0.02706803264452297,0.0346779397737151,0.15766830704897905,413
bayesfl_observability_v1,ola_lr0p02_b128_e1,12,ola,0,0,68,1,1,128,1.485929250717163,1.485929250717163,0.0,0.0,0.6470588235294118,1.485929250717163,0.21107435171971967,0.027819454669952393,0.9995304998294995,0.21107435171971967,,0.07081055490819625,2.2089094885596023,,,,,,,,,,,,,1.485929250717163,0.0,0.0010944380462959687,8.330632772413082e-05,0.0011650391155853868,1.934805154800415,1.0003227056566268,1.0000842809677124,1.0006089448928832,0.9998405149312857,0.9999578595161438,0.9999933838844299,0.01836340732835971,0.01798695483847971,0.03257958410906573,,,,,,,,,68.0,0.018002853259532586,0.0022887542058634995,1.0000007152557373,1.0000132322311401,1.0000357627868652,1.0001671016216278,1.0010292530059814,1.1990225315093994,0.0010755980899139264,0.9132429361343384,0.999695646762848,0.9999164491891861,0.9999821186065674,0.9999968409538269,0.9999996423721313,0.011384068953688936,6.297514558288376e-07,0.003655916363219709,0.009063914181019992,0.027070139819920177,0.034632662033299164,0.13671941133832416,68
bayesfl_observability_v1,ola_lr0p02_b128_e1,12,ola,275,22,84,1,1,128,1.0409265756607056,1.0409265756607056,0.0,0.0,0.7976190476190477,1.0409265756607056,0.09916116467355494,0.014230526983737946,0.9998965378611695,0.09916116467355494,,1.0439788738046754,1.2487548086232239,,,,,,,,,,,,,1.0409265756607056,0.0,0.0002415480285122182,2.867810326279141e-05,0.00032396288588643074,0.5062698721885681,1.0002516296859385,1.0000697374343872,1.0004900693893433,0.9998749650009632,0.9999651312828064,0.9999932646751404,0.018360533808890633,0.018004872432951687,0.0325752071350436,,,,,,,,,84.0,0.0033140298796718566,0.0014440974258789613,1.0000007152557373,1.0000134706497192,1.0000309944152832,1.0001417398452759,1.0008167028427124,1.1113951206207275,0.0007026511367803819,0.9485620856285095,0.9997550249099731,0.9999291300773621,0.9999845027923584,0.9999964833259583,0.9999996423721313,0.011373905407652466,5.363397503547307e-07,0.003649518103189023,0.009041281460440462,0.027078521903873543,0.034631060389725354,0.13864388696494875,84
bayesfl_observability_v1,ola_lr0p02_b128_e1,12,ola,257,20,1,1,1,128,1.130855917930603,1.130855917930603,0.0,0.0,1.0,1.130855917930603,0.29632583740022417,0.044212810695171356,0.9990755705068638,0.29632583740022417,,-0.0,2.4040642619438994,,,,,,,,,,,,,1.130855917930603,0.0,0.0021570454880016346,8.161213918356225e-05,0.0015197606757283292,4.886932373046875,1.0004112549353832,1.00009024143219,1.0007716417312622,0.9997981198998113,0.999954879283905,0.9999933242797852,0.01837162594576121,0.01800866230958277,0.032587514355730325,,,,,,,,,1.0,0.03309636466817539,0.0033961580029864638,1.0000007152557373,1.0000133514404297,1.0000379085540771,1.0001951456069946,1.0014366030693054,1.447492003440857,0.0014770378394953344,0.8311738967895508,0.999614417552948,0.9999024271965027,0.9999810457229614,0.9999963641166687,0.9999996423721313,0.011406169520453322,3.996698636601268e-07,0.0036415014013633164,0.009040798865019482,0.027073973064169955,0.034668466298105265,0.14812044136575,1
bayesfl_observability_v1,ola_lr0p02_b128_e1,12,ola,39,3,138,2,1,128,1.543563493783923,1.5435634851455688,7.197667647081592e-09,7.197667647081592e-09,0.463768115942029,1.5435634851455688,0.24192235839687184,0.03572055697441101,0.9993839276138301,0.24192235839687184,,0.778571268152444,1.5315510853062817,,,,,,,,,,,,,1.5435634851455688,7.197667647081592e-09,0.0003910527549127799,5.100965790916234e-05,0.00042062143329530977,0.8068059682846069,1.0002640894814114,1.0000755786895752,1.000502109527588,0.9998689184216253,0.9999622106552124,0.9999933838844299,0.01836533065300548,0.018001454640893564,0.032580766490576174,,,,,,,,,138.0,0.007285019666299233,0.0016115958682207116,1.0000007152557373,1.0000132322311401,1.0000317096710205,1.000144362449646,1.0008331656455993,1.111894130706787,0.0007803914996461252,0.9483491778373718,0.9997490048408508,0.999927818775177,0.9999841451644897,0.9999963641166687,0.9999996423721313,0.011396270025496128,1.5122264582809344e-07,0.003647850468441722,0.00904957823699123,0.027065019747549626,0.0346547752336439,0.14166462243943656,138
bayesfl_observability_v1,ola_lr0p02_b128_e1,12,ola,49,3,150,2,1,128,1.2940052119890848,1.2940051945050557,1.4063032172847064e-08,1.4063032172847064e-08,0.5866666666666667,1.2940051945050557,0.20188738578635207,0.027153432369232178,0.9995713875844225,0.20188738578635207,,0.920597656574196,1.3497719675351394,,,,,,,,,,,,,1.2940051945050557,1.4063032172847064e-08,0.00031897685069330584,4.842871567234397e-05,0.00036453779321163923,0.5391998291015625,1.0002580831289127,1.0000725984573364,1.0004974722862243,0.9998718123943408,0.9999637007713318,0.9999932646751404,0.018366298560652,0.0180035241376418,0.03257547841246057,,,,,,,,,150.0,0.0048769422963741635,0.00151255633779535,1.0000008344650269,1.0000134706497192,1.0000317096710205,1.0001442432403564,1.0008244514465332,1.1115236282348633,0.0007354037604271259,0.9485072493553162,0.9997513234615326,0.9999278783798218,0.9999841451644897,0.9999963045120239,0.9999995827674866,0.011396097148652655,2.219577516657297e-07,0.0036614390979507164,0.009054420489417233,0.027071348063962882,0.034651635607557484,0.15094508819969102,150
bayesfl_observability_v1,ola_lr0p02_b128_e1,12,ola,167,13,86,1,1,128,1.3367465734481812,1.3367465734481812,0.0,0.0,0.6976744186046512,1.3367465734481812,0.09187843972241627,0.009978614747524261,0.9999111173712023,0.09187843972241627,,1.7378293573159467,0.5580381273299192,,,,,,,,,,,,,1.3367465734481812,0.0,0.00020737074281637586,2.0263651094865054e-05,0.0003033462911844256,0.2489318996667862,1.000248782370242,1.000068187713623,1.0004905581474304,0.9998763888948404,0.9999659061431885,0.9999938607215881,0.018359200370780544,0.0180024886554125,0.03256737819519499,,,,,,,,,86.0,0.0024659042418644487,0.0014462476140220195,1.0000007152557373,1.0000122785568237,1.0000296831130981,1.0001424551010132,1.0008005023002624,1.1312799453735352,0.0007024654574463587,0.9401885867118835,0.9997547805309296,0.9999287724494934,0.9999851584434509,0.9999968409538269,0.9999996423721313,0.011370054796883501,3.8224639262229643e-07,0.0036386054984476695,0.00904813744006333,0.027079952153707416,0.03460021181583977,0.13519536053531037,86
bayesfl_observability_v1,ola_lr0p02_b128_e1,12,ola,53,4,385,4,1,128,0.7612950934605165,0.7612949737480709,1.0858376327491128e-07,1.0858376327491128e-07,0.8831168831168831,0.7612949737480709,0.26190960015174625,0.0342949777841568,0.9992804907422911,0.26190960015174625,,0.6199400754114299,1.6563453455408537,,,,,,,,,,,,,0.7612949737480709,1.0858376327491128e-07,0.00018538353364640564,2.1749256120529026e-05,0.0002628262533107773,0.29719284176826477,1.0002469508788716,1.000070333480835,1.0004854202270508,0.9998772759316676,0.9999648332595825,0.9999935626983643,0.01837620737541479,0.01799734344466699,0.03260355420558109,,,,,,,,,385.0,0.0026654506182506887,0.001417188611546966,1.0000007152557373,1.0000128746032715,1.0000309944152832,1.0001376867294312,1.000792568922043,1.1115909814834595,0.0006898686117920054,0.9484785199165344,0.9997574090957642,0.9999311566352844,0.9999845027923584,0.9999967217445374,0.9999996423721313,0.011417887927022871,6.617501853649476e-07,0.0036534781093370337,0.009066394027787389,0.02706652499719167,0.0346905583751712,0.14252980265658285,385
bayesfl_observability_v1,ola_lr0p02_b128_e1,12,ola,36,2,72,1,1,128,1.5937292575836182,1.5937292575836182,0.0,0.0,0.5694444444444444,1.5937292575836182,0.12087706893668493,0.014048852026462555,0.9998459626680529,0.12087706893668493,,0.8732300140738931,1.4909129377062735,,,,,,,,,,,,,1.5937292575836182,0.0,0.00035892863026494804,3.811750138993375e-05,0.0005183325847610832,0.49342575669288635,1.0002614133365264,1.0000718832015991,1.0005078315734863,0.9998701587950444,0.9999640583992004,0.9999934434890747,0.018358509902759074,0.018009929047723246,0.03257766043606783,,,,,,,,,72.0,0.004397181047354087,0.001523528580893555,1.0000007152557373,1.0000131130218506,1.0000321865081787,1.0001556873321533,1.0008177757263184,1.1115461587905884,0.0007398485461471174,0.9484976530075073,0.9997461438179016,0.9999221563339233,0.9999839067459106,0.9999968409538269,0.9999996423721313,0.011369978199352565,1.134585226240386e-08,0.003641947590458998,0.00905971088046837,0.027064601524301613,0.034623704767154824,0.13127032028048785,72
bayesfl_observability_v1,ola_lr0p02_b128_e1,12,ola,147,11,14,1,1,128,1.2979463338851929,1.2979463338851929,0.0,0.0,0.5714285714285714,1.2979463338851929,0.11684682929424135,0.011786065995693207,0.9998561306483534,0.11684682929424135,,0.8918673953172509,1.3950007042270034,,,,,,,,,,,,,1.2979463338851929,0.0,0.00033539310769317005,3.592054054024629e-05,0.00043590995483100474,0.3472783863544464,1.0002594490785477,1.0000723600387573,1.0005104541778564,0.999871076620479,0.9999638199806213,0.9999933838844299,0.01835863539102997,0.01801684198787377,0.03257323694862142,,,,,,,,,14.0,0.0038180088101741243,0.0014618348679303348,1.0000007152557373,1.0000132322311401,1.0000321865081787,1.0001437664031982,1.0008326888084411,1.1113057136535645,0.0007122675297551391,0.9486002326011658,0.9997448325157166,0.9999281167984009,0.9999839067459106,0.999996542930603,0.9999996423721313,0.01137215512340873,1.4452838363761755e-07,0.003653358892528202,0.009035498125923129,0.02706680678062141,0.03462833234570949,0.13272460756341933,14
bayesfl_observability_v1,ola_lr0p02_b128_e1,13,ola,278,22,61,1,1,128,1.7565029859542847,1.7565029859542847,0.0,0.0,0.3114754098360656,1.7565029859542847,0.18060766451735646,0.0246979221701622,0.9996569407966561,0.18060766451735646,,0.3945326819623348,1.9802377464173406,,,,,,,,,,,,,1.7565029859542847,0.0,0.000801295304085188,7.288356573553756e-05,0.0009597586584277452,1.5249682664871216,1.000296049999139,1.0000797510147095,1.0005558729171753,0.9998534308138631,0.9999601244926453,0.9999934434890747,0.018372942131916873,0.01799758575245601,0.03258755784745895,,,,,,,,,61.0,0.014282943339751435,0.0020037263658895755,1.0000007152557373,1.0000131130218506,1.0000362396240234,1.0001698732376099,1.000908374786377,1.151741623878479,0.000954512295893874,0.9317995309829712,0.9997221827507019,0.9999150633811951,0.9999818801879883,0.9999967217445374,0.9999996423721313,0.011412083361400717,5.485444499577738e-07,0.003642692865229896,0.009048835397679353,0.02706684993685868,0.03466370918457232,0.14264748842705055,61
bayesfl_observability_v1,ola_lr0p02_b128_e1,13,ola,62,5,230,2,1,128,0.8686008007630058,0.8686007743296416,3.081163530692799e-08,3.081163530692799e-08,0.7782608695652173,0.8686007743296416,0.17921326969520085,0.018523380160331726,0.9996633285164155,0.17921326969520085,,0.7398855854147172,1.5046979575000918,,,,,,,,,,,,,0.8686007743296416,3.081163530692799e-08,0.00021984990393893468,2.4267718799819704e-05,0.00029711583629250544,0.23820845782756805,1.0002513219275433,1.0000697374343872,1.0004884004592896,0.9998751327016211,0.9999651312828064,0.999993622303009,0.018381064973467955,0.01800659797881843,0.03261421734543271,,,,,,,,,230.0,0.0026296021932010923,0.0014574387016784147,1.0000007152557373,1.000012755393982,1.000031590461731,1.0001423358917236,1.000791496038437,1.1184372901916504,0.0007090025094893692,0.9455710649490356,0.9997559189796448,0.9999288320541382,0.9999842047691345,0.9999967217445374,0.9999996423721313,0.011429496812159089,9.43537825912802e-07,0.0036410173016939266,0.009069514876112822,0.02707268093643162,0.034692946789100315,0.1592700427591591,230
bayesfl_observability_v1,ola_lr0p02_b128_e1,13,ola,188,15,69,1,1,128,1.3256922960281372,1.3256922960281372,0.0,0.0,0.7681159420289855,1.3256922960281372,0.14014363716883504,0.022199280560016632,0.9997936697254881,0.14014363716883504,,0.7873390100049964,1.5118297685691615,,,,,,,,,,,,,1.3256922960281372,0.0,0.0004824663528405327,5.695917388948146e-05,0.00048017920926213264,1.232020378112793,1.0002715246586267,1.0000771284103394,1.000515592098236,0.9998652951719954,0.9999614357948303,0.9999933838844299,0.018374401645637212,0.0180027303331146,0.03260189832731435,,,,,,,,,69.0,0.009197447052694296,0.001693687013863241,1.0000007152557373,1.0000132322311401,1.0000317096710205,1.0001436471939087,1.000858610868454,1.1442433595657349,0.0008164587611382408,0.9348475933074951,0.9997422635555268,0.9999281764030457,0.9999841451644897,0.9999963641166687,0.9999996423721313,0.011416192423051044,9.603203433189853e-08,0.0036501146592444553,0.009057579849666058,0.027064846743864328,0.03468064592036289,0.13934732290855223,69
bayesfl_observability_v1,ola_lr0p02_b128_e1,13,ola,177,14,173,2,1,128,1.1766677181844767,1.17666768717628,3.024989646055369e-08,3.024989646055369e-08,0.7109826589595376,1.17666768717628,0.21780693227435574,0.03598833829164505,0.9995023928086609,0.21780693227435574,,0.7072416889214992,1.6019064244591992,,,,,,,,,,,,,1.17666768717628,3.024989646055369e-08,0.00034706904137522625,4.6201361328712665e-05,0.00039925831370055706,0.8983123302459717,1.0002611092562008,1.0000752210617065,1.0004985332489014,0.999870364707217,0.9999623894691467,0.9999932050704956,0.01838050022301138,0.0180031560753914,0.03261212432661019,,,,,,,,,173.0,0.0065479267477009774,0.001573048169202797,1.0000007152557373,1.0000135898590088,1.0000317096710205,1.0001434087753296,1.0008199334144592,1.1185734272003174,0.0007625171758528628,0.9455135464668274,0.9997507929801941,0.9999282956123352,0.9999841451644897,0.9999964237213135,0.9999996423721313,0.011435570216077174,1.0064249740901856e-08,0.0036464889056732138,0.00907123716825222,0.027062001374939564,0.03470279468792209,0.14409604121755526,173
bayesfl_observability_v1,ola_lr0p02_b128_e1,13,ola,154,12,5,1,1,128,1.9205124378204346,1.9205124378204346,0.0,0.0,0.6,1.9205124378204346,0.18726706602027923,0.02106568217277527,0.9996311401527992,0.18726706602027923,,0.9502705392332347,1.3902817953906008,,,,,,,,,,,,,1.9205124378204346,0.0,0.0008614757882037448,8.547902689315379e-05,0.0013013616786338447,1.1094075441360474,1.00030067958918,1.000078797340393,1.0006061792373657,0.9998508450177185,0.9999606013298035,0.9999935030937195,0.018373031464284574,0.018000396774331233,0.03259725498674048,,,,,,,,,5.0,0.009428663801275439,0.001792173948270863,1.0000007152557373,1.000012993812561,1.0000367164611816,1.0001578330993652,1.0009679257869721,1.14870023727417,0.0008623189107985576,0.933032214641571,0.9996970295906067,0.9999210834503174,0.9999816417694092,0.9999967813491821,0.9999996423721313,0.011408055028349831,1.015257275448682e-06,0.003629264856919947,0.009062474956664093,0.027078369812669718,0.03465611606460627,0.13642321738916682,5
bayesfl_observability_v1,ola_lr0p02_b128_e1,13,ola,22,1,257,3,1,128,0.8095238787422848,0.8095238185578283,6.312442797786004e-08,6.312442797786004e-08,0.867704280155642,0.8095238185578283,0.25358793958875714,0.04069975018501282,0.9993264339580286,0.25358793958875714,,0.4385302006761509,1.8631715997773055,,,,,,,,,,,,,0.8095238185578283,6.312442797786004e-08,0.0002731197170427323,2.344166932743974e-05,0.00035304619814269315,0.5685605406761169,1.0002554203129312,1.0000709295272827,1.000499963760376,0.9998731596578582,0.9999645352363586,0.9999935030937195,0.01838799105440294,0.018024409929129116,0.03262279842570518,,,,,,,,,257.0,0.00498865609397311,0.0015294031597503502,1.0000007152557373,1.000012993812561,1.000030517578125,1.000143051147461,1.0008033514022827,1.1043928861618042,0.0007418628593368151,0.9515644311904907,0.9997500777244568,0.9999284744262695,0.9999847412109375,0.9999967813491821,0.9999996423721313,0.011445825058570523,1.0046828048119905e-06,0.003657367808343118,0.009073607107062284,0.027074063569037722,0.03471470086016156,0.1536081013643614,257
bayesfl_observability_v1,ola_lr0p02_b128_e1,13,ola,137,11,171,2,1,128,1.252734587206478,1.252734557229873,2.3731442012288887e-08,2.3731442012288887e-08,0.695906432748538,1.252734557229873,0.21540591942884138,0.030450232326984406,0.999513270259862,0.21540591942884138,,0.6827231249542707,1.62788476164325,,,,,,,,,,,,,1.252734557229873,2.3731442012288887e-08,0.0003140514013314343,3.850705434160773e-05,0.0003945143456803638,0.6069384813308716,1.000258569901545,1.0000743865966797,1.0004981756210327,0.9998715832400464,0.9999628067016602,0.9999933242797852,0.01838061165803485,0.018007278508428877,0.032609338596123374,,,,,,,,,171.0,0.004768061613325071,0.00152561058186885,1.0000007152557373,1.0000133514404297,1.0000313520431519,1.0001410245895386,1.0008161067962646,1.1044292449951172,0.0007415555500836552,0.9515487551689148,0.9997509717941284,0.9999294877052307,0.9999843239784241,0.9999963641166687,0.9999996423721313,0.01143351313342075,3.9479325451066187e-07,0.0036623965602348004,0.0090590584503332,0.027068973176994544,0.034707588286510514,0.1378592549126303,171
bayesfl_observability_v1,ola_lr0p02_b128_e1,13,ola,138,11,64,1,1,128,1.1491336822509766,1.1491336822509766,0.0,0.0,0.75,1.1491336822509766,0.10199167169165582,0.014268383383750916,0.9998908288903329,0.10199167169165582,,1.1844657730950183,1.1205255670011776,,,,,,,,,,,,,1.1491336822509766,0.0,0.00025553458038052486,2.5349132556584664e-05,0.00033536203554831464,0.5089666843414307,1.0002540684278136,1.0000698566436768,1.0004969954490661,0.9998737845900392,0.9999650716781616,0.9999931454658508,0.018375213743039076,0.017998317377971182,0.03259658225353692,,,,,,,,,64.0,0.003868846922361581,0.0014811490543339754,1.0000007152557373,1.0000137090682983,1.0000308752059937,1.0001389980316162,1.0008087158203125,1.104474425315857,0.0007199468827308107,0.951529324054718,0.9997515618801117,0.9999305009841919,0.9999845623970032,0.9999967217445374,0.9999996423721313,0.01141169667409863,7.075215537706457e-08,0.0036478984649418746,0.009061527406608687,0.027072051986268258,0.03466650565491102,0.1398457366586828,64
bayesfl_observability_v1,ola_lr0p02_b128_e1,13,ola,131,10,45,1,1,128,1.052777647972107,1.052777647972107,0.0,0.0,0.8,1.052777647972107,0.14153587556520505,0.027257636189460754,0.9997896405912731,0.14153587556520505,,0.742378396193409,1.5708860200036903,,,,,,,,,,,,,1.052777647972107,0.0,0.0004920999464838318,3.666960583359469e-05,0.0006071188545320183,1.8574460744857788,1.0002722640584327,1.0000730752944946,1.0005253672599792,0.9998649962298397,0.9999634623527527,0.9999929070472717,0.018376962402210865,0.018017831280444842,0.03260117507478288,,,,,,,,,45.0,0.010913291155872279,0.0017647987230104902,1.0000008344650269,1.0000141859054565,1.000032663345337,1.0001505613327026,1.0008520007133483,1.1999634504318237,0.000839030869693178,0.9128848314285278,0.9997374355793,0.9999247193336487,0.9999836683273315,0.9999967217445374,0.9999995827674866,0.011417398652697643,1.0719686267450228e-07,0.003642779319895044,0.009071545837529352,0.027068657912509446,0.034677294115741344,0.15624397267460513,45
bayesfl_observability_v1,ola_lr0p02_b128_e1,13,ola,201,16,42,1,1,128,1.3796230554580688,1.3796230554580688,0.0,0.0,0.5952380952380952,1.3796230554580688,0.09902597083828638,0.009456045925617218,0.9998970211936741,0.09902597083828638,,1.3298452344417466,0.9647582614250333,,,,,,,,,,,,,1.3796230554580688,0.0,0.00024088981204330658,2.6104711650987156e-05,0.0003125991497654468,0.2235420197248459,1.0002529405312932,1.0000724792480469,1.0004916191101074,0.999874332576179,0.9999637603759766,0.9999933838844299,0.018373721202564367,0.018011328193863675,0.03259585707916952,,,,,,,,,42.0,0.0028710006569351645,0.0014648615615726762,1.0000007152557373,1.0000132322311401,1.000030755996704,1.0001399517059326,1.0008019864559174,1.1045173406600952,0.0007134189638479056,0.9515108466148376,0.9997542500495911,0.9999300241470337,0.999984622001648,0.9999964833259583,0.9999996423721313,0.011409833782992254,8.841306849755529e-07,0.0036477691705476783,0.009066374337457573,0.02706996789468186,0.03466958453831798,0.14044448874789742,42
bayesfl_observability_v1,ola_lr0p02_b128_e1,13,ola,223,17,110,1,1,128,1.250695824623108,1.250695824623108,0.0,0.0,0.7272727272727273,1.250695824623108,0.120188677255836,0.020932316780090332,0.9998482764415877,0.120188677255836,,0.8399031444716331,1.4694341093795324,,,,,,,,,,,,,1.250695824623108,0.0,0.0003548520781006577,3.405590541660786e-05,0.0005306281149387359,1.0954045057296753,1.0002617096741635,1.000071406364441,1.0005091428756714,0.9998700634100424,0.9999642968177795,0.9999931454658508,0.018375286990208923,0.01801559585997483,0.032606632986972424,,,,,,,,,110.0,0.00625464450888566,0.001575284492260896,1.0000007152557373,1.0000137090682983,1.0000312328338623,1.000145435333252,1.0008207559585571,1.1413447856903076,0.000760871030796268,0.9360339045524597,0.9997454881668091,0.999927282333374,0.9999843835830688,0.9999967813491821,0.9999996423721313,0.011412131646702302,3.6281748966160416e-07,0.0036518079563803013,0.009066977952241937,0.027071903761026472,0.03466799648701532,0.14562232477315282,110
bayesfl_observability_v1,ola_lr0p02_b128_e1,13,ola,9,0,107,1,1,128,0.7690268754959106,0.7690268754959106,0.0,0.0,0.9065420560747663,0.7690268754959106,0.12604644326048198,0.017966993153095245,0.9998332542107149,0.12604644326048198,,0.20393077072313337,2.077417173602598,,,,,,,,,,,,,0.7690268754959106,0.0,0.0003902846402078521,3.156919228786137e-05,0.0004945388238411399,0.8070326447486877,1.0002644332673212,1.0000724792480469,1.0005127310752868,0.9998687344800633,0.9999637603759766,0.9999937415122986,0.018376092476129625,0.017989044357671794,0.032596228266149115,,,,,,,,,107.0,0.006655783733401779,0.0016015992199735001,1.0000007152557373,1.0000125169754028,1.0000324249267578,1.0001403093338013,1.000834769010544,1.112544059753418,0.0007751177918287298,0.9480721354484558,0.9997436940670014,0.9999298453330994,0.9999837875366211,0.9999967813491821,0.9999996423721313,0.011417042538312211,7.12942143681034e-08,0.0036469475684366,0.00906532654173398,0.027063297469255822,0.03467663429021317,0.13889427685460584,107
bayesfl_observability_v1,ola_lr0p02_b128_e1,13,ola,172,13,289,3,1,128,0.994966381148896,0.9949663411374735,3.881074472334954e-08,3.881074472334954e-08,0.8408304498269896,0.9949663411374735,0.20870126630564823,0.029240287840366364,0.9995446618308607,0.20870126630564823,,1.2787090971089894,1.0140274784545764,,,,,,,,,,,,,0.9949663411374735,3.881074472334954e-08,0.0001449548432659877,1.8051454389933497e-05,0.0001945361276739279,0.27069613337516785,1.0002455622048558,1.0000685453414917,1.000482439994812,0.9998779649272747,0.9999657273292542,0.9999935030937195,0.01838840803014201,0.018016982715359876,0.03262576347888739,,,,,,,,,289.0,0.0021710395525339297,0.0014117546105209384,1.0000007152557373,1.000012993812561,1.0000301599502563,1.0001369714736938,1.0007801711559297,1.1043598651885986,0.0006876509172388365,0.951578676700592,0.9997588992118835,0.9999315142631531,0.9999849200248718,0.9999967813491821,0.9999996423721313,0.011446947916931025,1.941826894951592e-08,0.00364334715637113,0.00906721526135472,0.027078581850570837,0.03473085613937826,0.14821926233355068,289
bayesfl_observability_v1,ola_lr0p02_b128_e1,13,ola,59,4,144,2,1,128,1.156433516078525,1.1564335028330486,1.2417127474388204e-08,1.2417127474388204e-08,0.7361111111111112,1.1564335028330486,0.20674512324519406,0.029030516743659973,0.9995515586574855,0.20674512324519406,,0.47213773126456937,1.8460163725247734,,,,,,,,,,,,,1.1564335028330486,1.2417127474388204e-08,0.000321417992322245,2.6843576051760465e-05,0.0003894995053997264,0.6434496641159058,1.0002591372543623,1.000070571899414,1.0005011558532715,0.99987136240065,0.999964714050293,0.9999933838844299,0.018381764968002434,0.018016479752354507,0.032614586917721546,,,,,,,,,144.0,0.00609380963799313,0.0015846680999542322,1.0000007152557373,1.0000132322311401,1.000030517578125,1.0001426935195923,1.0008143961429596,1.1045067310333252,0.000767309158456829,0.9515153765678406,0.999749481678009,0.9999286532402039,0.9999847412109375,0.9999967813491821,0.9999996423721313,0.01142871436230747,5.541751599159158e-07,0.003659740273049574,0.009055347786126636,0.027076946250398304,0.034685720438253596,0.14717054351602596,144
bayesfl_observability_v1,ola_lr0p02_b128_e1,13,ola,35,2,12,1,1,128,1.5389384031295776,1.5389384031295776,0.0,0.0,0.5,1.5389384031295776,0.11577043559722122,0.012875787913799286,0.9998591545873832,0.11577043559722122,,0.8981370031878679,1.419319868930796,,,,,,,,,,,,,1.5389384031295776,0.0,0.00032924225962774155,3.334200482640881e-05,0.0004548422002699226,0.4144648015499115,1.0002597361003602,1.0000747442245483,1.0004981756210327,0.9998709808600561,0.9999626278877258,0.9999932050704956,0.018373655942747754,0.01800491924556327,0.032594585144480596,,,,,,,,,12.0,0.0036949388758073833,0.001507317062025619,1.0000007152557373,1.0000135898590088,1.000032663345337,1.0001519620418549,1.0008147954940796,1.1050816774368286,0.0007332491793492635,0.9512678384780884,0.9997509717941284,0.9999240189790726,0.9999836683273315,0.9999960660934448,0.9999996423721313,0.0114087580213846,3.5641837819724497e-07,0.0036607519749862036,0.009061026580965224,0.02707530463746766,0.03466453695208001,0.13844909178724313,12
bayesfl_observability_v1,ola_lr0p02_b128_e1,14,ola,193,15,49,1,1,128,1.131575584411621,1.131575584411621,0.0,0.0,0.7346938775510204,1.131575584411621,0.12204296205172649,0.017225012183189392,0.9998439572339017,0.12204296205172649,,0.7946603084287958,1.5090944792576573,,,,,,,,,,,,,1.131575584411621,0.0,0.00036588594310594597,3.9857315641711466e-05,0.00042671248666010814,0.7417523264884949,1.0002655534726927,1.0000731945037842,1.0005064010620117,0.9998681834097332,0.9999634027481079,0.9999934434890747,0.01838535335314001,0.018006970224842378,0.032609518095174345,,,,,,,,,49.0,0.006256681165320142,0.0016075254382326854,1.0000005960464478,1.0000131130218506,1.0000321865081787,1.000144362449646,1.0008266627788545,1.11344313621521,0.0007794007687315703,0.9476892948150635,0.9997468590736389,0.999927818775177,0.9999839067459106,0.9999964833259583,0.9999997019767761,0.01144409714117087,3.179390001002984e-07,0.0036495810351797687,0.009056692485972063,0.027063446348060592,0.03471117568567043,0.14100048022821327,49
bayesfl_observability_v1,ola_lr0p02_b128_e1,14,ola,199,15,66,1,1,128,1.1085364818572998,1.1085364818572998,0.0,0.0,0.9242424242424242,1.1085364818572998,0.14870050335437948,0.021776244044303894,0.9997683198571559,0.14870050335437948,,0.5771077249415074,1.7075923616880604,,,,,,,,,,,,,1.1085364818572998,0.0,0.0005431817085842912,6.115325959399343e-05,0.0005938666290603578,1.1855125427246094,1.0002782186016863,1.0000782012939453,1.0005244016647339,0.9998620537013311,0.9999608993530273,0.999993085861206,0.01838645412527231,0.018003991884707506,0.03261395578686587,,,,,,,,,66.0,0.010086312714224357,0.001778122774147754,1.0000005960464478,1.000013828277588,1.0000327825546265,1.0001474618911743,1.0008556842803955,1.145140290260315,0.0008562199904777475,0.9344813823699951,0.9997379183769226,0.9999262690544128,0.9999836087226868,0.999996542930603,0.9999997019767761,0.011448856956968904,1.2707246069282985e-07,0.0036563761402719505,0.009062050328628665,0.027070852793293517,0.03472173852318862,0.14590194620261127,66
bayesfl_observability_v1,ola_lr0p02_b128_e1,14,ola,279,22,12,1,1,128,0.9367055892944336,0.9367055892944336,0.0,0.0,0.75,0.9367055892944336,0.09682926672115841,0.01489269733428955,0.9999018326117077,0.09682926672115841,,0.6172417697303416,1.6358465807671725,,,,,,,,,,,,,0.9367055892944336,0.0,0.00023032100507989442,2.5758066840353422e-05,0.0003256585623603316,0.5544809699058533,1.0002558681847036,1.00007164478302,1.0004915118217468,0.9998728831220589,0.99996417760849,0.9999933838844299,0.018385420614651978,0.018009866450170775,0.0326172373762369,,,,,,,,,12.0,0.0031193516795939634,0.0014782512444634682,1.0000007152557373,1.0000132322311401,1.0000333786010742,1.0001473426818848,1.0007961988449097,1.0994247198104858,0.0007195277479834809,0.953711986541748,0.9997543036937714,0.9999263286590576,0.9999833106994629,0.9999963641166687,0.9999996423721313,0.011440307669597131,6.922271757838213e-07,0.003650612048783299,0.00907275039956882,0.027073452134807486,0.03470982359069165,0.16113569316926346,12
bayesfl_observability_v1,ola_lr0p02_b128_e1,14,ola,71,5,2,1,1,128,2.1148905754089355,2.1148905754089355,0.0,0.0,0.0,2.1148905754089355,0.2677397796735287,0.03577189892530441,0.9992478554887998,0.2677397796735287,,-0.0,2.4040642619438994,,,,,,,,,,,,,2.1148905754089355,0.0,0.001760946079935983,0.00017584509623702615,0.0020839821081608543,3.1990718841552734,1.0003652005037718,1.0000969171524048,1.000683343410492,0.9998196973423013,0.9999515414237976,0.9999927878379822,0.018385973077987387,0.01799332077754237,0.03262245344576863,,,,,,,,,2.0,0.025290453026724696,0.0025596877768195333,1.0000005960464478,1.0000144243240356,1.0000431537628174,1.000209927558899,1.0011186718940734,1.2684547901153564,0.0011846550858113385,0.8878968358039856,0.9996585071086883,0.9998950362205505,0.9999784231185913,0.9999964237213135,0.9999997019767761,0.011448949990103006,2.6221970044811754e-07,0.003642910113236271,0.009069642331695953,0.027063551139324498,0.03472983469821732,0.14235619439335018,2
bayesfl_observability_v1,ola_lr0p02_b128_e1,14,ola,1,0,101,1,1,128,1.9399629831314087,1.9399629831314087,0.0,0.0,0.19801980198019803,1.9399629831314087,0.15238674382532164,0.017868630588054657,0.9997561994944955,0.15238674382532164,,0.627941588739906,1.7479275202290525,,,,,,,,,,,,,1.9399629831314087,0.0,0.0005704461156619297,5.183297434996348e-05,0.0006993712158873677,0.7982197999954224,1.0002801654169458,1.0000765323638916,1.000528335571289,0.9998610110259236,0.9999617338180542,0.9999935626983643,0.01838167986661255,0.018010169701126205,0.032599495867119785,,,,,,,,,101.0,0.008187407375084586,0.0017169728252465148,1.0000005960464478,1.0000128746032715,1.0000334978103638,1.0001611709594727,1.0008645057678223,1.0993866920471191,0.0008317547076097302,0.9537284970283508,0.999735951423645,0.9999194145202637,0.9999832510948181,0.9999966025352478,0.9999997019767761,0.011431678969188517,3.1806687239916806e-07,0.00364001358124274,0.009052635407145345,0.027063467800500843,0.03470038572762662,0.1407434393731103,101
bayesfl_observability_v1,ola_lr0p02_b128_e1,14,ola,82,6,2,1,1,128,1.10858154296875,1.10858154296875,0.0,0.0,0.5,1.10858154296875,0.2123201207318618,0.029987886548042297,0.9995276594584691,0.2123201207318618,,-0.0,2.3155014849272724,,,,,,,,,,,,,1.10858154296875,0.0,0.001107395048449858,7.152896432671696e-05,0.000951767957303673,2.2481839656829834,1.0003185177524068,1.0000815391540527,1.0006033182144165,0.999842310856072,0.9999592304229736,0.9999929666519165,0.018390221349300514,0.018010870021293698,0.032627143621968564,,,,,,,,,2.0,0.017462316365550356,0.0020963179788222497,1.0000005960464478,1.000014066696167,1.0000356435775757,1.000179648399353,1.0010052502155304,1.223785638809204,0.0009842435900502767,0.9039560556411743,0.9996984601020813,0.9999101758003235,0.9999821782112122,0.999996542930603,0.9999997019767761,0.011456795191483978,8.16051004670592e-08,0.0036414397045822443,0.009074049455881712,0.027077192499855438,0.034737474718080634,0.16568115859636504,2
bayesfl_observability_v1,ola_lr0p02_b128_e1,14,ola,252,20,369,3,1,128,0.6944902348647596,0.6944901776830679,4.264985611773601e-08,4.264985611773601e-08,0.8997289972899729,0.6944901776830679,0.17614671622089867,0.02284536510705948,0.9996767846235385,0.17614671622089867,,1.0683684981935357,1.1688247118610566,,,,,,,,,,,,,0.6944901776830679,4.264985611773601e-08,9.983982720593185e-05,1.650240483286325e-05,0.0001272600900847465,0.16753992438316345,1.000246550954371,1.0000691413879395,1.00047767162323,0.9998774834146338,0.9999654293060303,0.9999935030937195,0.0183974845978802,0.01799709172638135,0.03262703581546089,,,,,,,,,369.0,0.0012476685098967552,0.0014234048643885179,1.0000005960464478,1.000012993812561,1.000030279159546,1.0001356601715088,1.0007761716842651,1.0989017486572266,0.0006938321407579461,0.9539389610290527,0.9997612833976746,0.9999321699142456,0.999984860420227,0.9999966025352478,0.9999997019767761,0.011473873005295723,3.3134214475543914e-07,0.003645062578353138,0.009063883384414329,0.027086981809769147,0.03476006161989527,0.16204007573650217,369
bayesfl_observability_v1,ola_lr0p02_b128_e1,14,ola,226,18,194,2,1,128,1.1782857142772871,1.1782856737215495,4.173745434489263e-08,4.173745434489263e-08,0.6288659793814433,1.1782856737215495,0.2113402964891954,0.02211872488260269,0.9995323301341527,0.2113402964891954,,0.9859708285056665,1.3182756176046706,,,,,,,,,,,,,1.1782856737215495,4.173745434489263e-08,0.0003515605631469491,4.01177276216913e-05,0.0004469726904062556,0.4048915207386017,1.0002645296362653,1.0000722408294678,1.0005117654800415,0.9998686796844363,0.9999638795852661,0.999993622303009,0.018391489773429484,0.018009300693576324,0.03263466840925172,,,,,,,,,194.0,0.0047183488208549845,0.0015932064518013804,1.0000005960464478,1.000012755393982,1.0000311136245728,1.0001405477523804,1.0008202910423278,1.1242867708206177,0.0007733091809641935,0.943108081817627,0.999744176864624,0.9999297261238098,0.9999844431877136,0.9999966621398926,0.9999997019767761,0.011455998748710299,2.17353467378835e-07,0.0036366705163496976,0.009067148815016836,0.027089367649575393,0.034722853573750274,0.14577943319068884,194
bayesfl_observability_v1,ola_lr0p02_b128_e1,14,ola,241,19,2,1,1,128,1.560781717300415,1.560781717300415,0.0,0.0,0.5,1.560781717300415,0.24622762438412255,0.020281601697206497,0.9993640594004382,0.24622762438412255,,0.6931471805599453,1.6493782971327793,,,,,,,,,,,,,1.560781717300415,0.0,0.0014893398245712378,9.442015289096162e-05,0.003455509664490819,1.0283581018447876,1.0003457999128693,1.0000858306884766,1.0007460236549377,0.999828414305191,0.9999570846557617,0.9999924898147583,0.01838692783834927,0.017998811148039574,0.032611594400816464,,,,,,,,,2.0,0.012040452996662286,0.0018775302022146943,1.0000005960464478,1.0000150203704834,1.0000377893447876,1.0002202987670898,1.001152938604355,1.1000444889068604,0.0009071073990505225,0.9534432888031006,0.9996271669864655,0.9998898506164551,0.9999811053276062,0.9999963641166687,0.9999997019767761,0.011447878825369328,2.5525311916708275e-07,0.003651321126847174,0.00906860126768625,0.027065150770049298,0.03473235658800127,0.14264231828069843,2
bayesfl_observability_v1,ola_lr0p02_b128_e1,14,ola,217,17,189,2,1,128,1.234862905488443,1.2348628189197923,8.61457137534912e-08,8.61457137534912e-08,0.5714285714285714,1.2348628189197923,0.2588232035871437,0.034841228276491165,0.9992979197424149,0.2588232035871437,,0.3250829733914482,1.9958124018703602,,,,,,,,,,,,,1.2348628189197923,8.61457137534912e-08,0.0006766891264493385,7.243255822686478e-05,0.0008149386849254386,1.2031834125518799,1.0002877544780442,1.000075101852417,1.0005451440811157,0.9998574283521982,0.9999624490737915,0.9999935030937195,0.018390733152486714,0.018006285159667006,0.032637074573246806,,,,,,,,,189.0,0.011484891524755288,0.0018874420441713329,1.0000005960464478,1.000012993812561,1.000032901763916,1.0001513957977295,1.0008833408355713,1.1550978422164917,0.000906660456687481,0.9304448366165161,0.9997275471687317,0.9999243021011353,0.999983549118042,0.9999966025352478,0.9999997019767761,0.011454937773412877,1.6668402536743192e-06,0.003635839914786343,0.009069631527252375,0.027089324285172522,0.03471205921751643,0.13933418653110755,189
bayesfl_observability_v1,ola_lr0p02_b128_e1,14,ola,47,3,19,1,1,128,0.9528102874755859,0.9528102874755859,0.0,0.0,0.8421052631578947,0.9528102874755859,0.13212906259569465,0.01631922274827957,0.9998171078304715,0.13212906259569465,,0.6680178186607534,1.6176422038869243,,,,,,,,,,,,,0.9528102874755859,0.0,0.00042886141571249595,3.457279126450885e-05,0.0005255501600913703,0.6657928228378296,1.000270051202758,1.0000741481781006,1.0005250096321106,0.9998659502912906,0.9999629259109497,0.999993622303009,0.018386285370039418,0.017998824782147448,0.03261491828149932,,,,,,,,,19.0,0.00604974446735994,0.0016202189936040106,1.0000005960464478,1.000012755393982,1.0000332593917847,1.0001444816589355,1.000852346420288,1.101855993270874,0.000785527281385211,0.9526592493057251,0.9997376143932343,0.9999277591705322,0.9999833703041077,0.9999966025352478,0.9999997019767761,0.011444624016348761,2.672692789118664e-07,0.0036530774203765715,0.009071895402614142,0.027073326901984607,0.03472420212982311,0.14330816387065404,19
bayesfl_observability_v1,ola_lr0p02_b128_e1,14,ola,50,4,13,1,1,128,0.6212981343269348,0.6212981343269348,0.0,0.0,0.9230769230769231,0.6212981343269348,0.0802252370300658,0.012599408626556396,0.9999327627962887,0.0802252370300658,,0.8953326659680909,1.3255516450199865,,,,,,,,,,,,,0.6212981343269348,0.0,0.000158103780829664,1.901996074593626e-05,0.00020714195852633566,0.39686229825019836,1.0002507118728032,1.0000699758529663,1.0004849433898926,0.9998754249412559,0.9999650120735168,0.9999932050704956,0.018385812201351312,0.017997564461330866,0.03260716656238616,,,,,,,,,13.0,0.0023100880384357074,0.0014442150276986626,1.0000005960464478,1.0000135898590088,1.0000317096710205,1.000139832496643,1.0007843971252441,1.0990382432937622,0.0007035844229432677,0.9538796544075012,0.9997576475143433,0.9999300837516785,0.9999841451644897,0.9999966025352478,0.9999997019767761,0.011442737253534285,1.5495428468060354e-07,0.003655211496802222,0.009065878399463278,0.02708274884383221,0.034709090909228975,0.1579192393299631,13
bayesfl_observability_v1,ola_lr0p02_b128_e1,14,ola,151,12,210,2,1,128,1.499916508651915,1.4999164388293311,7.490248289546538e-08,7.490248289546538e-08,0.4523809523809524,1.4999164388293311,0.2751859719025543,0.03781372308731079,0.9992060682550907,0.2751859719025543,,0.14950144571405588,2.251522034186354,,,,,,,,,,,,,1.4999164388293311,7.490248289546538e-08,0.000558876507741636,6.641008803853765e-05,0.0006546556018292921,1.027759075164795,1.000279337944937,1.0000768899917603,1.0005219101905822,0.9998614773524701,0.9999615550041199,0.9999934434890747,0.018388654000815238,0.017998819833823565,0.03262010419048861,,,,,,,,,210.0,0.010062601313181888,0.0017624024749655247,1.0000007152557373,1.0000131130218506,1.0000344514846802,1.0001600980758667,1.0008499085903169,1.1098629236221313,0.0008507889179393328,0.9492166042327881,0.9997391641139984,0.9999199509620667,0.9999827742576599,0.9999966025352478,0.9999996423721313,0.011455160399126961,1.6729110985808367e-06,0.0036492732212854927,0.009051754376465373,0.027077484446085927,0.034730703155066475,0.1431478488149791,210
bayesfl_observability_v1,ola_lr0p02_b128_e1,14,ola,154,12,5,1,1,128,1.92724609375,1.92724609375,0.0,0.0,0.4,1.92724609375,0.19048755189661465,0.02250727266073227,0.9996191632471135,0.19048755189661465,,0.9502705392332347,1.3902817953906008,,,,,,,,,,,,,1.92724609375,0.0,0.0008913606453355517,7.671205821679905e-05,0.0013256837846711315,1.2664434909820557,1.0003030878815562,1.0000790357589722,1.0006004571914673,0.9998496785407054,0.9999604821205139,0.999993622303009,0.018383697400621225,0.017998054068716095,0.03262659047924949,,,,,,,,,5.0,0.010021055148629531,0.001819429915447018,1.0000005960464478,1.000012755393982,1.0000357627868652,1.0001574754714966,1.0009681642055512,1.1378675699234009,0.0008765793600160052,0.9374629855155945,0.9996998906135559,0.9999212622642517,0.9999821186065674,0.9999966025352478,0.9999997019767761,0.011436144245086415,4.974083580094291e-07,0.003631966907581753,0.0090618552099511,0.02707311420012033,0.03468946376906996,0.13902598078475198,5
bayesfl_observability_v1,ola_lr0p02_b128_e1,14,ola,158,12,100,1,1,128,1.3721132278442383,1.3721132278442383,0.0,0.0,0.6,1.3721132278442383,0.14274081528050492,0.01635240763425827,0.9997863573988928,0.14274081528050492,,0.9581847713458628,1.3628065184402316,,,,,,,,,,,,,1.3721132278442383,0.0,0.0005005144289634808,5.1206980060669594e-05,0.0006207011814694864,0.6685031056404114,1.0002751696094545,1.0000743865966797,1.0005264282226562,0.9998634714900809,0.9999628067016602,0.9999935626983643,0.018385102240011907,0.017996249021584865,0.03261804759503409,,,,,,,,,100.0,0.006941347696511803,0.001688060045086672,1.0000007152557373,1.0000128746032715,1.0000319480895996,1.0001429319381714,1.000858610868454,1.1357991695404053,0.00081711206629513,0.9383162260055542,0.9997369050979614,0.9999285340309143,0.9999840259552002,0.999996542930603,0.9999996423721313,0.011440786976832313,1.752479504376316e-07,0.0036279688678793783,0.00905919193628239,0.027068693715916404,0.034707814674727985,0.14034558175157816,100
bayesfl_observability_v1,ola_lr0p02_b128_e1,15,ola,284,22,252,2,1,128,0.36405585517012884,0.3640558331731766,1.9970991322751946e-08,1.9970991322751946e-08,0.9841269841269841,0.3640558331731766,0.13934885602290842,0.026789888739585876,0.9997975780990707,0.13934885602290842,,0.042414731858117456,2.1445043425723562,,,,,,,,,,,,,0.3640558331731766,1.9970991322751946e-08,0.00013091456335117643,1.5017973510111915e-05,0.0001474827731726691,0.48061880469322205,1.0002591135319832,1.0000709295272827,1.0004907846450806,0.9998713204261419,0.9999645352363586,0.9999934434890747,0.018400021636349174,0.018006238310478623,0.03262257994999859,,,,,,,,,252.0,0.0027831777155319396,0.0015326225393044314,1.0000005960464478,1.0000131130218506,1.0000325441360474,1.0001431703567505,1.0007941722869873,1.1063225269317627,0.0007458258276059076,0.9507341980934143,0.9997546672821045,0.9999284148216248,0.9999837279319763,0.9999967217445374,0.9999997019767761,0.011482496794082848,1.9125199898271298e-07,0.0036463229767430935,0.009076873974447652,0.02707283622783614,0.03476029463106488,0.17755756001947,252
bayesfl_observability_v1,ola_lr0p02_b128_e1,15,ola,176,14,6,1,1,128,1.378572940826416,1.378572940826416,0.0,0.0,0.6666666666666666,1.378572940826416,0.1734790128973915,0.021510537713766098,0.9996849940238601,0.1734790128973915,,0.8675632284814612,1.4502930449152613,,,,,,,,,,,,,1.378572940826416,0.0,0.0007392888413930615,3.902539538103156e-05,0.0008464917773380876,1.156758427619934,1.000299673843234,1.000078797340393,1.000563621520996,0.9998515149084468,0.9999606013298035,0.9999929070472717,0.018396293314923276,0.018021186571181513,0.03262524184846984,,,,,,,,,6.0,0.013342268352552741,0.0019134327082575495,1.0000005960464478,1.0000141859054565,1.0000348091125488,1.0001592636108398,1.000897765159607,1.107519268989563,0.0009242421597443467,0.9502204060554504,0.9997183084487915,0.9999203681945801,0.9999825954437256,0.9999964833259583,0.9999997019767761,0.011467224824218015,1.593058782654678e-07,0.003641159187237274,0.009059610407984028,0.02707449794108561,0.034745413321240974,0.14992595904836686,6
bayesfl_observability_v1,ola_lr0p02_b128_e1,15,ola,78,6,10,1,1,128,1.0408780574798584,1.0408780574798584,0.0,0.0,0.8,1.0408780574798584,0.13679032351643056,0.019417501986026764,0.9998042750574082,0.13679032351643056,,0.6554817739013927,1.6692820093029912,,,,,,,,,,,,,1.0408780574798584,0.0,0.0004596539699888111,4.27767590736039e-05,0.0005305937665980309,0.9425984025001526,1.0002810316562794,1.0000755786895752,1.000533103942871,0.9998606215247684,0.9999622106552124,0.9999933838844299,0.018395640110442764,0.018007300080499188,0.032634533266770564,,,,,,,,,10.0,0.007744205922172361,0.0017544092072283553,1.0000005960464478,1.0000132322311401,1.0000351667404175,1.0001569986343384,1.0008580684661865,1.1164957284927368,0.0008474383374992142,0.9463928937911987,0.999733567237854,0.9999215006828308,0.9999824166297913,0.9999966621398926,0.9999997019767761,0.011468377498097945,1.752110049333047e-06,0.003641928016757619,0.009069938319620661,0.027070073531363953,0.034743216540528574,0.15439131431853056,10
bayesfl_observability_v1,ola_lr0p02_b128_e1,15,ola,233,18,351,3,1,128,0.4863393569519038,0.48633922318108064,1.3295064434745825e-07,1.3295064434745825e-07,0.9088319088319088,0.48633922318108064,0.24727822701353167,0.030881978571414948,0.9993611997247042,0.24727822701353167,,-0.0,2.3277319754160017,,,,,,,,,,,,,0.48633922318108064,1.3295064434745825e-07,0.0003062959056533202,3.558513708412647e-05,0.00037711728946305856,0.468483567237854,1.0002708082467573,1.0000734329223633,1.0005136966705321,0.9998656460007059,0.9999632835388184,0.9999936819076538,0.018403708736088695,0.01800263398674607,0.03265562603661048,,,,,,,,,351.0,0.005300233003225135,0.0016836307246129072,1.0000005960464478,1.0000126361846924,1.0000321865081787,1.0001481771469116,1.0008296430110932,1.1373292207717896,0.0008150643482460913,0.9376848936080933,0.9997432112693787,0.9999259114265442,0.9999839067459106,0.9999967217445374,0.9999997019767761,0.01148776558062771,2.1826993008827962e-07,0.003629605126020456,0.0090709326819241,0.027091482234719404,0.034750520424897395,0.14139825288056762,351
bayesfl_observability_v1,ola_lr0p02_b128_e1,15,ola,273,21,112,1,1,128,0.5273300409317017,0.5273300409317017,0.0,0.0,0.9642857142857143,0.5273300409317017,0.09320949909534146,0.017470568418502808,0.9999093377612768,0.09320949909534146,,0.04690514858239692,2.1408414767998805,,,,,,,,,,,,,0.5273300409317017,0.0,0.00021342268137431055,2.3759422219882254e-05,0.0002448445011395961,0.763052225112915,1.0002646172574945,1.0000730752944946,1.000496506690979,0.9998686153117713,0.9999634623527527,0.9999933242797852,0.018395608700430676,0.01800525259237811,0.0326246883343821,,,,,,,,,112.0,0.004449986823554962,0.0015741931533654959,1.0000005960464478,1.0000133514404297,1.0000333786010742,1.0001492500305176,1.0008048474788667,1.1065655946731567,0.0007651179890599466,0.9506297707557678,0.9997518062591553,0.9999253749847412,0.9999833106994629,0.9999966621398926,0.9999997019767761,0.011469820632639908,2.1948281388880326e-07,0.003640919905214457,0.009076931977515312,0.02707244652211959,0.03473892450466558,0.1693143232399668,112
bayesfl_observability_v1,ola_lr0p02_b128_e1,15,ola,173,13,119,1,1,128,1.5728237628936768,1.5728237628936768,0.0,0.0,0.42857142857142855,1.5728237628936768,0.1509495058046053,0.01787927746772766,0.9997614347548901,0.1509495058046053,,0.7679964346078391,1.5533998077393687,,,,,,,,,,,,,1.5728237628936768,0.0,0.0005597365120714423,5.0368569645797834e-05,0.0006106908549554646,0.7991713881492615,1.0002877030740895,1.0000779628753662,1.0005394220352173,0.9998573138851589,0.9999610185623169,0.9999933242797852,0.018394795260283252,0.018001145194539665,0.03261785597428755,,,,,,,,,119.0,0.009153035751102987,0.0017710166171998928,1.0000005960464478,1.0000133514404297,1.0000343322753906,1.0001550912857056,1.000874823331833,1.1072267293930054,0.0008591612556253001,0.9503459334373474,0.9997304081916809,0.9999224543571472,0.9999828338623047,0.9999966621398926,0.9999997019767761,0.011462598319830906,3.9682020554208767e-07,0.0036441164641431,0.00906565393728423,0.02708321445620514,0.034741903993401144,0.1457138572606634,119
bayesfl_observability_v1,ola_lr0p02_b128_e1,15,ola,242,19,3,1,1,128,0.5906562805175781,0.5906562805175781,0.0,0.0,1.0,0.5906562805175781,0.13032103265936645,0.014895563945174217,0.9998226148813769,0.13032103265936645,,0.6365141682948128,1.6128062758029642,,,,,,,,,,,,,0.5906562805175781,0.0,0.0004172047784783155,3.333333370392211e-05,0.0005047085171099753,0.5546945929527283,1.0002782012163638,1.000074028968811,1.000548493862152,0.9998619085979612,0.9999629855155945,0.9999933242797852,0.0183978858428424,0.017998602518230607,0.03262820150234104,,,,,,,,,3.0,0.0054420838699625,0.001645938133694474,1.0000005960464478,1.0000133514404297,1.0000346899032593,1.000148892402649,1.0008627831935883,1.1079223155975342,0.00079889132150779,0.9500475525856018,0.9997258722782135,0.9999255537986755,0.9999826550483704,0.9999964833259583,0.9999997019767761,0.01147265443568971,1.1483173141048344e-07,0.003643657644577728,0.009072580906115268,0.027072825858910333,0.034753605635552375,0.15286455349143124,3
bayesfl_observability_v1,ola_lr0p02_b128_e1,15,ola,248,19,336,3,1,128,0.9893188973267873,0.9893187653450739,1.2102449886697286e-07,1.2102449886697286e-07,0.6994047619047619,0.9893187653450739,0.2749880229233209,0.038691096007823944,0.9992104687951923,0.2749880229233209,,0.7817865195402651,1.5221172317857152,,,,,,,,,,,,,0.9893187653450739,1.2102449886697286e-07,0.0002989583825714963,2.5215826099156402e-05,0.00031157382763922223,0.5029944777488708,1.000270319234485,1.0000743865966797,1.0005104660987854,0.9998658245218003,0.9999628067016602,0.9999935030937195,0.018407736795398196,0.018007762306792595,0.03263189976094472,,,,,,,,,336.0,0.0059624827887098525,0.00162401076224241,1.0000005960464478,1.000012993812561,1.0000331699848175,1.000145435333252,1.0008258283138276,1.1065130233764648,0.0007901502031510453,0.9506523609161377,0.9997448265552521,0.999927282333374,0.9999834150075912,0.9999966621398926,0.9999997019767761,0.011493415727695343,2.762951185555982e-07,0.003655443728905643,0.00906842967897378,0.027088611366028383,0.03479053378151361,0.15222731673207066,336
bayesfl_observability_v1,ola_lr0p02_b128_e1,15,ola,219,17,79,1,1,128,1.1612364053726196,1.1612364053726196,0.0,0.0,0.7341772151898734,1.1612364053726196,0.12964946173152614,0.021150462329387665,0.9998241492300248,0.12964946173152614,,0.8512212851081872,1.4493005765096665,,,,,,,,,,,,,1.1612364053726196,0.0,0.0004129159750442046,3.931705577997491e-05,0.0005927760037593567,1.1183558702468872,1.0002779154830472,1.0000762939453125,1.0005362033843994,0.9998620998370948,0.9999618530273438,0.999992972612381,0.018395317155286427,0.01800236815654932,0.03263525001381453,,,,,,,,,79.0,0.006479311707081978,0.0016899494525229742,1.0000005960464478,1.000014054775238,1.0000337362289429,1.000150442123413,1.0008552074432373,1.1344494819641113,0.0008169750334731378,0.9388742446899414,0.9997320175170898,0.9999247789382935,0.9999831318855286,0.9999966621398926,0.9999997019767761,0.011466083502799007,4.43146228305376e-07,0.003634853180217502,0.009075097581132716,0.027074543336891722,0.03474416865967621,0.14777400795428763,79
bayesfl_observability_v1,ola_lr0p02_b128_e1,15,ola,50,4,13,1,1,128,0.6288954019546509,0.6288954019546509,0.0,0.0,0.9230769230769231,0.6288954019546509,0.07638609202337426,0.010780245065689087,0.9999391246978891,0.07638609202337426,,0.8953326659680909,1.3255516450199865,,,,,,,,,,,,,0.6288954019546509,0.0,0.00014333388269901207,1.6421097825514153e-05,0.00018630195118021225,0.29053395986557007,1.0002599438867084,1.000071406364441,1.0004987835884094,0.9998708979986477,0.9999642968177795,0.9999933242797852,0.01839419786034839,0.018010341209884866,0.03262488714624325,,,,,,,,,13.0,0.0017159735817977746,0.0015256036040877333,1.0000005960464478,1.0000133514404297,1.0000323057174683,1.0001437664031982,1.0008018016815186,1.1070141792297363,0.0007426873881280704,0.9504371881484985,0.9997506678104401,0.9999281167984009,0.9999838471412659,0.999996542930603,0.9999997019767761,0.01146582001791858,5.085589829002234e-07,0.0036389081717671727,0.009065407523552147,0.027078980395780754,0.03473564461431579,0.15995522378841068,13
bayesfl_observability_v1,ola_lr0p02_b128_e1,15,ola,55,4,63,1,1,128,1.2383558750152588,1.2383558750152588,0.0,0.0,0.8095238095238095,1.2383558750152588,0.09849211721158344,0.01399068534374237,0.9998986057016146,0.09849211721158344,,1.1559825345480084,1.158099049240569,,,,,,,,,,,,,1.2383558750152588,0.0,0.0002382995465168041,3.11999592668144e-05,0.00033521775330882565,0.48934847116470337,1.000266275255247,1.0000747442245483,1.000511646270752,0.9998677912220642,0.9999626278877258,0.9999935626983643,0.01839492143140553,0.018005604618214807,0.032633408401498906,,,,,,,,,63.0,0.0037392555413047488,0.0015779969496518388,1.0000005960464478,1.0000128746032715,1.0000338554382324,1.000144600868225,1.0008180797100068,1.1060986518859863,0.0007670654573146079,0.9508303999900818,0.9997442364692688,0.9999276995658875,0.9999830722808838,0.9999966621398926,0.9999997019767761,0.011464215613974935,5.670542134518105e-07,0.003648763612956899,0.00905805046819476,0.027083566605230557,0.03474315144435968,0.14569193904022143,63
bayesfl_observability_v1,ola_lr0p02_b128_e1,15,ola,62,5,230,2,1,128,0.632669520896414,0.6326694944630499,1.6615707117441913e-08,1.6615707117441913e-08,0.9304347826086956,0.6326694944630499,0.13411620807655844,0.01565323770046234,0.9998126384288871,0.13411620807655844,,0.7398855854147172,1.5046979575000918,,,,,,,,,,,,,0.6326694944630499,1.6615707117441913e-08,0.00012184015516077003,1.416913619323168e-05,0.00017103888967540115,0.1617731750011444,1.0002585080197768,1.0000708103179932,1.0004940032958984,0.9998716260327494,0.9999645948410034,0.9999935626983643,0.0184012507479461,0.018009636594496767,0.032644261199845974,,,,,,,,,230.0,0.001469825903586948,0.0015355816719461774,1.0000005960464478,1.0000128746032715,1.000031590461731,1.0001442432403564,1.0007959604263306,1.113389253616333,0.0007470028321569002,0.947712242603302,0.9997530579566956,0.9999278783798218,0.9999842047691345,0.9999967217445374,0.9999997019767761,0.011482003191091775,5.886720012866472e-07,0.0036343311976980383,0.009076688955705368,0.02708901640140602,0.03477240839850655,0.16433255666790234,230
bayesfl_observability_v1,ola_lr0p02_b128_e1,15,ola,188,15,69,1,1,128,1.1513158082962036,1.1513158082962036,0.0,0.0,0.782608695652174,1.1513158082962036,0.12970117391202055,0.020820021629333496,0.9998240766655956,0.12970117391202055,,0.7873390100049964,1.5118297685691615,,,,,,,,,,,,,1.1513158082962036,0.0,0.0004132454399952921,4.376116339699365e-05,0.0004106853884877638,1.083683967590332,1.0002779376498605,1.000077724456787,1.000522255897522,0.9998621491630572,0.9999611377716064,0.9999934434890747,0.018394862726258537,0.01800053200736071,0.032626286237088416,,,,,,,,,69.0,0.007995007377608655,0.0017394771336921326,1.0000005960464478,1.0000131130218506,1.0000331401824951,1.000144362449646,1.0008543729782104,1.13606595993042,0.0008402771413003945,0.9382060766220093,0.9997389912605286,0.999927818775177,0.9999834299087524,0.999996542930603,0.9999997019767761,0.011470204508912408,1.4990951502222576e-06,0.0036384499066618153,0.009053991713790824,0.027075218841645897,0.03474016777668731,0.14618302212734136,69
bayesfl_observability_v1,ola_lr0p02_b128_e1,15,ola,124,9,6,1,1,128,1.6058069467544556,1.6058069467544556,0.0,0.0,0.5,1.6058069467544556,0.23111806319586484,0.032052069902420044,0.9994409664581514,0.23111806319586484,,-0.0,2.3292713582565514,,,,,,,,,,,,,1.6058069467544556,0.0,0.001312163722226526,8.944620640249923e-05,0.0012182672158814977,2.5683376789093018,1.0003378660936328,1.0000876188278198,1.0006110787391662,0.9998331446819599,0.9999561905860901,0.9999921917915344,0.018399511711829665,0.018013569315632184,0.032621600149446525,,,,,,,,,6.0,0.02390240686270832,0.0024051773498940513,1.0000008344650269,1.0000156164169312,1.0000377893447876,1.0001870393753052,1.0009899258613586,1.187751293182373,0.0011376646457875099,0.9175658822059631,0.9996945798397064,0.9999064803123474,0.9999811053276062,0.9999963045120239,0.9999995827674866,0.011474708831785432,4.948642370232133e-08,0.003648142215433421,0.009062283471856041,0.02709879293455713,0.03476039953220829,0.14723473538053097,6
bayesfl_observability_v1,ola_lr0p02_b128_e1,15,ola,155,12,7,1,1,128,1.2518547773361206,1.2518547773361206,0.0,0.0,0.7142857142857143,1.2518547773361206,0.17951696834629496,0.023408323526382446,0.999662838808225,0.17951696834629496,,0.410116318288409,1.9023021968319642,,,,,,,,,,,,,1.2518547773361206,0.0,0.0007916464210760608,6.536646105814725e-05,0.0009578745753969998,1.3698738813400269,1.0003031623320155,1.0000770092010498,1.0005773305892944,0.9998499296005997,0.9999614953994751,0.999993085861206,0.018398147004319264,0.018017002539137517,0.03263022589577634,,,,,,,,,7.0,0.013898728671856231,0.0020383899431238722,1.0000005960464478,1.000013828277588,1.0000340938568115,1.0001624822616577,1.0009369850158691,1.1412959098815918,0.0009730000181785173,0.9360539317131042,0.9997114539146423,0.9999187588691711,0.9999829530715942,0.9999966025352478,0.9999997019767761,0.011472239930477754,6.831129272060812e-10,0.003652658984000723,0.009062699472076339,0.02707880103211851,0.03475018254346837,0.1448206733437362,7
bayesfl_observability_v1,ola_lr0p02_b128_e1,16,ola,143,11,59,1,1,128,0.7930273413658142,0.7930273413658142,0.0,0.0,0.8983050847457628,0.7930273413658142,0.10957080884506111,0.014081057161092758,0.9998747733866173,0.10957080884506111,,0.5821360471219024,1.7374773776084904,,,,,,,,,,,,,0.7930273413658142,0.0,0.0002949239185969417,2.8551126888487488e-05,0.0003035852976609029,0.49569061398506165,1.0002705765752107,1.0000739097595215,1.0005076050758361,0.9998657634623266,0.9999630451202393,0.9999936819076538,0.018406087027479215,0.018005194002426755,0.03264775354544579,,,,,,,,,59.0,0.004930515158931446,0.0016841045077683856,1.0000004768371582,1.0000126361846924,1.0000319480895996,1.000144124031067,1.0008234977722168,1.130934238433838,0.0008160379018540546,0.9403322339057922,0.9997462570667267,0.9999279379844666,0.9999840259552002,0.9999967813491821,0.9999997615814209,0.011492173529323389,2.7954708736402147e-07,0.0036404053320757152,0.009072233112819916,0.027093297728700838,0.03476433277674906,0.15153850150827627,59
bayesfl_observability_v1,ola_lr0p02_b128_e1,16,ola,52,4,24,1,1,128,1.1504271030426025,1.1504271030426025,0.0,0.0,0.7916666666666666,1.1504271030426025,0.10807826796387525,0.013534501194953918,0.9998780518653704,0.10807826796387525,,1.0880102622771117,1.1812023456676566,,,,,,,,,,,,,1.1504271030426025,0.0,0.00028694390833034557,3.389682387933135e-05,0.0003341411356814208,0.4579569399356842,1.0002700770370991,1.0000734329223633,1.0005087852478027,0.9998659574020303,0.9999632835388184,0.9999930262565613,0.018403831120895622,0.018006067764123876,0.032642879109067074,,,,,,,,,24.0,0.0037446292114843758,0.0016350130113864866,1.0000004768371582,1.0000139474868774,1.0000334978103638,1.000144600868225,1.000819629430771,1.1088638305664062,0.0007945871967542017,0.949644148349762,0.9997456669807434,0.9999276995658875,0.9999832510948181,0.9999964833259583,0.9999997615814209,0.011489859775941245,2.3248602866276909e-07,0.0036433936143779855,0.009069752527543612,0.027088539864163527,0.034770557443242006,0.1601686617969047,24
bayesfl_observability_v1,ola_lr0p02_b128_e1,16,ola,93,7,103,1,1,128,1.2110445499420166,1.2110445499420166,0.0,0.0,0.7281553398058253,1.2110445499420166,0.11042488402933359,0.015600249171257019,0.9998727033924221,0.11042488402933359,,1.1983912561963983,1.1190743533532796,,,,,,,,,,,,,1.2110445499420166,0.0,0.0002995395347450677,3.162945358781144e-05,0.000357737677404657,0.6084194779396057,1.0002708646852163,1.0000743865966797,1.0005141615867614,0.9998655495169684,0.9999628067016602,0.999993622303009,0.018404853512932123,0.01800834866286875,0.03264363327345958,,,,,,,,,103.0,0.005075259790115557,0.0016231781768710175,1.0000005960464478,1.000012755393982,1.0000336170196533,1.0001448392868042,1.0008251667022705,1.1070510149002075,0.0007887067730875289,0.9504213333129883,0.9997429788112641,0.9999275803565979,0.9999831914901733,0.9999967813491821,0.9999997019767761,0.011488672509055541,1.8057784794710705e-07,0.0036317591263781332,0.009067461762435763,0.027090332647293672,0.03477880896461416,0.15222881106614147,103
bayesfl_observability_v1,ola_lr0p02_b128_e1,16,ola,8,0,56,1,1,128,0.43259453773498535,0.43259453773498535,0.0,0.0,0.9642857142857143,0.43259453773498535,0.06466457216714339,0.01156868040561676,0.999956480621776,0.06466457216714339,,0.36153947789446483,1.8365068925499755,,,,,,,,,,,,,0.43259453773498535,0.0,0.00010271953829406734,1.2746423635690007e-05,0.00012017093831673265,0.3345858156681061,1.0002585637671335,1.000070333480835,1.0004876971244812,0.9998716033874355,0.9999648332595825,0.9999936819076538,0.018404166476553463,0.018009019417572172,0.03264098581943958,,,,,,,,,56.0,0.0019597077069738794,0.0015395413512509196,1.0000005960464478,1.0000126361846924,1.0000321865081787,1.0001401901245117,1.0007881045341491,1.1074048280715942,0.000749499114838054,0.9502695202827454,0.999756270647049,0.9999299049377441,0.9999839067459106,0.9999967813491821,0.9999997019767761,0.01148917207416969,5.3092220711665827e-08,0.0036394779023593235,0.009072583450322266,0.02707797744063126,0.03478547815420193,0.16873437790469592,56
bayesfl_observability_v1,ola_lr0p02_b128_e1,16,ola,178,14,135,2,1,128,0.9520165977654633,0.9520165931295466,4.8954304971899815e-09,4.8954304971899815e-09,0.837037037037037,0.9520165931295466,0.20219144502847297,0.03395095467567444,0.9995737494646425,0.20219144502847297,,0.4244935576316679,1.8415271470075187,,,,,,,,,,,,,0.9520165931295466,4.8954304971899815e-09,0.00029575140991018454,3.205158645869233e-05,0.00032587988534942317,0.8151151537895203,1.0002706289853636,1.000075101852417,1.000507128238678,0.9998656412338571,0.9999624490737915,0.9999932646751404,0.018411003341563675,0.01800723240136555,0.032665251173455805,,,,,,,,,135.0,0.005527715644937987,0.0015999985053269858,1.0000004768371582,1.0000134706497192,1.000035047531128,1.000144124031067,1.0008257746696472,1.1073204278945923,0.0007782377451104373,0.950305700302124,0.9997464954853058,0.9999279379844666,0.999982476234436,0.9999966621398926,0.9999997615814209,0.011508446817276578,6.340035377557803e-07,0.0036297304571037345,0.009047530560050534,0.02708627439789672,0.0347944955495792,0.15890092612691833,135
bayesfl_observability_v1,ola_lr0p02_b128_e1,16,ola,186,14,2,1,1,128,1.219550609588623,1.219550609588623,0.0,0.0,0.5,1.219550609588623,0.23739180193379822,0.028402745723724365,0.9994118586716042,0.23739180193379822,,-0.0,2.28098669344155,,,,,,,,,,,,,1.219550609588623,0.0,0.0013843684227280513,0.00010321145600755699,0.001932238310109824,2.0167901515960693,1.000338667406834,1.0000879764556885,1.0006425380706787,0.9998323190132598,0.9999560117721558,0.9999921321868896,0.018411565593479996,0.01798561969478409,0.03264841825277162,,,,,,,,,2.0,0.018047293419619467,0.002130276149520348,1.0000004768371582,1.0000157356262207,1.0000410079956055,1.0001890659332275,1.0010190665721894,1.1746909618377686,0.0010154996967247528,0.922652542591095,0.999678909778595,0.9999054670333862,0.9999794960021973,0.9999966621398926,0.9999997615814209,0.011508100925327539,1.1418507346170266e-07,0.003633409499434484,0.009086534081254656,0.02708332143842359,0.034808993311053436,0.15399116547495478,2
bayesfl_observability_v1,ola_lr0p02_b128_e1,16,ola,278,22,61,1,1,128,1.5990896224975586,1.5990896224975586,0.0,0.0,0.39344262295081966,1.5990896224975586,0.1838020336441342,0.024504780769348145,0.9996468924574846,0.1838020336441342,,0.3945326819623348,1.9802377464173406,,,,,,,,,,,,,1.5990896224975586,0.0,0.0008298906268304548,6.949780436116271e-05,0.0009174729348160326,1.5012106895446777,1.0003040119731803,1.0000793933868408,1.0005514740943908,0.9998495299326269,0.9999603033065796,0.9999935626983643,0.018403884503417955,0.01799921136546233,0.03264111622592878,,,,,,,,,61.0,0.014798092190656715,0.002052925283248644,1.0000005960464478,1.0000128746032715,1.0000346899032593,1.0001707077026367,1.0009093940258027,1.1416094303131104,0.0009822863815414158,0.9359253644943237,0.9997243821620941,0.9999146461486816,0.9999826550483704,0.9999967813491821,0.9999997019767761,0.011491413118175219,1.5742369285599203e-07,0.0036334190384395603,0.009054703494012271,0.02707887985413331,0.03477715492585281,0.1560403436264574,61
bayesfl_observability_v1,ola_lr0p02_b128_e1,16,ola,286,22,12,1,1,128,0.3633800446987152,0.3633800446987152,0.0,0.0,0.9166666666666666,0.3633800446987152,0.08054187701925418,0.014953330159187317,0.9999323823425799,0.08054187701925418,,-0.0,2.185987945410232,,,,,,,,,,,,,0.3633800446987152,0.0,0.00015935429014779623,1.7085303625208326e-05,0.00018322147661820054,0.5590049624443054,1.0002621050022482,1.0000710487365723,1.000491988658905,0.9998698616509261,0.9999644756317139,0.999993622303009,0.018404218361320886,0.01801457591787012,0.03263692710048424,,,,,,,,,12.0,0.0032066325015737197,0.0015651646579199847,1.0000005960464478,1.000012755393982,1.0000324249267578,1.0001425743103027,1.0007967412471772,1.1075667142868042,0.0007614440141221735,0.9502000212669373,0.9997540652751923,0.9999287128448486,0.9999837875366211,0.9999967813491821,0.9999997019767761,0.01149011661312922,5.236861463988531e-09,0.0036423500374130296,0.009069564176561486,0.02708000479636637,0.03478359984631658,0.17336556475122078,12
bayesfl_observability_v1,ola_lr0p02_b128_e1,16,ola,74,5,70,1,1,128,1.1567051410675049,1.1567051410675049,0.0,0.0,0.7571428571428571,1.1567051410675049,0.10128837734473392,0.013800583779811859,0.9998929074896991,0.10128837734473392,,1.1534898214385076,1.1546999842430363,,,,,,,,,,,,,1.1567051410675049,0.0,0.0002520225986948615,2.4474953534081578e-05,0.00038286333438009024,0.47614023089408875,1.0002678961232356,1.0000741481781006,1.0005130767822266,0.999866989683962,0.9999629259109497,0.9999932050704956,0.018404486305686696,0.017997708185733267,0.03265347584151873,,,,,,,,,70.0,0.0028741600952687674,0.001584917567932676,1.0000005960464478,1.0000135898590088,1.0000324249267578,1.0001435279846191,1.0008238017559052,1.1075037717819214,0.0007708941874283984,0.9502270817756653,0.9997435212135315,0.9999282360076904,0.9999837875366211,0.9999967217445374,0.9999997019767761,0.01148780608086065,3.1332823031479873e-07,0.0036375058456625184,0.009080787806929742,0.02707868945976548,0.03476090673555404,0.15263921292744506,70
bayesfl_observability_v1,ola_lr0p02_b128_e1,16,ola,165,13,36,1,1,128,1.2312172651290894,1.2312172651290894,0.0,0.0,0.7777777777777778,1.2312172651290894,0.16991965445433066,0.03218363970518112,0.9996984190122531,0.16991965445433066,,0.38131648785332906,1.926685551035581,,,,,,,,,,,,,1.2312172651290894,0.0,0.0007092633107490401,4.6993782234494574e-05,0.0008305461145937445,2.5894675254821777,1.000296471078398,1.000077486038208,1.0005620837211608,0.9998531535992609,0.999961256980896,0.9999926686286926,0.018406361121124124,0.018016025583915688,0.03264701799998546,,,,,,,,,36.0,0.014769480750358648,0.001960750209163188,1.0000004768371582,1.0000146627426147,1.0000344514846802,1.0001587867736816,1.0009000957012177,1.2214465141296387,0.0009305723106320371,0.9048212170600891,0.9997190773487091,0.9999206066131592,0.9999827742576599,0.9999966621398926,0.9999997615814209,0.011495891676377606,5.5843832709893006e-09,0.003633362878055017,0.009079478192865146,0.027077186004092743,0.0347919956423947,0.16530510663712766,36
bayesfl_observability_v1,ola_lr0p02_b128_e1,16,ola,15,1,51,1,1,128,1.4273134469985962,1.4273134469985962,0.0,0.0,0.6078431372549019,1.4273134469985962,0.19826804073346777,0.02814391255378723,0.9995893863300233,0.19826804073346777,,0.4639406270393286,1.8477013096607757,,,,,,,,,,,,,1.4273134469985962,0.0,0.0009656632214823078,9.558474266668782e-05,0.0009987709345296027,1.9801993370056152,1.000312496646631,1.0000853538513184,1.0005626797676086,0.9998454668531955,0.9999573230743408,0.9999924898147583,0.018405624175188304,0.01800045087900297,0.03264405219670983,,,,,,,,,51.0,0.017960669450231018,0.0021794477272222925,1.0000004768371582,1.0000150203704834,1.0000364780426025,1.000159740447998,1.0009287595748901,1.1873224973678589,0.001035399090065749,0.917731523513794,0.9997187793254853,0.999920129776001,0.9999817609786987,0.9999966025352478,0.9999997615814209,0.011501664217649706,6.542239141098398e-07,0.003651947348618453,0.009057190704298062,0.027078172799497188,0.034779327917862576,0.1532135311243984,51
bayesfl_observability_v1,ola_lr0p02_b128_e1,16,ola,121,9,200,2,1,128,0.935234557390213,0.9352345037460327,5.1256586175441045e-08,5.1256586175441045e-08,0.845,0.9352345037460327,0.20788574132284618,0.03057970106601715,0.9995493783527513,0.20788574132284618,,0.3200447217843331,2.005272317401729,,,,,,,,,,,,,0.9352345037460327,5.1256586175441045e-08,0.00037448694324556753,2.8532758733490482e-05,0.00033173439442180097,0.7460957765579224,1.000275547674038,1.0000760555267334,1.0005100965499878,0.9998633336175152,0.9999619722366333,0.9999935030937195,0.01841274045963763,0.01800931558014565,0.03264699675733849,,,,,,,,,200.0,0.008234393296479476,0.001727118689860071,1.0000005960464478,1.000012993812561,1.000032901763916,1.0001468658447266,1.000826120376587,1.1074756383895874,0.0008380050619914828,0.9502391219139099,0.9997450113296509,0.9999265670776367,0.999983549118042,0.9999967813491821,0.9999997019767761,0.011507461243989613,6.115077566159325e-08,0.0036376425029046007,0.009063406291471473,0.02710331461478039,0.03479976527769712,0.15282068131042958,200
bayesfl_observability_v1,ola_lr0p02_b128_e1,16,ola,150,12,12,1,1,128,0.3460024297237396,0.3460024297237396,0.0,0.0,1.0,0.3460024297237396,0.07518234493116645,0.014673382043838501,0.9999411396456052,0.07518234493116645,,-0.0,2.185987945410232,,,,,,,,,,,,,0.3460024297237396,0.0,0.0001388519519002988,1.531313500890974e-05,0.00015281737432815135,0.5382705330848694,1.000260820930665,1.0000715255737305,1.0004911422729492,0.9998704944581592,0.9999642372131348,0.999993622303009,0.018404768961363182,0.018004839965885103,0.03263673475909641,,,,,,,,,12.0,0.0029636250923343564,0.0015571560037228945,1.0000005960464478,1.000012755393982,1.0000321865081787,1.0001423358917236,1.0007928729057312,1.1073068380355835,0.0007576354463097368,0.950311541557312,0.9997544884681702,0.9999288320541382,0.9999839067459106,0.9999967813491821,0.9999997019767761,0.011490860909709142,7.504787898464812e-07,0.003633166649175613,0.009070260201539638,0.027083369093886277,0.03478418636052342,0.17297029670901498,12
bayesfl_observability_v1,ola_lr0p02_b128_e1,16,ola,157,12,1161,10,1,128,0.5628092371113438,0.562808860282668,3.729441968944096e-07,3.729441968944096e-07,0.8699397071490095,0.562808860282668,0.3977113035124999,0.04963883012533188,0.9983599770250778,0.3977113035124999,,0.7423673181497622,1.5962776212694494,,,,,,,,,,,,,0.562808860282668,3.729441968944096e-07,9.117377693828048e-05,1.2443527339200955e-05,0.00013063986116321763,0.1316240429878235,1.0002578418674433,1.0000702142715454,1.0004889965057373,0.9998719695170338,0.9999648928642273,0.9999936819076538,0.0184368373657441,0.018014412500911126,0.03268265003904161,,,,,,,,,1161.0,0.0012530412809472942,0.001544373477814706,1.0000004768371582,1.0000126361846924,1.0000314712524414,1.0001389980316162,1.0007877349853516,1.1076512336730957,0.0007517724292485508,0.9501637816429138,0.9997555613517761,0.9999305009841919,0.9999842643737793,0.9999968409538269,0.9999997615814209,0.011578140596315227,7.220066110375787e-07,0.0036616972452425778,0.009060108490742739,0.027100926945048343,0.03492042458030951,0.16845313993269534,1161
bayesfl_observability_v1,ola_lr0p02_b128_e1,16,ola,214,17,8,1,1,128,1.9825351238250732,1.9825351238250732,0.0,0.0,0.0,1.9825351238250732,0.26664541379885764,0.03427866846323013,0.9992567078703515,0.26664541379885764,,0.37677016125643675,2.011909404624669,,,,,,,,,,,,,1.9825351238250732,0.0,0.0017465800112677519,0.00010743192979134619,0.0018536177230998874,2.937567949295044,1.0003613064796761,1.0000871419906616,1.0006353855133057,0.9998218656570185,0.9999564290046692,0.999993622303009,0.018404589341631448,0.018000566201336998,0.03262837035215143,,,,,,,,,8.0,0.026502491755943568,0.002669181371560491,1.0000004768371582,1.000012755393982,1.000037670135498,1.0001981258392334,1.0010895729064941,1.2228317260742188,0.00124651455567057,0.904308557510376,0.9996824860572815,0.9999009370803833,0.999981164932251,0.9999967813491821,0.9999997615814209,0.01149609060758435,1.643294679029383e-08,0.0036480971069512017,0.009067847632210989,0.02707604120512459,0.034788168273287304,0.15367256473336918,8
bayesfl_observability_v1,ola_lr0p02_b128_e1,17,ola,199,15,66,1,1,128,1.7733033895492554,1.7733033895492554,0.0,0.0,0.2727272727272727,1.7733033895492554,0.2044506830970363,0.02889220416545868,0.9995649670596458,0.2044506830970363,,0.5771077249415074,1.7075923616880604,,,,,,,,,,,,,1.7733033895492554,0.0,0.0010268272512632536,8.874152263160795e-05,0.0010513761080801498,2.0868980884552,1.000310893326784,1.00008225440979,1.00055730342865,0.9998462584077978,0.999958872795105,0.9999932646751404,0.01842506561055397,0.018002729529574324,0.032673963024308646,,,,,,,,,66.0,0.01878278089763127,0.002168599109575409,1.0000005960464478,1.0000134706497192,1.000035285949707,1.0001598596572876,1.0009071826934814,1.186327576637268,0.0010339760405459963,0.9181162714958191,0.9997214674949646,0.9999200701713562,0.9999823570251465,0.9999967217445374,0.9999997019767761,0.011550107178465911,6.498634512493228e-08,0.0036537892364042366,0.009063901998683349,0.027089138599755168,0.034844602807573094,0.1524343198590889,66
bayesfl_observability_v1,ola_lr0p02_b128_e1,17,ola,248,19,336,3,1,128,0.7643414196513948,0.7643413245677948,9.908441576217662e-08,9.908441576217662e-08,0.7648809523809523,0.7643413245677948,0.24042750431307225,0.0336444117128849,0.9994005165930756,0.24042750431307225,,0.7817865195402651,1.5221172317857152,,,,,,,,,,,,,0.7643413245677948,9.908441576217662e-08,0.00024000703408904656,2.041702828137204e-05,0.0002320495550520718,0.48720583319664,1.000264610716621,1.0000730752944946,1.000493049621582,0.9998686678777149,0.9999634623527527,0.999993622303009,0.018439115494023675,0.018008686717778527,0.03267560918068733,,,,,,,,,336.0,0.004814994429418274,0.0016153692157165364,1.0000005960464478,1.000012755393982,1.0000324249267578,1.0001417398452759,1.0007947266101838,1.1025501489639282,0.0007862220234882124,0.9523592591285706,0.9997535347938538,0.9999291300773621,0.9999837875366211,0.9999968409538269,0.9999997019767761,0.011573610829455431,9.666402521703172e-07,0.0036549215154200528,0.009066720180963255,0.027110659035511894,0.0348919260398357,0.15598328450414775,336
bayesfl_observability_v1,ola_lr0p02_b128_e1,17,ola,34,2,89,1,1,128,1.402950644493103,1.402950644493103,0.0,0.0,0.4606741573033708,1.402950644493103,0.1586773890612139,0.022081229835748672,0.9997380754775816,0.1586773890612139,,0.9392429968990706,1.3654484544000312,,,,,,,,,,,,,1.402950644493103,0.0,0.0006185151392928438,4.150217318965588e-05,0.00067621108610183,1.2189520597457886,1.0002868760999089,1.0000783205032349,1.000524652004242,0.9998578271715208,0.9999608397483826,0.9999933838844299,0.01842736470950465,0.018005462065224048,0.032660288364848536,,,,,,,,,89.0,0.011146071264974449,0.0018501918565166056,1.0000005960464478,1.0000132322311401,1.0000340938568115,1.0001544952392578,1.0008487820625305,1.1026602983474731,0.0008950177652105264,0.9523116946220398,0.9997377932071686,0.9999227523803711,0.9999829530715942,0.9999968409538269,0.9999997019767761,0.011546528940941759,1.1088406979033573e-07,0.0036566778333984133,0.009061429838736182,0.027101430606711698,0.03484646207803773,0.15129368313518352,89
bayesfl_observability_v1,ola_lr0p02_b128_e1,17,ola,251,20,36,1,1,128,0.7984148859977722,0.7984148859977722,0.0,0.0,0.8333333333333334,0.7984148859977722,0.09769897580536621,0.014451958239078522,0.9999008403456079,0.09769897580536621,,0.7570449135276909,1.610651168463865,,,,,,,,,,,,,0.7984148859977722,0.0,0.0002344770268141511,2.189353745052358e-05,0.0002879695675801486,0.522147536277771,1.0002642859793651,1.0000715255737305,1.0004961490631104,0.999868818136825,0.9999642372131348,0.9999937415122986,0.018426160699098002,0.01800027043250469,0.03267229233425028,,,,,,,,,36.0,0.0038926289531475457,0.0016058287255599588,1.0000005960464478,1.0000125169754028,1.0000323057174683,1.0001453161239624,1.0007988214492798,1.1028374433517456,0.0007809173769592391,0.952235221862793,0.9997519850730896,0.9999273419380188,0.9999838471412659,0.9999968409538269,0.9999997019767761,0.011547779165814946,1.8016095940700969e-07,0.0036491628332370077,0.009047412992127898,0.027083524535258776,0.03486115523582807,0.15075644869356927,36
bayesfl_observability_v1,ola_lr0p02_b128_e1,17,ola,0,0,68,1,1,128,2.1010239124298096,2.1010239124298096,0.0,0.0,0.10294117647058823,2.1010239124298096,0.28982423209337815,0.037297870963811874,0.999125680490058,0.28982423209337815,,0.07081055490819625,2.2089094885596023,,,,,,,,,,,,,2.1010239124298096,0.0,0.002063429503774319,0.00012767773296218365,0.0019089186331257247,3.477828025817871,1.0003718736200538,1.0000861883163452,1.000641107559204,0.999817270746842,0.9999569058418274,0.999993622303009,0.018426750009455276,0.0179957659481403,0.03266635733016231,,,,,,,,,68.0,0.03661141169518086,0.003044042132494471,1.0000005960464478,1.000012755393982,1.0000402927398682,1.0001822710037231,1.0010885357856751,1.2651565074920654,0.0013990530823836081,0.889053463935852,0.9996796250343323,0.9999088644981384,0.9999798536300659,0.9999967813491821,0.9999997019767761,0.011553697143346458,7.88944346950019e-07,0.0036364120174824026,0.00907268883128434,0.027080923685502745,0.03485349889159612,0.1478481166260527,68
bayesfl_observability_v1,ola_lr0p02_b128_e1,17,ola,141,11,30,1,1,128,1.4435211420059204,1.4435211420059204,0.0,0.0,0.4666666666666667,1.4435211420059204,0.12369220564801571,0.012716583907604218,0.9998407829679815,0.12369220564801571,,1.5190465305721117,0.7674065092926465,,,,,,,,,,,,,1.4435211420059204,0.0,0.0003758416479687709,3.823647784884088e-05,0.0004112760099815206,0.40427902340888977,1.0002726021491908,1.000074028968811,1.0005148768424987,0.9998646805161541,0.9999629855155945,0.9999936819076538,0.01842509541626255,0.01799477022236962,0.032658759407783435,,,,,,,,,30.0,0.0036119357311335133,0.0016207915404640853,1.0000005960464478,1.0000126361846924,1.0000354051589966,1.00014328956604,1.0008214712142944,1.1029943227767944,0.0007891460399758714,0.9521675109863281,0.9997426211833954,0.99992835521698,0.9999822974205017,0.9999967813491821,0.9999997019767761,0.011539776365785945,1.910740297919206e-07,0.003636316853648424,0.009052241828877126,0.02708767852960346,0.034853648269230784,0.14791896902268856,30
bayesfl_observability_v1,ola_lr0p02_b128_e1,17,ola,144,11,31,1,1,128,1.8844553232192993,1.8844553232192993,0.0,0.0,0.1935483870967742,1.8844553232192993,0.16968550057826415,0.02121216058731079,0.9997001689098238,0.16968550057826415,,1.0406143781872677,1.27432833756673,,,,,,,,,,,,,1.8844553232192993,0.0,0.0007073098663232105,7.355490379268304e-05,0.0008033410413190722,1.1248893737792969,1.0002921005404393,1.0000789165496826,1.0005296468734741,0.9998551899292526,0.9999605417251587,0.9999932646751404,0.01842231241631338,0.018002518438463008,0.032673347188443294,,,,,,,,,31.0,0.00867783279784302,0.0018302397061186716,1.0000005960464478,1.0000134706497192,1.0000355243682861,1.0001506805419922,1.0008647441864014,1.1297388076782227,0.0008857109051120768,0.9408295750617981,0.9997352957725525,0.9999246597290039,0.9999822378158569,0.999996542930603,0.9999997019767761,0.011537514970100518,2.0809933514554222e-07,0.0036437393732063283,0.00905999901393192,0.02708790782116524,0.03483829408703092,0.1462433585935872,31
bayesfl_observability_v1,ola_lr0p02_b128_e1,17,ola,69,5,1,1,1,128,3.414398670196533,3.414398670196533,0.0,0.0,0.0,3.414398670196533,0.5764892177932793,0.06029804050922394,0.9965476508270311,0.5764892177932793,,-0.0,2.259365973874069,,,,,,,,,,,,,3.414398670196533,0.0,0.008163993221057885,0.00034398859133943915,0.010439418256282806,9.089634895324707,1.0007307275475226,1.0001113414764404,1.0012029647827148,0.9996454770923234,0.9999443292617798,0.9999927878379822,0.018450366003567645,0.017995409155001856,0.03272958410814346,,,,,,,,,1.0,0.09190024828672383,0.005865739089724447,1.0000009536743164,1.0000144243240356,1.0000511407852173,1.00025475025177,1.0031873643398286,1.5475857257843018,0.0024786105798732124,0.8038455843925476,0.9993990540504456,0.999872624874115,0.9999744296073914,0.999996542930603,0.9999995231628418,0.011605807839798891,2.112560410519832e-08,0.0036548345904200918,0.00905223242701881,0.027111703823526456,0.034963872383054075,0.2019334279496942,1
bayesfl_observability_v1,ola_lr0p02_b128_e1,17,ola,270,21,127,1,1,128,1.7139003276824951,1.7139003276824951,0.0,0.0,0.07874015748031496,1.7139003276824951,0.25006963773779145,0.04724285751581192,0.9993491431482745,0.25006963773779145,,0.24980042066198757,2.0694700517910234,,,,,,,,,,,,,1.7139003276824951,0.0,0.0015361802043253347,0.00011177479609614238,0.0014057426364161082,5.579719543457031,1.0003408552750608,1.000084400177002,1.000597846508026,0.9998326157192895,0.999957799911499,0.9999933242797852,0.0184270465829349,0.01801432280553731,0.03267911093487235,,,,,,,,,127.0,0.037015770196180534,0.003012680270202447,1.0000007152557373,1.0000133514404297,1.000037670135498,1.0001628398895264,1.0009750783443452,1.370200276374817,0.0013498703131709275,0.8542951941490173,0.9997011959552765,0.9999185800552368,0.999981164932251,0.9999967813491821,0.9999996423721313,0.011555833021373214,2.8889756108766414e-07,0.003648647374037444,0.009057439118483019,0.027092184585056037,0.034857152294098796,0.18160733204724955,127
bayesfl_observability_v1,ola_lr0p02_b128_e1,17,ola,271,21,143,2,1,128,0.7112512409270226,0.7112512378009049,2.637791710000173e-09,2.637791710000173e-09,0.8881118881118881,0.7112512378009049,0.11659498065750079,0.016264043748378754,0.9998593638541445,0.11659498065750079,,1.0368649511366086,1.308132397731561,,,,,,,,,,,,,0.7112512378009049,2.637791710000173e-09,9.356853014053189e-05,1.1955212812608806e-05,0.00013199820823501813,0.18518489599227905,1.0002559983040384,1.0000700950622559,1.000481128692627,0.9998728811694021,0.9999649524688721,0.9999938011169434,0.018432234843760918,0.01799468771767399,0.03267323622726666,,,,,,,,,143.0,0.0013983665617410578,0.001535057769251081,1.0000005960464478,1.0000123977661133,1.00003182888031,1.0001401901245117,1.000777244567871,1.1027295589447021,0.0007476960076668288,0.9522818326950073,0.9997595548629761,0.9999299049377441,0.999984085559845,0.9999968409538269,0.9999997019767761,0.011562631286310033,3.782546266844159e-08,0.003649463750750748,0.009050130370401015,0.027082090321198043,0.03489168038556339,0.15440036199493862,143
bayesfl_observability_v1,ola_lr0p02_b128_e1,17,ola,53,4,385,4,1,128,0.9341592015384079,0.9341590022111868,1.9477701178922352e-07,1.9477701178922352e-07,0.6909090909090909,0.9341590022111868,0.32219405524979655,0.037311404943466187,0.9989224690318682,0.32219405524979655,,0.6199400754114299,1.6563453455408537,,,,,,,,,,,,,0.9341590022111868,1.9477701178922352e-07,0.00034808848572899634,3.554160502972081e-05,0.0004111621354240934,0.4963911175727844,1.0002709712777893,1.0000745058059692,1.000510811805725,0.9998655222225273,0.9999627470970154,0.9999937415122986,0.01843717613972203,0.01798856097634134,0.03269310452026546,,,,,,,,,385.0,0.005213995745949627,0.001644600495106904,1.0000005960464478,1.0000125169754028,1.000034213066101,1.0001431703567505,1.000814926624298,1.1027659177780151,0.0007994835918454798,0.9522660970687866,0.9997446537017822,0.9999284148216248,0.9999828934669495,0.9999968409538269,0.9999997019767761,0.01158025415101967,4.959270843098924e-07,0.0036491765840952453,0.009060767428933166,0.027088897306184117,0.03491056693797431,0.150556217150272,385
bayesfl_observability_v1,ola_lr0p02_b128_e1,17,ola,60,4,6,1,1,128,1.780870795249939,1.780870795249939,0.0,0.0,0.16666666666666666,1.780870795249939,0.2292655786320131,0.02805422618985176,0.9994531208343922,0.2292655786320131,,0.6365141682948128,1.6573554390074312,,,,,,,,,,,,,1.780870795249939,0.0,0.0012912131976584157,8.988349145511165e-05,0.001295529864728452,1.9675992727279663,1.0003264481102752,1.0000823736190796,1.0005971312522888,0.9998383936308521,0.9999588131904602,0.9999938011169434,0.01842727154784936,0.0180023980619559,0.03268739473022147,,,,,,,,,6.0,0.017173111092451968,0.0021025170761318455,1.0000007152557373,1.0000123977661133,1.000037670135498,1.0001657009124756,1.0010011196136475,1.1547144651412964,0.001007679184930046,0.9305992722511292,0.9997015535831452,0.9999171495437622,0.999981164932251,0.9999967217445374,0.9999996423721313,0.011553478969873878,3.4323602423700127e-07,0.0036466155257031925,0.009059272138393352,0.02710884904445457,0.034870676678854205,0.14792166656324102,6
bayesfl_observability_v1,ola_lr0p02_b128_e1,17,ola,279,22,12,1,1,128,0.6666663289070129,0.6666663289070129,0.0,0.0,1.0,0.6666663289070129,0.1038710632537007,0.016579940915107727,0.9998880477033323,0.1038710632537007,,0.6172417697303416,1.6358465807671725,,,,,,,,,,,,,0.6666663289070129,0.0,0.0002650387719932843,2.790597591229016e-05,0.00031712211784906685,0.6872362494468689,1.0002660853719623,1.000072717666626,1.0004966378211975,0.9998679043449681,0.999963641166687,0.9999933838844299,0.01842849776761475,0.018006676962151587,0.03266643462514083,,,,,,,,,12.0,0.004374861776451723,0.001593310294386277,1.0000005960464478,1.0000132322311401,1.000032901763916,1.0001448392868042,1.0008002519607544,1.1029454469680786,0.0007749975375665049,0.9521886110305786,0.999751740694046,0.9999275803565979,0.999983549118042,0.9999966621398926,0.9999997019767761,0.011552086368938569,3.430666173627057e-07,0.0036514995344068507,0.009063648681801024,0.02708293374793093,0.03486929565014082,0.1686438694701239,12
bayesfl_observability_v1,ola_lr0p02_b128_e1,17,ola,160,12,379,3,1,128,0.9104596266331333,0.9104594888661971,1.3344123782384232e-07,1.3344123782384232e-07,0.6939313984168866,0.9104594888661971,0.26009145852024135,0.0375208705663681,0.9992972654702865,0.26009145852024135,,1.1782151454192733,1.120809894534982,,,,,,,,,,,,,0.9104594888661971,1.3344123782384232e-07,0.00029357714911102653,2.5742017896845937e-05,0.0004059778701048347,0.7082351446151733,1.0002677637806596,1.00007164478302,1.0005041360855103,0.9998671162786753,0.99996417760849,0.9999935626983643,0.01843404056196625,0.018018969109242028,0.03270187344779113,,,,,,,,,379.0,0.00447322118919646,0.0016379920340457957,1.0000005960464478,1.0000128746032715,1.0000332593917847,1.000142216682434,1.0008074700832368,1.1024949550628662,0.0007954207163185787,0.9523831009864807,0.9997479915618896,0.999928891658783,0.9999833703041077,0.9999968409538269,0.9999997019767761,0.011565243003103829,1.6277102815630584e-07,0.003640161433616121,0.00906467652292539,0.02710027477138192,0.03488213350936042,0.1624518260355826,379
bayesfl_observability_v1,ola_lr0p02_b128_e1,17,ola,110,8,58,1,1,128,0.6832037568092346,0.6832037568092346,0.0,0.0,0.896551724137931,0.6832037568092346,0.1419590298282743,0.02088482677936554,0.9997905841311258,0.1419590298282743,,0.08048483706800685,2.1077419116679486,,,,,,,,,,,,,0.6832037568092346,0.0,0.0004950468639063939,4.328197974245995e-05,0.0004756006819661707,1.0904403924942017,1.000279614333145,1.0000747442245483,1.0005104541778564,0.9998612872343278,0.9999626278877258,0.999992847442627,0.01842821099374273,0.01801182358305047,0.03266229736197926,,,,,,,,,58.0,0.008908723284670189,0.0017173469019665846,1.0000005960464478,1.000014305114746,1.0000344514846802,1.0001553297042847,1.0008238554000854,1.1193641424179077,0.0008321502463632196,0.9451795220375061,0.9997448325157166,0.9999223351478577,0.9999827742576599,0.9999967813491821,0.9999997019767761,0.011554043143176797,4.174057120712521e-08,0.0036497545227524284,0.00907372276777394,0.027081976048223756,0.03485549640801451,0.1750140201963391,58
bayesfl_observability_v1,ola_lr0p02_b128_e1,18,ola,0,0,68,1,1,128,1.0633517503738403,1.0633517503738403,0.0,0.0,0.75,1.0633517503738403,0.1926400691118987,0.025447681546211243,0.9996148963313188,0.1926400691118987,,0.07081055490819625,2.2089094885596023,,,,,,,,,,,,,1.0633517503738403,0.0,0.0009116192759460712,6.157749885460362e-05,0.0009250459843315184,1.6189618110656738,1.0003150796051565,1.0000791549682617,1.000577449798584,0.9998441427831883,0.9999604225158691,0.9999936819076538,0.018438345418485422,0.0179932295042907,0.03268277199725483,,,,,,,,,68.0,0.01666174290837624,0.0021494398870894427,1.0000004768371582,1.0000126361846924,1.0000373125076294,1.0001564025878906,1.0009307324886323,1.147608757019043,0.0010279884734008973,0.9334757924079895,0.9997113943099976,0.9999217987060547,0.9999813437461853,0.9999968409538269,0.9999997615814209,0.011580652813707508,1.3198523240007163e-07,0.0036295698901073945,0.00907246412437859,0.027085954585785183,0.0348955390949947,0.15014877723265843,68
bayesfl_observability_v1,ola_lr0p02_b128_e1,18,ola,282,22,46,1,1,128,1.1361372470855713,1.1361372470855713,0.0,0.0,0.7391304347826086,1.1361372470855713,0.18011024754377464,0.03489396721124649,0.999663348363763,0.18011024754377464,,-0.0,2.3163460082440825,,,,,,,,,,,,,1.1361372470855713,0.0,0.0007968876359407837,6.68376378598623e-05,0.000739687355235219,3.043972969055176,1.000308702743345,1.000081181526184,1.0005571842193604,0.9998474537529739,0.999959409236908,0.9999929666519165,0.018438332894285196,0.018009714133249182,0.03269672357209035,,,,,,,,,46.0,0.019888737852337652,0.0022512552196112786,1.0000005960464478,1.000014066696167,1.0000367164611816,1.0001540184020996,1.0008982419967651,1.2339539527893066,0.0010582826184048818,0.9002238512039185,0.9997215270996094,0.9999229907989502,0.9999816417694092,0.9999967217445374,0.9999997019767761,0.011580130234411647,1.4678494549888325e-07,0.003647645915408445,0.00905570710368361,0.02709947150112149,0.034910164640768654,0.1680593249795362,46
bayesfl_observability_v1,ola_lr0p02_b128_e1,18,ola,291,23,331,3,1,128,0.575412438085072,0.5754123812715812,5.947598386130948e-08,5.947598386130948e-08,0.9033232628398792,0.5754123812715812,0.21212570828169683,0.039675332605838776,0.999534613968982,0.21212570828169683,,0.6563087339558499,1.6124405973952192,,,,,,,,,,,,,0.5754123812715812,5.947598386130948e-08,0.00015417819268905082,1.5718452232249547e-05,0.0001600142422830686,0.5498411059379578,1.0002730004724425,1.0000731945037842,1.0005093932151794,0.9998645680404264,0.9999634027481079,0.9999935030937195,0.01844712168272943,0.018011709992591877,0.03272123247233159,,,,,,,,,331.0,0.0033621690552012628,0.001695341772993447,1.0000004768371582,1.000012993812561,1.0000343322753906,1.0001418590545654,1.0008111000061035,1.0971907377243042,0.0008230411861215459,0.9546824097633362,0.9997453629970551,0.9999290704727173,0.9999828338623047,0.9999969005584717,0.9999997615814209,0.011599448014931953,4.1830299412217057e-07,0.003645954834309007,0.009073524186300313,0.027097299449220808,0.03493562811471463,0.16722595935764026,331
bayesfl_observability_v1,ola_lr0p02_b128_e1,18,ola,43,3,1,1,1,128,1.3730591535568237,1.3730591535568237,0.0,0.0,0.0,1.3730591535568237,0.38137350527019503,0.05851415544748306,0.9984923930101387,0.38137350527019503,,-0.0,2.3163460082440825,,,,,,,,,,,,,1.3730591535568237,0.0,0.0035729034962039045,0.00016093523299787194,0.004751585423946381,8.559765815734863,1.0004629292047198,1.0000938177108765,1.000896942615509,0.9997736069288589,0.9999530911445618,0.9999933242797852,0.018451347326616643,0.01799798431042885,0.03272123249168608,,,,,,,,,1.0,0.05796797624299273,0.00401935155225192,1.0000004768371582,1.0000133514404297,1.0000418424606323,1.0002083778381348,1.0015936136245727,1.5216506719589233,0.0017002649557088586,0.8106670379638672,0.9995518267154694,0.9998958110809326,0.9999790787696838,0.9999969601631165,0.9999997615814209,0.011621878662978638,2.27914600932481e-08,0.003641232709151956,0.009049321755130714,0.02710773673357533,0.03495198834255141,0.2143258460421851,1
bayesfl_observability_v1,ola_lr0p02_b128_e1,18,ola,35,2,12,1,1,128,1.305212140083313,1.305212140083313,0.0,0.0,0.5,1.305212140083313,0.10677586779145802,0.012993104755878448,0.999881680639032,0.10677586779145802,,0.8981370031878679,1.419319868930796,,,,,,,,,,,,,1.305212140083313,0.0,0.0002800699240945564,3.375534652150236e-05,0.00034866711939685047,0.4220518171787262,1.0002799914641547,1.0000767707824707,1.000517725944519,0.9998611039159293,0.9999616146087646,0.9999933242797852,0.018434575315849633,0.018010147743068645,0.032687655694599,,,,,,,,,12.0,0.003509270480463367,0.0017189321680715507,1.0000004768371582,1.0000133514404297,1.0000354051589966,1.0001473426818848,1.0008296430110932,1.0976330041885376,0.0008350401181225346,0.954490065574646,0.9997411966323853,0.9999263286590576,0.9999822974205017,0.9999964833259583,0.9999997615814209,0.011568341906488994,2.157214795239964e-07,0.003633589670350487,0.009059416340449239,0.027091141310421812,0.03488035506108729,0.1499296324137083,12
bayesfl_observability_v1,ola_lr0p02_b128_e1,18,ola,36,2,72,1,1,128,1.0336499214172363,1.0336499214172363,0.0,0.0,0.8611111111111112,1.0336499214172363,0.09083834153788406,0.011980295181274414,0.9999144668316107,0.09083834153788406,,0.8732300140738931,1.4909129377062735,,,,,,,,,,,,,1.0336499214172363,0.0,0.0002027022938956975,2.189494261983782e-05,0.0002890109899453819,0.35881853103637695,1.0002756947921467,1.0000739097595215,1.000514030456543,0.9998632204834834,0.9999630451202393,0.999993622303009,0.018435397225097648,0.018004784670869516,0.032685689419141795,,,,,,,,,72.0,0.0028136415835414096,0.0016937745907875642,1.0000004768371582,1.000012755393982,1.0000349283218384,1.0001468658447266,1.0008146226406098,1.097285509109497,0.0008229730398443899,0.9546412229537964,0.9997430443763733,0.9999265670776367,0.9999825358390808,0.9999968409538269,0.9999997615814209,0.011570145940623989,3.533891002121144e-07,0.0036397591232908357,0.0090422376420191,0.027090589949963988,0.034892991986293566,0.15072205431669686,72
bayesfl_observability_v1,ola_lr0p02_b128_e1,18,ola,87,7,39,1,1,128,1.1279901266098022,1.1279901266098022,0.0,0.0,0.8974358974358975,1.1279901266098022,0.15673132868062,0.02219414710998535,0.9997451916569089,0.15673132868062,,0.4377023180952629,1.8840029267722176,,,,,,,,,,,,,1.1279901266098022,0.0,0.0006034369248519967,4.921149229630828e-05,0.0006430929061025381,1.2314504384994507,1.0002979587686311,1.000080943107605,1.0005428791046143,0.9998524249958783,0.9999595284461975,0.9999934434890747,0.018439313410096934,0.018009780064883324,0.03267900919935221,,,,,,,,,39.0,0.012481564417095442,0.0019524606772816126,1.0000004768371582,1.0000131130218506,1.000035047531128,1.0001565217971802,1.0008705973625183,1.1066310405731201,0.0009421969065864221,0.9506016969680786,0.9997286796569824,0.9999217391014099,0.999982476234436,0.9999968409538269,0.9999997615814209,0.01157635679070993,2.0529368407592986e-07,0.0036443477591462953,0.009061712412595036,0.027103219908553924,0.034899992753665295,0.15170514638578628,39
bayesfl_observability_v1,ola_lr0p02_b128_e1,18,ola,93,7,103,1,1,128,1.0503416061401367,1.0503416061401367,0.0,0.0,0.7378640776699029,1.0503416061401367,0.09917268709093133,0.016818024218082428,0.9998979634653029,0.09917268709093133,,1.1983912561963983,1.1190743533532796,,,,,,,,,,,,,1.0503416061401367,0.0,0.00024160417193820803,2.2056894522393122e-05,0.0002691972389584411,0.707115113735199,1.0002778544106885,1.0000743865966797,1.000519037246704,0.999862185015453,0.9999628067016602,0.9999937415122986,0.018435318411243885,0.018012420314292822,0.03268519611036483,,,,,,,,,103.0,0.004772160496883797,0.001731172399737718,1.0000005960464478,1.0000125169754028,1.0000349283218384,1.0001429319381714,1.0008277893066406,1.1041285991668701,0.000839368321002364,0.9516783356666565,0.9997406005859375,0.9999285340309143,0.9999825358390808,0.9999969005584717,0.9999997019767761,0.011567661403879664,1.2511854498125438e-07,0.0036436037041921816,0.009049327964575953,0.02709798930144993,0.03488865287649671,0.15003251947678378,103
bayesfl_observability_v1,ola_lr0p02_b128_e1,18,ola,208,16,2,1,1,128,0.7693290710449219,0.7693290710449219,0.0,0.0,1.0,0.7693290710449219,0.1844539539291764,0.02273789793252945,0.9996473704186324,0.1844539539291764,,-0.0,2.4040642619438994,,,,,,,,,,,,,0.7693290710449219,0.0,0.0008357881058951222,6.620750355068594e-05,0.0007855207659304142,1.292529821395874,1.0003108685607232,1.0000815391540527,1.0005818605422974,0.9998459302290865,0.9999592304229736,0.9999938011169434,0.018442025457356126,0.01800714354428987,0.03269218988943881,,,,,,,,,2.0,0.01150223945210921,0.0019218846071790824,1.0000004768371582,1.0000123977661133,1.0000373125076294,1.0001639127731323,1.000954508781433,1.1237026453018188,0.0009274135030031767,0.9433531761169434,0.9997091889381409,0.9999180436134338,0.9999813437461853,0.9999967813491821,0.9999997615814209,0.011585164887940595,7.232238730670216e-08,0.0036510872070534997,0.009064614481003277,0.027094882000009667,0.03492453244236251,0.15065580671722945,2
bayesfl_observability_v1,ola_lr0p02_b128_e1,18,ola,127,10,1,1,1,128,0.8635371327400208,0.8635371327400208,0.0,0.0,1.0,0.8635371327400208,0.29377801194328557,0.034653544425964355,0.9991054683636783,0.29377801194328557,,-0.0,2.3277319754160017,,,,,,,,,,,,,0.8635371327400208,0.0,0.0021201120907988914,0.00010662691056495532,0.0022367091150954413,3.0021703243255615,1.0003822197002337,1.0000829696655273,1.000738501548767,0.9998116194024658,0.9999585151672363,0.999993622303009,0.01844736285481947,0.018010473732128343,0.032710124304460686,,,,,,,,,1.0,0.029995032943359475,0.0027790964112167113,1.0000004768371582,1.000012755393982,1.0000383853912354,1.0001733303070068,1.0012703597545625,1.2173594236373901,0.0012960826966205304,0.9063388109207153,0.9996309280395508,0.9999133348464966,0.9999808073043823,0.9999969601631165,0.9999997615814209,0.011602396482453344,1.493537452850746e-07,0.0036514929784976697,0.009061501110228461,0.027100383943156604,0.03490864228119612,0.1508767451991942,1
bayesfl_observability_v1,ola_lr0p02_b128_e1,18,ola,134,10,326,3,1,128,0.8057499291158161,0.8057497534100995,1.757133001936303e-07,1.757133001936303e-07,0.7392638036809815,0.8057497534100995,0.2797193199368546,0.03557703271508217,0.9991884634629886,0.2797193199368546,,0.4149757414196952,1.8961001489773186,,,,,,,,,,,,,0.8057497534100995,1.757133001936303e-07,0.000452017968452661,4.155970236752182e-05,0.000467642158037052,0.7825204730033875,1.0002895469783601,1.0000752210617065,1.0005320310592651,0.9998565146927048,0.9999623894691467,0.9999938607215881,0.01844281250235329,0.01800032402283752,0.032702953805741036,,,,,,,,,326.0,0.008119216937016203,0.0018676481469793007,1.0000004768371582,1.0000122785568237,1.0000343322753906,1.0001475811004639,1.0008556842803955,1.1363526582717896,0.000902741811391363,0.9380877017974854,0.999734103679657,0.9999262094497681,0.9999828338623047,0.9999969005584717,0.9999997615814209,0.01158868223073125,1.0841238746905952e-07,0.0036232700343913397,0.009074995094877364,0.027108728861309567,0.03489140356610135,0.15375376430828605,326
bayesfl_observability_v1,ola_lr0p02_b128_e1,18,ola,223,17,110,1,1,128,0.9556736946105957,0.9556736946105957,0.0,0.0,0.7909090909090909,0.9556736946105957,0.11594631025195563,0.024193517863750458,0.9998605307726226,0.11594631025195563,,0.8399031444716331,1.4694341093795324,,,,,,,,,,,,,0.9556736946105957,0.0,0.0003302433813726894,2.7338202016835567e-05,0.0004160618380410603,1.4633160829544067,1.00028278030674,1.000075101852417,1.00052809715271,0.9998597802974813,0.9999624490737915,0.9999931454658508,0.01843613501495621,0.018004116702388863,0.03269903575414731,,,,,,,,,110.0,0.007360804179180806,0.0017797049005416651,1.0000004768371582,1.0000137090682983,1.000035047531128,1.0001449584960938,1.00083589553833,1.1470379829406738,0.000859939115245514,0.9337080717086792,0.9997360706329346,0.9999275207519531,0.999982476234436,0.9999969005584717,0.9999997615814209,0.0115713521807204,9.218802989378672e-07,0.0036444549241275814,0.009056663084526557,0.027093686989510195,0.034878944972331766,0.1592720074058835,110
bayesfl_observability_v1,ola_lr0p02_b128_e1,18,ola,242,19,3,1,1,128,0.5285198092460632,0.5285198092460632,0.0,0.0,1.0,0.5285198092460632,0.12495187037239887,0.014553024433553219,0.9998381662225091,0.12495187037239887,,0.6365141682948128,1.6128062758029642,,,,,,,,,,,,,0.5285198092460632,0.0,0.0003835356802523039,2.8189759177621454e-05,0.0004599934327416122,0.5294763445854187,1.0002857425960892,1.0000754594802856,1.0005435943603516,0.9998582634925139,0.9999622702598572,0.9999932050704956,0.018437662259889576,0.01799349310169599,0.03268074003743786,,,,,,,,,3.0,0.005102421021119507,0.0017464891384517337,1.0000004768371582,1.0000135898590088,1.000035285949707,1.0001503229141235,1.0008547961711884,1.0973081588745117,0.0008478749696209857,0.9546313881874084,0.9997283220291138,0.9999248385429382,0.9999823570251465,0.9999967217445374,0.9999997615814209,0.011575519372206201,1.493537452850746e-07,0.0036481138169036594,0.009064729609353107,0.027091873940810925,0.034886840303506125,0.15734892735860187,3
bayesfl_observability_v1,ola_lr0p02_b128_e1,18,ola,138,11,64,1,1,128,1.0248956680297852,1.0248956680297852,0.0,0.0,0.78125,1.0248956680297852,0.10631979083011721,0.015392623841762543,0.999882762624978,0.10631979083011721,,1.1844657730950183,1.1205255670011776,,,,,,,,,,,,,1.0248956680297852,0.0,0.0002776824582729368,2.557673997216625e-05,0.0003454789111856372,0.5923316478729248,1.0002798610906347,1.0000741481781006,1.0005213022232056,0.999861202940932,0.9999629259109497,0.9999932050704956,0.01843609738865185,0.018009202701233178,0.032688497109523734,,,,,,,,,64.0,0.004121661854022959,0.001747618175144997,1.0000005960464478,1.0000135898590088,1.0000343322753906,1.0001420974731445,1.0008310079574585,1.0977517366409302,0.0008474022952780283,0.9544384479522705,0.9997394680976868,0.9999289512634277,0.9999828338623047,0.9999969005584717,0.9999997019767761,0.011570123426116975,1.4129553682864366e-07,0.0036438850777138006,0.0090621553028391,0.02709614438278666,0.03488206010428022,0.151226693845291,64
bayesfl_observability_v1,ola_lr0p02_b128_e1,18,ola,229,18,381,3,1,128,0.6599070558084903,0.6599070362531607,3.4891096509525075e-08,3.4891096509525075e-08,0.8923884514435696,0.6599070362531607,0.16171388193027275,0.018669597804546356,0.9997301868059316,0.16171388193027275,,1.2645702769066132,0.9847598976008598,,,,,,,,,,,,,0.6599070362531607,3.4891096509525075e-08,8.293817532430055e-05,1.2398016224324238e-05,0.00011116186942672357,0.09858991205692291,1.0002690429348742,1.000072717666626,1.0005028247833252,0.9998664789775201,0.999963641166687,0.999993622303009,0.018446509240113363,0.01800473915356948,0.032710585374783184,,,,,,,,,381.0,0.000905362930035859,0.0016378835701070873,1.0000004768371582,1.000012755393982,1.000033974647522,1.000140905380249,1.000801867246628,1.0974609851837158,0.0007968833269148114,0.9545648694038391,0.9997486472129822,0.9999295473098755,0.999983012676239,0.9999969005584717,0.9999997615814209,0.011598632981158446,2.590118109615759e-08,0.0036361848238658546,0.009056702138461815,0.027097621278172047,0.0349269674651402,0.16427133164087704,381
bayesfl_observability_v1,ola_lr0p02_b128_e1,19,ola,61,4,198,2,1,128,1.4457841584778794,1.4457840741884829,8.812915954803604e-08,8.812915954803604e-08,0.41919191919191917,1.4457840741884829,0.28530696186885035,0.04809543490409851,0.9991568530835606,0.28530696186885035,,0.38144262903567916,1.9227600406973597,,,,,,,,,,,,,1.4457840741884829,8.812915954803604e-08,0.0006690699904890459,7.153933256631717e-05,0.0006558619206771256,1.8018285036087036,1.0003012089524554,1.0000799894332886,1.0005428791046143,0.9998508694429136,0.9999600052833557,0.999993085861206,0.018448679984344508,0.018001931743077314,0.03270575550076826,,,,,,,,,198.0,0.013698237059806275,0.002004061160974097,1.0000004768371582,1.000013828277588,1.0000362396240234,1.0001482963562012,1.0008706510066987,1.1576635837554932,0.0009643258782466213,0.9294131398200989,0.9997286796569824,0.9999258518218994,0.9999818801879883,0.9999967813491821,0.9999997615814209,0.011613980063545195,1.0104346893559738e-07,0.003640460239619172,0.009066221171270521,0.027104722732643548,0.03492811683246744,0.15697108647464927,198
bayesfl_observability_v1,ola_lr0p02_b128_e1,19,ola,201,16,42,1,1,128,1.4508333206176758,1.4508333206176758,0.0,0.0,0.5238095238095238,1.4508333206176758,0.11201248280459287,0.012073777616024017,0.9998699546569613,0.11201248280459287,,1.3298452344417466,0.9647582614250333,,,,,,,,,,,,,1.4508333206176758,0.0,0.00030821452345525534,2.86088961729547e-05,0.000344785282504745,0.3644404411315918,1.0002822152603301,1.000076174736023,1.0005195140838623,0.9998600561474493,0.9999619126319885,0.9999935030937195,0.01844349279944022,0.01800179711819043,0.03270508607243008,,,,,,,,,42.0,0.00427702623344085,0.001770025146343738,1.0000004768371582,1.000012993812561,1.0000346899032593,1.000144362449646,1.0008264243602754,1.1001129150390625,0.0008591516211800479,0.9534136652946472,0.9997403621673584,0.999927818775177,0.9999826550483704,0.9999968409538269,0.9999997615814209,0.011591963129073565,4.635767756421042e-07,0.003641925168423439,0.00906140932588682,0.027097847014650525,0.03489941696867745,0.15738949410917655,42
bayesfl_observability_v1,ola_lr0p02_b128_e1,19,ola,119,9,843,7,1,128,0.6770826344812468,0.677082425405405,2.068958339334858e-07,2.068958339334858e-07,0.8730723606168446,0.677082425405405,0.30589717156513696,0.03606264293193817,0.9990385304689127,0.30589717156513696,,0.9765459908687751,1.371331098617695,,,,,,,,,,,,,0.677082425405405,2.068958339334858e-07,7.90328502222202e-05,1.0305896466888953e-05,9.20055841561408e-05,0.1034676805138588,1.000270155200769,1.0000715255737305,1.0005018711090088,0.9998659722431593,0.9999642372131348,0.9999939203262329,0.018474761526696675,0.018015620970005343,0.0327243151371222,,,,,,,,,843.0,0.0011355056216773966,0.0016796114081220265,1.0000004768371582,1.0000121593475342,1.0000333786010742,1.0001391172409058,1.0007988214492798,1.1004433631896973,0.0008163587378607465,0.9532704949378967,0.9997491240501404,0.9999304413795471,0.9999833106994629,0.9999970197677612,0.9999997615814209,0.011667766712541116,1.5201473906745094e-07,0.003643982792330974,0.009064673905816643,0.027116415910650535,0.03501703250825291,0.1582488884487734,843
bayesfl_observability_v1,ola_lr0p02_b128_e1,19,ola,85,6,91,1,1,128,1.8598605394363403,1.8598605394363403,0.0,0.0,0.18681318681318682,1.8598605394363403,0.2011404529547964,0.031426042318344116,0.9995805608430572,0.2011404529547964,,0.7052992177089794,1.615535625363525,,,,,,,,,,,,,1.8598605394363403,0.0,0.0009938460294051377,0.000104355021903757,0.0009786819573491842,2.4689905643463135,1.0003183038293044,1.0000841617584229,1.0005661368370056,0.999842609206691,0.9999579191207886,0.9999926686286926,0.018444192107172363,0.017999367501669552,0.03269657490685316,,,,,,,,,91.0,0.019368861354716337,0.0022033238344444394,1.0000004768371582,1.0000146627426147,1.000037431716919,1.0001596212387085,1.0009198188781738,1.1927772760391235,0.0010507529139671726,0.9156306385993958,0.9997170507907868,0.9999201893806458,0.9999812841415405,0.9999967813491821,0.9999997615814209,0.011599826763756264,1.620120917239705e-07,0.003632336386051089,0.009057656692113615,0.027101585709552557,0.034910748653880413,0.15659630653661802,91
bayesfl_observability_v1,ola_lr0p02_b128_e1,19,ola,33,2,3,1,1,128,1.0950881242752075,1.0950881242752075,0.0,0.0,0.6666666666666666,1.0950881242752075,0.20404916535978446,0.026250258088111877,0.9995689583226883,0.20404916535978446,,0.6365141682948128,1.7421059981397873,,,,,,,,,,,,,1.0950881242752075,0.0,0.0010227980755714205,7.983378600329161e-05,0.0015959486714564276,1.7226897478103638,1.0003198281374173,1.0000805854797363,1.0006120324134826,0.9998415764245887,0.9999597072601318,0.9999929666519165,0.01845087908079006,0.018021261091755055,0.03270436758247286,,,,,,,,,3.0,0.013880459934703248,0.0020120239059821673,1.0000004768371582,1.000014066696167,1.000038743019104,1.0001628398895264,1.0009756863117218,1.143276333808899,0.000968569261435073,0.9352428317070007,0.9996941030025482,0.9999185800552368,0.999980628490448,0.9999970197677612,0.9999997615814209,0.011608823619910872,1.069082745051329e-07,0.0036496350621322356,0.009059042845711544,0.027115536487468405,0.034946038598112704,0.1574162314832652,3
bayesfl_observability_v1,ola_lr0p02_b128_e1,19,ola,16,1,369,3,1,128,0.5409712309275216,0.5409710958882722,1.3199480797736035e-07,1.3199480797736035e-07,0.8861788617886179,0.5409710958882722,0.230367526483924,0.027901552617549896,0.9994510174191024,0.230367526483924,,0.1490487639578261,2.177886214364074,,,,,,,,,,,,,0.5409710958882722,1.3199480797736035e-07,0.00029984186635942454,3.2801797715364955e-05,0.0003349059261381626,0.4248844385147095,1.0002817755857338,1.0000735521316528,1.0005168914794922,0.9998603143625951,0.9999632239341736,0.9999939203262329,0.01845325191843481,0.018005488706092594,0.032719783485946875,,,,,,,,,369.0,0.0054075247748488296,0.0018017483611624885,1.0000004768371582,1.0000121593475342,1.0000343322753906,1.0001424551010132,1.0008296430110932,1.1224712133407593,0.0008727663020131468,0.9438704252243042,0.9997416138648987,0.9999287724494934,0.9999828338623047,0.9999970197677612,0.9999997615814209,0.011615188193517057,5.677293140435046e-07,0.003630852910008877,0.009066441926116149,0.027120081158016035,0.03493876649320978,0.1520542641611947,369
bayesfl_observability_v1,ola_lr0p02_b128_e1,19,ola,167,13,86,1,1,128,0.8927356600761414,0.8927356600761414,0.0,0.0,0.7906976744186046,0.8927356600761414,0.07274403311117629,0.007702328264713287,0.9999453192033075,0.07274403311117629,,1.7378293573159467,0.5580381273299192,,,,,,,,,,,,,0.8927356600761414,0.0,0.0001299915134561218,1.1282574178039795e-05,0.00017058538069250097,0.14831463992595673,1.000272836576947,1.0000718832015991,1.0005080699920654,0.9998646579838765,0.9999640583992004,0.9999939799308777,0.018445992003906123,0.017999063025690862,0.03270414706029699,,,,,,,,,86.0,0.001554971515024319,0.0017015588727882086,1.0000004768371582,1.0000120401382446,1.0000336170196533,1.0001411139965057,1.0008098542690278,1.107914924621582,0.0008262906878729603,0.9500507116317749,0.9997460246086121,0.9999294430017471,0.9999831914901733,0.9999970197677612,0.9999997615814209,0.01159522950925838,4.362088048185073e-08,0.003631509591017671,0.009064379217536047,0.027097895719387366,0.03491101422417774,0.15905616414528786,86
bayesfl_observability_v1,ola_lr0p02_b128_e1,19,ola,168,13,207,2,1,128,1.0396217508016576,1.0396217280539914,2.228138384907652e-08,2.228138384907652e-08,0.7971014492753623,1.0396217280539914,0.16192467047480383,0.018874920904636383,0.9997289427325958,0.16192467047480383,,0.9862272293909359,1.3773906685164472,,,,,,,,,,,,,1.0396217280539914,2.228138384907652e-08,0.0001918557016905582,2.601248343125917e-05,0.00025303426082246006,0.3130607604980469,1.000276091795276,1.0000728368759155,1.0005099773406982,0.9998630573809985,0.9999635815620422,0.999993622303009,0.01845130763578188,0.018003275272932134,0.032705701141581195,,,,,,,,,207.0,0.002924017066224624,0.0017228582270009092,1.0000005960464478,1.000012755393982,1.0000344514846802,1.0001449584960938,1.0008120000362397,1.1011382341384888,0.0008365736043139189,0.9529696702957153,0.9997450709342957,0.9999275207519531,0.9999827742576599,0.9999970197677612,0.9999997019767761,0.011610088527433402,6.758677725484975e-07,0.0036460348129957634,0.009049770995249607,0.02711888471032051,0.034948811196077054,0.1558841929280097,207
bayesfl_observability_v1,ola_lr0p02_b128_e1,19,ola,174,13,57,1,1,128,1.363180160522461,1.363180160522461,0.0,0.0,0.5789473684210527,1.363180160522461,0.1445342139178097,0.016532883048057556,0.9997835423568937,0.1445342139178097,,0.7356907463699587,1.5546238632023086,,,,,,,,,,,,,1.363180160522461,0.0,0.000513170382688053,4.750641528517008e-05,0.0005921496835071597,0.6833404898643494,1.0002930031657231,1.000076413154602,1.0005383491516113,0.9998547783836911,0.999961793422699,0.9999938011169434,0.018444848892344098,0.017983972211940553,0.032700164421441316,,,,,,,,,57.0,0.007178590734045273,0.0018592158352221774,1.0000004768371582,1.0000123977661133,1.0000355243682861,1.0001521110534668,1.0008552074432373,1.1028225421905518,0.0009001768117869003,0.9522416591644287,0.9997309446334839,0.9999239444732666,0.9999822378158569,0.9999968409538269,0.9999997615814209,0.01159774180571528,4.537839365036816e-09,0.003633531241769169,0.009072944863057748,0.027086407405834543,0.03490093218747383,0.15592697051887663,57
bayesfl_observability_v1,ola_lr0p02_b128_e1,19,ola,154,12,5,1,1,128,1.4513492584228516,1.4513492584228516,0.0,0.0,0.8,1.4513492584228516,0.1538313029086889,0.0176071859896183,0.99975477706202,0.1538313029086889,,0.9502705392332347,1.3902817953906008,,,,,,,,,,,,,1.4513492584228516,0.0,0.0005813125422954203,4.155378701398149e-05,0.0008973451680503788,0.7750324606895447,1.0002965901529812,1.0000778436660767,1.0005601644515991,0.9998529320722761,0.9999610781669617,0.9999935626983643,0.018446308672854395,0.018005268708247386,0.03270147983949208,,,,,,,,,5.0,0.006067316965109166,0.0018185693621939288,1.0000008344650269,1.0000128746032715,1.0000358819961548,1.0001474618911743,1.0008929550647736,1.119423508644104,0.0008807840319919939,0.9451544880867004,0.99972003698349,0.9999262690544128,0.9999820590019226,0.9999969005584717,0.9999995827674866,0.011594779848611436,9.427834512873835e-08,0.003628240037848199,0.009063132779263423,0.027113110406832595,0.03491851090568702,0.15295450498194235,5
bayesfl_observability_v1,ola_lr0p02_b128_e1,19,ola,155,12,7,1,1,128,0.9686341285705566,0.9686341285705566,0.0,0.0,0.8571428571428571,0.9686341285705566,0.17193233063921035,0.024604737758636475,0.9996940005101562,0.17193233063921035,,0.410116318288409,1.9023021968319642,,,,,,,,,,,,,0.9686341285705566,0.0,0.0007261650425396027,5.519936348719057e-05,0.0007874722883570948,1.5134828090667725,1.0003042153763,1.000076413154602,1.0005625486373901,0.999849432507116,0.999961793422699,0.9999932050704956,0.018449923899590246,0.018008942863074674,0.03270327831267658,,,,,,,,,7.0,0.013917453177107826,0.0020533209738168154,1.0000005960464478,1.0000135898590088,1.0000355243682861,1.0001544952392578,1.000894969701767,1.1357882022857666,0.0009843888493237557,0.9383207559585571,0.9997188448905945,0.9999227523803711,0.9999822378158569,0.9999969005584717,0.9999997019767761,0.011606803861988783,1.6192693589320174e-07,0.0036447027389767614,0.009062750624019211,0.027088894259464716,0.03492146458867928,0.15827179297566452,7
bayesfl_observability_v1,ola_lr0p02_b128_e1,19,ola,215,17,42,1,1,128,1.0061193704605103,1.0061193704605103,0.0,0.0,0.8095238095238095,1.0061193704605103,0.07521024766092685,0.007919088006019592,0.9999415663901166,0.07521024766092685,,1.521719365805568,0.7932357448939426,,,,,,,,,,,,,1.0061193704605103,0.0,0.00013895503389329232,1.6221905752900057e-05,0.00017704425117699466,0.15677988529205322,1.0002733080656763,1.0000724792480469,1.000508201122284,0.9998644171265262,0.9999637603759766,0.9999935030937195,0.01844661318336805,0.018011569558961715,0.03269555655454079,,,,,,,,,42.0,0.0016191151091839093,0.0016967841040330992,1.0000004768371582,1.000012993812561,1.0000343322753906,1.0001393556594849,1.0008052051067353,1.1015379428863525,0.0008244714262934729,0.9527967572212219,0.9997459590435028,0.9999303221702576,0.9999828338623047,0.9999969601631165,0.9999997615814209,0.011596153771780278,5.714854494248631e-07,0.0036428248578280237,0.009059547299835182,0.027100250247412028,0.03490788586507379,0.15855954129664532,42
bayesfl_observability_v1,ola_lr0p02_b128_e1,19,ola,238,19,18,1,1,128,0.97022944688797,0.97022944688797,0.0,0.0,0.7222222222222222,0.97022944688797,0.10864651066085014,0.017699703574180603,0.9998778066118074,0.10864651066085014,,0.9404479886553264,1.3716040057455146,,,,,,,,,,,,,0.97022944688797,0.0,0.0002899691705935394,3.309390012873337e-05,0.0003109943994786592,0.7831987142562866,1.000281256323094,1.0000743865966797,1.0005202293395996,0.9998605570941211,0.9999628067016602,0.9999935626983643,0.018446391425380047,0.01801488775540957,0.03270973439161981,,,,,,,,,18.0,0.005803772862758762,0.0017902512046935647,1.0000005960464478,1.0000128746032715,1.000035285949707,1.0001420676708221,1.000826358795166,1.117987036705017,0.0008659851004311381,0.9457614421844482,0.9997400045394897,0.9999289661645889,0.9999823570251465,0.9999969005584717,0.9999997019767761,0.011596979429113979,1.9598001489303612e-08,0.003644626596584,0.00905387847655289,0.0270979358728633,0.034929790116843766,0.15656419906564756,18
bayesfl_observability_v1,ola_lr0p02_b128_e1,19,ola,246,19,144,2,1,128,1.208272443877326,1.2082724372545879,6.643243782238844e-09,6.643243782238844e-09,0.6319444444444444,1.2082724372545879,0.16593465586968523,0.02237561345100403,0.9997152290448422,0.16593465586968523,,1.1481123895199365,1.1644224577874513,,,,,,,,,,,,,1.2082724372545879,6.643243782238844e-09,0.00021168974394045548,2.7428435714682564e-05,0.00027547357021830984,0.31710508465766907,1.0002771364057699,1.000072717666626,1.0005123615264893,0.9998625508973087,0.999963641166687,0.9999936819076538,0.01845073813936491,0.018016356635066046,0.03270857047340823,,,,,,,,,144.0,0.002979132813175608,0.0017356569951484143,1.0000005960464478,1.0000126361846924,1.0000343322753906,1.0001405477523804,1.000815510749817,1.1006382703781128,0.0008424879469124605,0.9531860947608948,0.9997438788414001,0.9999297261238098,0.9999828338623047,0.9999969005584717,0.9999997019767761,0.01160856804170627,8.391400041972938e-08,0.0036561661195139744,0.009058234559219808,0.02709878856152857,0.034937214083717964,0.1563756118075308,144
bayesfl_observability_v1,ola_lr0p02_b128_e1,19,ola,248,19,336,3,1,128,0.6750598933015551,0.6750598166670118,7.523401821106831e-08,7.523401821106831e-08,0.8779761904761905,0.6750598166670118,0.21122106314929498,0.03183867037296295,0.9995395613153655,0.21122106314929498,,0.7817865195402651,1.5221172317857152,,,,,,,,,,,,,0.6750598166670118,7.523401821106831e-08,0.0001851428054744199,1.876282931334572e-05,0.000186564662726596,0.3838592767715454,1.000275739293278,1.000072956085205,1.0005096197128296,0.9998632365463407,0.9999635219573975,0.9999935626983643,0.0184588763013137,0.018006863444454208,0.03271060057001538,,,,,,,,,336.0,0.00368634600336044,0.001724762141414308,1.0000005960464478,1.0000128746032715,1.000033974647522,1.0001391172409058,1.0008119344711304,1.1004087924957275,0.0008379125850506823,0.9532854557037354,0.99974524974823,0.9999304413795471,0.999983012676239,0.9999970197677612,0.9999997019767761,0.011624688835868249,8.223680483450994e-10,0.0036616103898254107,0.009073499085579629,0.02710884141326182,0.034961928712784064,0.16122687851396536,336
bayesfl_observability_v1,ola_lr0p02_b128_e1,20,ola,64,5,14,1,1,128,0.9580264091491699,0.9580264091491699,0.0,0.0,0.9285714285714286,0.9580264091491699,0.11448432544481231,0.018406309187412262,0.9998648040148952,0.11448432544481231,,0.8033149761408755,1.498435876843149,,,,,,,,,,,,,0.9580264091491699,0.0,0.0003219677252687244,4.48239479737822e-05,0.00041930579754989605,0.84698086977005,1.0002811804388905,1.000076174736023,1.0005179643630981,0.9998605288994902,0.9999619126319885,0.9999929070472717,0.01846301508205975,0.018003854444132474,0.032711172769246795,,,,,,,,,14.0,0.005195442377262165,0.0017340044362969332,1.0000004768371582,1.0000141859054565,1.0000357627868652,1.0001435279846191,1.0008289813995361,1.0992032289505005,0.000842559075342182,0.953808069229126,0.9997410774230957,0.9999282360076904,0.9999821186065674,0.9999968409538269,0.9999997615814209,0.011639031005499647,3.1034698855461563e-07,0.003639658376372725,0.009036009013335827,0.027111184947950083,0.03497793835738021,0.15644090940462851,14
bayesfl_observability_v1,ola_lr0p02_b128_e1,20,ola,74,5,70,1,1,128,1.310916543006897,1.310916543006897,0.0,0.0,0.5571428571428572,1.310916543006897,0.13505647870545173,0.015438258647918701,0.9998115751271527,0.13505647870545173,,1.1534898214385076,1.1546999842430363,,,,,,,,,,,,,1.310916543006897,0.0,0.000448075408186607,3.918366928701289e-05,0.0006198865594342351,0.5958494544029236,1.0002874848954368,1.000076413154602,1.0005277514457702,0.999857483773917,0.999961793422699,0.9999935626983643,0.018460904901254033,0.01800280714554155,0.032722015070932566,,,,,,,,,70.0,0.004799845242682397,0.0018184129408863679,1.0000004768371582,1.0000128746032715,1.0000348091125488,1.000145673751831,1.000842809677124,1.106487512588501,0.0008815105007997448,0.9506633281707764,0.9997362434864044,0.9999271631240845,0.9999825954437256,0.9999968409538269,0.9999997615814209,0.011634660958160046,2.703836445799622e-07,0.003632310558200585,0.009069244756201309,0.027104269054695436,0.03495564019245674,0.1554294044672063,70
bayesfl_observability_v1,ola_lr0p02_b128_e1,20,ola,156,12,30,1,1,128,0.9099147915840149,0.9099147915840149,0.0,0.0,0.6,0.9099147915840149,0.12823292268246153,0.017717286944389343,0.9998302259908676,0.12823292268246153,,0.6926879734424749,1.5393599710132444,,,,,,,,,,,,,0.9099147915840149,0.0,0.00040394230741081644,3.4782538932631724e-05,0.00040123012149706483,0.7847558259963989,1.000285279891387,1.000075101852417,1.0005228638648986,0.9998585922621762,0.9999624490737915,0.999993622303009,0.018461961198208685,0.018008597230694687,0.03270449691872541,,,,,,,,,30.0,0.006685011666282575,0.0018241161729693272,1.0000004768371582,1.000012755393982,1.0000344514846802,1.00014328956604,1.0008285701274873,1.1048517227172852,0.000883591859485431,0.9513668417930603,0.9997386872768402,0.99992835521698,0.9999827742576599,0.9999969601631165,0.9999997615814209,0.011636948187822892,1.7236895797476905e-06,0.0036435608521130968,0.009070311909385998,0.027099862664343517,0.03497322541491547,0.1662012190435863,30
bayesfl_observability_v1,ola_lr0p02_b128_e1,20,ola,15,1,51,1,1,128,1.5646756887435913,1.5646756887435913,0.0,0.0,0.11764705882352941,1.5646756887435913,0.23198567066294282,0.03517796844244003,0.9994439079618633,0.23198567066294282,,0.4639406270393286,1.8477013096607757,,,,,,,,,,,,,1.5646756887435913,0.0,0.001322033815972612,0.00011255418212385848,0.0011873312527313853,3.0937225818634033,1.0003311818096063,1.0000813007354736,1.000566840171814,0.9998366769959981,0.9999593496322632,0.999993085861206,0.018461251571672607,0.018002115861834374,0.03272656304228564,,,,,,,,,51.0,0.026909376470978474,0.002521874592367829,1.0000004768371582,1.000013828277588,1.0000377893447876,1.0001637935638428,1.0009262561798096,1.227024793624878,0.0011879481219921456,0.9027621150016785,0.9997166991233826,0.9999181032180786,0.9999811053276062,0.9999968409538269,0.9999997615814209,0.011646696078125823,1.825894303196972e-07,0.003638140950014749,0.009061042364409492,0.027107285790401267,0.03496340037397747,0.1558364625668314,51
bayesfl_observability_v1,ola_lr0p02_b128_e1,20,ola,24,1,27,1,1,128,0.7904713749885559,0.7904713749885559,0.0,0.0,0.7777777777777778,0.7904713749885559,0.08859480991212988,0.01700715720653534,0.9999190792578557,0.08859480991212988,,1.3110298871791874,1.0210991742953581,,,,,,,,,,,,,0.7904713749885559,0.0,0.00019281321822682307,1.784808591764886e-05,0.0002467330661602321,0.7231085300445557,1.0002747213066217,1.0000736713409424,1.0005073547363281,0.9998637459402739,0.9999631643295288,0.9999935030937195,0.018462381870551926,0.018015707466937786,0.03271452291020541,,,,,,,,,27.0,0.0036879467127657766,0.0017262774292025513,1.0000004768371582,1.000012993812561,1.000033974647522,1.0001400709152222,1.0008057355880737,1.1039539575576782,0.0008377090859896126,0.951753556728363,0.9997463822364807,0.9999299645423889,0.999983012676239,0.9999969005584717,0.9999997615814209,0.011636219137655095,3.068269394210111e-07,0.0036271138818874805,0.009062450375592633,0.027114164938853262,0.034963069104082305,0.15582934826102465,27
bayesfl_observability_v1,ola_lr0p02_b128_e1,20,ola,83,6,165,2,1,128,0.532238346338272,0.5322383396553271,7.702033812076039e-09,7.702033812076039e-09,0.9151515151515152,0.5322383396553271,0.1290308108605643,0.01963604986667633,0.9998287046220253,0.1290308108605643,,0.7163703465940834,1.5113752911057265,,,,,,,,,,,,,0.5322383396553271,7.702033812076039e-09,0.00011354976140289113,1.3004574611841235e-05,0.00013141029921825975,0.2572927474975586,1.000270757905226,1.0000725984573364,1.0004979372024536,0.9998656857467019,0.9999637007713318,0.9999936819076538,0.018467038238438878,0.01801523049917282,0.0327364797460628,,,,,,,,,165.0,0.0017886925922472336,0.0016917160535508922,1.0000004768371582,1.0000126361846924,1.0000330209732056,1.000138759613037,1.000791734457016,1.0992225408554077,0.0008221753697304631,0.9537997245788574,0.999751091003418,0.9999306201934814,0.9999834895133972,0.9999969601631165,0.9999997615814209,0.011650541454847332,1.0803364159056895e-07,0.0036416905595906043,0.009061761384827826,0.027098740143341474,0.03498792660677856,0.17636799546720805,165
bayesfl_observability_v1,ola_lr0p02_b128_e1,20,ola,252,20,369,3,1,128,0.5735628413475626,0.5735627932923273,4.135057419268789e-08,4.135057419268789e-08,0.907859078590786,0.5735627932923273,0.170835971898114,0.024522848427295685,0.9997003040696347,0.170835971898114,,1.0683684981935357,1.1688247118610566,,,,,,,,,,,,,0.5735627932923273,4.135057419268789e-08,9.411846626682976e-05,1.4799434211454354e-05,0.00011206171257072131,0.19345873594284058,1.0002697865960875,1.00007164478302,1.0004969835281372,0.9998661564594052,0.99996417760849,0.9999936819076538,0.018473012524397037,0.01801846841800251,0.032743713895401254,,,,,,,,,369.0,0.0013456859709191314,0.0016792710058477424,1.0000004768371582,1.0000126361846924,1.0000331401824951,1.0001357793807983,1.0007929801940918,1.0990899801254272,0.0008164774249228627,0.9538572430610657,0.9997515678405762,0.9999321103096008,0.9999834299087524,0.9999969601631165,0.9999997615814209,0.01166587995244064,5.914660606464633e-07,0.0036390017448115117,0.00904953146637237,0.027113104686840847,0.03501579956685154,0.17232070350558296,369
bayesfl_observability_v1,ola_lr0p02_b128_e1,20,ola,266,21,765,6,1,128,0.69985564549764,0.6998554474388072,1.9350627159832096e-07,1.9350627159832096e-07,0.7986928104575164,0.6998554474388072,0.2796200553968317,0.031930841505527496,0.999196489037588,0.2796200553968317,,0.7641131958245704,1.5607339077663793,,,,,,,,,,,,,0.6998554474388072,1.9350627159832096e-07,0.00014651736588547462,2.332343956368277e-05,0.00017019794031512017,0.24854403734207153,1.0002724069092777,1.0000725984573364,1.0005021214485168,0.999864885119332,0.9999637007713318,0.9999939203262329,0.0184787140507042,0.01800293177323159,0.03273738091455249,,,,,,,,,765.0,0.0022900949960604627,0.0017110531779654474,1.0000004768371582,1.0000121593475342,1.0000333786010742,1.0001366138458252,1.000799298286438,1.099912166595459,0.0008313006744067229,0.9535006284713745,0.9997489988803864,0.9999316930770874,0.9999833106994629,0.9999970197677612,0.9999997615814209,0.011686772794076768,4.844644490614044e-07,0.0036288083113841835,0.009070790137089954,0.027110655422184337,0.03505420601379056,0.15119319153695224,765
bayesfl_observability_v1,ola_lr0p02_b128_e1,20,ola,7,0,152,2,1,128,1.340408466364208,1.3404084475416886,1.6774304051044677e-08,1.6774304051044677e-08,0.4144736842105263,1.3404084475416886,0.20942084076367426,0.02214350551366806,0.9995473962651331,0.20942084076367426,,1.264349492321815,1.032554209297049,,,,,,,,,,,,,1.3404084475416886,1.6774304051044677e-08,0.0003353298353918982,4.0328122850041837e-05,0.0003906498895958066,0.3909014165401459,1.0002818479968556,1.0000747442245483,1.0005178451538086,0.9998602638266182,0.9999626278877258,0.9999939203262329,0.018464723545157276,0.017990463815543145,0.032738789004364575,,,,,,,,,152.0,0.004082216162688397,0.0017890317814455011,1.0000004768371582,1.0000121593475342,1.0000343322753906,1.000144124031067,1.0008202254772187,1.100123405456543,0.0008680363607816686,0.9534091353416443,0.9997411370277405,0.9999279379844666,0.9999828338623047,0.9999969005584717,0.9999997615814209,0.011649508648079537,2.6221062017434065e-07,0.0036334801625481834,0.009063715990632907,0.027110605481927588,0.03497848179878283,0.15346938373853158,152
bayesfl_observability_v1,ola_lr0p02_b128_e1,20,ola,223,17,110,1,1,128,1.0875698328018188,1.0875698328018188,0.0,0.0,0.6363636363636364,1.0875698328018188,0.13001362071491218,0.024233728647232056,0.9998254518839551,0.13001362071491218,,0.8399031444716331,1.4694341093795324,,,,,,,,,,,,,1.0875698328018188,0.0,0.00041523882545889233,3.458175706327893e-05,0.0005366736906580631,1.468184471130371,1.000285843554421,1.0000741481781006,1.0005261898040771,0.9998583176064095,0.9999629259109497,0.9999932646751404,0.018461971648854957,0.01801295319676293,0.03272722014206329,,,,,,,,,110.0,0.007682995257470311,0.0018317551800097762,1.0000004768371582,1.0000134706497192,1.000035285949707,1.0001431703567505,1.0008326768875122,1.1412076950073242,0.0008853709454122935,0.9360901117324829,0.999737024307251,0.9999284148216248,0.9999823570251465,0.9999969601631165,0.9999997615814209,0.011637145711335005,2.792081574890503e-07,0.003629700636887346,0.00905697541695072,0.027115264332488613,0.034957731334098234,0.16164584610245994,110
bayesfl_observability_v1,ola_lr0p02_b128_e1,20,ola,298,23,16,1,1,128,0.6846601366996765,0.6846601366996765,0.0,0.0,0.875,0.6846601366996765,0.10248723772089798,0.017231136560440063,0.9998916798964386,0.10248723772089798,,-0.0,2.185987945410232,,,,,,,,,,,,,0.6846601366996765,0.0,0.0002580238327141723,3.489332084427588e-05,0.00032323613413609564,0.7422798871994019,1.0002779810885685,1.0000743865966797,1.0005012989044189,0.9998621225181352,0.9999628067016602,0.9999932646751404,0.018462280280507448,0.01800895481705688,0.03272185350678863,,,,,,,,,16.0,0.005198449996796533,0.0017298432023150421,1.0000004768371582,1.0000134706497192,1.0000349283218384,1.000145435333252,1.000803416967392,1.0992906093597412,0.0008404724894750129,0.9537701606750488,0.9997494101524353,0.999927282333374,0.9999825358390808,0.9999969005584717,0.9999997615814209,0.0116391732631892,1.825894303196972e-07,0.0036495649780624935,0.009068016974501436,0.027095775262368473,0.034965835315181396,0.177685109212814,16
bayesfl_observability_v1,ola_lr0p02_b128_e1,20,ola,27,2,611,5,1,128,0.33604341247858277,0.33604322321432506,1.8815378907429433e-07,1.8815378907429433e-07,0.9410801963993454,0.33604322321432506,0.2721304143707449,0.04237860441207886,0.9992372084293953,0.2721304143707449,,0.08162587036147914,2.2275297802473157,,,,,,,,,,,,,0.33604322321432506,1.8815378907429433e-07,0.00015591735404702482,9.949681953003164e-06,0.0001795796415535733,0.3805449604988098,1.0002728752810184,1.0000722408294678,1.0005031824111938,0.9998646707675118,0.9999638795852661,0.9999939203262329,0.018473462583311857,0.018011117184656922,0.032739084072220676,,,,,,,,,611.0,0.003301410015814206,0.0017274746601838966,1.0000004768371582,1.0000121593475342,1.0000331401824951,1.0001388788223267,1.0007998943328857,1.0991175174713135,0.0008387836365836414,0.9538452625274658,0.9997484683990479,0.9999305605888367,0.9999834299087524,0.9999970197677612,0.9999997615814209,0.011669426115185358,1.5542090190323733e-06,0.0036492230066830405,0.009056467371358295,0.027109446354046714,0.03500999554089043,0.17600315620076032,611
bayesfl_observability_v1,ola_lr0p02_b128_e1,20,ola,42,3,53,1,1,128,0.9972248673439026,0.9972248673439026,0.0,0.0,0.7735849056603774,0.9972248673439026,0.058903233118643025,0.007215827703475952,0.9999642907868456,0.058903233118643025,,1.7308356523576378,0.5888361420235744,,,,,,,,,,,,,0.9972248673439026,0.0,8.523118745958914e-05,1.061741295416141e-05,0.0001259789263713174,0.13017050921916962,1.000269341845989,1.00007164478302,1.0004973411560059,0.999866380167462,0.99996417760849,0.9999937415122986,0.018461105517889417,0.018002550792320854,0.032710895100597596,,,,,,,,,53.0,0.0008082750976162085,0.0016807044199708843,1.0000004768371582,1.0000125169754028,1.0000330209732056,1.000136375427246,1.0007950723171235,1.1009544134140015,0.0008169180626826732,0.9530492424964905,0.9997513890266418,0.999931812286377,0.9999834895133972,0.9999969601631165,0.9999997615814209,0.011633598616432643,8.919455972136068e-08,0.00363279401621968,0.009067158166711477,0.027114255528955317,0.03495871209585739,0.1589437368713224,53
bayesfl_observability_v1,ola_lr0p02_b128_e1,20,ola,190,15,78,1,1,128,1.0622631311416626,1.0622631311416626,0.0,0.0,0.7948717948717948,1.0622631311416626,0.17790828645540596,0.031481847167015076,0.9996732289359738,0.17790828645540596,,0.06335477530377637,2.1966737571094788,,,,,,,,,,,,,1.0622631311416626,0.0,0.0007775218571944642,7.027071114862338e-05,0.0008355489524547035,2.477766513824463,1.0003039574862065,1.0000789165496826,1.0005460977554321,0.9998494384347825,0.9999605417251587,0.999992847442627,0.018463875870989,0.01800071995781239,0.032724362699113906,,,,,,,,,78.0,0.01603760053690106,0.0019633516339207457,1.0000004768371582,1.000014305114746,1.0000381469726562,1.000152587890625,1.000879353284836,1.1546748876571655,0.0009451595413452565,0.9306151866912842,0.9997270703315735,0.9999237060546875,0.9999809265136719,0.9999969005584717,0.9999997615814209,0.011645015572066627,5.108011779259969e-07,0.0036370906099558327,0.009037336344322364,0.027114602567974187,0.03497913811467569,0.16264923125823616,78
bayesfl_observability_v1,ola_lr0p02_b128_e1,20,ola,191,15,172,2,1,128,1.1788852325705594,1.1788852173228597,2.2046039701805522e-08,2.2046039701805522e-08,0.5465116279069767,1.1788852173228597,0.1856297994830777,0.0229465514421463,0.9996443546477177,0.1856297994830777,,1.325943075341454,0.9746161163341331,,,,,,,,,,,,,1.1788852173228597,2.2046039701805522e-08,0.0002767899478708547,3.1198538636090234e-05,0.00029807008104398847,0.4354184567928314,1.0002789202614502,1.0000735521316528,1.0005124807357788,0.9998617011108953,0.9999632239341736,0.9999938607215881,0.01846355642409844,0.0179963427021771,0.03272840059221603,,,,,,,,,172.0,0.004160231727268034,0.0017686530813942553,1.0000004768371582,1.0000122785568237,1.0000344514846802,1.0001418590545654,1.0008122384548188,1.09950590133667,0.000858364426624245,0.9536768198013306,0.9997438192367554,0.9999290704727173,0.9999827742576599,0.9999969601631165,0.9999997615814209,0.011646234904327183,2.519324290283077e-07,0.003632213085877719,0.009060453858163514,0.027105998094435906,0.03496850197125107,0.15413912221540194,172
bayesfl_observability_v1,ola_lr0p02_b128_e1,21,ola,288,23,1,1,1,128,1.0087943077087402,1.0087943077087402,0.0,0.0,1.0,1.0087943077087402,0.30673068371512324,0.03756198287010193,0.9990324992385874,0.30673068371512324,,-0.0,2.185987945410232,,,,,,,,,,,,,1.0087943077087402,0.0,0.00231118495335187,0.00018986634677276015,0.0018036788096651435,3.527256727218628,1.0003731026060985,1.000083327293396,1.0006581544876099,0.999815519860841,0.999958336353302,0.9999923706054688,0.018485331003959105,0.01799369557676376,0.03277037056060515,,,,,,,,,1.0,0.030413873567534583,0.0023938179273697274,1.0000004768371582,1.0000152587890625,1.0000417232513428,1.0001736879348755,1.0011736154556274,1.218111276626587,0.0011342112764614538,0.9060590863227844,0.9996711015701294,0.9999131560325623,0.9999791383743286,0.9999969601631165,0.9999997615814209,0.011708707138688164,1.895462677552484e-08,0.003655160037862697,0.009074602876413033,0.02710751624744408,0.0350386141100332,0.21079243746617204,1
bayesfl_observability_v1,ola_lr0p02_b128_e1,21,ola,172,13,289,3,1,128,0.7849052446317508,0.7849052046203283,4.1997277326684376e-08,4.1997277326684376e-08,0.8200692041522492,0.7849052046203283,0.2014030393797568,0.02858615666627884,0.9995838176727242,0.2014030393797568,,1.2787090971089894,1.0140274784545764,,,,,,,,,,,,,0.7849052046203283,4.1997277326684376e-08,0.0001456576261283448,1.8857052054954693e-05,0.0001844412952777931,0.3523814082145691,1.0002699816860665,1.0000711679458618,1.0004947185516357,0.9998660922934852,0.9999644160270691,0.9999938011169434,0.01848522007458849,0.01800522451401832,0.03277220767392909,,,,,,,,,289.0,0.0023837493379780706,0.0017073627997488538,1.0000004768371582,1.0000123977661133,1.0000330209732056,1.0001354217529297,1.0007876813411714,1.095034122467041,0.0008292503032143807,0.9556220769882202,0.9997527003288269,0.9999322891235352,0.9999834895133972,0.9999970197677612,0.9999997615814209,0.011698819480781657,5.170847680981885e-07,0.003644708307397109,0.009074108015360918,0.027121950338650308,0.035058918343702575,0.16414346681212522,289
bayesfl_observability_v1,ola_lr0p02_b128_e1,21,ola,125,10,4,1,1,128,0.6212485432624817,0.6212485432624817,0.0,0.0,1.0,0.6212485432624817,0.12038360069920728,0.016232900321483612,0.9998509905955176,0.12038360069920728,,0.5623351446188083,1.818115478821869,,,,,,,,,,,,,0.6212485432624817,0.0,0.0003560040320074629,3.331291736685671e-05,0.00042848956654779695,0.6587674617767334,1.0002800000092247,1.0000746250152588,1.0005200028419494,0.9998611497840374,0.9999626874923706,0.9999934434890747,0.018476682863672853,0.01800762924343917,0.03274081385030838,,,,,,,,,4.0,0.005379978055670303,0.0017595709761490685,1.0000007152557373,1.0000131130218506,1.0000348091125488,1.0001485347747803,1.0008141458034516,1.0952247381210327,0.0008539363041000501,0.9555388689041138,0.9997401177883148,0.9999257326126099,0.9999825954437256,0.9999967813491821,0.9999996423721313,0.011676180964631588,1.895462677552484e-08,0.003645054388950774,0.009053970947803566,0.027110166644325945,0.035026703768557314,0.15619500301221875,4
bayesfl_observability_v1,ola_lr0p02_b128_e1,21,ola,127,10,1,1,1,128,0.7458354234695435,0.7458354234695435,0.0,0.0,1.0,0.7458354234695435,0.2876214826415669,0.03438401222229004,0.9991490204571618,0.2876214826415669,,-0.0,2.3277319754160017,,,,,,,,,,,,,0.7458354234695435,0.0,0.0020321833695380663,9.170160046778619e-05,0.0017453267937526107,2.955651044845581,1.0003598169562646,1.0000791549682617,1.0006816506385803,0.9998225031010796,0.9999604225158691,0.999993622303009,0.018484808658083135,0.018005219692612307,0.03275555598725433,,,,,,,,,1.0,0.029160667539258806,0.0025997405966815498,1.0000004768371582,1.000012755393982,1.000037670135498,1.000162959098816,1.0011467397212983,1.1948328018188477,0.0012228251007849818,0.9148427248001099,0.9996593534946442,0.999918520450592,0.999981164932251,0.999997079372406,0.9999997615814209,0.011698771046162612,1.895462677552484e-08,0.0036513109287036483,0.00906928413440864,0.02712041603955545,0.03504475305237701,0.15673878108742137,1
bayesfl_observability_v1,ola_lr0p02_b128_e1,21,ola,38,3,257,3,1,128,0.8601617871091524,0.8601617569589429,4.2105300517257665e-08,4.2105300517257665e-08,0.7821011673151751,0.8601617569589429,0.2126745511867061,0.026375949382781982,0.9995364759615034,0.2126745511867061,,1.3397067534967495,0.9396094349232524,,,,,,,,,,,,,0.8601617569589429,4.2105300517257665e-08,0.0002939264315075835,4.234629886923358e-05,0.00028712353960145284,0.4203912019729614,1.0002770433096049,1.0000735521316528,1.0005066514015197,0.9998626023533889,0.9999632239341736,0.9999936819076538,0.018489500320881837,0.018013853640340777,0.03275994826257193,,,,,,,,,257.0,0.003462587488522477,0.0017390153653697937,1.0000007152557373,1.0000126361846924,1.0000337362289429,1.0001418590545654,1.0008140802383423,1.105466604232788,0.0008445605935581057,0.9511021971702576,0.9997467339038849,0.9999290704727173,0.9999831318855286,0.9999970197677612,0.9999996423721313,0.011704944589701723,2.5471890773324466e-07,0.0036357043200474543,0.009063623986750775,0.027111872293171666,0.03506125068276036,0.18600544336961605,257
bayesfl_observability_v1,ola_lr0p02_b128_e1,21,ola,190,15,78,1,1,128,0.9131796360015869,0.9131796360015869,0.0,0.0,0.8333333333333334,0.9131796360015869,0.1578197598093021,0.028454966843128204,0.9997436050713001,0.1578197598093021,,0.06335477530377637,2.1966737571094788,,,,,,,,,,,,,0.9131796360015869,0.0,0.0006118472398546594,4.951623486704193e-05,0.0006333442579489203,2.0242130756378174,1.0002921820659119,1.0000762939453125,1.0005250096321106,0.9998551820741136,0.9999618530273438,0.999993085861206,0.018476244058117947,0.017998210875804187,0.03274361184293838,,,,,,,,,78.0,0.012577418343328347,0.0018554586565009603,1.0000004768371582,1.000013828277588,1.0000368356704712,1.000144124031067,1.0008429288864136,1.1307262182235718,0.0008973576544782393,0.9404187202453613,0.9997376143932343,0.9999279379844666,0.9999815821647644,0.9999969601631165,0.9999997615814209,0.011677620894660738,2.9226772213024143e-07,0.003636862047922074,0.009044332802562963,0.02712117673619086,0.03503787449437621,0.1613470511458772,78
bayesfl_observability_v1,ola_lr0p02_b128_e1,21,ola,52,4,24,1,1,128,1.1941198110580444,1.1941198110580444,0.0,0.0,0.5833333333333334,1.1941198110580444,0.11804244731407702,0.016586169600486755,0.9998564801734962,0.11804244731407702,,1.0880102622771117,1.1812023456676566,,,,,,,,,,,,,1.1941198110580444,0.0,0.00034229192352222494,3.7410818549687974e-05,0.0003750275704078378,0.6877527236938477,1.0002793483149857,1.0000743865966797,1.0005096197128296,0.9998615115649623,0.9999628067016602,0.9999933242797852,0.018472833028408648,0.01800674803243206,0.03273317098480582,,,,,,,,,24.0,0.004900458408504689,0.0017882894563338789,1.0000004768371582,1.0000133514404297,1.000034213066101,1.0001392364501953,1.000806874036789,1.1056621074676514,0.0008672620769687152,0.9510180950164795,0.99974524974823,0.9999303817749023,0.9999828934669495,0.9999968409538269,0.9999997615814209,0.011669632336028527,5.272545211996216e-07,0.003640992127599824,0.009059674541540665,0.0271125408850024,0.03501246107341328,0.16334158103047525,24
bayesfl_observability_v1,ola_lr0p02_b128_e1,21,ola,58,4,463,4,1,128,0.4097237059802267,0.4097236609227199,4.5984031342484514e-08,4.5984031342484514e-08,0.9481641468682506,0.4097236609227199,0.17814807126762455,0.025938481092453003,0.9996753417910537,0.17814807126762455,,0.8886543877137418,1.3317328076251618,,,,,,,,,,,,,0.4097236609227199,4.5984031342484514e-08,5.865236336931686e-05,7.91093907537288e-06,7.425656294799412e-05,0.11802968382835388,1.0002658393137744,1.0000700950622559,1.00048828125,0.9998681140066634,0.9999649524688721,0.9999938607215881,0.018486990681364945,0.01799956002072331,0.032750730601522594,,,,,,,,,463.0,0.000787734005497092,0.0016664077260297586,1.0000004768371582,1.0000122785568237,1.0000325441360474,1.0001360177993774,1.0007752180099487,1.0950738191604614,0.0008104279002948514,0.9556047916412354,0.9997559785842896,0.9999319911003113,0.9999837279319763,0.999997079372406,0.9999997615814209,0.011706584326659492,4.679568597132812e-08,0.0036470681695357377,0.00907709625895287,0.027092242536832026,0.03506736853554601,0.18430044795133668,463
bayesfl_observability_v1,ola_lr0p02_b128_e1,21,ola,279,22,12,1,1,128,0.5117175579071045,0.5117175579071045,0.0,0.0,1.0,0.5117175579071045,0.07755600116853853,0.01278086006641388,0.9999382644374242,0.07755600116853853,,0.6172417697303416,1.6358465807671725,,,,,,,,,,,,,0.5117175579071045,0.0,0.00014775802829063826,1.5938232536427677e-05,0.00020401594520080835,0.408376008272171,1.0002700816054024,1.0000721216201782,1.0004938960075378,0.999866017839512,0.9999639391899109,0.9999936819076538,0.018474995179501318,0.01801762150321421,0.03272703325132956,,,,,,,,,12.0,0.002320898546307618,0.001686495546122366,1.0000005960464478,1.0000126361846924,1.0000337362289429,1.0001393556594849,1.0007869005203247,1.0952829122543335,0.0008199747386061788,0.9555135369300842,0.9997531116008759,0.9999303221702576,0.9999831318855286,0.9999969601631165,0.9999997019767761,0.011672575735943939,1.895462677552484e-08,0.003640931932906863,0.009058530746940786,0.027109213441912708,0.035011337539440364,0.17189553027552845,12
bayesfl_observability_v1,ola_lr0p02_b128_e1,21,ola,286,22,12,1,1,128,0.4388188123703003,0.4388188123703003,0.0,0.0,0.9166666666666666,0.4388188123703003,0.1005450467397133,0.017559200525283813,0.9998960465949529,0.1005450467397133,,-0.0,2.185987945410232,,,,,,,,,,,,,0.4388188123703003,0.0,0.0002483370832947745,2.814006438711658e-05,0.00026672662352211773,0.7708138227462769,1.0002748683216507,1.0000720024108887,1.000498652458191,0.9998636608333688,0.9999639987945557,0.9999933838844299,0.018474880477925417,0.018013319255554126,0.03273168325375342,,,,,,,,,12.0,0.004908833952936837,0.0017155731775110295,1.0000005960464478,1.0000132322311401,1.0000337362289429,1.0001407861709595,1.0007969796657563,1.0951135158538818,0.0008337545282906448,0.9555874466896057,0.9997507333755493,0.9999296069145203,0.9999831318855286,0.9999969601631165,0.9999997019767761,0.01167320213891106,1.895462677552484e-08,0.0036447955485536814,0.009066285733752639,0.02709500283339723,0.03501689440006728,0.17825835819761215,12
bayesfl_observability_v1,ola_lr0p02_b128_e1,21,ola,142,11,1305,11,1,128,0.6768528447754082,0.6768525772624545,2.6605710069094945e-07,2.6605710069094945e-07,0.8061302681992337,0.6768525772624545,0.3416727451356674,0.03942430019378662,0.9988112286558394,0.3416727451356674,,1.0393456977703441,1.2528709717652187,,,,,,,,,,,,,0.6768525772624545,2.6605710069094945e-07,8.270790577631057e-05,1.36480512082926e-05,0.00010206463703070774,0.1383451521396637,1.0002669839244278,1.0000709295272827,1.0004912614822388,0.9998675537189028,0.9999645352363586,0.9999937415122986,0.0185099580257151,0.017989177494333906,0.032810209296698103,,,,,,,,,1305.0,0.0011833433850200257,0.0016762959117705986,1.0000004768371582,1.0000125169754028,1.0000327825546265,1.0001335144042969,1.0007809400558472,1.0950090885162354,0.0008150899246612286,0.9556329846382141,0.9997544288635254,0.9999332427978516,0.9999836087226868,0.9999970197677612,0.9999997615814209,0.011772158644731764,5.892310965249414e-07,0.003650490182455333,0.009056202751777213,0.027134476547233485,0.035167616605211026,0.1686479232742589,1305
bayesfl_observability_v1,ola_lr0p02_b128_e1,21,ola,63,5,8,1,1,128,1.1235408782958984,1.1235408782958984,0.0,0.0,0.875,1.1235408782958984,0.18774851656367783,0.02484935149550438,0.9996371763503481,0.18774851656367783,,-0.0,2.3292713582565514,,,,,,,,,,,,,1.1235408782958984,0.0,0.0008659110361101632,9.173923899652436e-05,0.000845180416945368,1.543725848197937,1.0003042798128041,1.0000821352005005,1.000540018081665,0.9998493546175443,0.9999589323997498,0.9999932050704956,0.01847949248056564,0.018001857987444844,0.03274289767792894,,,,,,,,,8.0,0.015527554999781486,0.0020151566782320896,1.0000005960464478,1.0000135898590088,1.000036597251892,1.0001565217971802,1.0008638024330139,1.1086959838867188,0.0009719527427521823,0.9497160315513611,0.999730110168457,0.9999217391014099,0.999981701374054,0.9999969601631165,0.9999997019767761,0.011679723430953973,3.9090012538047467e-07,0.0036425963296724774,0.009070082160908044,0.02712005747105068,0.03503768362492384,0.155798926113774,8
bayesfl_observability_v1,ola_lr0p02_b128_e1,21,ola,67,5,16,1,1,128,1.7839477062225342,1.7839477062225342,0.0,0.0,0.0625,1.7839477062225342,0.2614887892124046,0.039094820618629456,0.9992955113369651,0.2614887892124046,,-0.0,2.311121424016332,,,,,,,,,,,,,1.7839477062225342,0.0,0.0016796794383090374,0.0001662155191297643,0.0014907842851243935,3.8210132122039795,1.000343031510513,1.0000842809677124,1.000589370727539,0.9998310513172869,0.9999578595161438,0.9999929666519165,0.018475478186673475,0.018000611233763668,0.03274296100060244,,,,,,,,,16.0,0.03346372470903208,0.0026972630022898867,1.0000004768371582,1.000014066696167,1.0000386238098145,1.0001676082611084,1.0009543478488923,1.2548649311065674,0.001259788845154362,0.8926917314529419,0.99970543384552,0.9999161958694458,0.9999806880950928,0.9999967813491821,0.9999997615814209,0.011687265257772193,1.048167373148929e-08,0.0036347253670238936,0.009068619161977978,0.02710908803647142,0.035016527825811425,0.16112290595581222,16
bayesfl_observability_v1,ola_lr0p02_b128_e1,21,ola,206,16,6,1,1,128,0.5025348663330078,0.5025348663330078,0.0,0.0,1.0,0.5025348663330078,0.11759476781422726,0.015932001173496246,0.9998578380049296,0.11759476781422726,,0.6365141682948128,1.6395997169315697,,,,,,,,,,,,,0.5025348663330078,0.0,0.0003397005352185562,3.530437606968917e-05,0.00048095752717927133,0.6345717906951904,1.0002792239657692,1.000073790550232,1.0005193948745728,0.9998615168964066,0.999963104724884,0.9999931454658508,0.01847691170699422,0.018003702440641783,0.032735444777431476,,,,,,,,,6.0,0.004402744032366732,0.0017424590257593912,1.0000005960464478,1.0000137090682983,1.0000349283218384,1.0001404285430908,1.0008226096630097,1.0950273275375366,0.0008462630528114019,0.955625057220459,0.9997404217720032,0.9999297857284546,0.9999825358390808,0.9999969005584717,0.9999997019767761,0.011675838183702771,2.1050876186729048e-07,0.003641821732807536,0.009046745440594663,0.027110403093880128,0.03503010377121774,0.15654107875579337,6
bayesfl_observability_v1,ola_lr0p02_b128_e1,21,ola,210,16,280,3,1,128,0.5660181828907558,0.5660181305238179,5.547936276733318e-08,5.547936276733318e-08,0.925,0.5660181305238179,0.18769985785470097,0.027046233415603638,0.9996382917552635,0.18769985785470097,,0.29393881488658424,2.0344083103604644,,,,,,,,,,,,,0.5660181305238179,5.547936276733318e-08,0.00017318497563999428,1.580025491421111e-05,0.00017220716690644625,0.34945663809776306,1.000271290870433,1.0000724792480469,1.000495433807373,0.9998654522531052,0.9999637603759766,0.9999938607215881,0.01848422250610879,0.018009165327215793,0.032740527695265975,,,,,,,,,280.0,0.0036400094791301314,0.0017181947636718726,1.0000004768371582,1.0000122785568237,1.000032901763916,1.0001347064971924,1.0007879197597505,1.09500253200531,0.0008351003069405367,0.9556358456611633,0.9997523427009583,0.9999326467514038,0.999983549118042,0.999997079372406,0.9999997615814209,0.011691726950509424,2.916291797890155e-07,0.003645974502268076,0.009071547730275504,0.027124050057965955,0.03504838664649596,0.15761746583247538,280
bayesfl_observability_v1,ola_lr0p02_b128_e1,22,ola,202,16,344,3,1,128,0.4403520240340122,0.4403519976970761,2.898627132634469e-08,2.898627132634469e-08,0.9244186046511628,0.4403519976970761,0.1519449866645113,0.023629873991012573,0.9997642109076871,0.1519449866645113,,0.7151651242351365,1.5572907521493602,,,,,,,,,,,,,0.4403519976970761,2.898627132634469e-08,7.655293640576693e-05,1.0292648767062929e-05,9.510715826763772e-05,0.1848907172679901,1.0002611920221436,1.0000687837600708,1.0004785060882568,0.9998704018416662,0.9999656081199646,0.9999937415122986,0.018505318965123245,0.018006165134715466,0.0328058513632777,,,,,,,,,344.0,0.0012636048791216292,0.0016367806228745844,1.0000005960464478,1.0000125169754028,1.000032663345337,1.000130534172058,1.0007605016231538,1.0916820764541626,0.0007965097747820352,0.957088053226471,0.9997608661651611,0.999934732913971,0.9999836683273315,0.9999971389770508,0.9999997019767761,0.011754805446947339,2.1565381771682895e-07,0.003645003440062135,0.009048399518665939,0.027130371702055744,0.035147796532356855,0.1732347612368471,344
bayesfl_observability_v1,ola_lr0p02_b128_e1,22,ola,118,9,17,1,1,128,0.8423598408699036,0.8423598408699036,0.0,0.0,0.8235294117647058,0.8423598408699036,0.16409256427217261,0.03404757380485535,0.9997241189016037,0.16409256427217261,,0.8277381569989198,1.4618562942707825,,,,,,,,,,,,,0.8423598408699036,0.0,0.000661451572679604,3.952833867515437e-05,0.0007097894500475386,2.8980929851531982,1.000287780588826,1.0000739693641663,1.000531792640686,0.9998574237534394,0.9999630153179169,0.9999932050704956,0.01850073102802958,0.018004415096155295,0.03279441634822561,,,,,,,,,17.0,0.0143017056400616,0.0018957533334883726,1.0000005960464478,1.0000135898590088,1.000033974647522,1.0001438856124878,1.0008364915847778,1.1988980770111084,0.0009090752063109728,0.9132903218269348,0.9997342228889465,0.9999280571937561,0.999983012676239,0.999997079372406,0.9999997019767761,0.011742920490222446,4.344820927188246e-07,0.0036195061619975423,0.009056622581581335,0.027134293815782286,0.03510519020474247,0.1762764538794004,17
bayesfl_observability_v1,ola_lr0p02_b128_e1,22,ola,230,18,26,1,1,128,1.6920075416564941,1.6920075416564941,0.0,0.0,0.34615384615384615,1.6920075416564941,0.23239308796501548,0.028320014476776123,0.9994463479976156,0.23239308796501548,,0.46922034844159877,1.856478418550846,,,,,,,,,,,,,1.6920075416564941,0.0,0.0013266814785754945,0.0001413882855558768,0.001539530081208796,2.0050580501556396,1.0003180192825754,1.0000782012939453,1.0005686283111572,0.9998429127517051,0.9999608993530273,0.9999936819076538,0.01850151645021673,0.018004829722453743,0.03278881107280221,,,,,,,,,26.0,0.02305233428137327,0.0023032426794692873,1.0000005960464478,1.0000126361846924,1.0000364780426025,1.000152587890625,1.00091010928154,1.1639448404312134,0.0010987762012236997,0.9269019365310669,0.9997158050537109,0.9999237060546875,0.9999817609786987,0.9999969601631165,0.9999997019767761,0.01174084087458062,1.0274383157923527e-08,0.00364016731415546,0.00906256456641245,0.02712615677962681,0.035116816844906966,0.15946080410707322,26
bayesfl_observability_v1,ola_lr0p02_b128_e1,22,ola,165,13,36,1,1,128,1.1224653720855713,1.1224653720855713,0.0,0.0,0.75,1.1224653720855713,0.16823361239009352,0.033569544553756714,0.9997099585244621,0.16823361239009352,,0.38131648785332906,1.926685551035581,,,,,,,,,,,,,1.1224653720855713,0.0,0.0006952576641973384,5.301098462950904e-05,0.0007485796813853085,2.8172855377197266,1.0002893177619838,1.000074863433838,1.0005253553390503,0.9998567057532061,0.999962568283081,0.999993085861206,0.018500148267210647,0.01799805386493665,0.0327970745720176,,,,,,,,,36.0,0.015907459616556763,0.0019353923591410459,1.0000005960464478,1.000013828277588,1.000034213066101,1.0001462697982788,1.0008274972438813,1.1952250003814697,0.0009257007447367173,0.9146925806999207,0.9997374415397644,0.9999268651008606,0.9999828934669495,0.9999970197677612,0.9999997019767761,0.011742636507029176,3.8278830391643987e-07,0.0036295811537953118,0.009045973528586864,0.02712997584655479,0.035102054572900415,0.176515415924661,36
bayesfl_observability_v1,ola_lr0p02_b128_e1,22,ola,213,17,221,2,1,128,0.7785910675428572,0.7785910424603596,2.7490685348040058e-08,2.7490685348040058e-08,0.8054298642533937,0.7785910424603596,0.149905142526298,0.016790218651294708,0.9997700766751697,0.149905142526298,,0.8483302342361435,1.4429576609466432,,,,,,,,,,,,,0.7785910424603596,2.7490685348040058e-08,0.00018409581907839208,1.8306172933080234e-05,0.00020824770617764474,0.2530460059642792,1.0002660809325086,1.0000711679458618,1.000486969947815,0.9998680064951587,0.9999644160270691,0.9999938607215881,0.01850220006952852,0.01799120098138828,0.03279583074426849,,,,,,,,,221.0,0.002694514686701528,0.0016773947554944962,1.0000005960464478,1.0000122785568237,1.0000324249267578,1.0001336336135864,1.000773310661316,1.092128872871399,0.0008156886458040465,0.9568923115730286,0.9997566342353821,0.9999331831932068,0.9999837875366211,0.9999971389770508,0.9999997019767761,0.01174679348599635,5.748336122590849e-07,0.0036469377522241496,0.009066271114247494,0.02712705721914475,0.035124412572987415,0.16062105936957893,221
bayesfl_observability_v1,ola_lr0p02_b128_e1,22,ola,219,17,79,1,1,128,0.9646892547607422,0.9646892547607422,0.0,0.0,0.7468354430379747,0.9646892547607422,0.12406062953446796,0.02210882306098938,0.9998423322150585,0.12406062953446796,,0.8512212851081872,1.4493005765096665,,,,,,,,,,,,,0.9646892547607422,0.0,0.00037808393124954604,3.774844662984833e-05,0.0004884692199993882,1.2220008373260498,1.0002748975412217,1.000072956085205,1.000504493713379,0.9998636788160847,0.9999635219573975,0.9999932050704956,0.018499262269574462,0.01800312915522674,0.03279466913252813,,,,,,,,,79.0,0.006804268280570482,0.001744144753596902,1.0000005960464478,1.0000135898590088,1.0000337362289429,1.0001378059387207,1.0008000254631042,1.1227120161056519,0.0008454002821585724,0.9437692165374756,0.9997478127479553,0.9999310970306396,0.9999831318855286,0.999997079372406,0.9999997019767761,0.011738412574696603,2.7784409337024364e-07,0.003633562742947423,0.009055639643325335,0.02712461291053598,0.03510227816953799,0.16233594980157434,79
bayesfl_observability_v1,ola_lr0p02_b128_e1,22,ola,141,11,30,1,1,128,0.6314926147460938,0.6314926147460938,0.0,0.0,0.9333333333333333,0.6314926147460938,0.06659400164573194,0.00673336535692215,0.9999547200470813,0.06659400164573194,,1.5190465305721117,0.7674065092926465,,,,,,,,,,,,,0.6314926147460938,0.0,0.00010894077236810526,1.0547365491220262e-05,0.00013057071191724411,0.11334563046693802,1.0002626655096387,1.0000697374343872,1.0004820823669434,0.9998696835614779,0.9999651312828064,0.9999938011169434,0.018499255768523105,0.017997991965687014,0.03278682068358006,,,,,,,,,30.0,0.001276780111081885,0.001652158208160818,1.0000005960464478,1.0000123977661133,1.0000325441360474,1.0001314580440521,1.0007646083831787,1.0917775630950928,0.000803809268258973,0.9570462107658386,0.9997590780258179,0.9999342709779739,0.9999837279319763,0.9999971389770508,0.9999997019767761,0.011737438639821539,3.6158876965303353e-07,0.0036389845578602316,0.009051474874861458,0.02712110795115627,0.035112020300440486,0.1623776124297031,30
bayesfl_observability_v1,ola_lr0p02_b128_e1,22,ola,147,11,14,1,1,128,0.8385604023933411,0.8385604023933411,0.0,0.0,0.6428571428571429,0.8385604023933411,0.09092002135331644,0.010288551449775696,0.9999153035736579,0.09092002135331644,,0.8918673953172509,1.3950007042270034,,,,,,,,,,,,,0.8385604023933411,0.0,0.00020306697182946617,2.0705252609332092e-05,0.00027085728070233025,0.26463583111763,1.0002669427159891,1.0000717639923096,1.0004901885986328,0.9998675750007537,0.9999641180038452,0.9999938011169434,0.018496488176596243,0.0180063101492309,0.0327901032891778,,,,,,,,,14.0,0.0026261127368263915,0.0016766413401493009,1.0000005960464478,1.0000123977661133,1.0000334978103638,1.0001344680786133,1.0007753491401672,1.0916881561279297,0.0008154618160255872,0.9570854306221008,0.9997549653053284,0.9999327659606934,0.9999832510948181,0.9999970197677612,0.9999997019767761,0.011734533410138553,1.1027126461639214e-07,0.0036371587855144752,0.009051481185496152,0.027116436609846292,0.03510585473639429,0.16075746943843613,14
bayesfl_observability_v1,ola_lr0p02_b128_e1,22,ola,34,2,89,1,1,128,0.78790283203125,0.78790283203125,0.0,0.0,0.8314606741573034,0.78790283203125,0.11842672175231857,0.016361229121685028,0.9998563912682122,0.11842672175231857,,0.9392429968990706,1.3654484544000312,,,,,,,,,,,,,0.78790283203125,0.0,0.0003445241224969539,2.283997855556663e-05,0.0003323551209177822,0.6692245602607727,1.0002733736758829,1.0000720024108887,1.000491738319397,0.9998644769865274,0.9999639987945557,0.9999938011169434,0.018500603063777606,0.018001689525634548,0.03277859805110093,,,,,,,,,89.0,0.007127484525961887,0.0017712585112159595,1.0000005960464478,1.0000123977661133,1.000032901763916,1.0001369714736938,1.000784993171692,1.0916999578475952,0.0008598479708593862,0.9570802450180054,0.9997541904449463,0.9999315142631531,0.999983549118042,0.9999971389770508,0.9999997019767761,0.01173867645179213,1.6435292021487096e-06,0.003644702390125395,0.009051077530050232,0.027135930870238103,0.03511237400327338,0.16441192988743453,89
bayesfl_observability_v1,ola_lr0p02_b128_e1,22,ola,86,6,7,1,1,128,1.076300859451294,1.076300859451294,0.0,0.0,0.5714285714285714,1.076300859451294,0.2027715587653813,0.0416916161775589,0.9995788024751082,0.2027715587653813,,0.410116318288409,1.9071323795658244,,,,,,,,,,,,,1.076300859451294,0.0,0.0010100301652524832,7.767283022985794e-05,0.001155044767074287,4.34547758102417,1.0003036268195271,1.0000758171081543,1.0005536198616027,0.9998498055817068,0.9999620914459229,0.9999925494194031,0.018502366023790347,0.01799572990120619,0.03279378429543869,,,,,,,,,7.0,0.022120218789718794,0.002129551463102589,1.0000005960464478,1.0000149011611938,1.0000355243682861,1.0001498460769653,1.0008864521980285,1.26468825340271,0.0010021922000183379,0.8892180323600769,0.9997233092784882,0.9999250769615173,0.9999822378158569,0.9999969601631165,0.9999997019767761,0.011750871888559139,2.8565558106134476e-07,0.0036347917476027935,0.009049875568766396,0.027132505678135597,0.035122044076190934,0.1896448514647664,7
bayesfl_observability_v1,ola_lr0p02_b128_e1,22,ola,62,5,230,2,1,128,0.7584112685659657,0.7584112421326016,3.197679329441203e-08,3.197679329441203e-08,0.8043478260869565,0.7584112421326016,0.18433443518614212,0.019288979470729828,0.9996522826150356,0.18433443518614212,,0.7398855854147172,1.5046979575000918,,,,,,,,,,,,,0.7584112421326016,3.197679329441203e-08,0.0002310928293371056,2.3641616280656308e-05,0.0002961325808428228,0.25368696451187134,1.0002682185587697,1.0000704526901245,1.0004888892173767,0.999866960429836,0.9999647736549377,0.9999938607215881,0.018504054980564687,0.01800102976080501,0.03279484596552667,,,,,,,,,230.0,0.0031425562235516302,0.0016959743351202942,1.0000005960464478,1.0000122785568237,1.0000331401824951,1.0001375675201416,1.0007758259773254,1.101366639137268,0.0008244027662534837,0.9528708457946777,0.9997556149959564,0.9999312162399292,0.9999834299087524,0.9999971389770508,0.9999997019767761,0.011749623391888278,2.727718012062944e-07,0.003641406321077566,0.009063890804970366,0.027118312068963292,0.035123693351491014,0.17714759107283415,230
bayesfl_observability_v1,ola_lr0p02_b128_e1,22,ola,95,7,23,1,1,128,0.72284334897995,0.72284334897995,0.0,0.0,0.8260869565217391,0.72284334897995,0.10492938763816827,0.013796404004096985,0.9998872849952796,0.10492938763816827,,0.8945510979978213,1.3821042036330575,,,,,,,,,,,,,0.72284334897995,0.0,0.0002704671499881859,2.1146071958355606e-05,0.0002730140695348382,0.47585177421569824,1.0002700063103929,1.0000717639923096,1.0004876971244812,0.999866096601161,0.9999641180038452,0.9999938011169434,0.01849993957632797,0.01799462762039794,0.032794334233791425,,,,,,,,,23.0,0.00487327928332459,0.0017200355804474743,1.0000005960464478,1.0000123977661133,1.0000330209732056,1.0001379251480103,1.0007783830165864,1.091691493988037,0.0008360031692432756,0.9570839405059814,0.999756270647049,0.9999310374259949,0.9999834895133972,0.9999970197677612,0.9999997019767761,0.011737689437769564,6.345145733320939e-07,0.003637444875202071,0.009058412319788193,0.02713110024567137,0.03510907378384112,0.16834359954275527,23
bayesfl_observability_v1,ola_lr0p02_b128_e1,22,ola,150,12,12,1,1,128,0.3418653905391693,0.3418653905391693,0.0,0.0,1.0,0.3418653905391693,0.08129501100544685,0.014813348650932312,0.9999324671048972,0.08129501100544685,,-0.0,2.185987945410232,,,,,,,,,,,,,0.3418653905391693,0.0,0.00016234840849210737,1.758105008775601e-05,0.000179032635060139,0.5485883951187134,1.000265091594971,1.0000696182250977,1.0004822134971618,0.9998684740668607,0.9999651908874512,0.9999936819076538,0.018499615530403368,0.018002808584903964,0.032790527921145396,,,,,,,,,12.0,0.00332040409237495,0.001654705695616251,1.0000005960464478,1.0000126361846924,1.0000333786010742,1.0001356601715088,1.0007683038711548,1.0917022228240967,0.0008051013598036333,0.957079291343689,0.9997590124607086,0.9999321699142456,0.9999833106994629,0.9999971389770508,0.9999997019767761,0.011740059473038066,3.494721918538295e-07,0.003635106512910737,0.009067037122199723,0.027124232213021283,0.035092012381164085,0.1801439368828102,12
bayesfl_observability_v1,ola_lr0p02_b128_e1,22,ola,108,8,1,1,1,128,0.2056739777326584,0.2056739777326584,0.0,0.0,1.0,0.2056739777326584,0.10454765436719415,0.019203200936317444,0.999888063325065,0.10454765436719415,,-0.0,2.3163460082440825,,,,,,,,,,,,,0.2056739777326584,0.0,0.0002685028140255287,8.125229214783758e-06,0.00015178558533079922,0.9219079613685608,1.000269915832217,1.000070333480835,1.000501275062561,0.9998661394641455,0.9999648332595825,0.9999938607215881,0.0184986192259916,0.017988084932947877,0.03278769501196068,,,,,,,,,1.0,0.005587678845855152,0.0017203221432233195,1.0000005960464478,1.0000122785568237,1.0000325441360474,1.0001369714736938,1.0007937610149384,1.1119563579559326,0.0008342693729080522,0.9483226537704468,0.9997494220733643,0.9999315142631531,0.9999837279319763,0.9999971985816956,0.9999997019767761,0.011737272195012442,3.79900351021867e-07,0.003649496617265154,0.009058087892971464,0.02712144644250415,0.03511397865167143,0.16284806622728093,1
bayesfl_observability_v1,ola_lr0p02_b128_e1,22,ola,109,8,28,1,1,128,0.8336219787597656,0.8336219787597656,0.0,0.0,0.75,0.8336219787597656,0.12007340942582945,0.020483151078224182,0.9998523922708318,0.12007340942582945,,0.8583093118876355,1.4436829998723784,,,,,,,,,,,,,0.8336219787597656,0.0,0.00035417175835914525,2.9797512979712337e-05,0.00039878705865703523,1.0488989353179932,1.000273811458733,1.0000728368759155,1.000501036643982,0.9998642392104391,0.9999635815620422,0.9999937415122986,0.018500589203426347,0.01801707837198288,0.03279314816187182,,,,,,,,,28.0,0.007029902781235663,0.001758490841967317,1.0000005960464478,1.0000125169754028,1.0000338554382324,1.000138282775879,1.000794529914856,1.1177287101745605,0.0008519018511666602,0.9458707571029663,0.9997495412826538,0.9999308586120605,0.9999830722808838,0.9999971389770508,0.9999997019767761,0.011739970723544244,6.978718448009738e-07,0.0036448302872170006,0.009053155111666603,0.027130967673534064,0.03512113671215522,0.1623819264844508,28
bayesfl_observability_v1,ola_lr0p02_b128_e1,23,ola,267,21,306,3,1,128,0.9367757246774786,0.9367756309852101,1.0536528126970973e-07,1.0536528126970973e-07,0.7222222222222222,0.9367756309852101,0.2738652155291901,0.03786727786064148,0.9992338219801487,0.2738652155291901,,0.49629795412582844,1.8891532045272958,,,,,,,,,,,,,0.9367756309852101,1.0536528126970973e-07,0.00029079894319244525,3.597835166146979e-05,0.0003460137813817711,0.5609837770462036,1.000269813126216,1.0000708103179932,1.0004878044128418,0.9998661950117855,0.9999645948410034,0.9999937415122986,0.01851558198854669,0.018010424586514626,0.03279040516553009,,,,,,,,,306.0,0.005270880516364904,0.001721774789736927,1.0000005960464478,1.0000125169754028,1.0000336170196533,1.0001367330551147,1.000770926475525,1.0916237831115723,0.0008366393808657569,0.9571136236190796,0.9997562170028687,0.9999316334724426,0.9999831914901733,0.9999971389770508,0.9999997019767761,0.011782725041630528,1.0065336948863898e-06,0.0036423318867657953,0.009051836417373893,0.02714948773953531,0.035171748816857036,0.16153445565912206,306
bayesfl_observability_v1,ola_lr0p02_b128_e1,23,ola,140,11,4,1,1,128,1.2545161247253418,1.2545161247253418,0.0,0.0,0.5,1.2545161247253418,0.14434992093194143,0.01925092190504074,0.9997867422848569,0.14434992093194143,,0.5623351446188083,1.7521899758935873,,,,,,,,,,,,,1.2545161247253418,0.0,0.0005118625105981524,5.340851203072816e-05,0.0006894953548908234,0.9264952540397644,1.0002794275176516,1.0000733137130737,1.00050950050354,0.9998614346610899,0.9999633431434631,0.9999934494495392,0.018506572637667393,0.017994600744424064,0.03279012665873528,,,,,,,,,4.0,0.007389375254005958,0.0017590081391207547,1.0000005960464478,1.0000131011009217,1.0000344514846802,1.0001471042633057,1.000807523727417,1.0926871299743652,0.0008533351893725005,0.9566478133201599,0.9997453093528748,0.9999264478683472,0.9999827742576599,0.9999970197677612,0.9999997019767761,0.011755758723380283,1.8439820003530282e-08,0.00364706166095938,0.009049554095396489,0.027127983668026618,0.03513992704693519,0.16298291515807864,4
bayesfl_observability_v1,ola_lr0p02_b128_e1,23,ola,148,11,143,2,1,128,0.6821391332399594,0.6821391301138418,4.551906078172356e-09,4.551906078172356e-09,0.9020979020979021,0.6821391301138418,0.14667397095011087,0.015562906861305237,0.9997804157297442,0.14667397095011087,,0.8043283840341318,1.4893525926791222,,,,,,,,,,,,,0.6821391301138418,4.551906078172356e-09,0.0001531945563662468,1.832045199989807e-05,0.00019850580429192632,0.15541426837444305,1.0002638326150866,1.0000696182250977,1.000481379032135,0.99986911609211,0.9999651908874512,0.9999938011169434,0.018511515350764618,0.01799856197340986,0.032815884694962445,,,,,,,,,143.0,0.001999565651602662,0.0016655923518437358,1.0000005960464478,1.0000123977661133,1.0000323057174683,1.000131368637085,1.0007635354995728,1.0913610458374023,0.0008100909876247933,0.9572288393974304,0.9997594296932221,0.9999343156814575,0.9999838471412659,0.9999971985816956,0.9999997019767761,0.01177066906599755,3.03418545307941e-07,0.003646426119233426,0.009063384379155421,0.027124036661571902,0.03515563883702281,0.16280341458987832,143
bayesfl_observability_v1,ola_lr0p02_b128_e1,23,ola,281,22,45,1,1,128,0.6719657182693481,0.6719657182693481,0.0,0.0,0.8888888888888888,0.6719657182693481,0.10243876218734972,0.01743173599243164,0.9998928237938951,0.10243876218734972,,0.6455309973239547,1.625588744222669,,,,,,,,,,,,,0.6719657182693481,0.0,0.00025777981527584263,2.2948879632167518e-05,0.0002427595463814214,0.7596635222434998,1.0002683804816952,1.0000704526901245,1.000486135482788,0.9998669088320213,0.9999647736549377,0.999993622303009,0.018508704373729774,0.017999524497077465,0.03280412450897512,,,,,,,,,45.0,0.005617522678876949,0.0017212383684294342,1.0000005960464478,1.000012755393982,1.0000330209732056,1.000132441520691,1.0007731378078462,1.0984835624694824,0.0008353141323109419,0.9541205167770386,0.9997570514678955,0.9999337792396545,0.9999834895133972,0.9999971389770508,0.9999997019767761,0.011760932828298723,4.790823431124815e-07,0.00364347338570209,0.009062396419393636,0.02713286259530893,0.035141363075473754,0.16893471514711225,45
bayesfl_observability_v1,ola_lr0p02_b128_e1,23,ola,284,22,252,2,1,128,0.27184210008098963,0.27184208541635485,1.3576147810883615e-08,1.3576147810883615e-08,0.9841269841269841,0.27184208541635485,0.1175103620589557,0.02225017547607422,0.9998591880392387,0.1175103620589557,,0.042414731858117456,2.1445043425723562,,,,,,,,,,,,,0.27184208541635485,1.3576147810883615e-08,9.19098182523559e-05,1.1933144378417637e-05,9.975804277928546e-05,0.33292824029922485,1.000261168122889,1.0000683069229126,1.0004750490188599,0.9998704179209226,0.9999658465385437,0.9999938607215881,0.01851069006218381,0.01798969408352405,0.03280997624011562,,,,,,,,,252.0,0.001971434891772908,0.0016401726354692823,1.0000005960464478,1.0000122785568237,1.0000325441360474,1.0001330375671387,1.000753825902939,1.091234564781189,0.0007981957481911034,0.9572843313217163,0.9997625946998596,0.9999334812164307,0.9999837279319763,0.9999971389770508,0.9999997019767761,0.011769137173034667,1.057812619989924e-07,0.0036403731899150287,0.009065165709430726,0.027124271792494763,0.0351495038565032,0.18881493798810398,252
bayesfl_observability_v1,ola_lr0p02_b128_e1,23,ola,205,16,59,1,1,128,0.5598848462104797,0.5598848462104797,0.0,0.0,0.9322033898305084,0.5598848462104797,0.11344439696754972,0.023339033126831055,0.9998684542963227,0.11344439696754972,,0.5862670279243112,1.7062547875005167,,,,,,,,,,,,,0.5598848462104797,0.0,0.0003161450210630879,2.0580919226631522e-05,0.00034347191103734087,1.3617756366729736,1.0002709164604922,1.0000706911087036,1.0004947185516357,0.9998656653474705,0.9999646544456482,0.9999935090541839,0.01850807646152951,0.018001902566015505,0.03280721954294415,,,,,,,,,59.0,0.007473766444688609,0.0017425435928042961,1.0000005960464478,1.0000129818916321,1.0000330209732056,1.0001364946365356,1.0007775485515595,1.1351667642593384,0.0008437885872991813,0.9385775923728943,0.9997527003288269,0.9999317526817322,0.9999834895133972,0.9999971389770508,0.9999997019767761,0.011760761515559251,1.5669282047482134e-06,0.003624858185721914,0.00905947837766621,0.02713632830305233,0.035146485852417815,0.16862085682720135,59
bayesfl_observability_v1,ola_lr0p02_b128_e1,23,ola,209,16,35,1,1,128,0.8684592247009277,0.8684592247009277,0.0,0.0,0.8857142857142857,0.8684592247009277,0.14708135425843008,0.021074295043945312,0.9997787885986834,0.14708135425843008,,0.38937723629048177,1.9497352935038788,,,,,,,,,,,,,0.8684592247009277,0.0,0.0005314171041688966,3.936907523893751e-05,0.00046732582268305123,1.1103150844573975,1.0002802772349548,1.0000723600387573,1.0004999756813049,0.9998611301456042,0.9999638199806213,0.9999934434890747,0.018510033283815987,0.017997531251724513,0.03279102050359708,,,,,,,,,35.0,0.010926846340161812,0.001852241066741401,1.0000005960464478,1.0000131130218506,1.0000334978103638,1.0001416206359863,1.000792568922043,1.091248631477356,0.0008972729350642293,0.9572781324386597,0.9997500717639923,0.9999291896820068,0.9999832510948181,0.999997079372406,0.9999997019767761,0.011761327113632812,1.1813965444009597e-07,0.003649168788491625,0.009057137290226575,0.027143032424997732,0.035156661861736584,0.1644144664175473,35
bayesfl_observability_v1,ola_lr0p02_b128_e1,23,ola,107,8,2,1,1,128,1.1523466110229492,1.1523466110229492,0.0,0.0,0.5,1.1523466110229492,0.3216391652585334,0.0491018146276474,0.9989420559331491,0.3216391652585334,,-0.0,2.311121424016332,,,,,,,,,,,,,1.1523466110229492,0.0,0.0025413126799372432,0.00012354076898191124,0.0019161279778927565,6.027472019195557,1.0003676667819736,1.0000851154327393,1.0006040334701538,0.9998195801284232,0.9999574422836304,0.9999919533729553,0.018512612293359047,0.017994623738303076,0.03282292438314689,,,,,,,,,2.0,0.04976695412647195,0.003160708470103369,1.0000005960464478,1.0000160932540894,1.0000406503677368,1.0001707077026367,1.000996482372284,1.335025429725647,0.0014381649562755711,0.8654764294624329,0.9996981024742126,0.9999146461486816,0.9999796748161316,0.9999967813491821,0.9999997019767761,0.011794357122736406,8.942281655747111e-07,0.0036401205283452696,0.009071073788564143,0.027133682163910006,0.03516006931611364,0.18760917915845676,2
bayesfl_observability_v1,ola_lr0p02_b128_e1,23,ola,238,19,18,1,1,128,1.0181196928024292,1.0181196928024292,0.0,0.0,0.6666666666666666,1.0181196928024292,0.12748567310401335,0.020356610417366028,0.9998337881942378,0.12748567310401335,,0.9404479886553264,1.3716040057455146,,,,,,,,,,,,,1.0181196928024292,0.0,0.00039924824559582026,4.310232907300815e-05,0.00043832617811858786,1.0359786748886108,1.0002745307849459,1.0000720024108887,1.0004990220069885,0.9998638940464247,0.9999639987945557,0.9999935626983643,0.01850784870990127,0.01801321740377959,0.03280990717193473,,,,,,,,,18.0,0.007924036457050742,0.0017696967949764606,1.0000005960464478,1.0000128746032715,1.0000343322753906,1.0001373291015625,1.0007906615734101,1.1142109632492065,0.0008573485438655914,0.9473627209663391,0.9997505486011505,0.9999313354492188,0.9999828338623047,0.9999970197677612,0.9999997019767761,0.011759428211265358,6.958502046378175e-07,0.003647765608329897,0.009044255458687539,0.02713122854916086,0.03515178333238844,0.16349121471325176,18
bayesfl_observability_v1,ola_lr0p02_b128_e1,23,ola,131,10,45,1,1,128,0.667241632938385,0.667241632938385,0.0,0.0,0.8888888888888888,0.667241632938385,0.10903256368592594,0.021751612424850464,0.9998784811804069,0.10903256368592594,,0.742378396193409,1.5708860200036903,,,,,,,,,,,,,0.667241632938385,0.0,0.00029203351887066787,2.162556666007731e-05,0.0003254050388932228,1.1828322410583496,1.0002698682644657,1.0000711679458618,1.000490427017212,0.9998661755906396,0.9999644160270691,0.9999934434890747,0.018507975838555762,0.018001302075555323,0.03280112033690141,,,,,,,,,45.0,0.006923810494297999,0.0017309449997380108,1.0000005960464478,1.0000131130218506,1.0000330209732056,1.0001353025436401,1.000777006149292,1.1273865699768066,0.000838841207432867,0.9418106079101562,0.9997548460960388,0.9999323487281799,0.9999834895133972,0.9999971389770508,0.9999997019767761,0.011759504495071535,9.398230901092627e-08,0.003626364181167879,0.009062276215575217,0.02713335711464083,0.03513961231634757,0.16672262352851822,45
bayesfl_observability_v1,ola_lr0p02_b128_e1,23,ola,134,10,326,3,1,128,0.6094271682339943,0.6094270361804524,1.34442178126389e-07,1.34442178126389e-07,0.8220858895705522,0.6094270361804524,0.24557944653041547,0.029289398342370987,0.9993837780306636,0.24557944653041547,,0.4149757414196952,1.8961001489773186,,,,,,,,,,,,,0.6094270361804524,1.34442178126389e-07,0.00033988794345233663,3.888650826411322e-05,0.0003737185557838531,0.46642589569091797,1.0002719504713509,1.000070333480835,1.0004924535751343,0.9998651702769252,0.9999648332595825,0.9999938011169434,0.018514939146688135,0.01801245511198052,0.03280393477324258,,,,,,,,,326.0,0.0059857093175825936,0.0017574089623676927,1.0000005960464478,1.0000123977661133,1.0000331401824951,1.0001344680786133,1.0007805943489074,1.1095060110092163,0.0008528829043329532,0.9493693113327026,0.9997538328170776,0.9999327659606934,0.9999834299087524,0.9999971985816956,0.9999997019767761,0.011775935022020113,1.0286215218312587e-06,0.003634210269846408,0.009065467135226879,0.027147672730436827,0.03517907573163063,0.1648348449325468,326
bayesfl_observability_v1,ola_lr0p02_b128_e1,23,ola,176,14,6,1,1,128,0.6647070646286011,0.6647070646286011,0.0,0.0,0.8333333333333334,0.6647070646286011,0.09993305593505196,0.011256597936153412,0.9998979055129925,0.09993305593505196,,0.8675632284814612,1.4502930449152613,,,,,,,,,,,,,0.6647070646286011,0.0,0.0002453231676275073,1.4856934285489842e-05,0.0002699420147109777,0.3167773187160492,1.0002678389515052,1.0000698566436768,1.0004894852638244,0.9998671502422535,0.9999650716781616,0.9999937415122986,0.018507381282981048,0.01799595396674647,0.03279651875645524,,,,,,,,,6.0,0.0035077239967904266,0.0016956148388703454,1.0000005960464478,1.0000125169754028,1.0000327825546265,1.0001349449157715,1.0007705688476562,1.0914053916931152,0.0008246195143092514,0.9572094082832336,0.9997553169727326,0.9999325275421143,0.9999836087226868,0.9999971389770508,0.9999997019767761,0.01175650429664317,4.356911610227372e-07,0.00363530108200231,0.009059231560008985,0.02713643444031862,0.03513517613021241,0.1664928800216759,6
bayesfl_observability_v1,ola_lr0p02_b128_e1,23,ola,78,6,10,1,1,128,0.9482595324516296,0.9482595324516296,0.0,0.0,0.7,0.9482595324516296,0.15395635442801578,0.022873245179653168,0.9997575435116999,0.15395635442801578,,0.6554817739013927,1.6692820093029912,,,,,,,,,,,,,0.9482595324516296,0.0,0.0005822580292966369,4.396959411678836e-05,0.0006639777799136946,1.3079638481140137,1.0002824887552793,1.0000730752944946,1.0005111694335938,0.9998600104942857,0.9999634623527527,0.9999937415122986,0.01850829227270388,0.01801325419240088,0.03279704379453029,,,,,,,,,10.0,0.010932448137864214,0.0018424244220058435,1.0000005960464478,1.0000125169754028,1.0000356435775757,1.0001466274261475,1.0008028745651245,1.1081483364105225,0.0008917585301865857,0.9499506950378418,0.9997444748878479,0.9999266862869263,0.9999821782112122,0.9999971389770508,0.9999997019767761,0.011761538011452612,4.122265120895659e-08,0.003625617411900629,0.009056849185340112,0.027142861430285162,0.035141578664239746,0.1700626577703927,10
bayesfl_observability_v1,ola_lr0p02_b128_e1,23,ola,79,6,34,1,1,128,0.2918550968170166,0.2918550968170166,0.0,0.0,1.0,0.2918550968170166,0.07180880489535685,0.01370549201965332,0.9999474217099483,0.07180880489535685,,-0.0,2.185987945410232,,,,,,,,,,,,,0.2918550968170166,0.0,0.0001266705484283491,1.4467093933490105e-05,0.00013654374924954027,0.4696016013622284,1.0002626786604956,1.0000686645507812,1.0004770755767822,0.999869673197286,0.9999656677246094,0.999993622303009,0.018507451184853026,0.017990188698111587,0.032805101394887654,,,,,,,,,34.0,0.0027433907186889353,0.0016488846321574457,1.0000005960464478,1.000012755393982,1.000032901763916,1.0001339614391327,1.000756859779358,1.0912543535232544,0.0008023342843684337,0.9572756290435791,0.9997615814208984,0.9999330192804337,0.999983549118042,0.9999971389770508,0.9999997019767761,0.011759605596882449,1.166960459337347e-06,0.003630872125816498,0.00905975181044406,0.027128601212425142,0.03513043822360368,0.18049979811045946,34
bayesfl_observability_v1,ola_lr0p02_b128_e1,23,ola,153,12,1,1,1,128,0.35299330949783325,0.35299330949783325,0.0,0.0,1.0,0.35299330949783325,0.11075361283449248,0.016714587807655334,0.9998747173641561,0.11075361283449248,,-0.0,2.259365973874069,,,,,,,,,,,,,0.35299330949783325,0.0,0.0003013256228121095,1.662784234213177e-05,0.00023108607274480164,0.6984437704086304,1.0002702748387762,1.0000711679458618,1.0004981756210327,0.9998659035347061,0.9999644160270691,0.9999933242797852,0.018508514766068594,0.01799930141585357,0.03280780939182938,,,,,,,,,1.0,0.0044504325295273775,0.0016715523613846388,1.0000005960464478,1.0000133514404297,1.000034213066101,1.0001356601715088,1.0007968604564668,1.0911908149719238,0.0008130710450783378,0.957303524017334,0.9997509717941284,0.9999321699142456,0.9999828934669495,0.9999971389770508,0.9999997019767761,0.011762910318816103,2.2180742937030877e-07,0.003645456019900545,0.009057257300837875,0.027144945826440267,0.03515883347097278,0.17065776190107876,1
bayesfl_observability_v1,ola_lr0p02_b128_e1,24,ola,161,12,522,5,1,128,0.42422586062858847,0.42422572760289656,1.311686106380743e-07,1.311686106380743e-07,0.9195402298850575,0.42422572760289656,0.2721308464555453,0.041549935936927795,0.9992463046346813,0.2721308464555453,,0.46907990249119813,1.8590800092150952,,,,,,,,,,,,,0.42422572760289656,1.311686106380743e-07,0.00013968836019905367,1.8581104086479172e-05,0.00014256656577344988,0.27656739950180054,1.0002630366608567,1.0000687837600708,1.0004748106002808,0.9998695281507272,0.9999656081199646,0.9999939203262329,0.018532583441140817,0.018019484446911156,0.03282136660537764,,,,,,,,,522.0,0.002885477024851754,0.0016771743629447713,1.0000005960464478,1.0000121593475342,1.0000325441360474,1.0001298189163208,1.0007528722286225,1.092041254043579,0.0008158476259040293,0.9569306969642639,0.9997627139091492,0.9999350905418396,0.9999837279319763,0.9999971985816956,0.9999997019767761,0.01181385561823059,1.2031148830388823e-07,0.0036387366033391426,0.009064079946972583,0.02714449738914578,0.035228001387246514,0.17469090364335008,522
bayesfl_observability_v1,ola_lr0p02_b128_e1,24,ola,12,1,1408,11,1,128,0.37496917898004706,0.3749689906835556,1.8496520581834375e-07,1.8496520581834375e-07,0.9090909090909091,0.3749689906835556,0.2667629074347624,0.029415681958198547,0.9992800858682989,0.2667629074347624,,1.0327057287701606,1.248593947717984,,,,,,,,,,,,,0.3749689906835556,1.8496520581834375e-07,2.9016705334256955e-05,5.4394147355196765e-06,4.151420871494339e-05,0.03203175216913223,1.0002584251683249,1.0000672340393066,1.000469446182251,0.9998717869980883,0.9999663829803467,0.9999939203262329,0.018541460120845288,0.018015056660292017,0.03284954629517057,,,,,,,,,1408.0,0.00034716725403369166,0.0016386259944837934,1.0000005960464478,1.0000121593475342,1.0000321865081787,1.0001295804977417,1.000742793083191,1.092036485671997,0.0007974165369068983,0.956932783126831,0.9997653961181641,0.9999352097511292,0.9999839067459106,0.9999972581863403,0.9999997019767761,0.011849286790254968,5.641822726551905e-07,0.003639554674868208,0.00905508393775114,0.02715106672765066,0.03528003089603972,0.17894705333680408,1408
bayesfl_observability_v1,ola_lr0p02_b128_e1,24,ola,98,7,780,7,1,128,0.4372408493971213,0.4372407730573263,7.397102024242485e-08,7.397102024242485e-08,0.9179487179487179,0.4372407730573263,0.22211080523146362,0.02530505508184433,0.9995012595998383,0.22211080523146362,,1.14643460798294,1.1350968930507688,,,,,,,,,,,,,0.4372407730573263,7.397102024242485e-08,3.786206217413772e-05,6.620999101869529e-06,4.9300197133561596e-05,0.04358663782477379,1.0002587932587794,1.0000674724578857,1.0004700422286987,0.9998716054695276,0.9999662637710571,0.9999939203262329,0.018539118196244132,0.018016435688504584,0.03285458436320725,,,,,,,,,780.0,0.0003966276751436928,0.001640645922054621,1.0000005960464478,1.0000121593475342,1.0000323057174683,1.0001293420791626,1.0007435739040376,1.0920706987380981,0.0007984001826849206,0.9569177627563477,0.9997650980949402,0.9999353289604187,0.9999838471412659,0.9999972581863403,0.9999997019767761,0.01183738444410973,2.395523878112227e-07,0.0036442737074121496,0.009053294697773804,0.02715405580415242,0.03527422863478692,0.174745124741024,780
bayesfl_observability_v1,ola_lr0p02_b128_e1,24,ola,47,3,19,1,1,128,0.7127037048339844,0.7127037048339844,0.0,0.0,0.8947368421052632,0.7127037048339844,0.1361576867628949,0.01727699488401413,0.9998108132422366,0.1361576867628949,,0.6680178186607534,1.6176422038869243,,,,,,,,,,,,,0.7127037048339844,0.0,0.00045541211406362886,3.5808074244414456e-05,0.0004539031098829591,0.7462360858917236,1.000276190940343,1.0000708103179932,1.000502347946167,0.9998630935238916,0.9999645948410034,0.9999938011169434,0.01851673514825643,0.017996901661825424,0.0328130827771407,,,,,,,,,19.0,0.007630919529695324,0.0017910088099522738,1.0000005960464478,1.0000123977661133,1.0000345706939697,1.0001344680786133,1.000787377357483,1.0948878526687622,0.0008687658627440724,0.9556859135627747,0.9997488856315613,0.9999327659606934,0.9999827146530151,0.999997079372406,0.9999997019767761,0.0117847631678821,5.53633167658472e-07,0.0036324012724599044,0.009066503574735846,0.02712994350354448,0.03518014987271405,0.16914134764026328,19
bayesfl_observability_v1,ola_lr0p02_b128_e1,24,ola,202,16,344,3,1,128,0.41433254161546396,0.4143325152785279,2.8150988351774495e-08,2.8150988351774495e-08,0.9273255813953488,0.4143325152785279,0.1501402291771918,0.024138115346431732,0.999770578281623,0.1501402291771918,,0.7151651242351365,1.5572907521493602,,,,,,,,,,,,,0.4143325152785279,2.8150988351774495e-08,7.13659331919101e-05,9.509256415185519e-06,8.870906021911657e-05,0.18406358361244202,1.0002601878985307,1.0000680685043335,1.0004717111587524,0.9998709149359251,0.9999659657478333,0.9999938011169434,0.018522128614850766,0.018011588294844255,0.032831456062416026,,,,,,,,,344.0,0.0011915954422435004,0.001646171380370218,1.0000005960464478,1.0000123977661133,1.000032901763916,1.0001310110092163,1.000746738910675,1.0920312404632568,0.0008010382426811648,0.9569350481033325,0.9997642636299133,0.9999344944953918,0.999983549118042,0.9999972581863403,0.9999997019767761,0.011796357556983286,7.2694326306741e-08,0.0036374756835811308,0.009057538680721842,0.027149325449353588,0.03520553036601455,0.1738005578152456,344
bayesfl_observability_v1,ola_lr0p02_b128_e1,24,ola,113,9,2,1,1,128,1.0448973178863525,1.0448973178863525,0.0,0.0,0.5,1.0448973178863525,0.2835555614157361,0.03828047215938568,0.9991795787111345,0.2835555614157361,,-0.0,2.3277319754160017,,,,,,,,,,,,,1.0448973178863525,0.0,0.0019751341251556098,0.00015323996194638312,0.001755319198127839,3.6634864807128906,1.0003395129412112,1.0000797510147095,1.0005982041358947,0.9998325179312427,0.9999601244926453,0.9999933242797852,0.018525245988255206,0.01801358747364418,0.03280730815198458,,,,,,,,,2.0,0.031133906130042906,0.0025249859096229434,1.0000005960464478,1.0000133514404297,1.000037431716919,1.0001641511917114,1.0009883224964142,1.217207908630371,0.0011887719813465367,0.9063952565193176,0.9997010171413422,0.9999179244041443,0.9999812841415405,0.999997079372406,0.9999997019767761,0.011802682897402023,3.7859953907643026e-07,0.003650282177658927,0.009082560641748526,0.027159441219070733,0.035204322920149266,0.1672970940733523,2
bayesfl_observability_v1,ola_lr0p02_b128_e1,24,ola,128,10,63,1,1,128,0.5390658974647522,0.5390658974647522,0.0,0.0,0.9047619047619048,0.5390658974647522,0.05386436718120629,0.008610360324382782,0.9999704529342275,0.05386436718120629,,0.9152182792868668,1.361330606993555,,,,,,,,,,,,,0.5390658974647522,0.0,7.127272959438596e-05,8.167620762833394e-06,9.344659920316191e-05,0.18534569442272186,1.000260186242228,1.0000678300857544,1.0004714727401733,0.9998709163163727,0.9999660849571228,0.9999937415122986,0.01851420374996905,0.018008114872582474,0.0328110175307724,,,,,,,,,63.0,0.0011247894834984712,0.0016466546485244596,1.0000005960464478,1.0000125169754028,1.0000327825546265,1.0001298189163208,1.0007456541061401,1.0922183990478516,0.0008012805904062083,0.9568530917167664,0.9997643828392029,0.9999350905418396,0.9999836087226868,0.9999971985816956,0.9999997019767761,0.011774692560429517,1.086017251885234e-07,0.0036268878001584817,0.009048831075269152,0.027145642122370972,0.03517956070523648,0.16706034050474763,63
bayesfl_observability_v1,ola_lr0p02_b128_e1,24,ola,177,14,173,2,1,128,1.0258645465263743,1.0258645077661284,3.844737337747816e-08,3.844737337747816e-08,0.6763005780346821,1.0258645077661284,0.22327610335604492,0.04042480140924454,0.9994912665912423,0.22327610335604492,,0.7072416889214992,1.6019064244591992,,,,,,,,,,,,,1.0258645077661284,3.844737337747816e-08,0.0004012913545748094,4.457340946828481e-05,0.00037159927305765463,1.270844578742981,1.0002739358700317,1.0000717639923096,1.0004875659942627,0.9998642336394518,0.9999641180038452,0.9999935626983643,0.018519403784227836,0.018011633932450116,0.032822509704503525,,,,,,,,,173.0,0.008706736964188999,0.0018026484064757183,1.0000005960464478,1.0000128746032715,1.0000334978103638,1.0001343488693237,1.0007754564285278,1.1237434148788452,0.0008730565172132782,0.943336009979248,0.9997563362121582,0.9999328255653381,0.9999832510948181,0.9999971985816956,0.9999997019767761,0.011796311839892505,2.647760985271678e-07,0.003635045550023727,0.009070686129345364,0.027132862145132285,0.035176856469152855,0.16702887182504747,173
bayesfl_observability_v1,ola_lr0p02_b128_e1,24,ola,178,14,135,2,1,128,0.4293945787129579,0.4293945771676523,1.3888750166407354e-09,1.3888750166407354e-09,0.9407407407407408,0.4293945771676523,0.11386337128983856,0.02030128985643387,0.9998679141537841,0.11386337128983856,,0.4244935576316679,1.8415271470075187,,,,,,,,,,,,,0.4293945771676523,1.3888750166407354e-09,9.1121251995342e-05,1.1849668226204813e-05,0.00010351167293265462,0.27531275153160095,1.00026101463024,1.0000685453414917,1.0004725456237793,0.9998705039040049,0.9999657273292542,0.9999938011169434,0.01851813790360374,0.018003301133549754,0.032821219742717296,,,,,,,,,135.0,0.0017551307097444671,0.0016479341027505192,1.0000005960464478,1.0000123977661133,1.0000331401824951,1.0001311302185059,1.0007481038570405,1.0920301675796509,0.0008019490546624006,0.9569355249404907,0.9997638463973999,0.9999344348907471,0.9999834299087524,0.9999971985816956,0.9999997019767761,0.01178607100614013,1.0655076075839917e-07,0.00363733908076754,0.009057795641421736,0.027143225357223886,0.035188038228524586,0.17058662297148378,135
bayesfl_observability_v1,ola_lr0p02_b128_e1,24,ola,289,23,111,1,1,128,0.3971235156059265,0.3971235156059265,0.0,0.0,0.972972972972973,0.3971235156059265,0.06689848920415227,0.012407645583152771,0.9999544181492728,0.06689848920415227,,0.21838083332586875,1.975025863627753,,,,,,,,,,,,,0.3971235156059265,0.0,0.00010993928211008248,1.3400731404544786e-05,0.00012484771432355048,0.38487377762794495,1.0002617972989067,1.0000683069229126,1.000471591949463,0.9998701233877653,0.9999658465385437,0.9999936819076538,0.018514987889129756,0.018001035625518396,0.0328094850791689,,,,,,,,,111.0,0.0023352152288866764,0.0016569861131143456,1.0000005960464478,1.0000126361846924,1.000032663345337,1.0001327991485596,1.0007479190826416,1.0921661853790283,0.0008062212245229911,0.9568759202957153,0.9997643232345581,0.9999336004257202,0.9999836683273315,0.9999971985816956,0.9999997019767761,0.01177811101258193,4.558093196908687e-07,0.003631770498683286,0.009058960983563492,0.02712514144575548,0.03517108820236636,0.18314777294255055,111
bayesfl_observability_v1,ola_lr0p02_b128_e1,24,ola,69,5,1,1,1,128,2.0962719917297363,2.0962719917297363,0.0,0.0,0.0,2.0962719917297363,0.6238865069566875,0.065165676176548,0.9960390428229368,0.6238865069566875,,-0.0,2.259365973874069,,,,,,,,,,,,,2.0962719917297363,0.0,0.00956161905595727,0.0005071609630249441,0.01239860150963068,10.616412162780762,1.0006556169099068,1.0001084804534912,1.0011661410331727,0.9996796678135645,0.9999457597732544,0.9999932050704956,0.018551875185769444,0.01801159769815311,0.03290530233977652,,,,,,,,,1.0,0.09756195992451214,0.004734983606294131,1.0000005960464478,1.0000135898590088,1.0000520944595337,1.0002421140670776,1.002715927362442,1.4797251224517822,0.00209719035739269,0.8220713138580322,0.9994174659252166,0.9998789429664612,0.9999739527702332,0.9999971389770508,0.9999997019767761,0.011881295704503239,1.2241477338773665e-08,0.0036624801512118053,0.009057340391007451,0.027176629220253372,0.035365655451889084,0.22678457284260745,1
bayesfl_observability_v1,ola_lr0p02_b128_e1,24,ola,32,2,4,1,1,128,0.7072479724884033,0.7072479724884033,0.0,0.0,0.75,0.7072479724884033,0.12865015863941964,0.02263358235359192,0.9998310446151119,0.12865015863941964,,0.5623351446188083,1.7533774711376668,,,,,,,,,,,,,0.7072479724884033,0.0,0.0004065752151392183,2.4640869014547206e-05,0.00041347063961438835,1.280697226524353,1.0002741569571707,1.000070571899414,1.0005006909370422,0.9998640521530601,0.999964714050293,0.9999932646751404,0.01851650611053401,0.018003951743760092,0.03281278313096572,,,,,,,,,4.0,0.007093092468447826,0.001746993464170996,1.0000005960464478,1.0000134706497192,1.0000336170196533,1.0001367330551147,1.000794780254364,1.1307531595230103,0.0008464877576800022,0.9404075145721436,0.9997497141361237,0.9999316334724426,0.9999831914901733,0.9999971389770508,0.9999997019767761,0.011781248901180225,1.2101961521039477e-07,0.0036181812685904804,0.009056268647356525,0.027148773272595954,0.035177944409421985,0.1688974361119782,4
bayesfl_observability_v1,ola_lr0p02_b128_e1,24,ola,243,19,10,1,1,128,0.9478856921195984,0.9478856921195984,0.0,0.0,0.7,0.9478856921195984,0.1577449085234441,0.017703935503959656,0.9997458190678089,0.1577449085234441,,0.7595473914748635,1.555578650820714,,,,,,,,,,,,,0.9478856921195984,0.0,0.0006112669962094171,5.97478574491106e-05,0.0007313368318136791,0.7835731506347656,1.0002826845328465,1.0000723600387573,1.0005115270614624,0.9998599295667924,0.9999638199806213,0.9999938011169434,0.018517016710852586,0.01801803653087071,0.03280353667582229,,,,,,,,,10.0,0.009221616815732605,0.0018553240596066419,1.0000005960464478,1.0000123977661133,1.0000343322753906,1.0001431703567505,1.000813603401184,1.1236052513122559,0.0008977886323519464,0.9433940052986145,0.9997442960739136,0.9999284148216248,0.9999828338623047,0.9999971985816956,0.9999997019767761,0.011778657060193647,2.436019590191832e-07,0.0036511690655487766,0.009064118429628896,0.027147351691014524,0.03517637369007357,0.16632417507278827,10
bayesfl_observability_v1,ola_lr0p02_b128_e1,24,ola,192,15,5,1,1,128,0.6992449164390564,0.6992449164390564,0.0,0.0,1.0,0.6992449164390564,0.1721717563031555,0.021528415381908417,0.99969752186867,0.1721717563031555,,-0.0,2.3277319754160017,,,,,,,,,,,,,0.6992449164390564,0.0,0.0007281889459515982,6.851372381788678e-05,0.0006083057611249391,1.1586819887161255,1.0002875555670894,1.0000720024108887,1.0005121231079102,0.9998576102110823,0.9999639987945557,0.9999937415122986,0.01852008558237249,0.01800815443154516,0.03280070855410816,,,,,,,,,5.0,0.012790419237490126,0.0019430686928155409,1.0000005960464478,1.0000125169754028,1.0000343322753906,1.0001411437988281,1.0008253514766694,1.136350154876709,0.0009369946996589008,0.9380887150764465,0.9997439980506897,0.9999294281005859,0.9999828338623047,0.9999971389770508,0.9999997019767761,0.011788154799715655,7.070031173316911e-08,0.003641084353947138,0.009062440497926254,0.027160244555037655,0.035194107794022274,0.1659365970443274,5
bayesfl_observability_v1,ola_lr0p02_b128_e1,24,ola,257,20,1,1,1,128,0.40181949734687805,0.40181949734687805,0.0,0.0,1.0,0.40181949734687805,0.1761154429823181,0.02925671637058258,0.9996834086523042,0.1761154429823181,,-0.0,2.4040642619438994,,,,,,,,,,,,,0.40181949734687805,0.0,0.0007619301107913484,2.6081539544975385e-05,0.0005138216656632721,2.1398890018463135,1.000288961250421,1.0000708103179932,1.0005393028259277,0.9998568704856383,0.9999645948410034,0.9999936819076538,0.018519398082918803,0.01801569721924011,0.03279826489426335,,,,,,,,,1.0,0.014182669861152249,0.001916607711352785,1.0000005960464478,1.0000126361846924,1.0000340938568115,1.0001453161239624,1.0008290469646455,1.1375391483306885,0.000923901217153572,0.9375983476638794,0.9997304677963257,0.9999273419380188,0.9999829530715942,0.9999971985816956,0.9999997019767761,0.011787408976317219,2.0474343566197167e-07,0.0036340060665366446,0.009060424572765277,0.027143747117489816,0.035187626961754856,0.16904331480097476,1
bayesfl_observability_v1,ola_lr0p02_b128_e1,25,ola,40,3,3,1,1,128,0.6490461230278015,0.6490461230278015,0.0,0.0,1.0,0.6490461230278015,0.1426956020821742,0.017976485192775726,0.9997932301819283,0.1426956020821742,,0.6365141682948128,1.636379152337986,,,,,,,,,,,,,0.6490461230278015,0.0,0.0005001974168472912,3.5745513741858304e-05,0.0006340241176076244,0.8078845143318176,1.0002702675939157,1.0000689029693604,1.000490665435791,0.9998659524665058,0.9999655485153198,0.9999936819076538,0.018540417841030978,0.018017473045282315,0.03285041823745135,,,,,,,,,3.0,0.006480431706397839,0.0017096288269250128,1.0000005960464478,1.0000126361846924,1.0000333786010742,1.0001338720321655,1.0007825553417207,1.098232388496399,0.0008304981906719869,0.9542295932769775,0.9997547268867493,0.9999330639839172,0.9999833106994629,0.9999972581863403,0.9999997019767761,0.011842634422745657,8.497279427325566e-07,0.00365104281096124,0.009064986782155731,0.027151288958252376,0.03528628780902575,0.17606091296561513,3
bayesfl_observability_v1,ola_lr0p02_b128_e1,25,ola,42,3,53,1,1,128,1.105017066001892,1.105017066001892,0.0,0.0,0.6226415094339622,1.105017066001892,0.08754027601907292,0.006810024380683899,0.9999221063750111,0.08754027601907292,,1.7308356523576378,0.5888361420235744,,,,,,,,,,,,,1.105017066001892,0.0,0.000188250468421759,2.3322370907408185e-05,0.0002599864965304735,0.11594106256961823,1.0002577859150985,1.0000672340393066,1.0004688501358032,0.9998720985352905,0.9999663829803467,0.9999939799308777,0.01853625412041988,0.018013760225892704,0.03284066716357857,,,,,,,,,53.0,0.0015663319702739012,0.001631745110462084,1.0000005960464478,1.0000120401382446,1.0000323057174683,1.0001276731491089,1.0007372558116914,1.0916837453842163,0.0007942163279806315,0.9570873379707336,0.9997656941413879,0.9999361634254456,0.9999838471412659,0.9999973177909851,0.9999997019767761,0.011829640413586846,6.484917045841257e-07,0.003635070911242935,0.009048342156778317,0.027147719009631886,0.035260852088180555,0.16549238394737067,53
bayesfl_observability_v1,ola_lr0p02_b128_e1,25,ola,297,23,590,5,1,128,0.20068699607657173,0.2006868959736016,9.809820957058437e-08,9.809820957058437e-08,0.9847457627118644,0.2006868959736016,0.20303894232758216,0.036488547921180725,0.9995821361734908,0.20303894232758216,,-0.0,2.185987945410232,,,,,,,,,,,,,0.2006868959736016,9.809820957058437e-08,8.119265898185422e-05,1.0166050742554944e-05,7.974068284966052e-05,0.2416464388370514,1.0002535048467747,1.0000662803649902,1.0004575371742248,0.9998742052938775,0.9999668598175049,0.9999939799308777,0.018546004568452953,0.018014916809093118,0.03284988749224513,,,,,,,,,590.0,0.0016120896509541243,0.0016031782417767029,1.0000005960464478,1.0000120401382446,1.0000317096710205,1.0001285076141357,1.0007250308990479,1.0886245965957642,0.000780789412820371,0.9584311842918396,0.9997713506221771,0.9999357461929321,0.9999841451644897,0.9999973177909851,0.9999997019767761,0.011860928236380696,2.4537286391495444e-07,0.0036508563877939034,0.009082528867992873,0.027140809234458666,0.03529831278247698,0.20097042248435987,590
bayesfl_observability_v1,ola_lr0p02_b128_e1,25,ola,267,21,306,3,1,128,0.8308843845635457,0.8308842784049464,1.0581489302204122e-07,1.0581489302204122e-07,0.7810457516339869,0.8308842784049464,0.25998686430855455,0.03753616660833359,0.99931353976287,0.25998686430855455,,0.49629795412582844,1.8891532045272958,,,,,,,,,,,,,0.8308842784049464,1.0581489302204122e-07,0.00028971755293589953,3.6033276046509854e-05,0.0003645511460490525,0.5959839820861816,1.0002618435113946,1.0000680685043335,1.000470757484436,0.9998701275109518,0.9999659657478333,0.9999939203262329,0.018544449270167355,0.018027530072546805,0.032853570502086045,,,,,,,,,306.0,0.005308790678190334,0.0016799404017688838,1.0000005960464478,1.0000121593475342,1.000032663345337,1.0001319646835327,1.000740647315979,1.0889296531677246,0.0008169508860731939,0.9582968950271606,0.9997647404670715,0.9999340176582336,0.9999836683273315,0.9999973177909851,0.9999997019767761,0.011856040614915726,5.344074472688083e-07,0.003635424447778518,0.009057032633443653,0.027166277127349363,0.03528376939221982,0.16333320897941608,306
bayesfl_observability_v1,ola_lr0p02_b128_e1,25,ola,18,1,406,4,1,128,0.5725463170723375,0.5725462636336904,5.918611998311848e-08,5.918611998311848e-08,0.8620689655172413,0.5725462636336904,0.18983313355398893,0.026292264461517334,0.9996348050108125,0.18983313355398893,,0.93387416116756,1.3882321409892098,,,,,,,,,,,,,0.5725462636336904,5.918611998311848e-08,9.85017471990433e-05,1.2881524526164867e-05,0.00010408850866951983,0.1656326949596405,1.0002541981114026,1.0000660419464111,1.000459325313568,0.9998738733521728,0.9999669790267944,0.9999939799308777,0.018548397600088175,0.01801571729757289,0.03285962295684455,,,,,,,,,406.0,0.0017456555083616662,0.0016157444725703265,1.0000005960464478,1.0000120401382446,1.000031590461731,1.0001254081726074,1.0007279574871064,1.088627576828003,0.0007867847785449557,0.9584298729896545,0.9997704565525055,0.9999372959136963,0.9999842047691345,0.9999973177909851,0.9999997019767761,0.011855728492655971,7.210123113632327e-07,0.0036379546287853824,0.009061852463236706,0.027146880566449875,0.03527532085250377,0.16636236354827721,406
bayesfl_observability_v1,ola_lr0p02_b128_e1,25,ola,140,11,4,1,1,128,0.9407485127449036,0.9407485127449036,0.0,0.0,0.75,0.9407485127449036,0.1211091638165987,0.015990450978279114,0.99985080870836,0.1211091638165987,,0.5623351446188083,1.7521899758935873,,,,,,,,,,,,,0.9407485127449036,0.0,0.00036030831920029564,4.1838287870632485e-05,0.0005066021054517487,0.639236569404602,1.0002646676411946,1.0000696182250977,1.0004802942276,0.9998686935263954,0.9999651908874512,0.999993622303009,0.01853611748065836,0.018014491094091506,0.03284992716973186,,,,,,,,,4.0,0.00489929967212224,0.0016612979938483935,1.0000005960464478,1.000012755393982,1.0000333786010742,1.0001364946365356,1.0007572174072266,1.0886183977127075,0.0008080504835869445,0.9584339261054993,0.9997599720954895,0.9999317526817322,0.9999833106994629,0.9999971985816956,0.9999997019767761,0.011830618635236722,7.531851860196793e-08,0.0036399131844755037,0.009050428528367821,0.02714044262497891,0.03525418266064696,0.16693249314980685,4
bayesfl_observability_v1,ola_lr0p02_b128_e1,25,ola,143,11,59,1,1,128,1.368556261062622,1.368556261062622,0.0,0.0,0.5423728813559322,1.368556261062622,0.21238629016830143,0.02648371458053589,0.9995411924950346,0.21238629016830143,,0.5821360471219024,1.7374773776084904,,,,,,,,,,,,,1.368556261062622,0.0,0.0011080853261074353,9.911787128658034e-05,0.0011355843860656025,1.7534677982330322,1.0002945807367385,1.0000725984573364,1.0005207180976867,0.9998542962841989,0.9999637007713318,0.9999938011169434,0.018539476674814728,0.018014639219557236,0.03284314186524737,,,,,,,,,59.0,0.01943940204014837,0.0020840190600655965,1.0000005960464478,1.0000123977661133,1.0000338554382324,1.0001378059387207,1.0008317887783051,1.1411409378051758,0.001000793549999673,0.9361174702644348,0.9997397601604462,0.9999310970306396,0.9999830722808838,0.9999972581863403,0.9999997019767761,0.01183891105475912,4.651759696788488e-08,0.0036395306590882915,0.009048741025458,0.027158985590997824,0.03527407301063931,0.16434431332209365,59
bayesfl_observability_v1,ola_lr0p02_b128_e1,25,ola,257,20,1,1,1,128,0.7746485471725464,0.7746485471725464,0.0,0.0,1.0,0.7746485471725464,0.30825349731240426,0.04653645306825638,0.9990346221719218,0.30825349731240426,,-0.0,2.4040642619438994,,,,,,,,,,,,,0.7746485471725464,0.0,0.0023341903854038975,9.795162623049691e-05,0.0017028772272169677,5.414103031158447,1.000343625432114,1.0000770092010498,1.00062597990036,0.9998305823276539,0.9999614953994751,0.999993622303009,0.018547382042460356,0.018010459255529934,0.03285434414744285,,,,,,,,,1.0,0.03935347115297943,0.0026063442318918304,1.0000005960464478,1.000012755393982,1.0000369548797607,1.0001616477966309,1.0010350406169892,1.2631542682647705,0.0012150679088111407,0.8897578120231628,0.9996871888637543,0.9999191761016846,0.9999815225601196,0.9999972581863403,0.9999997019767761,0.011862412306168692,1.537972269344667e-07,0.003649842338472568,0.00906410777423797,0.027147785191295754,0.03529937138838491,0.17069820131291186,1
bayesfl_observability_v1,ola_lr0p02_b128_e1,25,ola,281,22,45,1,1,128,0.7200527787208557,0.7200527787208557,0.0,0.0,0.8666666666666667,0.7200527787208557,0.11043329994984298,0.018139056861400604,0.9998761170534635,0.11043329994984298,,0.6455309973239547,1.625588744222669,,,,,,,,,,,,,0.7200527787208557,0.0,0.00029958519580604293,2.36988098549773e-05,0.00030439026886597276,0.8225628137588501,1.000262239626633,1.0000680685043335,1.000469446182251,0.9998699518233769,0.9999659657478333,0.9999938011169434,0.018538311298491282,0.018015722418777143,0.03285155458849243,,,,,,,,,45.0,0.006208795002002506,0.0016995479975163077,1.0000005960464478,1.0000123977661133,1.0000323057174683,1.000130295753479,1.0007457852363586,1.0967739820480347,0.0008252382981039457,0.9548637866973877,0.9997653961181641,0.9999348521232605,0.9999838471412659,0.9999972581863403,0.9999997019767761,0.011836077689975452,2.379473840336575e-07,0.0036379807067744236,0.009055001338718473,0.027138744270491285,0.03526987940561569,0.16988861849901088,45
bayesfl_observability_v1,ola_lr0p02_b128_e1,25,ola,9,0,107,1,1,128,0.7515726685523987,0.7515726685523987,0.0,0.0,0.8130841121495327,0.7515726685523987,0.13654330746433946,0.017659984529018402,0.999810396389158,0.13654330746433946,,0.20393077072313337,2.077417173602598,,,,,,,,,,,,,0.7515726685523987,0.0,0.00045799535896735096,3.617395486799069e-05,0.0004852468555327505,0.7796875834465027,1.0002685760109342,1.00006902217865,1.0004811406135559,0.9998668237467863,0.999965488910675,0.9999939799308777,0.0185364745562767,0.018001638468760885,0.03284018900228386,,,,,,,,,107.0,0.008097125320335,0.0017301000068299954,1.0000005960464478,1.0000120401382446,1.0000325441360474,1.0001312494277954,1.0007646083831787,1.089224100112915,0.0008405974169799588,0.9581673741340637,0.9997595489025116,0.9999343752861023,0.9999837279319763,0.9999973177909851,0.9999997019767761,0.01183471881207336,3.136306313565321e-07,0.003634252684317887,0.0090611245729267,0.02714824899026188,0.035272016181365586,0.16454806591783838,107
bayesfl_observability_v1,ola_lr0p02_b128_e1,25,ola,245,19,166,2,1,128,0.8219281797667584,0.8219281593001032,1.8781248534963538e-08,1.8781248534963538e-08,0.7530120481927711,0.8219281593001032,0.17772907409029134,0.018993668258190155,0.9996789043731819,0.17772907409029134,,0.4534650765650608,1.8353971806874023,,,,,,,,,,,,,0.8219281593001032,1.8781248534963538e-08,0.00023825810367870384,2.4286237930937205e-05,0.0002851275930879638,0.27552804350852966,1.0002597869233203,1.0000677108764648,1.0004688501358032,0.9998711176420858,0.9999661445617676,0.9999940395355225,0.018538679667080147,0.017998504873962436,0.03285064431486651,,,,,,,,,166.0,0.003259173218968578,0.0016478127980695477,1.0000005960464478,1.000011920928955,1.00003182888031,1.0001295804977417,1.0007439851760864,1.0894407033920288,0.0008020570936563094,0.9580721259117126,0.9997656941413879,0.9999352097511292,0.999984085559845,0.9999973177909851,0.9999997019767761,0.011840333666062328,1.873133553641938e-06,0.003620582244962739,0.009063100925406034,0.02713947741258667,0.035274974333204,0.16188268332517125,166
bayesfl_observability_v1,ola_lr0p02_b128_e1,25,ola,163,13,151,2,1,128,0.6212476125813478,0.621247605772208,7.459574491588905e-09,7.459574491588905e-09,0.8940397350993378,0.621247605772208,0.12709335578194983,0.01841767132282257,0.9998361386964011,0.12709335578194983,,0.7494436652757661,1.488660305959026,,,,,,,,,,,,,0.621247605772208,7.459574491588905e-09,0.0001331119163986425,1.380254889227217e-05,0.00015998461458366364,0.28566864132881165,1.000255581432304,1.000066876411438,1.0004612326622009,0.9998731865692645,0.999966561794281,0.9999939799308777,0.018540504176569647,0.018001141252862417,0.03285252875934499,,,,,,,,,151.0,0.002014375522511916,0.0016200401794927522,1.0000005960464478,1.0000120401382446,1.0000317096710205,1.000128984451294,1.0007295608520508,1.088646650314331,0.0007885732855835466,0.9584214687347412,0.9997695028781891,0.999935507774353,0.9999841451644897,0.9999972581863403,0.9999997019767761,0.011843807517769873,7.458687152941981e-07,0.003631850525261473,0.009070022165966472,0.027143753561215914,0.035270929151106245,0.18048871228416494,151
bayesfl_observability_v1,ola_lr0p02_b128_e1,25,ola,186,14,2,1,1,128,0.7589645385742188,0.7589645385742188,0.0,0.0,1.0,0.7589645385742188,0.22631260455455757,0.02573491632938385,0.999479442099215,0.22631260455455757,,-0.0,2.28098669344155,,,,,,,,,,,,,0.7589645385742188,0.0,0.0012581653957768782,9.92545610642992e-05,0.0017656052950769663,1.6557155847549438,1.0003005846516375,1.0000762939453125,1.0005372762680054,0.9998510267477532,0.9999618530273438,0.999992847442627,0.018541943747393617,0.01800458946988332,0.03285217966383309,,,,,,,,,2.0,0.015773286057540567,0.0018876203315853167,1.0000005960464478,1.000014305114746,1.0000362396240234,1.0001633167266846,1.0008414447307588,1.108572244644165,0.0009132848361800134,0.9497690200805664,0.9997314810752869,0.9999183416366577,0.9999818801879883,0.999997079372406,0.9999997019767761,0.011847928369151054,6.358188602297469e-07,0.0036300120807374243,0.009072296233103969,0.027141386349162053,0.035279857380449337,0.16245519498148822,2
bayesfl_observability_v1,ola_lr0p02_b128_e1,25,ola,235,18,231,2,1,128,0.5631455862934971,0.5631455597165343,2.689143091947305e-08,2.689143091947305e-08,0.8614718614718615,0.5631455597165343,0.14550459336888144,0.021308988332748413,0.9997850337742602,0.14550459336888144,,0.696711248923874,1.5968824956831422,,,,,,,,,,,,,0.5631455597165343,2.689143091947305e-08,0.0001680858307789598,1.4926865333109163e-05,0.00019975524628534913,0.36820343136787415,1.0002569801237888,1.0000663995742798,1.000463843345642,0.9998725117377405,0.9999668002128601,0.9999939799308777,0.018540086910273968,0.018011741033357807,0.032850842411325944,,,,,,,,,231.0,0.0033077034526908444,0.0016407165223133798,1.0000005960464478,1.0000120401382446,1.0000320672988892,1.000126451253891,1.0007342100143433,1.0886919498443604,0.0007984176226248945,0.9584015607833862,0.9997681975364685,0.9999367743730545,0.9999839663505554,0.9999973177909851,0.9999997019767761,0.011843345236532691,1.1535228351356676e-06,0.0036446857890211513,0.00905162825752344,0.027153202097685313,0.035279953771027384,0.16658514570121524,231
bayesfl_observability_v1,ola_lr0p02_b128_e1,25,ola,122,9,9,1,1,128,1.5480278730392456,1.5480278730392456,0.0,0.0,0.4444444444444444,1.5480278730392456,0.20496145195346982,0.026213154196739197,0.9995722632070368,0.20496145195346982,,0.9649629230074277,1.3560707552711873,,,,,,,,,,,,,1.5480278730392456,0.0,0.0010319641705325302,9.580259211361408e-05,0.0009720975300297163,1.7178233861923218,1.0002915366607037,1.000075340270996,1.000515592098236,0.9998555672816494,0.999962329864502,0.9999929666519165,0.018534491638286424,0.018010707665641293,0.032843435417921785,,,,,,,,,9.0,0.015585825196522322,0.0019024894105663954,1.0000005960464478,1.000014066696167,1.0000355243682861,1.0001436471939087,1.0008351802825928,1.1278131008148193,0.0009193066155501837,0.9416324496269226,0.9997422635555268,0.9999281764030457,0.9999822378158569,0.9999971985816956,0.9999997019767761,0.011826070087684623,4.40018143055218e-07,0.003650149215291485,0.009067748235079524,0.02714037081739204,0.03521568825500214,0.1619282155508428,9
bayesfl_observability_v1,ola_lr0p02_b128_e1,26,ola,113,9,2,1,1,128,1.6239609718322754,1.6239609718322754,0.0,0.0,0.0,1.6239609718322754,0.36888877100908873,0.05125701427459717,0.9986201622744123,0.36888877100908873,,-0.0,2.3277319754160017,,,,,,,,,,,,,1.6239609718322754,0.0,0.0033428055825499474,0.0002656764700077474,0.003196298610419035,6.568203926086426,1.000376923566625,1.0000848770141602,1.0006533861160278,0.9998149062258398,0.9999575614929199,0.999992847442627,0.018559675821820595,0.018026096135321537,0.03286099713450399,,,,,,,,,2.0,0.053010681560794255,0.0031239336509442752,1.0000005960464478,1.000014305114746,1.0000395774841309,1.0001707971096039,1.001088446378708,1.314692497253418,0.0014324432562271166,0.8721433877944946,0.9996734857559204,0.9999146014451981,0.9999802112579346,0.9999972581863403,0.9999997019767761,0.011891961273294394,1.0117099365206251e-07,0.0036466688771366186,0.009076075738226774,0.0271828299026267,0.03530764972856691,0.17233492157169336,2
bayesfl_observability_v1,ola_lr0p02_b128_e1,26,ola,118,9,17,1,1,128,0.6994170546531677,0.6994170546531677,0.0,0.0,0.8235294117647058,0.6994170546531677,0.15403666612118935,0.03305128216743469,0.9997591841126058,0.15403666612118935,,0.8277381569989198,1.4618562942707825,,,,,,,,,,,,,0.6994170546531677,0.0,0.000582865645166928,2.9726930733886547e-05,0.0005711525154765695,2.7309670448303223,1.0002707720927362,1.000067949295044,1.0004909038543701,0.9998657959458916,0.999966025352478,0.9999933242797852,0.018547891372266333,0.01799545437663961,0.032861523916749166,,,,,,,,,17.0,0.013205241489630409,0.0017935068723294086,1.0000005960464478,1.0000133514404297,1.0000320672988892,1.0001318454742432,1.0007691383361816,1.1777920722961426,0.0008640821001665629,0.9214370846748352,0.9997546076774597,0.9999340772628784,0.9999839663505554,0.9999973177909851,0.9999997019767761,0.01186192181167211,2.8429132776743187e-07,0.0036291260535176815,0.009069508248649032,0.027158517240877637,0.035296590322584975,0.1799961951331849,17
bayesfl_observability_v1,ola_lr0p02_b128_e1,26,ola,289,23,111,1,1,128,0.35660573840141296,0.35660573840141296,0.0,0.0,0.963963963963964,0.35660573840141296,0.060253514739245784,0.010949492454528809,0.9999632450500192,0.060253514739245784,,0.21838083332586875,1.975025863627753,,,,,,,,,,,,,0.35660573840141296,0.0,8.918360729180518e-05,1.1747685675800312e-05,9.5550058176741e-05,0.29972878098487854,1.0002517852460375,1.000065267086029,1.0004514455795288,0.9998750590564718,0.9999673664569855,0.9999939203262329,0.01854565601304721,0.018011965908229906,0.0328578877521309,,,,,,,,,111.0,0.0018858846484730905,0.0015980338755574276,1.0000005960464478,1.0000121593475342,1.0000314712524414,1.0001269280910492,1.0007155060768127,1.0868650674819946,0.0007784804426059535,0.9592067003250122,0.9997743368148804,0.9999365359544754,0.9999842643737793,0.9999973773956299,0.9999997019767761,0.011856088960177579,2.2953065704354887e-08,0.0036440728883821356,0.009067141527059135,0.02714319130361551,0.0352997107369457,0.1869723748225699,111
bayesfl_observability_v1,ola_lr0p02_b128_e1,26,ola,296,23,107,1,1,128,0.25152111053466797,0.25152111053466797,0.0,0.0,0.9906542056074766,0.25152111053466797,0.05904706891289431,0.011086344718933105,0.9999646947639914,0.05904706891289431,,-0.0,2.185987945410232,,,,,,,,,,,,,0.25152111053466797,0.0,8.56479545377188e-05,9.972737643693108e-06,9.066872225957945e-05,0.3072674572467804,1.000251646829961,1.0000653266906738,1.0004512071609497,0.999875126035998,0.9999673366546631,0.9999940991401672,0.018545481201907275,0.01800857456089519,0.03285780692192401,,,,,,,,,107.0,0.0018904357955721362,0.0015961232571389341,1.0000005960464478,1.0000118017196655,1.0000313520431519,1.000126838684082,1.0007150173187256,1.0868711471557617,0.0007775725613063145,0.9592039585113525,0.9997744560241699,0.999936580657959,0.9999843239784241,0.9999973773956299,0.9999997019767761,0.011855353630164059,5.8192039664173514e-08,0.0036406590667862632,0.009068869872596499,0.027140457448284458,0.03529273727663077,0.1871389964280863,107
bayesfl_observability_v1,ola_lr0p02_b128_e1,26,ola,140,11,4,1,1,128,0.9276558756828308,0.9276558756828308,0.0,0.0,0.75,0.9276558756828308,0.12113911183502304,0.01627335697412491,0.9998510015792496,0.12113911183502304,,0.5623351446188083,1.7521899758935873,,,,,,,,,,,,,0.9276558756828308,0.0,0.0003604865318445673,3.660053334897384e-05,0.0005054713110439479,0.6620553731918335,1.0002622186206374,1.0000684261322021,1.000474452972412,0.999869905535922,0.9999657869338989,0.9999936819076538,0.018545417164091808,0.018006023366943586,0.03286175370651451,,,,,,,,,4.0,0.005175329859368047,0.0016509808085552783,1.0000005960464478,1.0000126361846924,1.0000333786010742,1.0001323223114014,1.0007472038269043,1.0868412256240845,0.000803291522801492,0.9592171907424927,0.9997628927230835,0.9999338388442993,0.9999833106994629,0.9999973177909851,0.9999997019767761,0.011854659378940365,5.8448242292499984e-08,0.00364639416951763,0.009058182828730629,0.027139092941607806,0.035291726878628776,0.17313059246662676,4
bayesfl_observability_v1,ola_lr0p02_b128_e1,26,ola,21,1,161,2,1,128,0.7027086556328009,0.7027086434156998,6.959294622978497e-09,6.959294622978497e-09,0.782608695652174,0.7027086434156998,0.12233997163589427,0.012408092617988586,0.999848543342878,0.12233997163589427,,1.0524636786770594,1.2525934745728768,,,,,,,,,,,,,0.7027086434156998,6.959294622978497e-09,0.00012475961207079759,1.9933625480916817e-05,0.000169374470715411,0.1407943218946457,1.0002531522955795,1.0000654458999634,1.0004561066627502,0.9998743893707315,0.9999672770500183,0.9999940991401672,0.01855072840009703,0.01801295402325847,0.03286226872539066,,,,,,,,,161.0,0.0015778639962308176,0.001609897911979951,1.0000005960464478,1.0000118017196655,1.0000317096710205,1.0001267194747925,1.0007190704345703,1.0870176553726196,0.0007840574175697159,0.959139347076416,0.9997720062732697,0.9999366402626038,0.9999841451644897,0.9999973773956299,0.9999997019767761,0.011869434290549777,1.5809915606649198e-07,0.0036330937074558404,0.00906524808332122,0.02715824892307666,0.03530179043967413,0.18306220969644837,161
bayesfl_observability_v1,ola_lr0p02_b128_e1,26,ola,169,13,10,1,1,128,0.944076657295227,0.944076657295227,0.0,0.0,0.7,0.944076657295227,0.16324936324611264,0.03296878933906555,0.9997294325265442,0.16324936324611264,,0.6001660731596457,1.7098339961345228,,,,,,,,,,,,,0.944076657295227,0.0,0.0006546712114026234,4.6566021410399117e-05,0.0007393952051643299,2.7173521518707275,1.000273533074528,1.0000696182250977,1.0004910230636597,0.9998644447237637,0.9999651908874512,0.9999932646751404,0.01854685478667162,0.018004863137174608,0.03287052027934329,,,,,,,,,10.0,0.013747579582481649,0.0018156796352762036,1.0000005960464478,1.0000134706497192,1.0000327825546265,1.0001345872879028,1.0007736802101135,1.177268385887146,0.0008747467491271973,0.921642005443573,0.9997545480728149,0.9999327063560486,0.9999836087226868,0.9999971985816956,0.9999997019767761,0.011861356022292208,3.31474041254673e-07,0.003630478179064865,0.009077798385190163,0.027156620742520683,0.03528624715794682,0.1798666678478176,10
bayesfl_observability_v1,ola_lr0p02_b128_e1,26,ola,193,15,49,1,1,128,1.728690266609192,1.728690266609192,0.0,0.0,0.20408163265306123,1.728690266609192,0.2044532424370402,0.03254822641611099,0.9995752405591543,0.2044532424370402,,0.7946603084287958,1.5090944792576573,,,,,,,,,,,,,1.728690266609192,0.0,0.0010268529627413582,6.629101335420273e-05,0.0009399852133356035,2.6484673023223877,1.0002878478869621,1.00007164478302,1.0004921078681945,0.9998575850772146,0.99996417760849,0.999993622303009,0.018542489830878986,0.018009396398360113,0.0328600946462964,,,,,,,,,49.0,0.020704054588397944,0.002033891424074117,1.0000005960464478,1.000012755393982,1.0000334978103638,1.0001415014266968,1.0007932960987092,1.1702430248260498,0.0009755702599943159,0.9244043231010437,0.9997540056705475,0.9999292492866516,0.9999832510948181,0.9999972581863403,0.9999997019767761,0.011856281462350099,7.198873783536525e-07,0.0036375750448476166,0.009057903028341778,0.02714272452718101,0.035269422563064055,0.17228863743489736,49
bayesfl_observability_v1,ola_lr0p02_b128_e1,26,ola,203,16,396,4,1,128,0.797900307660151,0.7979002462493049,4.615933698570381e-08,4.615933698570381e-08,0.8181818181818182,0.7979002462493049,0.18259742027979098,0.01659274846315384,0.9996634505068243,0.18259742027979098,,1.5571176369237727,0.7668056340182599,,,,,,,,,,,,,0.7979002462493049,4.615933698570381e-08,0.0001259730841719899,2.30278201343026e-05,0.00020670661906478966,0.10703238844871521,1.000253200058948,1.0000660419464111,1.0004572868347168,0.9998743615491786,0.9999669790267944,0.9999939799308777,0.018559801150214827,0.017999275338085353,0.032873897456933934,,,,,,,,,396.0,0.0009971943391006834,0.0016065860710623172,1.0000005960464478,1.0000120401382446,1.0000319480895996,1.0001256465911865,1.0007222890853882,1.0879169702529907,0.0007824076185033038,0.9587427973747253,0.9997714757919312,0.9999371767044067,0.9999840259552002,0.9999973773956299,0.9999997019767761,0.011889483256964019,1.635080161378947e-07,0.0036321392239563243,0.0090640798031685,0.02717350371346581,0.03535652184056493,0.17586065859100738,396
bayesfl_observability_v1,ola_lr0p02_b128_e1,26,ola,32,2,4,1,1,128,0.8557112216949463,0.8557112216949463,0.0,0.0,0.75,0.8557112216949463,0.16275934623718621,0.029031068086624146,0.9997311748967797,0.16275934623718621,,0.5623351446188083,1.7533774711376668,,,,,,,,,,,,,0.8557112216949463,0.0,0.0006507469021075977,5.0429185648681596e-05,0.0006633212324231863,2.1070075035095215,1.0002733833278878,1.0000686645507812,1.0004924535751343,0.9998644680133254,0.9999656677246094,0.999993085861206,0.018548210672330378,0.01801001417823257,0.03286193122717266,,,,,,,,,4.0,0.011634695983145482,0.001772768693831254,1.0000005960464478,1.000013828277588,1.0000330209732056,1.0001355409622192,1.0007860660552979,1.1537935733795166,0.0008565747918414009,0.9309705495834351,0.9997538328170776,0.9999322295188904,0.9999834895133972,0.9999972581863403,0.9999997019767761,0.011863677398209177,1.0347400933974253e-07,0.003623223029775925,0.00906782813523222,0.02715577982217024,0.03530096301619333,0.1746011896159474,4
bayesfl_observability_v1,ola_lr0p02_b128_e1,26,ola,34,2,89,1,1,128,0.5380578637123108,0.5380578637123108,0.0,0.0,0.898876404494382,0.5380578637123108,0.0792455909738259,0.01123608648777008,0.9999363846184885,0.0792455909738259,,0.9392429968990706,1.3654484544000312,,,,,,,,,,,,,0.5380578637123108,0.0,0.00015426610033154444,1.2915510069433367e-05,0.0001662014823523353,0.31562432646751404,1.0002542856892915,1.0000660419464111,1.0004568099975586,0.9998738435088528,0.9999669790267944,0.9999939799308777,0.018547721098850768,0.018005190131054866,0.032860783349011324,,,,,,,,,89.0,0.0031034082790525244,0.0016275847273158773,1.0000005960464478,1.0000120401382446,1.0000314712524414,1.0001250505447388,1.0007211089134216,1.0868674516677856,0.0007925161988238153,0.9592056274414062,0.9997716546058655,0.9999374747276306,0.9999842643737793,0.9999974370002747,0.9999997019767761,0.011856960929620039,7.338311178984622e-07,0.0036426651230153815,0.009074051222862705,0.027149630243303382,0.03528335263271089,0.17544935675444812,89
bayesfl_observability_v1,ola_lr0p02_b128_e1,26,ola,160,12,379,3,1,128,0.5134719892510639,0.5134719501699181,4.8330109153073976e-08,4.8330109153073976e-08,0.9076517150395779,0.5134719501699181,0.17782799294699053,0.028220519423484802,0.9996799735262848,0.17782799294699053,,1.1782151454192733,1.120809894534982,,,,,,,,,,,,,0.5134719501699181,4.8330109153073976e-08,0.00010684250869096368,1.0654940979293315e-05,0.0001402717796736398,0.2842831611633301,1.000252462228764,1.0000653266906738,1.0004544258117676,0.9998747333832992,0.9999673366546631,0.9999940395355225,0.018555355187349326,0.018001749708813207,0.032870707299733244,,,,,,,,,379.0,0.0017492054333804637,0.0016094490028968195,1.0000005960464478,1.000011920928955,1.0000313520431519,1.0001249313354492,1.0007197856903076,1.086870789527893,0.0007835672165028873,0.9592041373252869,0.999772846698761,0.9999375343322754,0.9999843239784241,0.9999973773956299,0.9999997019767761,0.011877269255429613,1.3862418802008016e-07,0.003639999838004433,0.009077541723322612,0.027155338053310316,0.03532286973572413,0.17565521434734133,379
bayesfl_observability_v1,ola_lr0p02_b128_e1,26,ola,94,7,163,2,1,128,1.0584506268150236,1.0584506140164802,1.6694833000703644e-08,1.6694833000703644e-08,0.5950920245398773,1.0584506140164802,0.18499164539676213,0.03078121691942215,0.9996527520097257,0.18499164539676213,,1.3759749478332663,0.9081964456095792,,,,,,,,,,,,,1.0584506140164802,1.6694833000703644e-08,0.0002493081616295985,2.6375688321422786e-05,0.00022840478923171766,0.6447614431381226,1.0002579420679056,1.0000663995742798,1.0004602670669556,0.9998720565484832,0.9999668002128601,0.9999939203262329,0.018547690481996126,0.018013345790618217,0.032863409819073264,,,,,,,,,163.0,0.0047335948329264785,0.0016624936970768185,1.0000005960464478,1.0000121593475342,1.0000323057174683,1.0001260042190552,1.0007297456264497,1.0931774377822876,0.0008086108159151237,0.9564332365989685,0.9997699856758118,0.9999369978904724,0.9999838471412659,0.9999973773956299,0.9999997019767761,0.011866249946432154,8.412167144980897e-07,0.00363918384145041,0.009049365134536542,0.02713846638988325,0.03528092442581667,0.1762873554750055,163
bayesfl_observability_v1,ola_lr0p02_b128_e1,26,ola,5,0,35,1,1,128,0.7375664710998535,0.7375664710998535,0.0,0.0,0.8,0.7375664710998535,0.0855956003527861,0.011289555579423904,0.9999257259881902,0.0855956003527861,,1.5903475561802325,0.7061063978321973,,,,,,,,,,,,,0.7375664710998535,0.0,0.00017997954300697072,1.5518744476139545e-05,0.00020861987431999317,0.31863510608673096,1.0002552763891206,1.000065565109253,1.00045907497406,0.9998733619458434,0.9999672174453735,0.9999940395355225,0.018546767760187093,0.01799657905045654,0.032861536297983183,,,,,,,,,35.0,0.0029634967486991486,0.0016397243546188182,1.0000005960464478,1.000011920928955,1.0000314712524414,1.0001282691955566,1.0007262229919434,1.096839189529419,0.0007978086591532385,0.9548354148864746,0.9997705817222595,0.9999358654022217,0.9999842643737793,0.9999973773956299,0.9999997019767761,0.011856486097875504,1.0894511063444193e-06,0.0036366097523743367,0.009066577885562015,0.027139166539242907,0.03529360664461242,0.17379126662002228,35
bayesfl_observability_v1,ola_lr0p02_b128_e1,26,ola,11,0,2,1,1,128,0.17984963953495026,0.17984963953495026,0.0,0.0,1.0,0.17984963953495026,0.066579015375661,0.007334694266319275,0.9999550841578877,0.066579015375661,,0.6931471805599453,1.5913406603425941,,,,,,,,,,,,,0.17984963953495026,0.0,0.00010889175002291126,4.983081907994347e-06,0.00014029321901034626,0.134494349360466,1.000252538703333,1.000065565109253,1.0004589557647705,0.9998746798820248,0.9999672174453735,0.9999940991401672,0.018545826523161325,0.017999304020669668,0.032861605972621534,,,,,,,,,2.0,0.0013519534133078974,0.0015958353262267978,1.0000005960464478,1.0000118017196655,1.0000319480895996,1.000126600265503,1.0007230162620544,1.0868335962295532,0.0007773843748422837,0.9592205286026001,0.9997706413269043,0.9999366998672485,0.9999840259552002,0.9999974370002747,0.9999997019767761,0.011854778011244033,2.389789843401722e-07,0.003634529609683283,0.009062765791185139,0.027148158544758685,0.03528528964841486,0.1747253057894708,2
bayesfl_observability_v1,ola_lr0p02_b128_e1,27,ola,141,11,30,1,1,128,0.5696036219596863,0.5696036219596863,0.0,0.0,0.9333333333333333,0.5696036219596863,0.06165647220347794,0.006134435534477234,0.9999616528678473,0.06165647220347794,,1.5190465305721117,0.7674065092926465,,,,,,,,,,,,,0.5696036219596863,0.0,9.338509790784267e-05,1.2112536296626786e-05,0.00011555616074474544,0.094078429043293,1.00024913185716,1.0000648498535156,1.0004488229751587,0.9998763692341515,0.9999675750732422,0.9999940395355225,0.018557522032443676,0.01800410811249439,0.03286835473039334,,,,,,,,,30.0,0.0008709026940032986,0.0015840478545201635,1.0000005960464478,1.000011920928955,1.0000313520431519,1.0001230239868164,1.000706857442856,1.084586262702942,0.0007717968826424353,0.960213840007782,0.9997756481170654,0.9999384880065918,0.9999843239784241,0.9999973773956299,0.9999997019767761,0.011882980634121533,1.9408214488714345e-07,0.0036347980968130973,0.009074531724703894,0.027157654894442104,0.035338155296778286,0.1762932753147709,30
bayesfl_observability_v1,ola_lr0p02_b128_e1,27,ola,16,1,369,3,1,128,0.5701106827110456,0.570110508137279,1.729871928207441e-07,1.729871928207441e-07,0.8211382113821138,0.570110508137279,0.250346778334006,0.03098909929394722,0.999365573724321,0.250346778334006,,0.1490487639578261,2.177886214364074,,,,,,,,,,,,,0.570110508137279,1.729871928207441e-07,0.0004100572296752821,4.036362952319905e-05,0.0004307210911065348,0.6402354836463928,1.0002608610321686,1.0000663995742798,1.0004609942436218,0.999870668162622,0.9999668002128601,0.9999940395355225,0.018562658126187927,0.018019151646609083,0.03286619842203099,,,,,,,,,369.0,0.0077445752678422415,0.001721420426261926,1.0000005960464478,1.000011920928955,1.000031590461731,1.0001260936260223,1.000731110572815,1.104057788848877,0.0008359146373927905,0.9517087936401367,0.9997696220874787,0.9999369531869888,0.9999842047691345,0.9999973773956299,0.9999997019767761,0.011897596924342257,1.7470045621384655e-07,0.0036416638693410955,0.00906472380090728,0.027181480435267368,0.035354977101720184,0.17144604590194543,369
bayesfl_observability_v1,ola_lr0p02_b128_e1,27,ola,21,1,161,2,1,128,0.611242942188097,0.6112429360795465,5.838759041471744e-09,5.838759041471744e-09,0.8385093167701864,0.6112429360795465,0.10255155586037903,0.011736258864402771,0.9998938166466246,0.10255155586037903,,1.0524636786770594,1.2525934745728768,,,,,,,,,,,,,0.6112429360795465,5.838759041471744e-09,9.051513758463578e-05,1.330802615484572e-05,0.00011551294592209169,0.14049488306045532,1.0002490277888674,1.000064730644226,1.0004465579986572,0.9998764277529456,0.999967634677887,0.9999940991401672,0.01855955208913142,0.01800827863305959,0.0328760548707884,,,,,,,,,161.0,0.0014210753624406727,0.001589833789710605,1.0000005960464478,1.0000118017196655,1.0000313520431519,1.0001230239868164,1.0007050693035127,1.0845410823822021,0.0007744643120061428,0.9602338075637817,0.9997767806053162,0.9999384880065918,0.9999843239784241,0.9999973773956299,0.9999997019767761,0.01189156129985545,6.984685551874499e-08,0.0036388268154186726,0.009076046743520659,0.027168427417707336,0.03534546177405186,0.1831008155590458,161
bayesfl_observability_v1,ola_lr0p02_b128_e1,27,ola,117,9,8,1,1,128,1.3387253284454346,1.3387253284454346,0.0,0.0,0.5,1.3387253284454346,0.19413538224470359,0.023751981556415558,0.9996180853211925,0.19413538224470359,,0.5623351446188083,1.7518051301834499,,,,,,,,,,,,,1.3387253284454346,0.0,0.0009258266009660123,7.130884478101507e-05,0.0010271375300362712,1.4103909730911255,1.0002799636174176,1.0000700950622559,1.0004962801933288,0.9998612355205485,0.9999649524688721,0.999993085861206,0.018557029897017505,0.01800365347790998,0.03286616924050398,,,,,,,,,8.0,0.013514171138004264,0.0018129196613063698,1.0000005960464478,1.000013828277588,1.0000337362289429,1.000139594078064,1.0007910192012788,1.1020174026489258,0.0008787648365802363,0.9525894522666931,0.9997519195079804,0.999930202960968,0.9999831318855286,0.9999972581863403,0.9999997019767761,0.011887193782782067,1.8951539968241742e-07,0.0036488342465364754,0.00905801924661251,0.027161423818546786,0.035316783952607,0.16987507384028183,8
bayesfl_observability_v1,ola_lr0p02_b128_e1,27,ola,41,3,4,1,1,128,0.46921637654304504,0.46921637654304504,0.0,0.0,1.0,0.46921637654304504,0.0907637279501004,0.009711876511573792,0.9999165882896485,0.0907637279501004,,0.5623351446188083,1.756608808640784,,,,,,,,,,,,,0.46921637654304504,0.0,0.0002023694259409817,1.9128941858070903e-05,0.000259909420856275,0.23580127954483032,1.0002531693002101,1.0000662803649902,1.0004552602767944,0.9998743690880504,0.9999668598175049,0.9999937415122986,0.018556068583159755,0.018004986648252203,0.03287216518324039,,,,,,,,,4.0,0.0021505044612832695,0.0015998397046018114,1.0000005960464478,1.0000125169754028,1.0000319480895996,1.0001293420791626,1.0007192552089692,1.084343671798706,0.0007791533404838665,0.9603211879730225,0.9997724294662476,0.9999353289604187,0.9999840259552002,0.9999972581863403,0.9999997019767761,0.011880113482601496,5.083894936063881e-07,0.003631376589863554,0.009068659887152096,0.027149751001832204,0.035327113907225566,0.17782303865571047,4
bayesfl_observability_v1,ola_lr0p02_b128_e1,27,ola,45,3,2,1,1,128,0.3424830436706543,0.3424830436706543,0.0,0.0,1.0,0.3424830436706543,0.15184218313551665,0.019545406103134155,0.999766499795876,0.15184218313551665,,0.6931471805599453,1.619408415869196,,,,,,,,,,,,,0.3424830436706543,0.0,0.000566376389291304,1.916128530865535e-05,0.0006895936676301062,0.9550576210021973,1.0002666512640939,1.0000663995742798,1.00048828125,0.9998677656805631,0.9999668002128601,0.9999939799308777,0.018558004803289768,0.017998716913426714,0.03287504532833992,,,,,,,,,2.0,0.008309306164335483,0.001714758241668522,1.0000005960464478,1.0000120401382446,1.0000321865081787,1.0001322031021118,1.0007572174072266,1.0899192094802856,0.0008324960829030061,0.9578617811203003,0.9997559785842896,0.9999338984489441,0.9999839067459106,0.9999973177909851,0.9999997019767761,0.011886861058642865,1.0423703175483241e-07,0.0036344457464286815,0.009071880653785561,0.027155469583511338,0.035315322829437015,0.17782361930211782,2
bayesfl_observability_v1,ola_lr0p02_b128_e1,27,ola,47,3,19,1,1,128,0.5207332968711853,0.5207332968711853,0.0,0.0,0.9473684210526315,0.5207332968711853,0.10466247945447738,0.013620316982269287,0.9998891881184778,0.10466247945447738,,0.6680178186607534,1.6176422038869243,,,,,,,,,,,,,0.5207332968711853,0.0,0.00026909294081961136,2.2339485440170392e-05,0.00028782663866877556,0.46378257870674133,1.0002556414621524,1.000065803527832,1.0004593133926392,0.9998731851952594,0.999967098236084,0.9999940395355225,0.018557576733776924,0.017999093179719032,0.032870556900758414,,,,,,,,,19.0,0.004708041564566535,0.0016442585097715494,1.0000005960464478,1.000011920928955,1.0000321865081787,1.0001252889633179,1.00072181224823,1.0849436521530151,0.0008002044807014127,0.9600556492805481,0.99977046251297,0.9999373555183411,0.9999839067459106,0.9999972581863403,0.9999997019767761,0.011886431092237049,5.626670576544241e-08,0.003634121178897858,0.009074108644812553,0.027154806365085465,0.03535042897046352,0.1775443618482066,19
bayesfl_observability_v1,ola_lr0p02_b128_e1,27,ola,241,19,2,1,1,128,0.7975554466247559,0.7975554466247559,0.0,0.0,1.0,0.7975554466247559,0.1960524326655092,0.018306009471416473,0.9996109752549063,0.1960524326655092,,0.6931471805599453,1.6493782971327793,,,,,,,,,,,,,0.7975554466247559,0.0,0.0009442015880264093,6.198828486958519e-05,0.002192057203501463,0.8377747535705566,1.0002806463515206,1.0000720024108887,1.0005218982696533,0.9998607709299573,0.9999639987945557,0.9999938011169434,0.018560355036944108,0.01801121402851769,0.0328795243574034,,,,,,,,,2.0,0.008705821224985491,0.0017132239326163056,1.0000005960464478,1.0000123977661133,1.000034213066101,1.0001609325408936,1.0007912576198579,1.0853592157363892,0.0008331244063045752,0.9598718285560608,0.9997391700744629,0.9999195337295532,0.9999828934669495,0.9999969601631165,0.9999997019767761,0.011896564808188619,3.9093059406335627e-07,0.003628489326217039,0.009073665431638366,0.027153788883389336,0.0353651631620622,0.17772242482700049,2
bayesfl_observability_v1,ola_lr0p02_b128_e1,27,ola,100,8,10,1,1,128,1.1731181144714355,1.1731181144714355,0.0,0.0,0.7,1.1731181144714355,0.15855793603193785,0.024130165576934814,0.9997452663677454,0.15855793603193785,,0.6001660731596457,1.7117035045711888,,,,,,,,,,,,,1.1731181144714355,0.0,0.0006175842490788612,5.719579348806292e-05,0.0006615686696022751,1.4556618928909302,1.0002685474274118,1.0000689029693604,1.0004737496376037,0.9998668556019168,0.9999655485153198,0.9999935626983643,0.018556338305725097,0.01799934434148049,0.0328697997851296,,,,,,,,,10.0,0.010853745045311128,0.001745228878156134,1.0000005960464478,1.0000128746032715,1.0000331401824951,1.000132441520691,1.000748634338379,1.0966718196868896,0.000846977696805501,0.9549082517623901,0.9997632443904877,0.9999337792396545,0.9999834299087524,0.9999973177909851,0.9999997019767761,0.011885623446731273,6.095884029841192e-07,0.003641328220213446,0.009063434144792064,0.02714666008234722,0.03533132676854897,0.1708990856090272,10
bayesfl_observability_v1,ola_lr0p02_b128_e1,27,ola,132,10,381,3,1,128,0.4321607806160068,0.4321607361471872,4.299191186545711e-08,4.299191186545711e-08,0.9238845144356955,0.4321607361471872,0.14898964110992305,0.019001588225364685,0.9997759866498881,0.14898964110992305,,0.9889320457164062,1.276983504145674,,,,,,,,,,,,,0.4321607361471872,4.299191186545711e-08,9.403709677389167e-05,1.0458871656737756e-05,0.00010687650210456932,0.1558731496334076,1.000249155595938,1.0000650882720947,1.0004465579986572,0.9998763653259094,0.9999674558639526,0.9999940991401672,0.01856346017042333,0.01800291785072881,0.03287623679377633,,,,,,,,,381.0,0.0015702295288950994,0.0015911081438970728,1.0000005960464478,1.0000118017196655,1.0000309944152832,1.0001237392425537,1.0007067918777466,1.0844988822937012,0.0007750780320081168,0.9602525234222412,0.9997767806053162,0.9999381303787231,0.9999845027923584,0.9999973773956299,0.9999997019767761,0.011902559905892377,1.9900087694360288e-07,0.0036286167108989264,0.009080673569145253,0.027153748554612236,0.03537588642760508,0.1820753143270444,381
bayesfl_observability_v1,ola_lr0p02_b128_e1,27,ola,98,7,780,7,1,128,0.37631853971725854,0.3763184882891484,6.074048589000133e-08,6.074048589000133e-08,0.9333333333333333,0.3763184882891484,0.20274195702060718,0.01933300495147705,0.9995876712631024,0.20274195702060718,,1.14643460798294,1.1350968930507688,,,,,,,,,,,,,0.3763184882891484,6.074048589000133e-08,3.2891932809895604e-05,6.281822606979404e-06,4.5259113176143765e-05,0.034548744559288025,1.00024689306875,1.0000641345977783,1.0004438281059265,0.9998774752713402,0.9999679327011108,0.999994158744812,0.01857784666200097,0.018011531040709197,0.032904899042897555,,,,,,,,,780.0,0.0003360147919487136,0.0015726846390301278,1.0000005960464478,1.000011682510376,1.0000308752059937,1.0001221895217896,1.0007017314434052,1.0843629837036133,0.0007663391556850813,0.9603126645088196,0.9997781455516815,0.9999389052391052,0.9999845623970032,0.9999973773956299,0.9999997019767761,0.011934797984798117,1.7815292904843769e-07,0.003641852471334936,0.009073260620373955,0.02716608610718405,0.035414571905647965,0.1751112743920465,780
bayesfl_observability_v1,ola_lr0p02_b128_e1,27,ola,30,2,2,1,1,128,1.4628889560699463,1.4628889560699463,0.0,0.0,0.5,1.4628889560699463,0.2294994906179789,0.02441295236349106,0.9994665684173076,0.2294994906179789,,0.6931471805599453,1.6262933525338354,,,,,,,,,,,,,1.4628889560699463,0.0,0.001293849305840946,0.00010535772162256762,0.0016073588049039245,1.4899808168411255,1.0002935930285624,1.0000722408294678,1.0005580186843872,0.999854401705412,0.9999638795852661,0.9999927282333374,0.01856192295111519,0.018004608788603306,0.03287282569659024,,,,,,,,,2.0,0.011970710339326932,0.001794938371492546,1.0000005960464478,1.0000145435333252,1.0000356435775757,1.0001530647277832,1.0008858561515808,1.0913341045379639,0.0008710206319051894,0.957240641117096,0.999721109867096,0.9999234676361084,0.9999821782112122,0.9999969601631165,0.9999997019767761,0.011891199545451168,5.332347045585354e-07,0.0036679509722248632,0.009046115436721607,0.027162721631405335,0.03532468222754904,0.17567112002494306,2
bayesfl_observability_v1,ola_lr0p02_b128_e1,27,ola,32,2,4,1,1,128,0.49595239758491516,0.49595239758491516,0.0,0.0,1.0,0.49595239758491516,0.10013487908046832,0.01832425594329834,0.9998984818729609,0.10013487908046832,,0.5623351446188083,1.7533774711376668,,,,,,,,,,,,,0.49595239758491516,0.0,0.0002463150934905533,1.5780723515490536e-05,0.0002087049069814384,0.8394454717636108,1.0002547971436466,1.000065565109253,1.0004607558250427,0.9998735808366828,0.9999672174453735,0.9999936819076538,0.018556285521377423,0.018006910325619373,0.0328795662284478,,,,,,,,,4.0,0.004435071385266177,0.0016228147523926469,1.0000005960464478,1.0000126361846924,1.0000314712524414,1.0001273155212402,1.000727653503418,1.1065102815628052,0.0007891921148650178,0.9506535530090332,0.9997697412967682,0.9999363422393799,0.9999842643737793,0.9999973177909851,0.9999997019767761,0.01188254626155067,5.84044374669695e-08,0.003628652782514849,0.009078707621310543,0.027166095936901342,0.03533386920125086,0.17772768562523047,4
bayesfl_observability_v1,ola_lr0p02_b128_e1,27,ola,34,2,89,1,1,128,0.5911322832107544,0.5911322832107544,0.0,0.0,0.9213483146067416,0.5911322832107544,0.09489216209231842,0.01402619481086731,0.9999089116666553,0.09489216209231842,,0.9392429968990706,1.3654484544000312,,,,,,,,,,,,,0.5911322832107544,0.0,0.00022119785667572967,2.0183881133561954e-05,0.00020728941744891952,0.49183526635169983,1.0002538660976594,1.0000661611557007,1.0004525303840637,0.9998740663383897,0.9999669194221497,0.9999939203262329,0.01855830937028318,0.018002861589141363,0.0328712773852615,,,,,,,,,89.0,0.004874419982287697,0.0016388708035440572,1.0000005960464478,1.0000121593475342,1.0000313520431519,1.0001238584518433,1.0007153749465942,1.0843902826309204,0.0007977921722804918,0.9603005647659302,0.9997737944126129,0.9999380707740784,0.9999843239784241,0.9999973773956299,0.9999997019767761,0.011883183100060599,1.0995197216407305e-06,0.003630146532469702,0.009066624192782338,0.02715096629390748,0.035315062869860143,0.1782181335901524,89
bayesfl_observability_v1,ola_lr0p02_b128_e1,27,ola,272,21,458,4,1,128,0.3471577529303372,0.3471577045178309,4.7027353935333556e-08,4.7027353935333556e-08,0.9497816593886463,0.3471577045178309,0.1861735512709352,0.02784198522567749,0.9996501269321116,0.1861735512709352,,0.692767381715621,1.5958737672973724,,,,,,,,,,,,,0.3471577045178309,4.7027353935333556e-08,6.371399543507799e-05,9.641256838222034e-06,7.911296634119936e-05,0.14645858108997345,1.0002480341735238,1.0000640153884888,1.0004454970359802,0.9998769142391805,0.9999679923057556,0.9999940991401672,0.018566580632586933,0.01801525676023518,0.03290076903632573,,,,,,,,,458.0,0.0009968852410015083,0.0015809870453886634,1.0000005960464478,1.0000118017196655,1.0000309944152832,1.000122308731079,1.0007041811943054,1.0843454599380493,0.0007702162985162305,0.9603204131126404,0.9997773110866547,0.9999388456344604,0.9999845027923584,0.9999973773956299,0.9999997019767761,0.0119067283082775,1.4710584990547534e-06,0.0036439861539056153,0.009068388363128635,0.027158986936849996,0.03539684986656786,0.1751171329500761,458
bayesfl_observability_v1,ola_lr0p02_b128_e1,28,ola,208,16,2,1,1,128,1.0611445903778076,1.0611445903778076,0.0,0.0,1.0,1.0611445903778076,0.25193392894452965,0.03193028271198273,0.999359599283417,0.25193392894452965,,-0.0,2.4040642619438994,,,,,,,,,,,,,1.0611445903778076,0.0,0.0015591703459720309,0.0001344982665614225,0.0012099650921300054,2.5488572120666504,1.0002973152949954,1.0000747442245483,1.000523817539215,0.9998527949938925,0.9999626278877258,0.9999940395355225,0.018579582798215477,0.01801715202615585,0.03289640845813337,,,,,,,,,2.0,0.02345452046729722,0.001990445302992258,1.0000005960464478,1.000011920928955,1.0000337362289429,1.0001466274261475,1.0008589684963227,1.1399855613708496,0.0009571685893633462,0.9365917444229126,0.999738210439682,0.9999266862869263,0.9999831318855286,0.9999973773956299,0.9999997019767761,0.011939511491582282,1.1920945155936923e-06,0.003638569876254914,0.009075595279113396,0.02717375469805096,0.03542563989648686,0.17329497077622963,2
bayesfl_observability_v1,ola_lr0p02_b128_e1,28,ola,211,16,4,1,1,128,1.4616957902908325,1.4616957902908325,0.0,0.0,0.5,1.4616957902908325,0.2224452343344658,0.02667984366416931,0.9995001155051175,0.2224452343344658,,-0.0,2.4040642619438994,,,,,,,,,,,,,1.4616957902908325,0.0,0.0012155321673995398,0.00012703854736173525,0.0016340848873369399,1.7795352935791016,1.0002850430072894,1.0000728368759155,1.0004996061325073,0.9998588325930002,0.9999635815620422,0.9999933838844299,0.018573615906665966,0.018011804969669632,0.032896901559572776,,,,,,,,,4.0,0.02009179971527621,0.0019188969358677518,1.0000005960464478,1.0000132322311401,1.0000358819961548,1.000162959098816,1.000779575109482,1.1164954900741577,0.0009255713598921518,0.9463930130004883,0.9997502565383911,0.999918520450592,0.9999820590019226,0.9999973177909851,0.9999997019767761,0.011926810068399595,1.71961066812849e-07,0.00364448904239914,0.009067997056066951,0.02718404679908488,0.03539812648145584,0.16745282369362724,4
bayesfl_observability_v1,ola_lr0p02_b128_e1,28,ola,113,9,2,1,1,128,1.3657476902008057,1.3657476902008057,0.0,0.0,0.0,1.3657476902008057,0.3640343277276136,0.04826243966817856,0.9986629260906885,0.3640343277276136,,-0.0,2.3277319754160017,,,,,,,,,,,,,1.3657476902008057,0.0,0.0032554043011791107,0.00029451822047121823,0.003269327967427671,5.8231587409973145,1.0003578960151724,1.00007963180542,1.0006284952163695,0.9998239435450998,0.99996018409729,0.9999924898147583,0.01858477913299388,0.01802597008802368,0.03289598366048996,,,,,,,,,2.0,0.04955893037136597,0.0028740552081604333,1.0000005960464478,1.0000150203704834,1.0000396966934204,1.0001617670059204,1.0010372400283813,1.2702926397323608,0.0013333877141725218,0.8872542977333069,0.9996859312057496,0.9999191164970398,0.9999801516532898,0.9999972581863403,0.9999997019767761,0.011953246346751586,1.426869993072958e-07,0.0036460613661769238,0.009075059828424187,0.027197485455890007,0.03542851937507438,0.17239424040682896,2
bayesfl_observability_v1,ola_lr0p02_b128_e1,28,ola,46,3,44,1,1,128,0.5648868083953857,0.5648868083953857,0.0,0.0,0.8636363636363636,0.5648868083953857,0.09070376101428375,0.019250154495239258,0.9999169332725505,0.09070376101428375,,0.7751254239840702,1.531153988824562,,,,,,,,,,,,,0.5648868083953857,0.0,0.00020210212049620973,1.6691764358256478e-05,0.00021330946765374392,0.9264218211174011,1.000248846998849,1.0000641345977783,1.0004445314407349,0.9998765385887695,0.9999679327011108,0.9999937415122986,0.018570553307886983,0.017999643134418583,0.032897678172353916,,,,,,,,,44.0,0.004982645565942043,0.0016089570803319137,1.0000005960464478,1.0000125169754028,1.0000306367874146,1.000123143196106,1.0006994009017944,1.106298804283142,0.000782477703640873,0.9507443904876709,0.9997777938842773,0.999938428401947,0.9999846816062927,0.9999974370002747,0.9999997019767761,0.01191612442242018,2.234927408360085e-07,0.0036358598276051302,0.009079553135304397,0.027169197869703426,0.03538618918867196,0.1743610554442267,44
bayesfl_observability_v1,ola_lr0p02_b128_e1,28,ola,47,3,19,1,1,128,0.3321043848991394,0.3321043848991394,0.0,0.0,1.0,0.3321043848991394,0.06369750310370736,0.008000120520591736,0.9999591248995391,0.06369750310370736,,0.6680178186607534,1.6176422038869243,,,,,,,,,,,,,0.3321043848991394,0.0,9.967014148303804e-05,8.730455192562658e-06,0.00012097549333702775,0.16000454127788544,1.0002451917084283,1.0000636577606201,1.000438928604126,0.9998783249447174,0.9999681711196899,0.9999942183494568,0.018570808375692655,0.018000745455593534,0.03288894516697518,,,,,,,,,19.0,0.0016326878136618526,0.0015720802373555545,1.0000005960464478,1.0000115633010864,1.0000306367874146,1.0001202821731567,1.0006924867630005,1.0847934484481812,0.0007660596940423219,0.9601221084594727,0.9997805953025818,0.9999398589134216,0.9999846816062927,0.9999973773956299,0.9999997019767761,0.011916980510963057,1.7243731246485157e-07,0.0036361245059724065,0.009074304045569307,0.027165023530449344,0.03541161391412419,0.1745440201133617,19
bayesfl_observability_v1,ola_lr0p02_b128_e1,28,ola,15,1,51,1,1,128,1.874487042427063,1.874487042427063,0.0,0.0,0.09803921568627451,1.874487042427063,0.27510120496161533,0.044783443212509155,0.9992348668384812,0.27510120496161533,,0.4639406270393286,1.8477013096607757,,,,,,,,,,,,,1.874487042427063,0.0,0.0018591106937599288,0.0001523566315881908,0.0015092352405190468,5.013893127441406,1.0003080286937038,1.000073790550232,1.0005031824111938,0.9998481639660072,0.999963104724884,0.9999924302101135,0.018569015774406304,0.018015674590743012,0.032899830807435325,,,,,,,,,51.0,0.039917722063473646,0.002482401778071996,1.0000005960464478,1.000015139579773,1.000034213066101,1.000144362449646,1.000822901725769,1.2483009099960327,0.0011623230553635612,0.8950356841087341,0.9997484683990479,0.999927818775177,0.9999828934669495,0.9999973177909851,0.9999997019767761,0.011927284484667325,3.011805093045314e-07,0.003633276509359631,0.009069710414284695,0.027154680937377617,0.03535617354675539,0.17306611553420725,51
bayesfl_observability_v1,ola_lr0p02_b128_e1,28,ola,79,6,34,1,1,128,0.22354400157928467,0.22354400157928467,0.0,0.0,1.0,0.22354400157928467,0.06092591754010516,0.011912152171134949,0.9999626195600982,0.06092591754010516,,-0.0,2.185987945410232,,,,,,,,,,,,,0.22354400157928467,0.0,9.118522269911441e-05,1.2268024875083938e-05,9.0369263489265e-05,0.35474881529808044,1.0002448902695191,1.0000635385513306,1.000436544418335,0.9998784665533352,0.9999682307243347,0.999994158744812,0.018570895554263795,0.018007124789807618,0.03289175060976794,,,,,,,,,34.0,0.0020246104678734627,0.001563955351242479,1.0000005960464478,1.000011682510376,1.0000306367874146,1.0001227855682373,1.0006899297237397,1.0844883918762207,0.0007622454581617478,0.9602571725845337,0.9997817873954773,0.9999386072158813,0.9999846816062927,0.9999973773956299,0.9999997019767761,0.011917247632275946,6.514229775416732e-08,0.003648677052621504,0.0090776159765108,0.027166319208595475,0.03539320184166656,0.18740163919851663,34
bayesfl_observability_v1,ola_lr0p02_b128_e1,28,ola,192,15,5,1,1,128,0.9210622906684875,0.9210622906684875,0.0,0.0,0.8,0.9210622906684875,0.22690927084484624,0.02952292561531067,0.9994802080674327,0.22690927084484624,,-0.0,2.3277319754160017,,,,,,,,,,,,,0.9210622906684875,0.0,0.0012648084175654916,0.00014071131590753794,0.0010830712388269618,2.1790084838867188,1.0002868041339037,1.0000706911087036,1.000499963760376,0.9998581246705611,0.9999646544456482,0.9999939799308777,0.01857711211281765,0.018020452492588938,0.03289165553163267,,,,,,,,,5.0,0.021490102173583565,0.002045585011470406,1.0000005960464478,1.0000120401382446,1.0000345706939697,1.000137448310852,1.000801867246628,1.1429649591445923,0.0009815559495428307,0.9353702068328857,0.9997500777244568,0.999931275844574,0.9999827146530151,0.9999973177909851,0.9999997019767761,0.011931752945935509,4.360682460213871e-08,0.003644307873339767,0.009059909983043431,0.02719217808047621,0.03541427007585802,0.17149082626941212,5
bayesfl_observability_v1,ola_lr0p02_b128_e1,28,ola,67,5,16,1,1,128,2.31058406829834,2.31058406829834,0.0,0.0,0.0,2.31058406829834,0.328906270636016,0.050391972064971924,0.9989064057457087,0.328906270636016,,-0.0,2.311121424016332,,,,,,,,,,,,,2.31058406829834,0.0,0.0026574466842982326,0.0002086586318910122,0.002117271465249361,6.348377704620361,1.0003365408710077,1.000077486038208,1.0005362153053283,0.9998347353171515,0.999961256980896,0.9999927282333374,0.018569903732102547,0.01801344466428554,0.03290867006626928,,,,,,,,,16.0,0.05548936604392237,0.0029521060801499994,1.0000005960464478,1.0000145435333252,1.0000364780426025,1.0001559257507324,1.0008742272853852,1.2959610223770142,0.0013551429832538249,0.8784236907958984,0.9997320115566254,0.9999220371246338,0.9999817609786987,0.9999973177909851,0.9999997019767761,0.01193524332099081,1.0018065889665602e-07,0.003638999500043891,0.009072520986908432,0.027156636209678432,0.03534994903384558,0.17480531302974148,16
bayesfl_observability_v1,ola_lr0p02_b128_e1,28,ola,74,5,70,1,1,128,0.8384906053543091,0.8384906053543091,0.0,0.0,0.8142857142857143,0.8384906053543091,0.0981478819075525,0.01133139431476593,0.9999027514409085,0.0981478819075525,,1.1534898214385076,1.1546999842430363,,,,,,,,,,,,,0.8384906053543091,0.0,0.00023663671104406402,2.0505596694420092e-05,0.0002935149794211613,0.3210013508796692,1.0002500797473015,1.0000642538070679,1.0004481077194214,0.999875923353105,0.9999678730964661,0.9999940991401672,0.01857107347535726,0.01800716227568546,0.03288902297705493,,,,,,,,,70.0,0.0028220647938394772,0.001608844176135361,1.0000005960464478,1.0000118017196655,1.0000308752059937,1.0001221895217896,1.0007088840007783,1.0902056694030762,0.000783173121435838,0.9577359557151794,0.9997760057449341,0.9999389052391052,0.9999845623970032,0.9999973773956299,0.9999997019767761,0.011917035207824247,1.5450547037909571e-07,0.0036362058898935677,0.00906965906705337,0.027169386984881073,0.03539161204082246,0.17256882350095726,70
bayesfl_observability_v1,ola_lr0p02_b128_e1,28,ola,159,12,768,6,1,128,0.6271267135938009,0.6271264553070068,2.539285948917798e-07,2.539285948917798e-07,0.7643229166666666,0.6271264553070068,0.2843826527858135,0.04847131669521332,0.9991847550094385,0.2843826527858135,,0.779620627031505,1.5226258572565863,,,,,,,,,,,,,0.6271264553070068,2.539285948917798e-07,0.00021084275916858207,2.359540121688042e-05,0.00018128201190847958,0.562477707862854,1.0002491616108709,1.000064492225647,1.0004416704177856,0.9998763907157193,0.9999677538871765,0.999994158744812,0.018580880887901774,0.01801749422792924,0.03292078986092763,,,,,,,,,768.0,0.0043546609396160505,0.0016161123812874186,1.0000005960464478,1.000011682510376,1.0000312328338623,1.0001212358474731,1.00070059299469,1.0893217325210571,0.0007866499837845015,0.9581244587898254,0.999779224395752,0.9999393820762634,0.9999843835830688,0.9999974370002747,0.9999997019767761,0.01195039102728245,1.3557229357786552e-06,0.003640098746150253,0.009072429794894876,0.02715446682487582,0.03540356060155066,0.17826661877283934,768
bayesfl_observability_v1,ola_lr0p02_b128_e1,28,ola,161,12,522,5,1,128,0.3420206746835818,0.34202060240438614,7.247810108911762e-08,7.247810108911762e-08,0.9444444444444444,0.34202060240438614,0.20798468344929463,0.03256051242351532,0.9995647285127834,0.20798468344929463,,0.46907990249119813,1.8590800092150952,,,,,,,,,,,,,0.34202060240438614,7.247810108911762e-08,7.757263970176763e-05,1.1528664344950812e-05,7.62214112910442e-05,0.1665852665901184,1.0002443995306625,1.000063419342041,1.000436782836914,0.9998787160026098,0.9999682903289795,0.9999942183494568,0.01858442605071774,0.018014840761383988,0.032909356508142924,,,,,,,,,522.0,0.00157826202228831,0.0015676301105175964,1.0000005960464478,1.0000115633010864,1.0000303983688354,1.000119686126709,1.0006902873516084,1.0845242738723755,0.0007640054349143867,0.9602412581443787,0.9997816681861877,0.9999401569366455,0.9999848008155823,0.9999974370002747,0.9999997019767761,0.011946046662011408,2.803268906717821e-07,0.0036456480802540274,0.009076426972643423,0.027170411766252407,0.0354191570595222,0.17874507693295993,522
bayesfl_observability_v1,ola_lr0p02_b128_e1,28,ola,7,0,152,2,1,128,0.8837205359810277,0.883720526569768,6.2693272327937605e-09,6.2693272327937605e-09,0.6973684210526315,0.883720526569768,0.17594342863287762,0.02617715299129486,0.9996873294222595,0.17594342863287762,,1.264349492321815,1.032554209297049,,,,,,,,,,,,,0.883720526569768,6.2693272327937605e-09,0.00020975140898274133,2.5834273401414976e-05,0.0002345967979636045,0.4293496012687683,1.0002491227392951,1.000064730644226,1.000442385673523,0.999876401551969,0.999967634677887,0.9999940991401672,0.018571390226931044,0.018010416936382206,0.032901866924466276,,,,,,,,,152.0,0.003336101813486514,0.0016085788170460136,1.0000005960464478,1.0000118017196655,1.0000308752059937,1.0001220703125,1.0007002353668213,1.0846998691558838,0.0007831778603378392,0.9601635336875916,0.9997788667678833,0.99993896484375,0.9999845623970032,0.9999973773956299,0.9999997019767761,0.011923627442749482,2.407698479491653e-09,0.003626664730461067,0.009068879056594327,0.027179290007042174,0.03538016911221793,0.1718010705348954,152
bayesfl_observability_v1,ola_lr0p02_b128_e1,28,ola,225,18,3,1,1,128,0.3976573944091797,0.3976573944091797,0.0,0.0,1.0,0.3976573944091797,0.09339331261960249,0.013886436820030212,0.9999119817439375,0.09339331261960249,,1.0986122886681096,1.2032389420923582,,,,,,,,,,,,,0.3976573944091797,0.0,0.00021426528433005632,1.836826413637027e-05,0.00027665667876135606,0.48208269476890564,1.0002492844396622,1.000064730644226,1.000449538230896,0.9998762881379822,0.999967634677887,0.9999940991401672,0.018571168432492714,0.018008796676333982,0.03288422140685466,,,,,,,,,3.0,0.002615761781376505,0.0015799979192393672,1.0000005960464478,1.0000118017196655,1.000031590461731,1.0001263618469238,1.0007110834121704,1.084720253944397,0.0007697388399881295,0.9601545333862305,0.9997752904891968,0.9999368190765381,0.9999842047691345,0.9999973773956299,0.9999997019767761,0.011917907216973129,2.2820449871514407e-07,0.003637646149055922,0.009071473557268409,0.027176460263848092,0.03540241398554612,0.1769645402366455,3
bayesfl_observability_v1,ola_lr0p02_b128_e1,28,ola,281,22,45,1,1,128,0.44764119386672974,0.44764119386672974,0.0,0.0,0.9555555555555556,0.44764119386672974,0.07710813760489575,0.013189993798732758,0.9999400637673056,0.07710813760489575,,0.6455309973239547,1.625588744222669,,,,,,,,,,,,,0.44764119386672974,0.0,0.00014605642584199091,1.2621168934856541e-05,0.00014268992235884071,0.4349398612976074,1.0002468463162653,1.000063419342041,1.000440001487732,0.9998775181723939,0.9999682903289795,0.999994158744812,0.018571773488120873,0.018008414013257937,0.032895009578687774,,,,,,,,,45.0,0.0032259111643431304,0.0015901589948624534,1.0000005960464478,1.000011682510376,1.0000306367874146,1.0001205205917358,1.0006972014904023,1.0844533443450928,0.0007743714621290489,0.9602726697921753,0.9997800588607788,0.9999397397041321,0.9999846816062927,0.9999974370002747,0.9999997019767761,0.011917900380299978,4.8887491439320514e-08,0.003652352823316195,0.009076676502837446,0.02715971572608547,0.035402102511538726,0.17770602689097054,45
bayesfl_observability_v1,ola_lr0p02_b128_e1,29,ola,74,5,70,1,1,128,0.9287142157554626,0.9287142157554626,0.0,0.0,0.7,0.9287142157554626,0.11138864302939032,0.010934647172689438,0.9998749653432161,0.11138864302939032,,1.1534898214385076,1.1546999842430363,,,,,,,,,,,,,0.9287142157554626,0.0,0.0003047909570959116,2.956503703899216e-05,0.0003807080764090645,0.298916220664978,1.000252314777989,1.000065565109253,1.0004477500915527,0.9998748476289515,0.9999672174453735,0.9999940991401672,0.01858198727739451,0.01800121516153128,0.032909350865140144,,,,,,,,,70.0,0.0034208975957922753,0.0016443363982463453,1.0000005960464478,1.0000118017196655,1.000030755996704,1.0001221895217896,1.0007092952728271,1.0881774425506592,0.0007999717349572956,0.9586280584335327,0.9997761845588684,0.9999389052391052,0.999984622001648,0.9999974370002747,0.9999997019767761,0.011946514724046819,2.6666214637647013e-07,0.003633038128573451,0.009081547946845753,0.027169600210232254,0.035417484177173025,0.17319735080255863,70
bayesfl_observability_v1,ola_lr0p02_b128_e1,29,ola,142,11,1305,11,1,128,0.46437722837331197,0.46437709868182625,1.2406583114928555e-07,1.2406583114928555e-07,0.8636015325670499,0.46437709868182625,0.22552271602828255,0.026348821818828583,0.9994942170389044,0.22552271602828255,,1.0393456977703441,1.2528709717652187,,,,,,,,,,,,,0.46437709868182625,1.2406583114928555e-07,4.370192506739515e-05,8.433428320131497e-06,5.3863746870774816e-05,0.0583902932703495,1.0002433136168498,1.0000629425048828,1.000431776046753,0.9998792682132588,0.9999685287475586,0.9999942779541016,0.01860861773140939,0.01801142969705794,0.032971297484770554,,,,,,,,,1305.0,0.0005629387756089112,0.0015763385589545424,1.0000005960464478,1.0000114440917969,1.000030279159546,1.0001184940338135,1.0006828963756562,1.0850681066513062,0.0007678736071553021,0.9600005745887756,0.9997841715812683,0.9999407529830933,0.999984860420227,0.9999974966049194,0.9999997019767761,0.012023632343103427,6.619910269417393e-07,0.0036329592123785655,0.009072374394829252,0.02718351469648949,0.03553960880460333,0.18068001568627143,1305
bayesfl_observability_v1,ola_lr0p02_b128_e1,29,ola,147,11,14,1,1,128,1.1124826669692993,1.1124826669692993,0.0,0.0,0.42857142857142855,1.1124826669692993,0.1520246939111588,0.01638493686914444,0.999766883734439,0.1520246939111588,,0.8918673953172509,1.3950007042270034,,,,,,,,,,,,,1.1124826669692993,0.0,0.0005677387436855947,6.235144974198192e-05,0.0006317854858934879,0.6711654663085938,1.0002613844449364,1.0000669956207275,1.0004608631134033,0.9998703995001179,0.9999665021896362,0.9999936819076538,0.018578922828803062,0.018013353941528518,0.03291993965954335,,,,,,,,,14.0,0.007866931627998373,0.0017148857626308521,1.0000005960464478,1.0000126361846924,1.0000327825546265,1.0001271963119507,1.0007283687591553,1.0899930000305176,0.0008334908218280456,0.9578293561935425,0.9997696876525879,0.9999364018440247,0.9999836087226868,0.9999974370002747,0.9999997019767761,0.011945812854429581,1.9603308337715063e-08,0.0036289173477639346,0.009067334265988498,0.027166136256747096,0.035415959953520294,0.17175341126534197,14
bayesfl_observability_v1,ola_lr0p02_b128_e1,29,ola,15,1,51,1,1,128,0.7025798559188843,0.7025798559188843,0.0,0.0,0.7254901960784313,0.7025798559188843,0.1816237999021986,0.027396738529205322,0.9996675230660952,0.1816237999021986,,0.4639406270393286,1.8477013096607757,,,,,,,,,,,,,0.7025798559188843,0.0,0.0008103372111688792,4.940684448229149e-05,0.0006397647666744888,1.8764535188674927,1.0002697481309735,1.0000675916671753,1.0004607439041138,0.9998665028135212,0.9999662041664124,0.9999940395355225,0.018582098249490052,0.018014878536140498,0.03291879394359246,,,,,,,,,51.0,0.01761631954142515,0.0019402013691135803,1.0000005960464478,1.000011920928955,1.0000323057174683,1.0001283884048462,1.0007332563400269,1.1485555171966553,0.0009334589952891349,0.9330909848213196,0.9997697472572327,0.9999358057975769,0.9999838471412659,0.9999974370002747,0.9999997019767761,0.011957963630861823,5.000816785893813e-07,0.003635517476540392,0.009065787424211026,0.027166747642671765,0.03541151419344623,0.17381285502693017,51
bayesfl_observability_v1,ola_lr0p02_b128_e1,29,ola,21,1,161,2,1,128,0.8264256004961381,0.826425588279037,9.007748485000831e-09,9.007748485000831e-09,0.7391304347826086,0.826425588279037,0.1765851072574526,0.02422531694173813,0.9996860729499952,0.1765851072574526,,1.0524636786770594,1.2525934745728768,,,,,,,,,,,,,0.826425588279037,9.007748485000831e-09,0.00020101899887885497,2.2920190531294793e-05,0.00023363926447927968,0.36723873019218445,1.000248738139695,1.0000649690628052,1.0004388093948364,0.9998766072199131,0.9999675154685974,0.9999942183494568,0.01858606274726121,0.018012340642511025,0.03292445567705623,,,,,,,,,161.0,0.003710360069327611,0.0016200752915079082,1.0000005960464478,1.0000115633010864,1.000030755996704,1.000123143196106,1.000691956281662,1.0847549438476562,0.0007887135826234425,0.9601391553878784,0.9997806549072266,0.999938428401947,0.999984622001648,0.9999974370002747,0.9999997019767761,0.011959477819439235,3.9067496526180386e-07,0.003634791531363916,0.00907398228458092,0.027174818470997536,0.035416203279905585,0.18049217408937543,161
bayesfl_observability_v1,ola_lr0p02_b128_e1,29,ola,206,16,6,1,1,128,0.8043582439422607,0.8043582439422607,0.0,0.0,0.8333333333333334,0.8043582439422607,0.1792535294774969,0.020668134093284607,0.9996760936082818,0.1792535294774969,,0.6365141682948128,1.6395997169315697,,,,,,,,,,,,,0.8043582439422607,0.0,0.0007893246844377642,5.3895269957138225e-05,0.0009878419805318117,1.0679295063018799,1.0002690256854294,1.0000669956207275,1.0004913806915283,0.9998666240117797,0.9999665021896362,0.9999935030937195,0.018583241145930806,0.01799899323309316,0.032911829930486684,,,,,,,,,6.0,0.010517660367297588,0.0017506646983384711,1.0000005960464478,1.000012993812561,1.0000321865081787,1.0001295804977417,1.0007621049880981,1.0945543050765991,0.0008498754773435112,0.9558315277099609,0.9997543692588806,0.9999352097511292,0.9999839067459106,0.9999973177909851,0.9999997019767761,0.011950989150055014,6.804240742022317e-07,0.0036471809347948226,0.009070367109877997,0.02717510426517408,0.035404575566301826,0.1732234841093452,6
bayesfl_observability_v1,ola_lr0p02_b128_e1,29,ola,265,21,52,1,1,128,0.5774057507514954,0.5774057507514954,0.0,0.0,0.8461538461538461,0.5774057507514954,0.07505387246390903,0.007980309426784515,0.9999432698748801,0.07505387246390903,,1.03127351150664,1.2200074472909117,,,,,,,,,,,,,0.5774057507514954,0.0,0.00013837781640917328,1.6854790374054573e-05,0.00018584680219646543,0.15921345353126526,1.0002465792743376,1.0000641345977783,1.00043523311615,0.9998776605997922,0.9999679327011108,0.999994158744812,0.018581495604538412,0.01800930911280619,0.032913868208709465,,,,,,,,,52.0,0.001655870296079698,0.0015979272997779044,1.0000005960464478,1.000011682510376,1.000030755996704,1.0001214742660522,1.000690895318985,1.08687424659729,0.0007781411738377923,0.9592025876045227,0.9997824430465698,0.9999392628669739,0.999984622001648,0.9999974370002747,0.9999997019767761,0.011944309484261798,5.557085231269092e-07,0.0036366225570652524,0.009064552903231837,0.02717434627057813,0.03541394761587472,0.17989439100362042,52
bayesfl_observability_v1,ola_lr0p02_b128_e1,29,ola,188,15,69,1,1,128,0.8235881924629211,0.8235881924629211,0.0,0.0,0.6956521739130435,0.8235881924629211,0.14546416959356293,0.020686611533164978,0.9997867027895291,0.14546416959356293,,0.7873390100049964,1.5118297685691615,,,,,,,,,,,,,0.8235881924629211,0.0,0.0005197952741810756,2.8043568818247877e-05,0.0003890152205713094,1.069839358329773,1.0002597307882433,1.0000662803649902,1.0004509687423706,0.9998713041377979,0.9999668598175049,0.9999940395355225,0.018581165944397217,0.01802761141035715,0.0329158880487978,,,,,,,,,69.0,0.010775837539657428,0.0017802270096686189,1.0000005960464478,1.000011920928955,1.0000313520431519,1.0001249313354492,1.0007154941558838,1.1207412481307983,0.0008620063367948672,0.9445986747741699,0.9997745752334595,0.9999375343322754,0.9999843239784241,0.9999974370002747,0.9999997019767761,0.011951446870301257,1.768068274566174e-07,0.003636173531989821,0.00907183771497501,0.027164839960582866,0.03541384288751011,0.17366793960300875,69
bayesfl_observability_v1,ola_lr0p02_b128_e1,29,ola,194,15,424,4,1,128,0.5696874879441172,0.5696874199048528,6.917160452809734e-08,6.917160452809734e-08,0.8537735849056604,0.5696874199048528,0.19789956561154784,0.018119141459465027,0.9996066672901825,0.19789956561154784,,1.287255851511245,1.0138774988279884,,,,,,,,,,,,,0.5696874199048528,6.917160452809734e-08,0.00010079434246544837,1.3798273812426487e-05,0.00012261629308341095,0.08507941663265228,1.0002452824255614,1.0000629425048828,1.0004348754882812,0.9998783043141425,0.9999685287475586,0.9999942183494568,0.018592923570064562,0.018006823036498455,0.03293392660491191,,,,,,,,,424.0,0.0011200978287033468,0.0015940932016098863,1.0000005960464478,1.0000115633010864,1.000030517578125,1.0001193284988403,1.0006883144378662,1.0854681730270386,0.0007762475908913743,0.9598236680030823,0.9997826218605042,0.9999403357505798,0.9999847412109375,0.9999974966049194,0.9999997019767761,0.011974264043349173,1.8081914177178803e-07,0.0036289049299416502,0.009077840950963338,0.027187371355176508,0.03547734945538996,0.1711785985457472,424
bayesfl_observability_v1,ola_lr0p02_b128_e1,29,ola,113,9,2,1,1,128,1.4127452373504639,1.4127452373504639,0.0,0.0,0.5,1.4127452373504639,0.35292641615094406,0.05264797434210777,0.9987462494608367,0.35292641615094406,,-0.0,2.3277319754160017,,,,,,,,,,,,,1.4127452373504639,0.0,0.003059768614060348,0.00027658004546537995,0.0032209664583206497,6.929523468017578,1.0003473163400731,1.000077724456787,1.000605583190918,0.9998292407013056,0.9999611377716064,0.9999930262565613,0.01859583305100693,0.018033916041200894,0.032909919632293796,,,,,,,,,2.0,0.05248070260890058,0.0028868547097223715,1.0000005960464478,1.0000139474868774,1.0000383853912354,1.0001544952392578,1.0009963512420654,1.2999858856201172,0.0013331829524859285,0.8770627975463867,0.9996973276138306,0.9999227523803711,0.9999808073043823,0.9999972581863403,0.9999997019767761,0.011983491592029901,2.0663465271418955e-07,0.0036448667492639786,0.009077956417967811,0.027180602881645248,0.03543260243009012,0.17309299226073283,2
bayesfl_observability_v1,ola_lr0p02_b128_e1,29,ola,279,22,12,1,1,128,0.5418531894683838,0.5418531894683838,0.0,0.0,0.8333333333333334,0.5418531894683838,0.0749445413768656,0.008175820112228394,0.9999434651157361,0.0749445413768656,,0.6172417697303416,1.6358465807671725,,,,,,,,,,,,,0.5418531894683838,0.0,0.0001379749473095229,1.6521025827387348e-05,0.00019351343362359358,0.16711004078388214,1.000246563870956,1.0000642538070679,1.000436544418335,0.9998776625167226,0.9999678730964661,0.999994158744812,0.01858200789355332,0.018005316980677914,0.032907031173451375,,,,,,,,,12.0,0.0017087747466104709,0.0015928058035750686,1.0000005960464478,1.000011682510376,1.0000309944152832,1.0001232624053955,1.0006902873516084,1.083938479423523,0.0007757727165313622,0.9605007171630859,0.9997817873954773,0.9999383687973022,0.9999845027923584,0.9999973773956299,0.9999997019767761,0.01194591235063245,5.929756871968046e-07,0.0036378841062156123,0.00907533877415028,0.02716815924520384,0.03540930512268116,0.18335013902547534,12
bayesfl_observability_v1,ola_lr0p02_b128_e1,29,ola,283,22,95,1,1,128,0.9022224545478821,0.9022224545478821,0.0,0.0,0.7052631578947368,0.9022224545478821,0.1875641561920444,0.03297622501850128,0.9996454781598412,0.1875641561920444,,-0.0,2.3163460082440825,,,,,,,,,,,,,0.9022224545478821,0.0,0.0008642112854230736,6.183726145536639e-05,0.0007767265778966248,2.7185776233673096,1.000271606264923,1.000069260597229,1.000472319126129,0.9998655269372506,0.9999653697013855,0.9999934434890747,0.01858470715704193,0.018012098527615344,0.03292110293153838,,,,,,,,,95.0,0.019800960959883016,0.0019067490978582817,1.0000005960464478,1.0000131130218506,1.0000314712524414,1.0001314878463745,1.000750607252121,1.1554814577102661,0.0009168662202156467,0.9302903413772583,0.999763959646225,0.9999342560768127,0.9999842643737793,0.9999974370002747,0.9999997019767761,0.011956572288771998,1.829884873115636e-07,0.003641446219224248,0.009066774517644465,0.02716625599700837,0.035440572655688236,0.17609499924441346,95
bayesfl_observability_v1,ola_lr0p02_b128_e1,29,ola,258,20,50,1,1,128,0.7126169800758362,0.7126169800758362,0.0,0.0,0.86,0.7126169800758362,0.1583492729678856,0.0283658429980278,0.9997472917237012,0.1583492729678856,,-0.0,2.259365973874069,,,,,,,,,,,,,0.7126169800758362,0.0,0.0006159598602937358,5.684165080310777e-05,0.0006035120459273458,2.0115532875061035,1.0002630442782097,1.0000662803649902,1.0004570603370666,0.9998696098343333,0.9999668598175049,0.999993622303009,0.01858349239745065,0.018013444673004537,0.03291366806781545,,,,,,,,,50.0,0.013390512341982705,0.001749806016376016,1.0000005960464478,1.000012755393982,1.000032901763916,1.0001270771026611,1.0007298648357392,1.109075903892517,0.0008477581052316715,0.949553370475769,0.9997715890407562,0.9999364614486694,0.999983549118042,0.9999974370002747,0.9999997019767761,0.011952164023098164,1.1749324939064275e-08,0.0036508282609092908,0.00906555523912185,0.02717675562668442,0.035421893407832195,0.18478200111341084,50
bayesfl_observability_v1,ola_lr0p02_b128_e1,29,ola,287,23,262,3,1,128,0.5198462686522771,0.519846172278164,9.755157249251968e-08,9.755157249251968e-08,0.8396946564885496,0.519846172278164,0.22925136359614728,0.04141277074813843,0.9994707733578858,0.22925136359614728,,-0.0,2.3163460082440825,,,,,,,,,,,,,0.519846172278164,9.755157249251968e-08,0.00031730372952598824,2.476231020409614e-05,0.0003144718357361853,1.0669124126434326,1.0002527476903251,1.0000653266906738,1.0004480004310607,0.999874654450046,0.9999673366546631,0.9999940991401672,0.01858797196206347,0.018010062362666578,0.032926335752017456,,,,,,,,,262.0,0.007170721688150233,0.0016647854466370327,1.0000005960464478,1.0000118017196655,1.000030517578125,1.0001226663589478,1.0007078111171723,1.0985275506973267,0.0008089287857564342,0.9541013836860657,0.9997760593891144,0.9999386668205261,0.9999847412109375,0.9999974966049194,0.9999997019767761,0.011962996124861501,7.062209200920087e-08,0.0036408596609952735,0.009075422518866925,0.027171671383593866,0.035460230382047084,0.1805426819800365,262
bayesfl_observability_v1,ola_lr0p02_b128_e1,29,ola,295,23,395,4,1,128,0.27211260568303397,0.27211257411709316,3.234911465338145e-08,3.234911465338145e-08,0.9544303797468354,0.27211257411709316,0.15508541157048625,0.024792879819869995,0.9997585220312176,0.15508541157048625,,0.3952304836260419,1.8083171095175168,,,,,,,,,,,,,0.27211257411709316,3.234911465338145e-08,5.201190835762961e-05,6.895812020957237e-06,6.273394683375957e-05,0.13557037711143494,1.0002435982303464,1.0000628232955933,1.0004311800003052,0.9998791257237784,0.9999685883522034,0.9999942779541016,0.018589902073104028,0.01800144680574567,0.03292627161976584,,,,,,,,,395.0,0.0008616538450217145,0.0015760738931029092,1.0000005960464478,1.0000114440917969,1.0000301599502563,1.0001193284988403,1.000684380531311,1.0838885307312012,0.0007677976606968767,0.9605228304862976,0.9997844696044922,0.9999403357505798,0.9999849200248718,0.9999974370002747,0.9999997019767761,0.011968855388713083,7.501948297114845e-08,0.003649987966420756,0.009073721093703488,0.02717372787093114,0.03545982952648067,0.20030977582363252,395
bayesfl_observability_v1,ola_lr0p02_b128_e1,30,ola,119,9,843,7,1,128,0.5101597772939915,0.5101595987982315,1.8112413164971403e-07,1.8112413164971403e-07,0.8647686832740213,0.5101595987982315,0.27170635011732436,0.0375676304101944,0.999262604671224,0.27170635011732436,,0.9765459908687751,1.371331098617695,,,,,,,,,,,,,0.5101595987982315,1.8112413164971403e-07,7.907466589045396e-05,1.2124823570047738e-05,8.544954980607151e-05,0.09994503855705261,1.0002416843759812,1.000062346458435,1.0004260659217834,0.9998800854727669,0.9999688267707825,0.9999943375587463,0.01861940716851734,0.018017627955772227,0.03296926044077193,,,,,,,,,843.0,0.0011633795664432005,0.0015789477657728221,1.0000005960464478,1.0000113248825073,1.0000300407409668,1.0001170635223389,1.0006753206253052,1.0859001874923706,0.0007690818057892802,0.9596327543258667,0.9997870266437531,0.9999414682388306,0.9999849796295166,0.9999975562095642,0.9999997019767761,0.012045689060487374,1.738866920803114e-07,0.0036434921444967318,0.009075049688318945,0.027195349233827985,0.03555149577618571,0.1771867751552153,843
bayesfl_observability_v1,ola_lr0p02_b128_e1,30,ola,170,13,19,1,1,128,1.6570323705673218,1.6570323705673218,0.0,0.0,0.3157894736842105,1.6570323705673218,0.2452079908497589,0.03996199369430542,0.9993959578243838,0.2452079908497589,,0.5010469137590966,1.8905307785475154,,,,,,,,,,,,,1.6570323705673218,0.0,0.001477030624691192,0.00011486998846521601,0.0014627847471274439,3.9924027919769287,1.0002882845113374,1.0000712871551514,1.000490427017212,0.9998574972802815,0.9999643564224243,0.999994158744812,0.018600190073289967,0.01800770494986085,0.03296009501731573,,,,,,,,,19.0,0.030260631795863618,0.002126849152004514,1.0000005960464478,1.000011682510376,1.0000333786010742,1.0001448392868042,1.000779390335083,1.1837390661239624,0.0010157307046650874,0.9191195368766785,0.9997548460960388,0.9999275803565979,0.9999833106994629,0.9999975562095642,0.9999997019767761,0.01200506505692983,1.1953112121841057e-07,0.0036286282908995857,0.009080901751538716,0.027171761528766287,0.03548553819508681,0.17485135803541943,19
bayesfl_observability_v1,ola_lr0p02_b128_e1,30,ola,270,21,127,1,1,128,0.5909034609794617,0.5909034609794617,0.0,0.0,0.8503937007874016,0.5909034609794617,0.11130699406068426,0.01968170702457428,0.9998756631149228,0.11130699406068426,,0.24980042066198757,2.0694700517910234,,,,,,,,,,,,,0.5909034609794617,0.0,0.0003043442719569041,2.627528738230467e-05,0.0003320965071907268,0.9684242606163025,1.0002491946338472,1.000064730644226,1.0004390597343444,0.9998764086556807,0.999967634677887,0.9999939799308777,0.0186009176041311,0.018014444871216388,0.0329519250480103,,,,,,,,,127.0,0.006737139009824867,0.0016466531749087122,1.0000005960464478,1.0000120401382446,1.0000303983688354,1.0001221895217896,1.0006938636302949,1.0982381105422974,0.0008002279511165469,0.954227089881897,0.9997805297374726,0.9999389052391052,0.9999848008155823,0.9999975562095642,0.9999997019767761,0.011997410798780262,4.188384648978e-07,0.003639634071773247,0.009075039085771185,0.027173150387752622,0.03551872843025802,0.17440526499074605,127
bayesfl_observability_v1,ola_lr0p02_b128_e1,30,ola,258,20,50,1,1,128,0.34229928255081177,0.34229928255081177,0.0,0.0,0.96,0.34229928255081177,0.08989041970448224,0.015621364116668701,0.9999188684366058,0.08989041970448224,,-0.0,2.259365973874069,,,,,,,,,,,,,0.34229928255081177,0.0,0.0001984938639211253,1.5159988379309652e-05,0.00018555944552645087,0.6100678443908691,1.0002456643099493,1.0000627040863037,1.0004321455955505,0.9998781273017595,0.9999686479568481,0.9999940991401672,0.01859873807535124,0.018013257347032855,0.03294300307852478,,,,,,,,,50.0,0.004328921079712264,0.0016064904500309794,1.0000005960464478,1.0000118017196655,1.0000306367874146,1.0001182556152344,1.0006853997707368,1.0935804843902588,0.0007818509424548587,0.9562569856643677,0.9997839868068695,0.9999408721923828,0.9999846816062927,0.9999975562095642,0.9999997019767761,0.011993218464458218,2.1217346577018233e-07,0.0036483382778183717,0.009074820846790956,0.027191973440790596,0.03549878021902191,0.1841995403821927,50
bayesfl_observability_v1,ola_lr0p02_b128_e1,30,ola,217,17,189,2,1,128,0.957216060587338,0.9572159499718399,1.0949063217984595e-07,1.0949063217984595e-07,0.671957671957672,0.9572159499718399,0.26945641302589757,0.03311317041516304,0.9992711811869778,0.26945641302589757,,0.3250829733914482,1.9958124018703602,,,,,,,,,,,,,0.9572159499718399,1.0949063217984595e-07,0.000842159985244446,8.605073526268825e-05,0.0008831060200463996,1.2463493347167969,1.000267120453444,1.0000663995742798,1.0004630088806152,0.9998677080074907,0.9999668002128601,0.9999942183494568,0.018605153673318983,0.01800863255527428,0.032938363557191805,,,,,,,,,189.0,0.014923905879738495,0.0018548648295070456,1.0000005960464478,1.0000115633010864,1.0000313520431519,1.0001252889633179,1.000733083486557,1.106112003326416,0.0008975437302408862,0.9508246779441833,0.9997686147689819,0.9999373555183411,0.9999843239784241,0.9999975562095642,0.9999997019767761,0.01200991783156308,6.001540373796675e-07,0.0036419903912658902,0.009067247464109897,0.02719563842750068,0.03552117232977833,0.17345836266118353,189
bayesfl_observability_v1,ola_lr0p02_b128_e1,30,ola,284,22,252,2,1,128,0.2490757665936909,0.24907575192905607,1.5016509855686742e-08,1.5016509855686742e-08,0.9682539682539683,0.24907575192905607,0.1123576685210252,0.020556002855300903,0.9998735337918266,0.1123576685210252,,0.042414731858117456,2.1445043425723562,,,,,,,,,,,,,0.24907575192905607,1.5016509855686742e-08,9.05031347609814e-05,1.0568464858806692e-05,0.00010220382682746276,0.3009568452835083,1.000242063770058,1.0000622272491455,1.0004273653030396,0.9998798849511922,0.9999688863754272,0.9999943375587463,0.01860256418735716,0.018007673285367145,0.03295442169993961,,,,,,,,,252.0,0.0018280254600084665,0.0015692007386089463,1.0000005960464478,1.0000113248825073,1.0000300407409668,1.0001195669174194,1.0006766974925996,1.0843136310577393,0.0007645406372585905,0.9603345394134521,0.999786376953125,0.9999402165412903,0.9999849796295166,0.9999974966049194,0.9999997019767761,0.01200494748500852,3.882988181447819e-07,0.00363835532028443,0.00907234617809517,0.0271781643506324,0.035501873224177104,0.19761801933113854,252
bayesfl_observability_v1,ola_lr0p02_b128_e1,30,ola,289,23,111,1,1,128,0.39159688353538513,0.39159688353538513,0.0,0.0,0.9459459459459459,0.39159688353538513,0.0728505577972972,0.013077035546302795,0.9999468243279819,0.0728505577972972,,0.21838083332586875,1.975025863627753,,,,,,,,,,,,,0.39159688353538513,0.0,0.00013037250299356433,1.5931682355585508e-05,0.00015198720211628824,0.4275225102901459,1.000243391567332,1.0000624656677246,1.0004278421401978,0.9998792297938278,0.9999687671661377,0.9999942183494568,0.01859993823536922,0.018008868940278592,0.032952714682725565,,,,,,,,,111.0,0.002632727937002858,0.0015766991756303477,1.0000005960464478,1.0000115633010864,1.000030279159546,1.000120759010315,1.0006786048412324,1.084367036819458,0.000768137027671899,0.9603108763694763,0.9997861385345459,0.9999396204948425,0.999984860420227,0.9999974370002747,0.9999997019767761,0.011997483624403277,7.797887783608428e-07,0.003639151071671007,0.009066962542653264,0.027177920083797075,0.03549912580513041,0.1903042873994242,111
bayesfl_observability_v1,ola_lr0p02_b128_e1,30,ola,108,8,1,1,1,128,0.04711012914776802,0.04711012914776802,0.0,0.0,1.0,0.04711012914776802,0.029572808294013545,0.005349025130271912,0.9999912235222794,0.029572808294013545,,-0.0,2.3163460082440825,,,,,,,,,,,,,0.04711012914776802,0.0,2.1483514878147724e-05,5.436682499748713e-07,1.1169034223712515e-05,0.07153020799160004,1.0002397632779267,1.0000618696212769,1.0004252195358276,0.9998810249127186,0.9999690651893616,0.9999943971633911,0.01859632224730613,0.018012565406316596,0.032939196000589005,,,,,,,,,1.0,0.0004415046367293241,0.0015606014971724495,1.0000005960464478,1.0000112056732178,1.0000296831130981,1.0001166760921478,1.0006730556488037,1.0842071771621704,0.000760317265480622,0.9603816866874695,0.999787449836731,0.9999416619539261,0.9999851584434509,0.999997615814209,0.9999997019767761,0.011986605769731987,1.2711924634028416e-07,0.003646992255864248,0.009066432113771025,0.027182881427422537,0.03548000111000846,0.17563627360497489,1
bayesfl_observability_v1,ola_lr0p02_b128_e1,30,ola,109,8,28,1,1,128,0.6545192003250122,0.6545192003250122,0.0,0.0,0.7857142857142857,0.6545192003250122,0.0937478017448496,0.012744545936584473,0.9999118133047511,0.0937478017448496,,0.8583093118876355,1.4436829998723784,,,,,,,,,,,,,0.6545192003250122,0.0,0.00021589492413906657,1.993250953091774e-05,0.00025803600728977513,0.4060586988925934,1.0002462439772726,1.0000637769699097,1.000437617301941,0.9998778360601234,0.9999681115150452,0.9999940991401672,0.01860018794023964,0.01801398278017862,0.032942506353257704,,,,,,,,,28.0,0.003052821119692785,0.001604984805575182,1.0000005960464478,1.0000118017196655,1.0000303983688354,1.0001219511032104,1.000689572095871,1.084281086921692,0.0007813116553436651,0.960348904132843,0.9997812509536743,0.9999390244483948,0.9999848008155823,0.9999975562095642,0.9999997019767761,0.01199561783223446,5.159066520518436e-07,0.003640516638986164,0.009075931378497484,0.02717297367837431,0.03549649984665117,0.17507050760884638,28
bayesfl_observability_v1,ola_lr0p02_b128_e1,30,ola,132,10,381,3,1,128,0.47416807840189595,0.47416802904424393,5.155260265804149e-08,5.155260265804149e-08,0.9002624671916011,0.47416802904424393,0.16200287650322065,0.01896487921476364,0.9997371862398987,0.16200287650322065,,0.9889320457164062,1.276983504145674,,,,,,,,,,,,,0.47416802904424393,5.155260265804149e-08,0.00010999816194876504,1.2999105820199475e-05,0.00012723568361252548,0.16151514649391174,1.0002427156856841,1.0000624656677246,1.0004291534423828,0.999879569697851,0.9999687671661377,0.9999943375587463,0.01860611867107949,0.0179981621541235,0.032953470139463266,,,,,,,,,381.0,0.001603598919442952,0.0015786374049543625,1.0000005960464478,1.0000113248825073,1.0000300407409668,1.0001173913478851,1.0006803274154663,1.0849790573120117,0.0007689810583495554,0.9600399732589722,0.9997854828834534,0.9999413043260574,0.9999849796295166,0.9999975562095642,0.9999997019767761,0.012014659227561945,1.7510509109787253e-07,0.0036312728814189453,0.009074592211683177,0.02718573508461957,0.0355266216388334,0.18319927542249625,381
bayesfl_observability_v1,ola_lr0p02_b128_e1,30,ola,26,2,29,1,1,128,1.0973517894744873,1.0973517894744873,0.0,0.0,0.6206896551724138,1.0973517894744873,0.10762591722479252,0.011786416172981262,0.9998836472835825,0.10762591722479252,,1.0130227035447372,1.337996707207389,,,,,,,,,,,,,1.0973517894744873,0.0,0.0002845470040817151,2.9783579520881176e-05,0.000336307761608623,0.347299188375473,1.0002485337842597,1.0000646114349365,1.000439667701721,0.9998767147689013,0.9999676942825317,0.9999942183494568,0.018598594786494265,0.018008426863933828,0.03293674490621796,,,,,,,,,29.0,0.0030544328893109193,0.0016249493543654089,1.0000005960464478,1.0000115633010864,1.000030755996704,1.0001201629638672,1.0006935060024262,1.086918592453003,0.0007908235100303278,0.9591830372810364,0.9997802257537842,0.9999399185180664,0.999984622001648,0.9999975562095642,0.9999997019767761,0.01199233537095949,5.963945362188051e-07,0.0036340714694440635,0.009072884160248599,0.02718067224418764,0.03550208383444074,0.17430496098865125,29
bayesfl_observability_v1,ola_lr0p02_b128_e1,30,ola,77,6,103,1,1,128,0.41939982771873474,0.41939982771873474,0.0,0.0,0.9611650485436893,0.41939982771873474,0.08166484081338284,0.017407342791557312,0.9999331214493917,0.08166484081338284,,0.560246206790157,1.7468416333340404,,,,,,,,,,,,,0.41939982771873474,0.0,0.00016382889304781268,1.2338466149230953e-05,0.00016031544801080658,0.7575390934944153,1.0002445092601369,1.0000629425048828,1.0004316568374634,0.9998786980497635,0.9999685287475586,0.9999939799308777,0.01860005286853672,0.01800506956857724,0.03294798858404754,,,,,,,,,103.0,0.0042214726440801195,0.0016011416358327052,1.0000005960464478,1.0000120401382446,1.0000301599502563,1.0001196563243866,1.0006806313991548,1.0956945419311523,0.0007790096840332552,0.9553340077400208,0.9997842311859131,0.9999401718378067,0.9999849200248718,0.9999975562095642,0.9999997019767761,0.011996689317272963,7.942568352387278e-07,0.00363652945894614,0.009073587790872983,0.027184689473052144,0.035483231788082346,0.17702459701706824,103
bayesfl_observability_v1,ola_lr0p02_b128_e1,30,ola,9,0,107,1,1,128,0.9151324033737183,0.9151324033737183,0.0,0.0,0.7383177570093458,0.9151324033737183,0.15983198701346651,0.020761899650096893,0.9997434232999665,0.15983198701346651,,0.20393077072313337,2.077417173602598,,,,,,,,,,,,,0.9151324033737183,0.0,0.0006275490012764645,4.6753739297855645e-05,0.0006059934617951515,1.0776405334472656,1.0002599661765146,1.0000669956207275,1.0004565834999084,0.9998711140296122,0.9999665021896362,0.9999942183494568,0.01859949595547631,0.01800575240634087,0.03294610612561108,,,,,,,,,107.0,0.010984727391207113,0.0017197432456227822,1.0000005960464478,1.0000115633010864,1.00003182888031,1.0001217126846313,1.0007216393947602,1.0883177518844604,0.0008355542100151658,0.9585662484169006,0.9997717678546906,0.9999391436576843,0.999984085559845,0.9999975562095642,0.9999997019767761,0.011998925467706237,1.6151650838049426e-07,0.0036251840510363354,0.009079803271250873,0.027184926434090415,0.03550073178931281,0.17455067350906778,107
bayesfl_observability_v1,ola_lr0p02_b128_e1,30,ola,237,19,36,1,1,128,0.6993067860603333,0.6993067860603333,0.0,0.0,0.8333333333333334,0.6993067860603333,0.06720073849993133,0.006796486675739288,0.9999546796720467,0.06720073849993133,,1.3898628753106193,0.9179151593699346,,,,,,,,,,,,,0.6993067860603333,0.0,0.00011093492646445864,1.3014315754844574e-05,0.0001616275985725224,0.11548063158988953,1.0002427469820758,1.0000627040863037,1.0004299879074097,0.9998795546177646,0.9999686479568481,0.9999942183494568,0.018598946389205635,0.018009289418757235,0.032938950728819485,,,,,,,,,36.0,0.0011945308630671222,0.0015792660112734795,1.0000005960464478,1.0000115633010864,1.0000303983688354,1.0001177787780762,1.0006784856319428,1.0857120752334595,0.0007691597854327002,0.9597158432006836,0.9997850656509399,0.9999411106109619,0.9999848008155823,0.9999975562095642,0.9999997019767761,0.01199092389165014,2.4655933737170425e-07,0.003643909513223903,0.009074272804711177,0.02717746275838908,0.03550012070341238,0.17436876947065416,36
bayesfl_observability_v1,ola_lr0p02_b128_e1,30,ola,242,19,3,1,1,128,0.2787461578845978,0.2787461578845978,0.0,0.0,1.0,0.2787461578845978,0.07098292851555432,0.00609675794839859,0.9999495358574407,0.07098292851555432,,0.6365141682948128,1.6128062758029642,,,,,,,,,,,,,0.2787461578845978,0.0,0.00012377362196934518,1.136716855398845e-05,0.00017696872237138466,0.09292613714933395,1.0002431750297547,1.000062108039856,1.0004316568374634,0.9998793326644049,0.999968945980072,0.9999942183494568,0.018600292157395254,0.01800754035562486,0.03295155673266164,,,,,,,,,3.0,0.001338567079901148,0.0015719845320194723,1.0000005960464478,1.0000115633010864,1.0000301599502563,1.0001211166381836,1.0006812274456025,1.0845690965652466,0.0007658764073152552,0.9602214097976685,0.9997842311859131,0.9999394416809082,0.9999849200248718,0.9999974370002747,0.9999997019767761,0.011997302252621965,1.5632243269086124e-07,0.0036419710400359896,0.009079823890702582,0.027179503209296067,0.035497403002612934,0.18111247467525296,3
bayesfl_observability_v1,ola_lr0p02_b128_e1,31,ola,177,14,173,2,1,128,0.7132016783849352,0.7132016473767385,3.430304826317844e-08,3.430304826317844e-08,0.7976878612716763,0.7132016473767385,0.18421575591515824,0.03153128921985626,0.9996602639467489,0.18421575591515824,,0.7072416889214992,1.6019064244591992,,,,,,,,,,,,,0.7132016473767385,3.430304826317844e-08,0.00033853116660443667,3.232420567655936e-05,0.0002883747627492999,0.9995660781860352,1.0002490841324465,1.0000632405281067,1.0004325032234191,0.9998765147187989,0.9999683797359467,0.9999942183494568,0.01861340135369609,0.018006271575341584,0.032966799762166064,,,,,,,,,173.0,0.00744115338134926,0.001689989763677863,1.0000005960464478,1.0000115633010864,1.000030279159546,1.0001182556152344,1.0006830155849458,1.1157591342926025,0.0008200675663907727,0.9467052221298218,0.9997838079929352,0.9999408721923828,0.999984860420227,0.999997615814209,0.9999997019767761,0.012038509727120504,2.3322260151823596e-07,0.0036280988528080422,0.009081006311072655,0.02718870200769926,0.03554380756814336,0.17900409839948692,173
bayesfl_observability_v1,ola_lr0p02_b128_e1,31,ola,178,14,135,2,1,128,0.40879911835546845,0.40879911681016284,1.776407656364056e-09,1.776407656364056e-09,0.9259259259259259,0.40879911681016284,0.09676060836948966,0.01414516568183899,0.9999064114814178,0.09676060836948966,,0.4244935576316679,1.8415271470075187,,,,,,,,,,,,,0.40879911681016284,1.776407656364056e-09,0.0001157699100952351,1.642205097596161e-05,0.00014820880896877499,0.27467283606529236,1.0002418958029158,1.000062108039856,1.000425350666046,0.9998799790061151,0.999968945980072,0.9999943375587463,0.018613853270177252,0.018005351748169543,0.03295970779229144,,,,,,,,,135.0,0.0018129586628563136,0.0015781196804657864,1.0000005960464478,1.0000113248825073,1.0000301599502563,1.0001169443130493,1.0006734132766724,1.0858358144760132,0.0007687715607887353,0.9596611261367798,0.9997873842716217,0.9999415278434753,0.9999849200248718,0.999997615814209,0.9999997019767761,0.012028802929735585,6.23331087306832e-08,0.0036457541964526378,0.009072260119462845,0.027194745787634478,0.03553513581146031,0.17838296458122793,135
bayesfl_observability_v1,ola_lr0p02_b128_e1,31,ola,115,9,475,4,1,128,0.4089850069974598,0.4089849520357032,5.768281545514535e-08,5.768281545514535e-08,0.9094736842105263,0.4089849520357032,0.18449049457746228,0.01947888731956482,0.9996597881290405,0.18449049457746228,,0.6676113069747761,1.6615326749486288,,,,,,,,,,,,,0.4089849520357032,5.768281545514535e-08,7.591500592297996e-05,8.240210718213348e-06,8.645440175314453e-05,0.06589041650295258,1.000240613790583,1.0000617504119873,1.0004228353500366,0.999880621171342,0.9999691247940063,0.9999944567680359,0.018620249162537888,0.018019677800336076,0.032965849351081385,,,,,,,,,475.0,0.0010149615586092298,0.0015794087829905637,1.0000005960464478,1.0000110864639282,1.0000295639038086,1.0001157522201538,1.0006690680980683,1.084652066230774,0.0007693269195835846,0.9601846933364868,0.9997886419296265,0.9999421238899231,0.9999852180480957,0.999997615814209,0.9999997019767761,0.012041065081318811,5.386646323583616e-07,0.003639908103611678,0.009080222358631264,0.02718334167899999,0.035556326353116174,0.17627004301271793,475
bayesfl_observability_v1,ola_lr0p02_b128_e1,31,ola,119,9,843,7,1,128,0.4042632908583536,0.40426320707246505,7.964262073348343e-08,7.964262073348343e-08,0.9098457888493475,0.40426320707246505,0.19489010499778855,0.02744472771883011,0.999622758969634,0.19489010499778855,,0.9765459908687751,1.371331098617695,,,,,,,,,,,,,0.40426320707246505,7.964262073348343e-08,3.567747818763267e-05,5.837831849930808e-06,4.17897572333459e-05,0.047920454293489456,1.0002393122680813,1.000061273574829,1.0004209280014038,0.9998812570211824,0.9999693632125854,0.9999944567680359,0.018629981331334224,0.018014152068024473,0.032987056213982666,,,,,,,,,843.0,0.0005072017017514735,0.0015664030349622994,1.0000005960464478,1.0000110864639282,1.0000295639038086,1.0001155138015747,1.000665980577469,1.0840240716934204,0.0007631789093733407,0.960462749004364,0.9997895956039429,0.9999422430992126,0.9999852180480957,0.999997615814209,0.9999997019767761,0.012072438562971155,1.2608495882845518e-06,0.0036450705632087217,0.009076552307496627,0.02720329483005378,0.035592327178421514,0.18053779048728255,843
bayesfl_observability_v1,ola_lr0p02_b128_e1,31,ola,253,20,321,3,1,128,0.4276997582563359,0.4276997103497989,5.139827815418643e-08,5.139827815418643e-08,0.9003115264797508,0.4276997103497989,0.17842228271450575,0.02294786274433136,0.9996816542815461,0.17842228271450575,,0.7378925589010543,1.546566822838165,,,,,,,,,,,,,0.4276997103497989,5.139827815418643e-08,0.0001293145319291779,1.2351589248282835e-05,0.0001419282052665949,0.2242867648601532,1.000242334156218,1.000062108039856,1.000427007675171,0.9998797711278151,0.999968945980072,0.9999943375587463,0.018616972330496334,0.018014296081362693,0.03297950097337162,,,,,,,,,321.0,0.0022867044963693103,0.0015879771196876309,1.0000005960464478,1.0000113248825073,1.0000298023223877,1.0001163482666016,1.0006725788116455,1.0836725234985352,0.0007735016567902421,0.9606185555458069,0.9997865557670593,0.9999418258666992,0.9999850988388062,0.999997615814209,0.9999997019767761,0.012040880095671674,1.812385250115083e-07,0.00362074522408426,0.00907806437532012,0.02718898079788188,0.035559105637097646,0.17775686798147378,321
bayesfl_observability_v1,ola_lr0p02_b128_e1,31,ola,110,8,58,1,1,128,0.24161545932292938,0.24161545932292938,0.0,0.0,0.9655172413793104,0.24161545932292938,0.055971843170083246,0.009032115340232849,0.9999686597504843,0.055971843170083246,,0.08048483706800685,2.1077419116679486,,,,,,,,,,,,,0.24161545932292938,0.0,7.695900556951538e-05,8.779222753219074e-06,7.914041634649038e-05,0.20394746959209442,1.00024064434199,1.000061273574829,1.0004229545593262,0.9998805925913336,0.9999693632125854,0.9999943375587463,0.018610089242329902,0.01800050867348025,0.03295291711713099,,,,,,,,,58.0,0.0014760401730262835,0.0015675092094924732,1.0000005960464478,1.0000113248825073,1.0000296831130981,1.0001182556152344,1.0006686449050903,1.08357572555542,0.0007637928104582036,0.9606614708900452,0.9997885823249817,0.9999408721923828,0.9999851584434509,0.9999975562095642,0.9999997019767761,0.012020531391091901,4.333310039890583e-07,0.0036427191596595226,0.009084696976420545,0.027186477087006104,0.03551194382778661,0.19004319297708044,58
bayesfl_observability_v1,ola_lr0p02_b128_e1,31,ola,64,5,14,1,1,128,0.6161336302757263,0.6161336302757263,0.0,0.0,0.7857142857142857,0.6161336302757263,0.08166306248773542,0.00953085720539093,0.9999332096337805,0.08166306248773542,,0.8033149761408755,1.498435876843149,,,,,,,,,,,,,0.6161336302757263,0.0,0.00016382176024014536,2.0944442439940758e-05,0.0002367182765738109,0.22709335386753082,1.0002434486113845,1.0000625848770142,1.0004287958145142,0.9998792127083734,0.9999687075614929,0.999994158744812,0.018610093931048243,0.01801594425874089,0.032954392245995605,,,,,,,,,14.0,0.00212219831185212,0.0015867844131937192,1.0000005960464478,1.000011682510376,1.0000301599502563,1.0001189708709717,1.0006762742996216,1.0850850343704224,0.0007729148809264554,0.9599931240081787,0.9997856616973877,0.9999405145645142,0.9999849200248718,0.999997615814209,0.9999997019767761,0.012021578677088298,5.309801055625339e-07,0.0036388061182741453,0.009077643140698692,0.027200474896767253,0.03552900893322238,0.17977282973403097,14
bayesfl_observability_v1,ola_lr0p02_b128_e1,31,ola,74,5,70,1,1,128,1.010623574256897,1.010623574256897,0.0,0.0,0.6285714285714286,1.010623574256897,0.12294711160797396,0.011732995510101318,0.9998485556576563,0.12294711160797396,,1.1534898214385076,1.1546999842430363,,,,,,,,,,,,,1.010623574256897,0.0,0.0003713273320968342,3.516354627208784e-05,0.0004455795860849321,0.3441583216190338,1.0002501402738064,1.0000640153884888,1.0004403710365295,0.9998759390200427,0.9999679923057556,0.9999942183494568,0.01861154988108464,0.018002271465790864,0.032959083096751635,,,,,,,,,70.0,0.004070087325223208,0.001648131425578298,1.0000005960464478,1.0000115633010864,1.000030279159546,1.0001208782196045,1.00069517493248,1.0867868661880493,0.0008017783580658665,0.9592411518096924,0.99977987408638,0.9999395608901978,0.999984860420227,0.9999975562095642,0.9999997019767761,0.01202376012352732,9.650975020596096e-09,0.003627907409567332,0.009075396442541447,0.027199052005552213,0.035545241477481136,0.17856001637966862,70
bayesfl_observability_v1,ola_lr0p02_b128_e1,31,ola,56,4,2,1,1,128,0.7998428344726562,0.7998428344726562,0.0,0.0,1.0,0.7998428344726562,0.24049642157816745,0.03402606397867203,0.9994209534872636,0.24049642157816745,,-0.0,2.4040642619438994,,,,,,,,,,,,,0.7998428344726562,0.0,0.0014208148306952195,6.750252941856161e-05,0.0013152568484656524,2.894432783126831,1.0002839937640675,1.0000687837600708,1.0005011558532715,0.999859476758324,0.9999656081199646,0.9999940395355225,0.01861761113028172,0.018007169326976345,0.03297693502177336,,,,,,,,,2.0,0.026687407746872525,0.002009410943167194,1.0000005960464478,1.000011920928955,1.0000324249267578,1.0001416206359863,1.000770926475525,1.1448291540145874,0.0009642124878854944,0.9346083402633667,0.999749481678009,0.9999291896820068,0.9999837875366211,0.999997615814209,0.9999997019767761,0.012043733531430035,1.447575388155671e-07,0.0036311114242016194,0.009072295123388975,0.027182083693480425,0.035560864605025354,0.18016689039197814,2
bayesfl_observability_v1,ola_lr0p02_b128_e1,31,ola,1,0,101,1,1,128,1.0186554193496704,1.0186554193496704,0.0,0.0,0.7128712871287128,1.0186554193496704,0.12515238039307577,0.01697457581758499,0.9998430706525696,0.12515238039307577,,0.627941588739906,1.7479275202290525,,,,,,,,,,,,,1.0186554193496704,0.0,0.00038476761396449805,3.316703805467114e-05,0.00044961704406887293,0.7203407287597656,1.0002505740880896,1.000064492225647,1.0004363059997559,0.999875736374207,0.9999677538871765,0.9999942779541016,0.018611165665791976,0.018004143974453185,0.032958124366093536,,,,,,,,,101.0,0.0068265871759644525,0.0016600010647006755,1.0000005960464478,1.0000114440917969,1.0000303983688354,1.0001200437545776,1.0006898641586304,1.084532618522644,0.0008075546492081706,0.9602375626564026,0.9997819066047668,0.9999399781227112,0.9999848008155823,0.999997615814209,0.9999997019767761,0.012024990467601701,1.7843613418733717e-07,0.0036296386128736305,0.00908646911888139,0.02719162627632688,0.03553144780001223,0.17768644652174662,101
bayesfl_observability_v1,ola_lr0p02_b128_e1,31,ola,134,10,326,3,1,128,0.5340296165343442,0.5340294786300396,1.3853849727666489e-07,1.3853849727666489e-07,0.843558282208589,0.5340294786300396,0.24952308866731798,0.03177449852228165,0.9993768269231523,0.24952308866731798,,0.4149757414196952,1.8961001489773186,,,,,,,,,,,,,0.5340294786300396,1.3853849727666489e-07,0.0003552710226033569,3.242041930207051e-05,0.00034968201362062284,0.5634563565254211,1.000249620995939,1.0000629425048828,1.0004358291625977,0.9998762318711273,0.9999685287475586,0.9999943971633911,0.01861860056431048,0.018008237344105664,0.03296192115700235,,,,,,,,,326.0,0.0069074202241756226,0.0016765700542100677,1.0000005960464478,1.0000112056732178,1.0000298023223877,1.0001188516616821,1.0006887376308442,1.0948432683944702,0.0008148720606602447,0.9557053446769714,0.999782145023346,0.9999405741691589,0.9999850988388062,0.999997615814209,0.9999997019767761,0.01204114113308756,1.2151306376544655e-07,0.0036343700104153687,0.009064376441598632,0.027207809950620457,0.03555877607044931,0.17873012522318388,326
bayesfl_observability_v1,ola_lr0p02_b128_e1,31,ola,136,10,138,2,1,128,1.3965235957200977,1.396523578443389,1.743726657429985e-08,1.743726657429985e-08,0.5217391304347826,1.396523578443389,0.257032576580848,0.04005642235279083,0.9993384159202782,0.257032576580848,,0.2813922348789828,2.0277707902000017,,,,,,,,,,,,,1.396523578443389,1.743726657429985e-08,0.0006212225247160784,4.8262252676067874e-05,0.0006262199894990782,1.6231693029403687,1.000258202708352,1.0000648498535156,1.0004520535469055,0.9998720206925732,0.9999675750732422,0.9999939203262329,0.018615536653311688,0.017995553309062207,0.03297519887915194,,,,,,,,,138.0,0.013274376869228218,0.0017411049788945798,1.0000005960464478,1.0000121593475342,1.000030755996704,1.0001248121261597,1.0007089376449585,1.0956052541732788,0.0008448695755655057,0.9553729295730591,0.999774032831192,0.9999375939369202,0.999984622001648,0.999997615814209,0.9999997019767761,0.012041003964760596,4.409181193631094e-07,0.0036418582060710374,0.009061567220834867,0.027172060544691234,0.03553717585726557,0.17565197752556813,138
bayesfl_observability_v1,ola_lr0p02_b128_e1,31,ola,223,17,110,1,1,128,1.0542314052581787,1.0542314052581787,0.0,0.0,0.6818181818181818,1.0542314052581787,0.11865573244028152,0.016648054122924805,0.9998588677114624,0.11865573244028152,,0.8399031444716331,1.4694341093795324,,,,,,,,,,,,,1.0542314052581787,0.0,0.0003458579104206852,3.2358271710108966e-05,0.00043253975454717877,0.6928940415382385,1.00024931906623,1.000063717365265,1.0004379749298096,0.9998763339943767,0.9999681413173676,0.9999940395355225,0.018609731224977624,0.017994278363378205,0.03296389480305214,,,,,,,,,110.0,0.004950242021908471,0.0016351017439282195,1.0000005960464478,1.000011920928955,1.0000301599502563,1.000119924545288,1.000688076019287,1.0919586420059204,0.0007955766081227979,0.9569668769836426,0.99978107213974,0.999940037727356,0.9999849200248718,0.999997615814209,0.9999997019767761,0.01202084587146063,5.87272041694009e-07,0.003643808729128807,0.009076645284965597,0.027187556219360795,0.03550350172087186,0.17903186868734494,110
bayesfl_observability_v1,ola_lr0p02_b128_e1,31,ola,46,3,44,1,1,128,0.5224547386169434,0.5224547386169434,0.0,0.0,0.8636363636363636,0.5224547386169434,0.09380530096397695,0.019664183259010315,0.9999118918691194,0.09380530096397695,,0.7751254239840702,1.531153988824562,,,,,,,,,,,,,0.5224547386169434,0.0,0.00021615985603359468,1.5299139704438858e-05,0.00022019026946509275,0.9667004346847534,1.000245136682629,1.0000627040863037,1.0004308223724365,0.9998783997916819,0.9999686479568481,0.9999938607215881,0.018611326339989038,0.018008487918863482,0.03296280485654751,,,,,,,,,44.0,0.00530870457582438,0.0016146685578602208,1.0000005960464478,1.0000122785568237,1.0000300407409668,1.000119537115097,1.0006788432598115,1.100791096687317,0.0007852545970439304,0.9531199336051941,0.9997846484184265,0.9999402314424515,0.9999849796295166,0.999997615814209,0.9999997019767761,0.0120241621592892,4.220698726273309e-07,0.0036353790469504104,0.0090832154459887,0.027197593767061528,0.03552225212863899,0.18042033996872842,44
bayesfl_observability_v1,ola_lr0p02_b128_e1,31,ola,34,2,89,1,1,128,0.3854842483997345,0.3854842483997345,0.0,0.0,0.9325842696629213,0.3854842483997345,0.06622403736425132,0.00909164547920227,0.9999561302697089,0.06622403736425132,,0.9392429968990706,1.3654484544000312,,,,,,,,,,,,,0.3854842483997345,0.0,0.00010773369615596842,8.225221790780779e-06,0.00010552245657891035,0.20664533972740173,1.000241637938592,1.000062108039856,1.0004236698150635,0.9998801214481555,0.999968945980072,0.9999943375587463,0.01861158835070779,0.018008750006005776,0.032957433193224764,,,,,,,,,89.0,0.0021903382687725992,0.0015901166236473039,1.0000005960464478,1.0000113248825073,1.0000296831130981,1.000115990638733,1.0006701946258545,1.085233449935913,0.0007744309239797753,0.959927499294281,0.999788224697113,0.9999420046806335,0.9999851584434509,0.999997615814209,0.9999997019767761,0.012021412002335663,5.289563925230277e-07,0.0036399186052299406,0.00907867002155116,0.02719081329648848,0.035529504968176195,0.1811602376965539,89
bayesfl_observability_v1,ola_lr0p02_b128_e1,32,ola,264,21,197,2,1,128,0.9723044924324539,0.9723044402405695,5.671152330147185e-08,5.671152330147185e-08,0.7106598984771574,0.9723044402405695,0.23004629927578968,0.03352576494216919,0.9994711515669192,0.23004629927578968,,0.6375936626726958,1.698074512420698,,,,,,,,,,,,,0.9723044402405695,5.671152330147185e-08,0.00043810776785849095,3.97183139284607e-05,0.0004592121113091707,0.9526941776275635,1.0002499613239944,1.000062346458435,1.0004358291625977,0.9998760538835874,0.9999688267707825,0.999994158744812,0.018625256222889044,0.018004303796921046,0.032993166829316224,,,,,,,,,197.0,0.008497604274374005,0.0016693872680823441,1.0000005960464478,1.000011682510376,1.000030279159546,1.0001189410686493,1.0006867110729218,1.0835624933242798,0.0008119859844141983,0.9606673121452332,0.999782145023346,0.9999405294656754,0.999984860420227,0.9999976754188538,0.9999997019767761,0.012065092171603562,6.631203951875992e-08,0.0036460055994755143,0.009082249156879224,0.0271963864359923,0.03556288010621954,0.17605165132531783,197
bayesfl_observability_v1,ola_lr0p02_b128_e1,32,ola,188,15,69,1,1,128,0.9662700891494751,0.9662700891494751,0.0,0.0,0.4057971014492754,0.9662700891494751,0.18117079338383632,0.02869229018688202,0.9996717632151348,0.18117079338383632,,0.7873390100049964,1.5118297685691615,,,,,,,,,,,,,0.9662700891494751,0.0,0.0008062999193403016,4.6516295697074383e-05,0.0006155802577268334,2.058119535446167,1.000261468956205,1.0000653266906738,1.0004447817802429,0.9998705644914206,0.9999673366546631,0.999994158744812,0.01862149174238538,0.01801578410006003,0.03298234810779434,,,,,,,,,69.0,0.017374525393593965,0.0018831816580894493,1.0000005960464478,1.000011682510376,1.0000312328338623,1.0001240968704224,1.0007045269012451,1.1477525234222412,0.0009072672461387829,0.9334173798561096,0.9997776687145233,0.9999379515647888,0.9999843835830688,0.9999976754188538,0.9999997019767761,0.012058533979295547,1.5866189504263296e-09,0.003633573777564027,0.009085724444496726,0.027193285003719134,0.035572041946992615,0.17794081342416032,69
bayesfl_observability_v1,ola_lr0p02_b128_e1,32,ola,40,3,3,1,1,128,0.5818358063697815,0.5818358063697815,0.0,0.0,1.0,0.5818358063697815,0.16104768199519195,0.02323310077190399,0.9997409588061427,0.16104768199519195,,0.6365141682948128,1.636379152337986,,,,,,,,,,,,,0.5818358063697815,0.0,0.0006371316957650919,5.198006874707062e-05,0.0007233545184135437,1.3494430780410767,1.0002561817331306,1.0000637769699097,1.000450611114502,0.9998729747926789,0.9999681115150452,0.9999939799308777,0.018625729518529772,0.018016650244173104,0.032984480970071076,,,,,,,,,3.0,0.009791443858636329,0.0016954014078380962,1.0000005960464478,1.0000120401382446,1.000030517578125,1.0001232624053955,1.000716209411621,1.1041854619979858,0.0008233224927883827,0.951653778553009,0.9997747540473938,0.9999383687973022,0.9999847412109375,0.9999976754188538,0.9999997019767761,0.012062404244927322,3.2786816336320576e-07,0.003638558115779416,0.00908662028666603,0.027209840406408236,0.03559609766468012,0.18866828668660054,3
bayesfl_observability_v1,ola_lr0p02_b128_e1,32,ola,253,20,321,3,1,128,0.4704726726002411,0.47047260083327785,7.16762504579155e-08,7.16762504579155e-08,0.881619937694704,0.47047260083327785,0.19920359704595267,0.02545405924320221,0.9996039139330847,0.19920359704595267,,0.7378925589010543,1.546566822838165,,,,,,,,,,,,,0.47047260083327785,7.16762504579155e-08,0.00018547651235715235,1.51078415910888e-05,0.0001826246254495346,0.30432477593421936,1.0002420649097912,1.0000617504119873,1.000424861907959,0.9998799179331709,0.9999691247940063,0.9999943971633911,0.018628422575599966,0.018014107057791558,0.03298999993261034,,,,,,,,,321.0,0.003164400869491535,0.0015986099187857929,1.0000005960464478,1.0000112056732178,1.0000298023223877,1.0001156330108643,1.0006668031215669,1.0835633277893066,0.000778572577535622,0.9606669545173645,0.9997876286506653,0.9999421834945679,0.9999850988388062,0.9999976754188538,0.9999997019767761,0.01206867815195115,7.14200215563364e-07,0.003625818416996426,0.00909092527831055,0.02719086713064609,0.0356007922622291,0.17650509905824038,321
bayesfl_observability_v1,ola_lr0p02_b128_e1,32,ola,184,14,772,7,1,128,0.2941473497010266,0.2941472150501192,1.3308227339020395e-07,1.3308227339020395e-07,0.9300518134715026,0.2941472150501192,0.22105985341129367,0.028470754623413086,0.9995125976942847,0.22105985341129367,,0.5555478088018497,1.7571605964604784,,,,,,,,,,,,,0.2941472150501192,1.3308227339020395e-07,0.00018004851081254323,1.6208494344027713e-05,0.00021445096208481135,0.510623037815094,1.0002418962538893,1.0000611543655396,1.0004270195960998,0.9998799926108739,0.9999694228172302,0.9999943375587463,0.018631307440031566,0.018004576831177774,0.032992570253780565,,,,,,,,,772.0,0.003003850314596786,0.001590726572197168,1.0000005960464478,1.0000113248825073,1.0000293254852295,1.0001169443130493,1.0006709098815918,1.0851224660873413,0.0007744231090397144,0.9599765539169312,0.9997865498065949,0.9999415278434753,0.9999853372573853,0.9999976754188538,0.9999997019767761,0.012076495266497645,1.5255520380321644e-07,0.0036218680960172305,0.009101977377344332,0.02720932891476638,0.03562208389600136,0.17750194525744223,772
bayesfl_observability_v1,ola_lr0p02_b128_e1,32,ola,185,14,2,1,1,128,0.5986002087593079,0.5986002087593079,0.0,0.0,1.0,0.5986002087593079,0.12297100328169357,0.014587074518203735,0.9998489527520366,0.12297100328169357,,0.6931471805599453,1.592096518385255,,,,,,,,,,,,,0.5986002087593079,0.0,0.0003714716515270442,2.4111237507895567e-05,0.0003098898596363152,0.5319570302963257,1.0002478816472467,1.0000633001327515,1.0004394054412842,0.9998770337770364,0.9999683499336243,0.9999942183494568,0.018624100934342264,0.018011840332359363,0.032983413605104615,,,,,,,,,2.0,0.0043743240964800294,0.0016193346856823302,1.0000005960464478,1.0000115633010864,1.000030517578125,1.000119686126709,1.0006937980651855,1.091576337814331,0.000787853075866022,0.9571344256401062,0.9997803568840027,0.9999401569366455,0.9999847412109375,0.9999976754188538,0.9999997019767761,0.012055655611448146,7.337702741186766e-07,0.0036407980107271937,0.009078082687036429,0.027205282304023755,0.03557776837079166,0.17749054226368602,2
bayesfl_observability_v1,ola_lr0p02_b128_e1,32,ola,150,12,12,1,1,128,0.222873255610466,0.222873255610466,0.0,0.0,1.0,0.222873255610466,0.061992729593916246,0.011668011546134949,0.9999616771068609,0.061992729593916246,,-0.0,2.185987945410232,,,,,,,,,,,,,0.222873255610466,0.0,9.440648130823887e-05,1.1411530067562126e-05,0.00010545303666731343,0.3403562009334564,1.000239218259427,1.000060796737671,1.000417947769165,0.9998813055611622,0.9999696016311646,0.9999943971633911,0.018622440792249256,0.018001069447379413,0.032968371702987984,,,,,,,,,12.0,0.001976215798701861,0.0015676591088187178,1.0000005960464478,1.0000112056732178,1.0000293254852295,1.0001163482666016,1.0006610810756684,1.0834506750106812,0.000763879247643888,0.9607169032096863,0.9997910857200623,0.9999418258666992,0.9999853372573853,0.999997615814209,0.9999997019767761,0.012050556504828884,3.8475109951295454e-08,0.0036341083777220386,0.009088033024010109,0.02718339571538856,0.03557776031373574,0.19167671778487025,12
bayesfl_observability_v1,ola_lr0p02_b128_e1,32,ola,153,12,1,1,1,128,0.5646186470985413,0.5646186470985413,0.0,0.0,1.0,0.5646186470985413,0.18655002145698896,0.02777184545993805,0.9996524128112633,0.18655002145698896,,-0.0,2.259365973874069,,,,,,,,,,,,,0.5646186470985413,0.0,0.0008548912459887802,7.59099202696234e-05,0.0006265691015869383,1.9281877279281616,1.0002629868604935,1.0000653266906738,1.0004682540893555,0.9998695670668146,0.9999673366546631,0.9999934434890747,0.018626883936527495,0.018016248064626646,0.032979851010502256,,,,,,,,,1.0,0.012239955779830397,0.0016899623253225997,1.0000005960464478,1.0000131130218506,1.000032901763916,1.000126600265503,1.0007447123527526,1.0997800827026367,0.0008208751094592186,0.9535579085350037,0.9997659921646118,0.9999366998672485,0.999983549118042,0.9999976754188538,0.9999997019767761,0.012064714314090529,4.146057349125362e-07,0.0036547313594856748,0.009065990537020676,0.027203379980979863,0.03559132353146015,0.18809585023210162,1
bayesfl_observability_v1,ola_lr0p02_b128_e1,32,ola,203,16,396,4,1,128,0.6291456059976057,0.6291455638529074,3.4400147897467646e-08,3.4400147897467646e-08,0.8585858585858586,0.6291455638529074,0.15675699120362988,0.014827460050582886,0.9997555912490035,0.15675699120362988,,1.5571176369237727,0.7668056340182599,,,,,,,,,,,,,0.6291455638529074,3.4400147897467646e-08,9.596133527891285e-05,1.5971105312928557e-05,0.00014352142025018117,0.10413917154073715,1.0002392699749634,1.000061273574829,1.000420093536377,0.9998812853376348,0.9999693632125854,0.9999943971633911,0.018633025643205594,0.018008937887820046,0.03299080818912352,,,,,,,,,396.0,0.0009782129525299987,0.0015727604591859426,1.0000005960464478,1.0000112056732178,1.0000293254852295,1.0001156330108643,1.000661849975586,1.0835137367248535,0.0007662012693542903,0.9606889486312866,0.9997900128364563,0.9999421834945679,0.9999853372573853,0.999997615814209,0.9999997019767761,0.012076751707114647,1.1070125365891893e-07,0.003638840893654293,0.009088887308458868,0.027214549624983618,0.035627970471283174,0.1784553466032325,396
bayesfl_observability_v1,ola_lr0p02_b128_e1,32,ola,1,0,101,1,1,128,0.9342805743217468,0.9342805743217468,0.0,0.0,0.7326732673267327,0.9342805743217468,0.11586002589232242,0.014263629913330078,0.9998658162649197,0.11586002589232242,,0.627941588739906,1.7479275202290525,,,,,,,,,,,,,0.9342805743217468,0.0,0.0003297520385846876,2.793574003590038e-05,0.00040941941551864147,0.5086276531219482,1.0002465744998748,1.0000635385513306,1.0004286766052246,0.9998777082296255,0.9999682307243347,0.9999943375587463,0.01862216507720071,0.018005842916756228,0.03297206460854449,,,,,,,,,101.0,0.005206086715960034,0.0016368203603967057,1.0000005960464478,1.0000113248825073,1.0000295639038086,1.000117540359497,1.0006780624389648,1.0838640928268433,0.0007966511760379751,0.960533618927002,0.9997857213020325,0.9999412298202515,0.9999852180480957,0.9999976754188538,0.9999997019767761,0.01205182150667986,7.608207947598563e-08,0.0036382211668409352,0.009081655465620073,0.02719605175221105,0.035572577815092946,0.1766572816455973,101
bayesfl_observability_v1,ola_lr0p02_b128_e1,32,ola,5,0,35,1,1,128,0.6420571804046631,0.6420571804046631,0.0,0.0,0.8571428571428571,0.6420571804046631,0.08079192340775496,0.008428744971752167,0.9999348322565716,0.08079192340775496,,1.5903475561802325,0.7061063978321973,,,,,,,,,,,,,0.6420571804046631,0.0,0.00016034526742646828,1.4052915503270924e-05,0.00018189430993516043,0.17760933935642242,1.0002412827494946,1.00006103515625,1.000422716140747,0.9998803045644945,0.999969482421875,0.9999943375587463,0.018622891846070567,0.01800456294480699,0.032980086687629535,,,,,,,,,35.0,0.002030434540794656,0.0015950735030967602,1.0000005960464478,1.0000113248825073,1.0000295639038086,1.0001163482666016,1.0006670951843262,1.0845664739608765,0.0007767118832274423,0.960222601890564,0.9997887015342712,0.9999418258666992,0.9999852180480957,0.9999976754188538,0.9999997019767761,0.012050678232414222,5.828759953950307e-07,0.003642266753723072,0.009084606353379892,0.0271915664164816,0.035587607620631824,0.17887477001950097,35
bayesfl_observability_v1,ola_lr0p02_b128_e1,32,ola,76,6,933,8,1,128,0.15701918054615632,0.15701900138285127,1.7945800267418941e-07,1.7945800267418941e-07,0.9710610932475884,0.15701900138285127,0.2520407213062687,0.053210824728012085,0.9993660204746406,0.2520407213062687,,0.0076666405810588475,2.3077806594899846,,,,,,,,,,,,,0.15701900138285127,1.7945800267418941e-07,8.1115570949133e-05,5.686401891580317e-06,8.023671543924148e-05,0.3544197678565979,1.0002388038967451,1.0000604391098022,1.000417959690094,0.9998815185659184,0.9999697804450989,0.9999943971633911,0.01863127225909071,0.018000281027927268,0.03298411732233162,,,,,,,,,933.0,0.0019823892432743657,0.00157320494811389,1.0000005960464478,1.0000112056732178,1.0000293254852295,1.0001153945922852,1.000659704208374,1.083442211151123,0.0007662495874539045,0.9607206583023071,0.9997910797595978,0.9999423027038574,0.9999853372573853,0.9999976754188538,0.9999997019767761,0.012075068079482122,1.5634338914642835e-07,0.003617442946659031,0.009097378607687917,0.027216446197426785,0.03560866874049336,0.2055625476314983,933
bayesfl_observability_v1,ola_lr0p02_b128_e1,32,ola,222,17,625,5,1,128,0.45345857110023496,0.453458288860321,2.839395100181719e-07,2.839395100181719e-07,0.856,0.453458288860321,0.3136545356588058,0.05039740353822708,0.9990175299299098,0.3136545356588058,,0.2960944988460536,2.006520240843815,,,,,,,,,,,,,0.453458288860321,2.839395100181719e-07,0.0002674011624378745,2.068708727165358e-05,0.0002666136802872643,0.6822881698608398,1.0002446271610175,1.0000618696212769,1.000429391860962,0.999878662011707,0.9999690651893616,0.9999942779541016,0.018629362569781406,0.01801097135952642,0.03299140119746713,,,,,,,,,625.0,0.005600396881037331,0.0016200825000044,1.0000005960464478,1.0000114440917969,1.0000298023223877,1.0001168251037598,1.0006744861602783,1.083459496498108,0.0007887288836357378,0.9607129693031311,0.9997853636741638,0.9999415874481201,0.9999850988388062,0.9999976754188538,0.9999997019767761,0.0120774170359273,1.4031067035233297e-08,0.003652057838316339,0.009080293735041205,0.027177197166953205,0.035579091084459266,0.18236966326434853,625
bayesfl_observability_v1,ola_lr0p02_b128_e1,32,ola,20,1,3,1,1,128,0.7203163504600525,0.7203163504600525,0.0,0.0,0.6666666666666666,0.7203163504600525,0.27750356282984434,0.04035434126853943,0.999230526292984,0.27750356282984434,,-0.0,2.311121424016332,,,,,,,,,,,,,0.7203163504600525,0.0,0.0018917222798716371,8.33182712085545e-05,0.0012192664435133338,4.071183204650879,1.0002953856635846,1.0000684261322021,1.0004949569702148,0.9998542422446847,0.9999657869338989,0.9999935626983643,0.01862639754235934,0.018007191601095113,0.032991523332341365,,,,,,,,,3.0,0.03630138611051247,0.0023255840973899376,1.0000005960464478,1.0000128746032715,1.0000336170196533,1.0001368522644043,1.0008065164089204,1.1965821981430054,0.0010997854657994691,0.9141737222671509,0.9997525811195374,0.9999315738677979,0.9999831914901733,0.9999976754188538,0.9999997019767761,0.012078622761848075,6.830674254397497e-07,0.003632674328517522,0.009087613493146116,0.02720597184756096,0.03558924816913169,0.17875699355119284,3
bayesfl_observability_v1,ola_lr0p02_b128_e1,32,ola,31,2,70,1,1,128,0.8527791500091553,0.8527791500091553,0.0,0.0,0.7571428571428571,0.8527791500091553,0.12389644421830412,0.015975505113601685,0.9998465614029527,0.12389644421830412,,1.0160542936625165,1.3094444340884457,,,,,,,,,,,,,0.8527791500091553,0.0,0.00037708384742522066,3.318812741781585e-05,0.00035019609495066115,0.6380417943000793,1.0002480517907755,1.0000627040863037,1.0004298686981201,0.999877020949475,0.9999686479568481,0.9999942779541016,0.0186232544942126,0.01800985849732998,0.032967025177678716,,,,,,,,,70.0,0.007251597048988656,0.0016806898274468387,1.0000005960464478,1.0000114440917969,1.0000298023223877,1.000117301940918,1.0006778240203857,1.0963852405548096,0.0008166748873948603,0.9550330638885498,0.9997851252555847,0.999941349029541,0.9999850988388062,0.999997615814209,0.9999997019767761,0.012051384899087095,9.753594117850412e-07,0.0036439890313800494,0.009068091163855083,0.027198275325534368,0.035591567434992984,0.17668689885603117,70
bayesfl_observability_v1,ola_lr0p02_b128_e1,33,ola,111,8,104,1,1,128,0.8936023712158203,0.8936023712158203,0.0,0.0,0.6923076923076923,0.8936023712158203,0.09480992085660664,0.01063208281993866,0.9999103476704961,0.09480992085660664,,1.3179184853439518,1.015282595513532,,,,,,,,,,,,,0.8936023712158203,0.0,0.00022081461878361073,2.0985227820347063e-05,0.0002599583705887201,0.2826032340526581,1.000241795702019,1.0000609159469604,1.0004206895828247,0.99988005990901,0.9999695420265198,0.9999942779541016,0.01863049315489823,0.018005307477924046,0.03299831648817629,,,,,,,,,104.0,0.0027555277040171946,0.0016054625082724656,1.0000005960464478,1.0000114440917969,1.0000299215316772,1.000115990638733,1.000665545463562,1.0908738374710083,0.0007814805620078897,0.957442581653595,0.9997897148132324,0.9999420046806335,0.9999850392341614,0.9999976754188538,0.9999997019767761,0.012076248482264122,9.010649211397631e-08,0.003628357816793164,0.009090001794402067,0.027213473792650076,0.035616188128003844,0.1773299089745077,104
bayesfl_observability_v1,ola_lr0p02_b128_e1,33,ola,199,15,66,1,1,128,1.0786875486373901,1.0786875486373901,0.0,0.0,0.5757575757575758,1.0786875486373901,0.200680860913696,0.03152891993522644,0.9995980853896127,0.200680860913696,,0.5771077249415074,1.7075923616880604,,,,,,,,,,,,,1.0786875486373901,0.0,0.000989309433495767,8.880822861101478e-05,0.0008174511836841705,2.4851810932159424,1.0002650824361083,1.0000653266906738,1.000448715686798,0.9998688353300446,0.9999673366546631,0.9999940395355225,0.01863129642966076,0.01800647360832193,0.03299604317063257,,,,,,,,,66.0,0.021231299817389533,0.0019416601196621025,1.0000005960464478,1.000011920928955,1.0000314712524414,1.0001219511032104,1.0007032811641694,1.1576186418533325,0.0009332622845918692,0.9294312000274658,0.9997757017612457,0.9999390244483948,0.9999842643737793,0.9999977350234985,0.9999997019767761,0.012087147405784007,7.946684594206359e-07,0.0036202942938258326,0.009087188676234537,0.027206287147258656,0.03560578269434974,0.1802590145079905,66
bayesfl_observability_v1,ola_lr0p02_b128_e1,33,ola,277,22,896,7,1,128,0.44447347096034456,0.44447327511651175,2.007224273776436e-07,2.007224273776436e-07,0.8950892857142857,0.44447327511651175,0.28101436811360975,0.03902606666088104,0.9992156864706826,0.28101436811360975,,1.0079628307563315,1.347582353346925,,,,,,,,,,,,,0.44447327511651175,2.007224273776436e-07,7.66524159240306e-05,1.088730732590193e-05,8.474335772916679e-05,0.15893231332302094,1.0002374285211775,1.0000604391098022,1.0004147291183472,0.9998822017000409,0.9999697804450989,0.9999944567680359,0.018648001945086597,0.01801340952390411,0.033034832335172105,,,,,,,,,896.0,0.0012085875893717247,0.001569131903169712,1.0000005960464478,1.0000110864639282,1.00002920627594,1.0001140832901,1.0006524980068208,1.0823912620544434,0.0007645045879338295,0.961186945438385,0.9997926950454712,0.99994295835495,0.99998539686203,0.9999977350234985,0.9999997019767761,0.012126559789669897,4.312355667465441e-09,0.0036351909522890176,0.009084984453886892,0.027209666604209357,0.035672818742517154,0.17745419547366376,896
bayesfl_observability_v1,ola_lr0p02_b128_e1,33,ola,279,22,12,1,1,128,0.4202960431575775,0.4202960431575775,0.0,0.0,0.9166666666666666,0.4202960431575775,0.06930305616107656,0.008048489689826965,0.9999521726018259,0.06930305616107656,,0.6172417697303416,1.6358465807671725,,,,,,,,,,,,,0.4202960431575775,0.0,0.00011798451122116767,1.4109423773334129e-05,0.00014812755398452282,0.1619453877210617,1.0002386782918309,1.0000609159469604,1.0004183173179626,0.9998815780481561,0.9999695420265198,0.9999942243099212,0.01863154536753079,0.01800305653018071,0.03300158748182633,,,,,,,,,12.0,0.001493137625683436,0.0015699880461631068,1.0000005960464478,1.0000115513801575,1.0000298023223877,1.000117152929306,1.0006576776504517,1.0823196172714233,0.0007649379584476786,0.9612187743186951,0.9997909009456635,0.999941423535347,0.9999850988388062,0.9999977350234985,0.9999997019767761,0.012075524075166473,2.5277467043105407e-07,0.00363423359871413,0.00909575336036223,0.027211551526397242,0.03560996786041362,0.18661890371965076,12
bayesfl_observability_v1,ola_lr0p02_b128_e1,33,ola,112,9,53,1,1,128,0.6617137789726257,0.6617137789726257,0.0,0.0,0.8301886792452831,0.6617137789726257,0.09591584651842301,0.011291522532701492,0.9999082644011418,0.09591584651842301,,0.7684671875616165,1.5586349016673413,,,,,,,,,,,,,0.6617137789726257,0.0,0.00022599612560259745,2.1642712454195134e-05,0.00023365492234006524,0.31874629855155945,1.0002419532827138,1.0000611543655396,1.0004217624664307,0.9998799912245695,0.9999694228172302,0.9999943375587463,0.018632206832065897,0.018010342424323755,0.032984725462397856,,,,,,,,,53.0,0.0033462243625962387,0.001614043101120336,1.0000005960464478,1.0000113248825073,1.00002920627594,1.0001157522201538,1.00066596865654,1.083535075187683,0.0007856723773329377,0.9606794714927673,0.9997891783714294,0.9999421238899231,0.99998539686203,0.9999976754188538,0.9999997019767761,0.012074967820003887,2.661657818455461e-07,0.0036293146861951543,0.009101067011867333,0.02721291602896185,0.035602255285982105,0.17654953940801826,53
bayesfl_observability_v1,ola_lr0p02_b128_e1,33,ola,116,9,205,2,1,128,0.7031382374647187,0.7031382150766327,2.691560419313047e-08,2.691560419313047e-08,0.7707317073170732,0.7031382150766327,0.15821945970826107,0.019000455737113953,0.9997503994155722,0.15821945970826107,,0.9545659472413177,1.3413563853720292,,,,,,,,,,,,,0.7031382150766327,2.691560419313047e-08,0.000199621354943522,2.019290332100354e-05,0.00019278734980616755,0.26547205448150635,1.0002411519214869,1.0000609159469604,1.0004197359085083,0.9998803829946487,0.9999695420265198,0.9999943971633911,0.018632803434898253,0.01799893030335087,0.0329986797379107,,,,,,,,,205.0,0.0028264424107377444,0.0016064791096321639,1.0000005960464478,1.0000112056732178,1.000029444694519,1.0001152753829956,1.0006600081920625,1.0903546810150146,0.0007820464224062376,0.9576704502105713,0.9997901916503906,0.9999423623085022,0.9999852776527405,0.9999976754188538,0.9999997019767761,0.012085777354412793,2.3280766783295853e-07,0.003622068689169335,0.009085061816346926,0.0272084153710872,0.035623425172072516,0.17568706281743632,205
bayesfl_observability_v1,ola_lr0p02_b128_e1,33,ola,291,23,331,3,1,128,0.3325802153961176,0.3325801812269897,3.338650265548116e-08,3.338650265548116e-08,0.945619335347432,0.3325801812269897,0.15787829524190813,0.030610278248786926,0.9997519662045437,0.15787829524190813,,0.6563087339558499,1.6124405973952192,,,,,,,,,,,,,0.3325801812269897,3.338650265548116e-08,8.848884543354976e-05,9.47628223002539e-06,8.981554856291041e-05,0.3477759063243866,1.0002377853068385,1.000060796737671,1.0004159212112427,0.9998820287622332,0.9999696016311646,0.9999943971633911,0.01863854798455801,0.017995854257367917,0.03299156642206812,,,,,,,,,331.0,0.0020183116490182455,0.0015741122844561911,1.0000005960464478,1.0000112056732178,1.0000290870666504,1.0001140832901,1.000654047727585,1.0823125839233398,0.0007666729603971339,0.9612218737602234,0.9997920989990234,0.99994295835495,0.9999854564666748,0.9999977350234985,0.9999997019767761,0.01209250225898588,3.358601074126139e-08,0.0036365167712060853,0.009095705881267433,0.027192532210628714,0.03564661534847171,0.18960347856673998,331
bayesfl_observability_v1,ola_lr0p02_b128_e1,33,ola,226,18,194,2,1,128,0.6743959117796003,0.674395881362797,3.399567231157956e-08,3.399567231157956e-08,0.8350515463917526,0.674395881362797,0.1716052729393926,0.021068304777145386,0.9997065258848831,0.1716052729393926,,0.9859708285056665,1.3182756176046706,,,,,,,,,,,,,0.674395881362797,3.399567231157956e-08,0.0002659506394897535,2.5273548089899123e-05,0.00028359298012219385,0.48425915837287903,1.0002431633758957,1.00006103515625,1.0004233121871948,0.9998794059921157,0.999969482421875,0.9999943971633911,0.01863672019142126,0.018013141380978905,0.03298687650001267,,,,,,,,,194.0,0.004741906758243678,0.0016311026354243485,1.0000005960464478,1.0000112056732178,1.0000293254852295,1.0001163482666016,1.0006660223007202,1.0866036415100098,0.0007935814894067698,0.9593220353126526,0.9997884035110474,0.9999418258666992,0.9999853372573853,0.9999976754188538,0.9999997019767761,0.012086785143240379,5.426043009188991e-07,0.0036352826602047824,0.009089599779436849,0.027209846824274644,0.0356393746400564,0.18103861174320326,194
bayesfl_observability_v1,ola_lr0p02_b128_e1,33,ola,218,17,3,1,1,128,0.18885691463947296,0.18885691463947296,0.0,0.0,1.0,0.18885691463947296,0.05781078468163276,0.00866401195526123,0.9999667185809351,0.05781078468163276,,-0.0,2.3292713582565514,,,,,,,,,,,,,0.18885691463947296,0.0,8.209902142581638e-05,4.17828914578422e-06,6.824734737165272e-05,0.18766270577907562,1.0002375915053552,1.0000606775283813,1.0004161715507507,0.9998821183958585,0.9999696612358093,0.9999943971633911,0.018631764452192518,0.018004346449265712,0.03298950356804195,,,,,,,,,3.0,0.0015721632364017308,0.0015674606642551128,1.0000005960464478,1.0000112056732178,1.00002920627594,1.000114768743515,1.0006543397903442,1.0825185775756836,0.0007637351408719459,0.9611304402351379,0.9997919738292694,0.9999426156282425,0.99998539686203,0.9999977350234985,0.9999997019767761,0.012071635647058486,1.180227550648822e-06,0.003628771102020504,0.009097354655115266,0.02721115926151921,0.035605107880104826,0.17790900638787413,3
bayesfl_observability_v1,ola_lr0p02_b128_e1,33,ola,224,17,90,1,1,128,0.9505228400230408,0.9505228400230408,0.0,0.0,0.7,0.9505228400230408,0.14480571400793377,0.02616751939058304,0.9997907292073818,0.14480571400793377,,0.6694250749067785,1.6387902561312846,,,,,,,,,,,,,0.9505228400230408,0.0,0.0005151001253042781,3.465100053290371e-05,0.0005517872108612212,1.7118476629257202,1.0002507131952685,1.0000624656677246,1.0004355907440186,0.9998757198041509,0.9999687671661377,0.999994158744812,0.018631251167478602,0.01799882091593321,0.032998350096135734,,,,,,,,,90.0,0.01173731612199477,0.001705369977214772,1.0000005960464478,1.000011682510376,1.0000300407409668,1.0001202821731567,1.0006819427013398,1.1004337072372437,0.0008278106032805536,0.953274667263031,0.9997822642326355,0.9999398589134216,0.9999849796295166,0.9999977350234985,0.9999997019767761,0.01207815621622223,3.379209006306627e-07,0.0036441091812074054,0.009089569661863644,0.02720406102303244,0.035604672785462,0.17533095272462215,90
bayesfl_observability_v1,ola_lr0p02_b128_e1,33,ola,160,12,379,3,1,128,0.30168962702744867,0.30168961735545485,1.2301592038191082e-08,1.2301592038191082e-08,0.9445910290237467,0.30168961735545485,0.09649786572034748,0.014501094818115234,0.9999075503830508,0.09649786572034748,,1.1782151454192733,1.120809894534982,,,,,,,,,,,,,0.30168961735545485,1.2301592038191082e-08,3.30095573827472e-05,4.699773398897378e-06,4.141458703088574e-05,0.0764838233590126,1.000236103890089,1.0000602006912231,1.0004132986068726,0.9998828514662217,0.9999698996543884,0.9999944567680359,0.0186366988762559,0.017990735282405218,0.03299988448862801,,,,,,,,,379.0,0.0005328301385575269,0.001558225411506406,1.0000005960464478,1.0000110864639282,1.0000290870666504,1.000113606452942,1.0006507098674775,1.0823283195495605,0.0007592511681404389,0.9612149000167847,0.9997934103012085,0.999943196773529,0.9999854564666748,0.9999977350234985,0.9999997019767761,0.012086788677542233,2.5665006997003546e-08,0.0036295888631710607,0.009096955439168912,0.027214927283119004,0.03564155780695383,0.18198863088307443,379
bayesfl_observability_v1,ola_lr0p02_b128_e1,33,ola,245,19,166,2,1,128,0.7592141789844237,0.7592141585177686,1.749286659300065e-08,1.749286659300065e-08,0.8012048192771084,0.7592141585177686,0.15435150668155975,0.018452122807502747,0.9997623971437631,0.15435150668155975,,0.4534650765650608,1.8353971806874023,,,,,,,,,,,,,0.7592141585177686,1.749286659300065e-08,0.00021101702213054696,2.156921436835546e-05,0.00021348896261770342,0.32985779643058777,1.0002414988478123,1.000061273574829,1.0004223704338073,0.9998801984141099,0.9999693632125854,0.9999943971633911,0.018633133824615664,0.01800392144181691,0.032991102406853406,,,,,,,,,166.0,0.0035500380147473897,0.0015963838063816408,1.0000005960464478,1.0000112056732178,1.0000295639038086,1.000115156173706,1.0006630420684814,1.0825574398040771,0.0007775804399079329,0.9611131548881531,0.9997888743877411,0.999942421913147,0.9999852180480957,0.9999976754188538,0.9999997019767761,0.012081923663081532,6.149892653417878e-07,0.0036161845416127847,0.009085970345114396,0.02720830837934551,0.03562333432645792,0.17471081571955815,166
bayesfl_observability_v1,ola_lr0p02_b128_e1,33,ola,93,7,103,1,1,128,0.6466336846351624,0.6466336846351624,0.0,0.0,0.8252427184466019,0.6466336846351624,0.0698586833739474,0.01070934534072876,0.999951359855414,0.0698586833739474,,1.1983912561963983,1.1190743533532796,,,,,,,,,,,,,0.6466336846351624,0.0,0.00011988394785454898,1.2668268027482554e-05,0.0001508385932538659,0.2867248058319092,1.0002387369898431,1.0000606775283813,1.0004186749458313,0.9998815558819285,0.9999696612358093,0.9999943971633911,0.018631187352398725,0.017995099794422917,0.03299232502031073,,,,,,,,,103.0,0.0018297926819234318,0.001576514113859027,1.0000005960464478,1.0000112056732178,1.00002920627594,1.0001143217086792,1.0006576776504517,1.082334041595459,0.0007678848000867995,0.9612123370170593,0.9997907221317291,0.9999428391456604,0.99998539686203,0.9999977350234985,0.9999997019767761,0.01207299440482279,2.15507546249699e-07,0.003634919952069603,0.009094926189754967,0.02720883866013367,0.03561734043823121,0.17658169478771907,103
bayesfl_observability_v1,ola_lr0p02_b128_e1,33,ola,75,6,1255,10,1,128,0.3443180095389545,0.3443179133878761,9.732540238800144e-08,9.732540238800144e-08,0.9250996015936255,0.3443179133878761,0.20125713869835143,0.02868013083934784,0.9996006048492208,0.20125713869835143,,1.2609117925786006,1.0481333848545875,,,,,,,,,,,,,0.3443179133878761,9.732540238800144e-08,2.3383131784135534e-05,4.334136747274897e-06,3.013528039446108e-05,0.05945884808897972,1.0002358127755455,1.0000600814819336,1.000412940979004,0.9998829940283265,0.9999699592590332,0.9999944567680359,0.018656378798625913,0.01800840685804244,0.03301293527768974,,,,,,,,,1255.0,0.0003822535477373455,0.0015555807075058711,1.0000005960464478,1.0000110864639282,1.0000290870666504,1.0001134872436523,1.0006498098373413,1.082340121269226,0.0007580080883189233,0.9612096548080444,0.9997935891151428,0.9999432563781738,0.9999854564666748,0.9999977350234985,0.9999997019767761,0.012133649620041608,1.609105794456993e-08,0.003632562229413444,0.009094060266064893,0.027209108806908605,0.0357113427567549,0.17276337674145248,1255
bayesfl_observability_v1,ola_lr0p02_b128_e1,33,ola,148,11,143,2,1,128,0.5608126135556014,0.5608126104294837,4.525812265746872e-09,4.525812265746872e-09,0.8811188811188811,0.5608126104294837,0.13831445615719218,0.015120606869459152,0.9998094307856018,0.13831445615719218,,0.8043283840341318,1.4893525926791222,,,,,,,,,,,,,0.5608126104294837,4.525812265746872e-09,0.0001422717680180119,1.4242433280742262e-05,0.00016484848893014715,0.17073605954647064,1.0002394170930722,1.0000609159469604,1.0004193782806396,0.9998812231273001,0.9999695420265198,0.9999943375587463,0.01863511038772077,0.01799641021728741,0.03300012522678393,,,,,,,,,143.0,0.002117797749856381,0.0015826899491985513,1.0000005960464478,1.0000113248825073,1.000029444694519,1.0001146793365479,1.0006576776504517,1.0823369026184082,0.0007709545337501886,0.961211085319519,0.999790370464325,0.9999426603317261,0.9999852776527405,0.9999976754188538,0.9999997019767761,0.012085682523804256,2.2014480013223024e-07,0.0036261061365983004,0.009083453674004014,0.02720680271493521,0.035638006929659946,0.17648882219624484,143
bayesfl_observability_v1,ola_lr0p02_b128_e1,34,ola,109,8,28,1,1,128,0.35227981209754944,0.35227981209754944,0.0,0.0,0.9642857142857143,0.35227981209754944,0.04466800881279133,0.006600514054298401,0.9999802134389412,0.04466800881279133,,0.8583093118876355,1.4436829998723784,,,,,,,,,,,,,0.35227981209754944,0.0,4.901324744995e-05,5.098730071040336e-06,6.306448922259733e-05,0.10891672968864441,1.0002328953832473,1.0000591278076172,1.0004071116447448,0.9998844369527011,0.9999704360961914,0.9999945163726807,0.01864620757799621,0.018008926516464824,0.03301514470549561,,,,,,,,,28.0,0.0007004601252035632,0.0015418865638103484,1.0000005960464478,1.0000109672546387,1.0000286102294922,1.0001118183135986,1.0006397426128388,1.0817724466323853,0.000751468700985471,0.9614618420600891,0.9997965037822724,0.9999440908432007,0.9999856948852539,0.9999977946281433,0.9999997019767761,0.012110077961606262,2.5535643069579303e-08,0.0036404687660653518,0.009093861898422661,0.027209017071706483,0.03568284645846785,0.1771534522200645,28
bayesfl_observability_v1,ola_lr0p02_b128_e1,34,ola,17,1,132,2,1,128,1.1045280478217385,1.1045280442093357,2.5407020864280858e-09,2.5407020864280858e-09,0.6212121212121212,1.1045280442093357,0.19324740157071382,0.017471708357334137,0.9996284938948377,0.19324740157071382,,1.2053659931842142,1.1004903769146668,,,,,,,,,,,,,1.1045280442093357,2.5407020864280858e-09,0.00046699883175833234,6.002648296998814e-05,0.0007083778851665559,0.4895699918270111,1.0002451900392404,1.0000628232955933,1.000428318977356,0.9998783819764703,0.9999685883522034,0.9999940991401672,0.018648434739504442,0.01800304369314501,0.03302426964779696,,,,,,,,,132.0,0.004846761391109641,0.0016215784206410273,1.0000005960464478,1.0000118017196655,1.0000300407409668,1.0001184940338135,1.0006687641143799,1.0961706638336182,0.0007891356110729409,0.9551265239715576,0.9997859001159668,0.9999407529830933,0.9999849796295166,0.9999977946281433,0.9999997019767761,0.012119721515179167,1.312709127841833e-07,0.0036243068620817245,0.009092866437783408,0.027223018073693723,0.03568474510982877,0.17365260806525262,132
bayesfl_observability_v1,ola_lr0p02_b128_e1,34,ola,52,4,24,1,1,128,0.7919542789459229,0.7919542789459229,0.0,0.0,0.8333333333333334,0.7919542789459229,0.1032985368851308,0.0158030167222023,0.9998938152415371,0.1032985368851308,,1.0880102622771117,1.1812023456676566,,,,,,,,,,,,,0.7919542789459229,0.0,0.000262125080167778,2.7252125619270373e-05,0.0002656563010532409,0.6243379712104797,1.0002391660835463,1.0000602006912231,1.000415563583374,0.9998813733582976,0.9999698996543884,0.999994158744812,0.01864493286234592,0.018001971528892602,0.03301833555215382,,,,,,,,,24.0,0.004597896111918855,0.0016051819486247335,1.0000005960464478,1.000011682510376,1.0000290870666504,1.0001145601272583,1.0006507635116577,1.1001343727111816,0.0007808947439460428,0.9534043669700623,0.9997922778129578,0.9999427199363708,0.9999854564666748,0.9999977350234985,0.9999997019767761,0.012111898891578897,5.369338432402164e-07,0.003633492777120543,0.009094477023000997,0.02721096681938732,0.035662791498677335,0.18264345501708046,24
bayesfl_observability_v1,ola_lr0p02_b128_e1,34,ola,186,14,2,1,1,128,0.7455754280090332,0.7455754280090332,0.0,0.0,0.5,0.7455754280090332,0.2532435324336608,0.03543677181005478,0.9993622138715358,0.2532435324336608,,-0.0,2.28098669344155,,,,,,,,,,,,,0.7455754280090332,0.0,0.0015754222952301354,6.511585525004193e-05,0.0012439567362889647,3.1394126415252686,1.0002777921622847,1.0000662803649902,1.0004879355430603,0.9998624142769267,0.9999668598175049,0.9999932646751404,0.018652093521894737,0.01800439089421777,0.03301723312965275,,,,,,,,,2.0,0.02444415384600317,0.0018872312985824173,1.0000005960464478,1.0000134706497192,1.000032663345337,1.000138282775879,1.0007553219795227,1.1175943613052368,0.0009107848198872838,0.945927619934082,0.9997561514377594,0.9999308586120605,0.9999836683273315,0.9999975562095642,0.9999997019767761,0.012129121867380266,7.188637006288873e-08,0.003626810131548781,0.009082080197650517,0.027215371523733586,0.035728828500576425,0.17686367335384653,2
bayesfl_observability_v1,ola_lr0p02_b128_e1,34,ola,250,20,178,2,1,128,0.5032618635156182,0.5032618551441793,5.9024485673607356e-09,5.9024485673607356e-09,0.898876404494382,0.5032618551441793,0.1106265513931461,0.011765100061893463,0.9998785046186086,0.1106265513931461,,1.1913948887090147,1.0967669956015758,,,,,,,,,,,,,0.5032618551441793,5.9024485673607356e-09,8.25534459245491e-05,1.0773718713608105e-05,9.923070538206965e-05,0.08658431470394135,1.00023388120202,1.0000592470169067,1.0004081726074219,0.9998839511031005,0.9999703764915466,0.9999945163726807,0.01864944485648971,0.018008769648799425,0.03302028125445411,,,,,,,,,178.0,0.0010546865404241189,0.0015479882894326937,1.0000005960464478,1.0000109672546387,1.0000287294387817,1.0001120567321777,1.0006421267986298,1.0819441080093384,0.0007544299453011539,0.9613855481147766,0.9997959733009338,0.9999439716339111,0.9999856352806091,0.9999977946281433,0.9999997019767761,0.012121236872448225,1.5502297238675392e-07,0.003625981408695783,0.009084719365009264,0.027215876947820704,0.03570007427103187,0.1747789045892701,178
bayesfl_observability_v1,ola_lr0p02_b128_e1,34,ola,251,20,36,1,1,128,0.9043261408805847,0.9043261408805847,0.0,0.0,0.8055555555555556,0.9043261408805847,0.14460144363536365,0.024684540927410126,0.999791978032154,0.14460144363536365,,0.7570449135276909,1.610651168463865,,,,,,,,,,,,,0.9043261408805847,0.0,0.0005136478911728311,5.2875861001666635e-05,0.0005736149672884498,1.523316740989685,1.0002465613665885,1.0000624656677246,1.0004260540008545,0.9998777519471169,0.9999687671661377,0.9999942183494568,0.01864673793896708,0.018004863685776633,0.033023966225584456,,,,,,,,,36.0,0.010674161543117407,0.0016691300120554465,1.0000005960464478,1.0000115633010864,1.000030279159546,1.0001200437545776,1.0006680488586426,1.0969839096069336,0.0008111561364234806,0.954772412776947,0.9997870326042175,0.9999399781227112,0.999984860420227,0.9999976754188538,0.9999997019767761,0.01211774856107981,3.584298667295466e-07,0.0036389702492378518,0.009078890193207383,0.027214985909526083,0.03565841034745449,0.178952165982217,36
bayesfl_observability_v1,ola_lr0p02_b128_e1,34,ola,202,16,344,3,1,128,0.3384539824585582,0.33845395230969716,2.8656305524892497e-08,2.8656305524892497e-08,0.9302325581395349,0.33845395230969716,0.14814525821438837,0.023752853274345398,0.9997820304425686,0.14814525821438837,,0.7151651242351365,1.5572907521493602,,,,,,,,,,,,,0.33845395230969716,2.8656305524892497e-08,7.293098763675231e-05,9.497681276116055e-06,9.075655616470614e-05,0.185930997133255,1.000233598100749,1.0000596046447754,1.0004078149795532,0.9998840864589995,0.9999701976776123,0.9999945163726807,0.0186509366546992,0.018011677667158225,0.033026135798475215,,,,,,,,,344.0,0.0012744363262654098,0.0015424520179037125,1.0000005960464478,1.0000109672546387,1.0000289678573608,1.0001119375228882,1.000641107559204,1.082179307937622,0.0007518233374836504,0.9612810611724854,0.9997961521148682,0.9999440312385559,0.9999855160713196,0.9999977946281433,0.9999997019767761,0.012124935051300384,1.9701288593211547e-07,0.0036391485916976414,0.0090903479845676,0.027237353450910867,0.03571561933048656,0.18621489883261677,344
bayesfl_observability_v1,ola_lr0p02_b128_e1,34,ola,142,11,1305,11,1,128,0.4445007384051765,0.44450059003300135,1.4525450518062844e-07,1.4525450518062844e-07,0.871264367816092,0.44450059003300135,0.2396613819852795,0.02501750737428665,0.9994352709885922,0.2396613819852795,,1.0393456977703441,1.2528709717652187,,,,,,,,,,,,,0.44450059003300135,1.4525450518062844e-07,4.981406386181377e-05,8.502994205628056e-06,5.768226947111543e-05,0.0840504840016365,1.0002329202219324,1.0000593662261963,1.0004067420959473,0.9998844267443002,0.9999703168869019,0.9999945759773254,0.018673640609342654,0.018003184583494793,0.033056463152649825,,,,,,,,,1305.0,0.0007499155621593135,0.0015438905450003665,1.0000005960464478,1.0000108480453491,1.0000286102294922,1.0001115798950195,1.000639146566391,1.0842435359954834,0.0007523998779467321,0.9603655338287354,0.9997966885566711,0.9999442100524902,0.9999856948852539,0.9999977946281433,0.9999997019767761,0.012188023773969029,1.3266023821179425e-07,0.003630070181272026,0.009080680939101412,0.027230867580548206,0.03578658351300561,0.18710938914450617,1305
bayesfl_observability_v1,ola_lr0p02_b128_e1,34,ola,160,12,379,3,1,128,0.2791782942720957,0.2791782795675197,1.3166461333105507e-08,1.3166461333105507e-08,0.9525065963060686,0.2791782795675197,0.09525084100329416,0.018018588423728943,0.9999101802982113,0.09525084100329416,,1.1782151454192733,1.120809894534982,,,,,,,,,,,,,0.2791782795675197,1.3166461333105507e-08,2.9977782115788235e-05,3.4840163607441355e-06,3.736093785846606e-05,0.10618870705366135,1.0002323344190263,1.0000590085983276,1.0004056811332702,0.9998847141848738,0.9999704957008362,0.9999945759773254,0.01865185770739553,0.01799416047792214,0.03302958239272302,,,,,,,,,379.0,0.000583233745930196,0.0015390616388080674,1.0000005960464478,1.0000108480453491,1.0000284910202026,1.00011146068573,1.0006380200386047,1.0817818641662598,0.0007501093735864752,0.9614576697349548,0.9997972190380097,0.999944269657135,0.9999857544898987,0.9999977946281433,0.9999997019767761,0.012124649876445832,1.9666817465769082e-07,0.0036371770152705,0.009088856835702763,0.027219655397701784,0.03570695062959961,0.18348510050929598,379
bayesfl_observability_v1,ola_lr0p02_b128_e1,34,ola,226,18,194,2,1,128,0.6952117027081165,0.6952116621523788,3.7070507982882434e-08,3.7070507982882434e-08,0.7783505154639175,0.6952116621523788,0.18987657511253236,0.025604426860809326,0.9996415410510028,0.18987657511253236,,0.9859708285056665,1.3182756176046706,,,,,,,,,,,,,0.6952116621523788,3.7070507982882434e-08,0.00029635484410150406,2.573513484094292e-05,0.00029591486963909125,0.5465432405471802,1.0002401705152266,1.000059723854065,1.0004167675971984,0.9998808876680019,0.9999701380729675,0.9999945163726807,0.018651206532628736,0.018003006706389758,0.03300270206355668,,,,,,,,,194.0,0.005550888947155457,0.0016188452710089083,1.0000005960464478,1.0000109672546387,1.0000290870666504,1.0001144409179688,1.0006567239761353,1.086795449256897,0.0007877794462371685,0.9592373967170715,0.9997916758060456,0.9999427795410156,0.9999854564666748,0.9999977946281433,0.9999997019767761,0.012121853487943894,1.8370629056923728e-09,0.0036498495692120917,0.009094007852099307,0.02721683044067449,0.03570313117925984,0.18108320378836104,194
bayesfl_observability_v1,ola_lr0p02_b128_e1,34,ola,31,2,70,1,1,128,1.1521375179290771,1.1521375179290771,0.0,0.0,0.6285714285714286,1.1521375179290771,0.16442936217195314,0.021113798022270203,0.9997309577715033,0.16442936217195314,,1.0160542936625165,1.3094444340884457,,,,,,,,,,,,,1.1521375179290771,0.0,0.0006641695888994642,6.550662874360569e-05,0.000633809657301754,1.1144812107086182,1.0002509883886894,1.0000624656677246,1.0004308342933654,0.9998756353895194,0.9999687671661377,0.9999942183494568,0.01864784019183571,0.01800522214355727,0.033008430356512304,,,,,,,,,70.0,0.012814371393003232,0.001748667367302641,1.0000005960464478,1.0000115633010864,1.0000300407409668,1.0001180171966553,1.0006757438182832,1.1036313772201538,0.0008479968488341821,0.9518926739692688,0.9997846424579621,0.9999409914016724,0.9999849796295166,0.9999977350234985,0.9999997019767761,0.012114791911969095,6.583726881305853e-07,0.003632630554809328,0.009092075352102822,0.02722088956294683,0.035681910396405225,0.1753231442501373,70
bayesfl_observability_v1,ola_lr0p02_b128_e1,34,ola,199,15,66,1,1,128,1.1274694204330444,1.1274694204330444,0.0,0.0,0.5909090909090909,1.1274694204330444,0.20148086100786655,0.03257562965154648,0.9995961418132338,0.20148086100786655,,0.5771077249415074,1.7075923616880604,,,,,,,,,,,,,1.1274694204330444,0.0,0.0009972128521343088,0.00010020955232903361,0.0008193128160201013,2.6529297828674316,1.0002607837821595,1.0000646114349365,1.0004407286643981,0.9998709519421104,0.9999676942825317,0.9999939799308777,0.01864715565183416,0.01800095099250327,0.03301930117683747,,,,,,,,,66.0,0.021840521397318475,0.0019188353531121723,1.0000005960464478,1.0000120401382446,1.0000311136245728,1.0001190900802612,1.0006901025772095,1.1597988605499268,0.0009221031526365704,0.9285572171211243,0.9997796952724457,0.9999404549598694,0.9999844431877136,0.9999977946281433,0.9999997019767761,0.012126222805465955,1.9471318616776728e-07,0.0036361891724840407,0.00908786924479272,0.027207014945810428,0.03568092605195592,0.17982416671167065,66
bayesfl_observability_v1,ola_lr0p02_b128_e1,34,ola,76,6,933,8,1,128,0.1170086104518635,0.11700850332481237,1.0726399731751057e-07,1.0726399731751057e-07,0.984994640943194,0.11700850332481237,0.20782165024457014,0.04565399885177612,0.9995711157991215,0.20782165024457014,,0.0076666405810588475,2.3077806594899846,,,,,,,,,,,,,0.11700850332481237,1.0726399731751057e-07,3.811337942211229e-05,3.0338460419443436e-06,3.785955050261691e-05,0.18303173780441284,1.000232575261149,1.0000590085983276,1.000406277179718,0.9998845964596972,0.9999704957008362,0.9999945163726807,0.01865418636479659,0.01799800759574463,0.033035689879809114,,,,,,,,,933.0,0.0009954936177566855,0.0015414952849190798,1.0000005960464478,1.0000109672546387,1.0000284910202026,1.000111699104309,1.000638484954834,1.081772804260254,0.0007512220957703221,0.9614616632461548,0.9997969210147858,0.9999441504478455,0.9999857544898987,0.9999977946281433,0.9999997019767761,0.012133447813768556,9.982862318641433e-08,0.0036175121591328417,0.009102545256365219,0.027232716883013302,0.03572164671392732,0.20781803291431927,933
bayesfl_observability_v1,ola_lr0p02_b128_e1,34,ola,277,22,896,7,1,128,0.40505754734788624,0.40505737492016386,1.732018150489369e-07,1.732018150489369e-07,0.9040178571428571,0.40505737492016386,0.25909587521211436,0.03777093440294266,0.999335299685045,0.25909587521211436,,1.0079628307563315,1.347582353346925,,,,,,,,,,,,,0.40505737492016386,1.732018150489369e-07,6.73370786489252e-05,9.501668500888627e-06,7.87654731539079e-05,0.13269169628620148,1.0002334341150587,1.0000592470169067,1.0004068613052368,0.9998841746969496,0.9999703764915466,0.9999945759773254,0.018661882364326823,0.018015946269546924,0.033059614541044835,,,,,,,,,896.0,0.0010223694700384376,0.0015481292148937088,1.0000005960464478,1.0000108480453491,1.0000286102294922,1.0001118183135986,1.0006402730941772,1.0818487405776978,0.000754491746525044,0.9614279270172119,0.9997966289520264,0.9999440908432007,0.9999856948852539,0.9999977946281433,0.9999997019767761,0.012161596149990798,3.497639771379392e-07,0.0036266446310199603,0.009073197435533628,0.027221587247591966,0.03574296955654888,0.17812544847519055,896
bayesfl_observability_v1,ola_lr0p02_b128_e1,34,ola,244,19,1260,10,1,128,0.4570428176531716,0.4570427150007278,1.0513942934194925e-07,1.0513942934194925e-07,0.8960317460317461,0.4570427150007278,0.2248304440172659,0.027236729860305786,0.9995031770316719,0.2248304440172659,,1.3323327101463387,1.0014916603766353,,,,,,,,,,,,,0.4570427150007278,1.0513942934194925e-07,2.4466397348939568e-05,5.298908945405856e-06,3.901364689227197e-05,0.026564741507172585,1.0002321724164482,1.0000590085983276,1.0004056692123413,0.9998847925810586,0.9999704957008362,0.9999945759773254,0.018672147795048326,0.018008997512176283,0.03306710855936241,,,,,,,,,1260.0,0.00024655283374636967,0.0015366718340751291,1.0000005960464478,1.0000108480453491,1.0000286102294922,1.0001115798950195,1.000637835264206,1.081797480583191,0.0007490142115951996,0.9614506959915161,0.9997972249984741,0.9999442100524902,0.9999856948852539,0.9999977946281433,0.9999997019767761,0.01218481207252235,4.592276193378599e-07,0.0036215323957161693,0.00908125150258554,0.027244485344192992,0.03579091342795623,0.190249709446292,1260
bayesfl_observability_v1,ola_lr0p02_b128_e1,35,ola,69,5,1,1,1,128,2.227794647216797,2.227794647216797,0.0,0.0,0.0,2.227794647216797,0.6566285340531338,0.07463707029819489,0.995745860530229,0.6566285340531338,,-0.0,2.259365973874069,,,,,,,,,,,,,2.227794647216797,0.0,0.010591555724145997,0.0007055501919239759,0.01575276255607605,13.92673397064209,1.0005299462917876,1.0000855922698975,1.0009890794754028,0.9997403479025384,0.9999572038650513,0.9999926686286926,0.018705300912010735,0.018008358579164177,0.033152424128224604,,,,,,,,,1.0,0.11920262255378211,0.003972669390566283,1.0000005960464478,1.0000146627426147,1.0000438690185547,1.0001932382583618,1.0020525574684143,1.4348723888397217,0.0017790706203941065,0.8348209857940674,0.9995058178901672,0.9999033808708191,0.9999780654907227,0.9999978542327881,0.9999997019767761,0.012279566950736578,2.1581203295188515e-07,0.003644330884189477,0.009070376443387412,0.02726343857609089,0.035918628140885235,0.255248546833859,1
bayesfl_observability_v1,ola_lr0p02_b128_e1,35,ola,258,20,50,1,1,128,0.2982694208621979,0.2982694208621979,0.0,0.0,0.98,0.2982694208621979,0.0678871220185259,0.011782795190811157,0.9999543401036025,0.0678871220185259,,-0.0,2.259365973874069,,,,,,,,,,,,,0.2982694208621979,0.0,0.00011321268572962342,1.2139286809542682e-05,0.00011995327076874673,0.3470858633518219,1.000230564961701,1.000058650970459,1.0004013895988464,0.9998855829689866,0.9999706745147705,0.9999944567680359,0.018663000756989682,0.018006378486167415,0.033051701337939145,,,,,,,,,50.0,0.0023256841162174365,0.001524770395557621,1.0000005960464478,1.0000110864639282,1.0000284910202026,1.000110387802124,1.000630271434784,1.0829933881759644,0.0007433948567160101,0.9609196782112122,0.9997993648052216,0.999944806098938,0.9999857544898987,0.9999978542327881,0.9999997019767761,0.012156851955419346,5.42795020534543e-07,0.003638696807336158,0.009094447203849903,0.027241754682940784,0.03574826937762818,0.18222047819646178,50
bayesfl_observability_v1,ola_lr0p02_b128_e1,35,ola,290,23,47,1,1,128,0.3601292073726654,0.3601292073726654,0.0,0.0,0.9574468085106383,0.3601292073726654,0.08985489854155153,0.015954285860061646,0.9999200834224733,0.08985489854155153,,-0.0,2.185987945410232,,,,,,,,,,,,,0.3601292073726654,0.0,0.00019833702004455755,2.1880910935578868e-05,0.00018394214566797018,0.6363475918769836,1.0002329983563183,1.000058650970459,1.0004035234451294,0.9998843779032809,0.9999706745147705,0.9999944567680359,0.018665052686515395,0.01799264861997546,0.03305943518791109,,,,,,,,,47.0,0.0040160726721718675,0.00153480882265091,1.0000005960464478,1.0000110864639282,1.0000286102294922,1.000113844871521,1.0006357431411743,1.0812925100326538,0.0007483003459495449,0.9616751670837402,0.9997982978820801,0.9999430775642395,0.9999856948852539,0.9999976754188538,0.9999997019767761,0.01216344104931323,2.130010908509667e-07,0.003629878818810743,0.009095032934468776,0.027230939913082893,0.03575407761564738,0.19472359926755478,47
bayesfl_observability_v1,ola_lr0p02_b128_e1,35,ola,134,10,326,3,1,128,0.7218453917949478,0.7218451410349161,2.516875955583924e-07,2.516875955583924e-07,0.7607361963190185,0.7218451410349161,0.29480548749999536,0.040304996073246,0.999138968653369,0.29480548749999536,,0.4149757414196952,1.8961001489773186,,,,,,,,,,,,,0.7218451410349161,2.516875955583924e-07,0.000666382429782272,5.153677557245828e-05,0.0006490209489129489,1.1676361560821533,1.0002463711916352,1.0000604391098022,1.0004201054573059,0.9998779038654583,0.9999697804450989,0.9999944567680359,0.018670943818666123,0.01801178175668562,0.03304727895466045,,,,,,,,,326.0,0.012814611297812105,0.0017166841727691718,1.0000005960464478,1.0000110864639282,1.00002920627594,1.0001156330108643,1.0006645381450654,1.0992525815963745,0.000833077227753654,0.9537866711616516,0.9997900068759918,0.9999421834945679,0.99998539686203,0.9999977946281433,0.9999997019767761,0.012177426816081622,2.1074089584324225e-07,0.003634871293056801,0.009083156672082428,0.02723865033863542,0.03577346819299869,0.1814944913836928,326
bayesfl_observability_v1,ola_lr0p02_b128_e1,35,ola,135,10,2,1,1,128,0.4873921871185303,0.4873921871185303,0.0,0.0,1.0,0.4873921871185303,0.2092396728555178,0.034012772142887115,0.9995663769780689,0.2092396728555178,,-0.0,2.3096097079310103,,,,,,,,,,,,,0.4873921871185303,0.0,0.0010754948112287107,5.161705848877318e-05,0.0010560470400378108,2.8921730518341064,1.0002580589637595,1.0000627040863037,1.0004618287086486,0.9998720726986068,0.9999686479568481,0.9999937415122986,0.018670654187020914,0.018013818870696204,0.033077927547152365,,,,,,,,,2.0,0.017274538885138906,0.0017274735908650648,1.0000005960464478,1.0000125169754028,1.0000299215316772,1.0001236200332642,1.0007184207439423,1.1303329467773438,0.0008363956074189968,0.940582275390625,0.9997692048549652,0.9999381899833679,0.9999850392341614,0.9999977946281433,0.9999997019767761,0.012174400852497862,2.1954241053808366e-07,0.0036330204551935385,0.009083279775110184,0.027227353233079253,0.03574779654108388,0.1767371666497653,2
bayesfl_observability_v1,ola_lr0p02_b128_e1,35,ola,162,13,1,1,1,128,0.004268938675522804,0.004268938675522804,0.0,0.0,1.0,0.004268938675522804,0.003679815981998005,0.0006773918867111206,0.9999998658269552,0.003679815981998005,,-0.0,2.3155014849272724,,,,,,,,,,,,,0.004268938675522804,0.0,3.3263847775345013e-07,6.196879009934264e-09,3.808899009527522e-07,0.0011471443576738238,1.0002273399550847,1.0000576972961426,1.0003965020179748,0.9998871766942253,0.9999711513519287,0.9999946355819702,0.018659620863193872,0.017998032247052313,0.033045331739319894,,,,,,,,,1.0,7.129050252115826e-06,0.0015081372128253937,1.0000005960464478,1.0000107288360596,1.0000278949737549,1.000109076499939,1.000623345375061,1.0812742710113525,0.0007354109346850249,0.9616832733154297,0.9998018085956574,0.9999454617500305,0.9999860525131226,0.9999978542327881,0.9999997019767761,0.012147581567164816,6.127084265586408e-07,0.0036330036232934126,0.009092177375507554,0.027240900689475496,0.03574381098922503,0.17845984145320895,1
bayesfl_observability_v1,ola_lr0p02_b128_e1,35,ola,172,13,289,3,1,128,0.35095746016007395,0.3509574418558794,1.3928767331377444e-08,1.3928767331377444e-08,0.9550173010380623,0.3509574418558794,0.11173018735419338,0.021194562315940857,0.9998768541704108,0.11173018735419338,,1.2787090971089894,1.0140274784545764,,,,,,,,,,,,,0.3509574418558794,1.3928767331377444e-08,4.5749531788147215e-05,5.779827461083187e-06,4.629731556633491e-05,0.1699204444885254,1.0002286373227731,1.0000579357147217,1.0003983974456787,0.9998865395851732,0.9999710321426392,0.9999946355819702,0.018670679194507062,0.01799270308501104,0.033063153037030765,,,,,,,,,289.0,0.0009422151299532865,0.0015186172730997697,1.0000005960464478,1.0000107288360596,1.0000280141830444,1.0001096725463867,1.000625729560852,1.0813466310501099,0.0007403465214682222,0.961651086807251,0.9998008608818054,0.9999451637268066,0.9999859929084778,0.9999978542327881,0.9999997019767761,0.012175735521023034,3.034632221956603e-07,0.0036364723461370604,0.009084091401182303,0.027231798493583235,0.0358014399500572,0.1822384040839751,289
bayesfl_observability_v1,ola_lr0p02_b128_e1,35,ola,228,18,56,1,1,128,0.43029579520225525,0.43029579520225525,0.0,0.0,0.9464285714285714,0.43029579520225525,0.07424979059902209,0.013053536415100098,0.9999454552031176,0.07424979059902209,,0.42008907680192553,1.7809840036757387,,,,,,,,,,,,,0.43029579520225525,0.0,0.00013542868943523153,1.4653006473963615e-05,0.00013139143120497474,0.4259869456291199,1.0002311998902669,1.0000581741333008,1.0004017353057861,0.9998852669226347,0.9999709129333496,0.9999945163726807,0.01866483772570363,0.01799757822406904,0.03305663607613386,,,,,,,,,56.0,0.002635463090820042,0.0015258624464216536,1.0000005960464478,1.0000109672546387,1.000028371810913,1.0001126527786255,1.0006319284439087,1.0812876224517822,0.0007439994240169245,0.9616773128509521,0.9997991919517517,0.9999436736106873,0.9999858140945435,0.9999977678060532,0.9999997019767761,0.012161391652542748,3.1155382714108193e-07,0.003634680501684051,0.00909691370348413,0.027233650840087397,0.03575779539070996,0.19119154874001404,56
bayesfl_observability_v1,ola_lr0p02_b128_e1,35,ola,232,18,8,1,1,128,1.7205240726470947,1.7205240726470947,0.0,0.0,0.625,1.7205240726470947,0.30370284418692267,0.04224636033177376,0.9990856187936712,0.30370284418692267,,0.5623351446188083,1.7608662639259458,,,,,,,,,,,,,1.7205240726470947,0.0,0.002265781209906992,0.00014324051153380424,0.0024183826055377737,4.461887359619141,1.0002920689945478,1.0000656843185425,1.0004866242408752,0.999855801509103,0.9999671578407288,0.9999938011169434,0.018669224072442887,0.018008980215109285,0.03304164060092316,,,,,,,,,8.0,0.039584240324306325,0.002256375784460325,1.0000005960464478,1.0000123977661133,1.0000327825546265,1.0001380443572998,1.0007765293121338,1.172229290008545,0.0010739435622659954,0.9236208200454712,0.999756807088852,0.9999309778213501,0.9999836087226868,0.9999977350234985,0.9999997019767761,0.012173483978488995,2.6534952369803085e-07,0.0036390589512940857,0.009079894985261057,0.027223914455721896,0.03576127098031053,0.17564474685819748,8
bayesfl_observability_v1,ola_lr0p02_b128_e1,35,ola,14,1,33,1,1,128,0.725092887878418,0.725092887878418,0.0,0.0,0.8181818181818182,0.725092887878418,0.10689461553646769,0.01627381145954132,0.9998867915483185,0.10689461553646769,,1.0471745538422783,1.2699740071398617,,,,,,,,,,,,,0.725092887878418,0.0,0.0002806932382099532,2.864375255740015e-05,0.0002583320892881602,0.6620919108390808,1.0002353492825184,1.0000598430633545,1.0004104375839233,0.9998832541768017,0.9999700784683228,0.9999940991401672,0.01866442811123019,0.018005876087525883,0.0330446436646628,,,,,,,,,33.0,0.005189366886907555,0.0015817888285687195,1.0000005960464478,1.0000118017196655,1.0000284910202026,1.0001119375228882,1.0006418228149414,1.1001912355422974,0.0007696999173534757,0.9533796906471252,0.9997948408126831,0.9999440312385559,0.9999857544898987,0.9999978542327881,0.9999997019767761,0.012162620130501716,7.092909071048118e-07,0.0036201960699781227,0.009092117080759764,0.027230926300276452,0.03574535039466755,0.17611177774220554,33
bayesfl_observability_v1,ola_lr0p02_b128_e1,35,ola,141,11,30,1,1,128,0.4386991560459137,0.4386991560459137,0.0,0.0,1.0,0.4386991560459137,0.06050098431446435,0.0059169381856918335,0.9999638365213988,0.06050098431446435,,1.5190465305721117,0.7674065092926465,,,,,,,,,,,,,0.4386991560459137,0.0,8.991768824575229e-05,1.0084707355417777e-05,0.00010790305532282218,0.087525375187397,1.0002299010618925,1.0000582933425903,1.0004010319709777,0.9998859139255776,0.9999708533287048,0.9999945163726807,0.018665186878751707,0.018008742714379807,0.03304671737955519,,,,,,,,,30.0,0.0009067604968398338,0.0015239604019825774,1.0000005960464478,1.0000109672546387,1.000028371810913,1.000110387802124,1.0006287217140197,1.082194447517395,0.0007430010416517072,0.9612743258476257,0.9997995436191559,0.999944806098938,0.9999858140945435,0.9999978542327881,0.9999997019767761,0.012160695617242085,5.25043234265991e-09,0.003630749492230918,0.009094884547350015,0.02724229165738366,0.03575374864465155,0.17736980532122334,30
bayesfl_observability_v1,ola_lr0p02_b128_e1,35,ola,277,22,896,7,1,128,0.3629917630127498,0.3629916438034603,1.2134587379364348e-07,1.2134587379364348e-07,0.9274553571428571,0.3629916438034603,0.23399907237754952,0.031520456075668335,0.9994601508775478,0.23399907237754952,,1.0079628307563315,1.347582353346925,,,,,,,,,,,,,0.3629916438034603,1.2134587379364348e-07,4.9818128415774165e-05,7.705990810791263e-06,5.873751433682628e-05,0.0967235416173935,1.0002287536411467,1.0000579357147217,1.0003985166549683,0.9998864820204515,0.9999710321426392,0.9999946355819702,0.018679338028923645,0.018012586601440464,0.03310252412437832,,,,,,,,,896.0,0.0007591925196008742,0.001519041412224571,1.0000005960464478,1.0000107288360596,1.000028133392334,1.0001096725463867,1.0006257951259614,1.0813485383987427,0.0007406226274011834,0.9616502523422241,0.9998008012771606,0.9999451637268066,0.999985933303833,0.9999978542327881,0.9999997019767761,0.01220699175412855,1.1847663440655274e-07,0.0036234983914176723,0.00907617886875947,0.027229792503847286,0.035807874713650906,0.17767189827595037,896
bayesfl_observability_v1,ola_lr0p02_b128_e1,35,ola,280,22,64,1,1,128,0.630882740020752,0.630882740020752,0.0,0.0,0.84375,0.630882740020752,0.12160241285306642,0.0245678573846817,0.9998534660296456,0.12160241285306642,,0.2899701528409824,2.0294816997969796,,,,,,,,,,,,,0.630882740020752,0.0,0.0003632491714056393,3.404969538678415e-05,0.00033612915140111,1.5089483261108398,1.0002377114045757,1.0000606775283813,1.000410795211792,0.9998821078284358,0.9999696612358093,0.9999943971633911,0.018665543390242807,0.01799981374925791,0.03305733440927457,,,,,,,,,64.0,0.009059413981965641,0.0016126317199948014,1.0000005960464478,1.0000112056732178,1.0000284910202026,1.0001124143600464,1.0006448030471802,1.107487678527832,0.0007835581823978266,0.9502339363098145,0.9997946619987488,0.9999437928199768,0.9999857544898987,0.9999978542327881,0.9999997019767761,0.012162433034639064,6.897867828823626e-07,0.0036370753561731986,0.00907976975960735,0.027219163376359462,0.03576291272072241,0.17580305055058168,64
bayesfl_observability_v1,ola_lr0p02_b128_e1,35,ola,35,2,12,1,1,128,0.9372963905334473,0.9372963905334473,0.0,0.0,0.8333333333333334,0.9372963905334473,0.11038645922150035,0.012585848569869995,0.999879306339372,0.11038645922150035,,0.8981370031878679,1.419319868930796,,,,,,,,,,,,,0.9372963905334473,0.0,0.00029933111743879714,3.110555553575978e-05,0.00035434920573607087,0.39600926637649536,1.000235883672099,1.0000604391098022,1.000407099723816,0.999882979887085,0.9999697804450989,0.9999943375587463,0.01866473558009254,0.018015568619127877,0.03305256697797547,,,,,,,,,12.0,0.003945238359046811,0.0015748570098833958,1.0000005960464478,1.0000113248825073,1.0000293254852295,1.0001131296157837,1.0006394386291504,1.0925887823104858,0.0007669177118401443,0.9566909074783325,0.9997965097427368,0.9999434351921082,0.9999853372573853,0.9999975562095642,0.9999997019767761,0.012164647523521211,9.131864455904144e-07,0.0036341176707008196,0.009084938450383818,0.0272252606907524,0.03573971657530363,0.17674530772357416,12
bayesfl_observability_v1,ola_lr0p02_b128_e1,35,ola,224,17,90,1,1,128,0.8767330646514893,0.8767330646514893,0.0,0.0,0.7333333333333333,0.8767330646514893,0.13296034210970703,0.023924164474010468,0.9998247332476675,0.13296034210970703,,0.6694250749067785,1.6387902561312846,,,,,,,,,,,,,0.8767330646514893,0.0,0.0004342746628261731,2.9580276532215066e-05,0.00045590786612592697,1.4309144020080566,1.000239739102231,1.0000602006912231,1.0004149794578552,0.9998811064803601,0.9999698996543884,0.9999943971633911,0.01866396060129941,0.018008987229432942,0.0330567165643276,,,,,,,,,90.0,0.009439608179832125,0.0016220352271868884,1.0000005960464478,1.0000112056732178,1.0000284910202026,1.0001156330108643,1.0006502866744995,1.0885827541351318,0.0007888940197209018,0.9584496021270752,0.9997925698757172,0.9999421834945679,0.9999857544898987,0.9999978542327881,0.9999997019767761,0.01216178511072854,1.7366877625446643e-08,0.003636688717256033,0.009080750380941811,0.02722714079922,0.03575476664720341,0.17496943955058908,90
bayesfl_observability_v1,ola_lr0p02_b128_e1,36,ola,216,17,118,1,1,128,1.0096532106399536,1.0096532106399536,0.0,0.0,0.6186440677966102,1.0096532106399536,0.15375454592621118,0.015582658350467682,0.9997660490955906,0.15375454592621118,,1.2644842887837744,1.0559689770084641,,,,,,,,,,,,,1.0096532106399536,0.0,0.0005807325544967576,3.8012556615285575e-05,0.0005310715059749782,0.6070482730865479,1.00024304174072,1.0000598430633545,1.0004140257835388,0.9998795185656518,0.9999700784683228,0.9999945759773254,0.018674965867076385,0.018009795350701782,0.03306149312691615,,,,,,,,,118.0,0.00896178720703686,0.0016750880606117805,1.0000005960464478,1.0000108480453491,1.0000289678573608,1.000116229057312,1.0006546437740327,1.0933758020401,0.0008141036176965107,0.9563465118408203,0.9997930467128754,0.999941885471344,0.9999855160713196,0.9999978542327881,0.9999997019767761,0.012187240467835135,1.6237479238155654e-07,0.0036242007719659046,0.009095702283957103,0.027239318227335295,0.03579694893546676,0.1801267092130694,118
bayesfl_observability_v1,ola_lr0p02_b128_e1,36,ola,7,0,152,2,1,128,0.9151118946702856,0.9151118758477663,1.878078324436597e-08,1.878078324436597e-08,0.618421052631579,0.9151118758477663,0.1925788946589181,0.01985551230609417,0.9996332070567109,0.1925788946589181,,1.264349492321815,1.032554209297049,,,,,,,,,,,,,0.9151118758477663,1.878078324436597e-08,0.0003245942038157347,2.9286259632499423e-05,0.0003089750389335689,0.3494792580604553,1.0002359279623854,1.000058650970459,1.0004078269004821,0.9998829754171759,0.9999706745147705,0.9999945163726807,0.01867660458324364,0.018007135585448593,0.03307046655972819,,,,,,,,,152.0,0.004788909464913314,0.0015899820772019252,1.0000005960464478,1.0000109672546387,1.0000287294387817,1.000113606452942,1.0006380081176758,1.0840519666671753,0.0007743891200660532,0.9604504108428955,0.9997961461544037,0.999943196773529,0.9999856352806091,0.9999977946281433,0.9999997019767761,0.012196155151380499,1.0730785440001016e-09,0.003620849302820936,0.009080754248725406,0.027233638866711787,0.03580311824977357,0.17811762444360218,152
bayesfl_observability_v1,ola_lr0p02_b128_e1,36,ola,9,0,107,1,1,128,1.3039151430130005,1.3039151430130005,0.0,0.0,0.4766355140186916,1.3039151430130005,0.2592056104769537,0.031798750162124634,0.9993353355358179,0.2592056104769537,,0.20393077072313337,2.077417173602598,,,,,,,,,,,,,1.3039151430130005,0.0,0.0016504753492131547,0.00010136263881577179,0.00140956270042807,2.5279011726379395,1.0002727568717675,1.0000638961791992,1.0004583716392517,0.9998650992058391,0.9999680519104004,0.9999945163726807,0.01867702701479101,0.018003351627437533,0.03306128468647016,,,,,,,,,107.0,0.03103295496158467,0.0020095360177257394,1.0000005960464478,1.0000109672546387,1.0000324249267578,1.0001238584518433,1.000720089673996,1.1178138256072998,0.0009677715905003802,0.945834755897522,0.9997709333896637,0.9999380707740784,0.9999837875366211,0.9999977350234985,0.9999997019767761,0.012201272964036773,1.8187494303542992e-07,0.0036109891171297406,0.00907869710985346,0.027233823062991866,0.03579723369351942,0.17869111446433172,107
bayesfl_observability_v1,ola_lr0p02_b128_e1,36,ola,127,10,1,1,1,128,0.42598584294319153,0.42598584294319153,0.0,0.0,1.0,0.42598584294319153,0.23665457450154498,0.02590417116880417,0.999446563718323,0.23665457450154498,,-0.0,2.3277319754160017,,,,,,,,,,,,,0.42598584294319153,0.0,0.0013757833577094061,4.9598540499573573e-05,0.000891119590960443,1.6775649785995483,1.0002651296641651,1.0000609159469604,1.0004645586013794,0.9998687150565746,0.9999695420265198,0.9999944567680359,0.01868297350624574,0.018022209542116092,0.033072565492946175,,,,,,,,,1.0,0.020248095816287802,0.0018650571852754296,1.0000005960464478,1.0000110864639282,1.0000298023223877,1.0001264810562134,1.0007306337356567,1.1109594106674194,0.0009013234371941902,0.9487480521202087,0.9997678399085999,0.9999367594718933,0.9999850988388062,0.9999978542327881,0.9999997019767761,0.012206501342066455,1.324817396445931e-07,0.0036337953934666187,0.009098512407774834,0.027242036871754225,0.035803596800464875,0.17934186786562029,1
bayesfl_observability_v1,ola_lr0p02_b128_e1,36,ola,231,18,14,1,1,128,1.3301751613616943,1.3301751613616943,0.0,0.0,0.5,1.3301751613616943,0.26150104585014466,0.029733452945947647,0.9993235742814779,0.26150104585014466,,0.24493002679463532,2.0384139543004163,,,,,,,,,,,,,1.3301751613616943,0.0,0.0016798368582007313,0.00012493327085394412,0.0016399024054408078,2.210195541381836,1.0002735713205977,1.0000650882720947,1.0004561066627502,0.9998646586650222,0.9999674558639526,0.9999939799308777,0.01867758826318996,0.018007196544968525,0.033071297446681865,,,,,,,,,14.0,0.030416600898474998,0.001984663292157582,1.0000005960464478,1.0000120401382446,1.0000332593917847,1.0001264810562134,1.0007216930389404,1.1069813966751099,0.0009571478276932102,0.9504512548446655,0.9997720062732697,0.9999367594718933,0.9999833703041077,0.9999974370002747,0.9999997019767761,0.012202316653849613,2.0616404240146406e-07,0.0036061942771505257,0.009081767288625855,0.02723943002982144,0.03581380203799535,0.17757686632869304,14
bayesfl_observability_v1,ola_lr0p02_b128_e1,36,ola,47,3,19,1,1,128,0.9525305032730103,0.9525305032730103,0.0,0.0,0.5789473684210527,0.9525305032730103,0.22438449288628387,0.026663675904273987,0.9995020417390851,0.22438449288628387,,0.6680178186607534,1.6176422038869243,,,,,,,,,,,,,0.9525305032730103,0.0,0.0012368183726127284,8.495977817801759e-05,0.0010236246278509517,1.7773796319961548,1.000261266623708,1.0000627040863037,1.00044846534729,0.9998706249400301,0.9999686479568481,0.9999945163726807,0.018677826682048333,0.01800378929357223,0.03306891375770329,,,,,,,,,19.0,0.021899368486954177,0.0018476008120972933,1.0000005960464478,1.0000109672546387,1.0000313520431519,1.0001219511032104,1.0007011890411377,1.0969659090042114,0.0008945257906839497,0.9547802805900574,0.9997758269309998,0.9999390244483948,0.9999843239784241,0.999997615814209,0.9999997019767761,0.012200477558104546,2.4135526396789164e-07,0.003611970925089815,0.009088886809416174,0.027234934002487513,0.03580974826411762,0.18034295304348125,19
bayesfl_observability_v1,ola_lr0p02_b128_e1,36,ola,48,3,301,3,1,128,0.5047410386939382,0.5047410171095319,1.5285455836467303e-08,1.5285455836467303e-08,0.8471760797342193,0.5047410171095319,0.12415040347022968,0.011857524514198303,0.9998478756077688,0.12415040347022968,,1.0064987190769517,1.2541394113670787,,,,,,,,,,,,,0.5047410171095319,1.5285455836467303e-08,5.808566291867156e-05,9.805969966691919e-06,7.501640720875004e-05,0.05482218414545059,1.0002285254005132,1.0000576972961426,1.0003957748413086,0.9998866025053519,0.9999711513519287,0.9999946355819702,0.018678822156505636,0.018015850442396886,0.03307441759592383,,,,,,,,,301.0,0.0005444780188721403,0.0015248733224612274,1.0000005960464478,1.0000107288360596,1.0000280141830444,1.000109314918518,1.0006219804286958,1.0803029537200928,0.0007434016426278906,0.9621155261993408,0.9998021721839905,0.999945342540741,0.9999859929084778,0.9999978542327881,0.9999997019767761,0.012200415497362966,5.33170521868581e-07,0.003626390763723376,0.009084973743048435,0.027234230990122045,0.03581372185148136,0.1827985172894484,301
bayesfl_observability_v1,ola_lr0p02_b128_e1,36,ola,203,16,396,4,1,128,0.5646519679011721,0.5646519266595744,4.068905392191803e-08,4.068905392191803e-08,0.8611111111111112,0.5646519266595744,0.15003450840275598,0.01903526484966278,0.9997785813966855,0.15003450840275598,,1.5571176369237727,0.7668056340182599,,,,,,,,,,,,,0.5646519266595744,4.068905392191803e-08,7.491426640665838e-05,1.1174292922078166e-05,9.349269384983927e-05,0.0689190998673439,1.000228993076466,1.000057578086853,1.0003963828086853,0.9998863778807061,0.9999712109565735,0.9999946355819702,0.018687302113646262,0.018018123046620226,0.03308311123053295,,,,,,,,,396.0,0.0008774761243823558,0.0015332589341034608,1.0000005960464478,1.0000107288360596,1.0000278949737549,1.0001096725463867,1.0006234645843506,1.0795793533325195,0.0007473247067656981,0.9624378681182861,0.9998018682003021,0.9999451637268066,0.9999860525131226,0.9999978542327881,0.9999997019767761,0.012214537745885934,3.009115989426895e-07,0.0036311096084898696,0.009085608558845727,0.027238912398454385,0.03584804461677289,0.18266311236971094,396
bayesfl_observability_v1,ola_lr0p02_b128_e1,36,ola,206,16,6,1,1,128,0.11083042621612549,0.11083042621612549,0.0,0.0,1.0,0.11083042621612549,0.04884126835962512,0.006839290261268616,0.9999764269518601,0.04884126835962512,,0.6365141682948128,1.6395997169315697,,,,,,,,,,,,,0.11083042621612549,0.0,5.85995341299549e-05,2.9816503683832707e-06,6.52716371405405e-05,0.11693990975618362,1.0002285373261275,1.0000574588775635,1.0003970980644226,0.9998865978251837,0.9999712705612183,0.9999946355819702,0.018673493248404362,0.018004717135094675,0.0330752569301173,,,,,,,,,6.0,0.000939287708771869,0.0015260637654836077,1.0000005960464478,1.0000107288360596,1.0000277757644653,1.0001094341278076,1.0006242990493774,1.0796900987625122,0.0007439450843215973,0.9623885154724121,0.9998015105724335,0.9999452829360962,0.9999861121177673,0.9999978542327881,0.9999997019767761,0.012185271326809842,1.686931278960675e-07,0.0036441715855096645,0.00908463861827504,0.027232769838361204,0.03579313217778293,0.17924394102689326,6
bayesfl_observability_v1,ola_lr0p02_b128_e1,36,ola,51,4,24,1,1,128,0.5129957795143127,0.5129957795143127,0.0,0.0,0.875,0.5129957795143127,0.07894451856085069,0.013073630630970001,0.9999384179441626,0.07894451856085069,,1.1023452738842328,1.226539569881583,,,,,,,,,,,,,0.5129957795143127,0.0,0.0001530961320049329,1.29991185531253e-05,0.00016050039121182636,0.4272996783256531,1.0002311631657934,1.0000581741333008,1.000400674343109,0.9998853090072505,0.9999709129333496,0.9999943375587463,0.01867590685505302,0.018008361125728588,0.03306351155076572,,,,,,,,,24.0,0.0029066533565047653,0.0015473805002585669,1.0000005960464478,1.0000113248825073,1.0000277757644653,1.0001111030578613,1.000629371404648,1.079577088356018,0.0007541777340957799,0.9624389410018921,0.9997997224330902,0.9999444484710693,0.9999861121177673,0.9999978542327881,0.9999997019767761,0.012188804213643285,1.0746069401226281e-07,0.003636658796910494,0.009101251969461217,0.02723612463377511,0.03578667213300564,0.1792247500224603,24
bayesfl_observability_v1,ola_lr0p02_b128_e1,36,ola,121,9,200,2,1,128,0.5503361201286316,0.5503360718488693,4.649291895475471e-08,4.649291895475471e-08,0.9,0.5503360718488693,0.17837177331370668,0.02560371160507202,0.9996856604276848,0.17837177331370668,,0.3200447217843331,2.005272317401729,,,,,,,,,,,,,0.5503360718488693,4.649291895475471e-08,0.0003237822840973634,2.6145613446715288e-05,0.0002987571060657501,0.6763868927955627,1.0002359036238708,1.0000594854354858,1.0004054307937622,0.9998829946538326,0.9999702572822571,0.9999943375587463,0.018681813652531166,0.018004238287792268,0.0330623631411818,,,,,,,,,200.0,0.007182310424792524,0.0015961789275569399,1.0000005960464478,1.0000113248825073,1.000028371810913,1.0001131296157837,1.0006373584270478,1.0806680917739868,0.0007773552488313806,0.9619529843330383,0.9997973442077637,0.9999434351921082,0.9999858140945435,0.9999978542327881,0.9999997019767761,0.012199949784299755,5.062094906150998e-08,0.003652782321314362,0.009103458190597633,0.027237892236125272,0.03577153427234911,0.18141624860732947,200
bayesfl_observability_v1,ola_lr0p02_b128_e1,36,ola,124,9,6,1,1,128,0.489483118057251,0.489483118057251,0.0,0.0,1.0,0.489483118057251,0.14341574338865848,0.023181185126304626,0.9997968093194106,0.14341574338865848,,-0.0,2.3292713582565514,,,,,,,,,,,,,0.489483118057251,0.0,0.0005052588303752906,3.0878480174578726e-05,0.0004752140084747225,1.3434184789657593,1.0002409463982058,1.0000606775283813,1.0004161715507507,0.9998805146021963,0.9999696612358093,0.9999939799308777,0.01867965228094828,0.01801538555216145,0.033073944950908235,,,,,,,,,6.0,0.01006822731464172,0.0016313238987793299,1.0000005960464478,1.0000120401382446,1.0000288486480713,1.0001198053359985,1.0006461799144746,1.0813226699829102,0.000793867413367274,0.9616617560386658,0.9997919738292694,0.9999400973320007,0.9999855756759644,0.9999978542327881,0.9999997019767761,0.012198662055294462,7.618381648657615e-08,0.0036369451793680087,0.009101087075301769,0.02723925571249173,0.035784154117454725,0.17941911697015506,6
bayesfl_observability_v1,ola_lr0p02_b128_e1,36,ola,17,1,132,2,1,128,1.3500058867714622,1.3500058831590596,3.914154280154793e-09,3.914154280154793e-09,0.5,1.3500058831590596,0.19711329661348817,0.016407381743192673,0.9996155434312759,0.19711329661348817,,1.2053659931842142,1.1004903769146668,,,,,,,,,,,,,1.3500058831590596,3.914154280154793e-09,0.0005897662770873586,7.353307591984048e-05,0.0008191504515707505,0.6147586107254028,1.0002432950051134,1.000061273574829,1.0004223585128784,0.999879348425637,0.9999693632125854,0.999994158744812,0.01867644059155446,0.018009077216083982,0.033070110374794306,,,,,,,,,132.0,0.006556036372794373,0.0016381707375843527,1.0000005960464478,1.000011682510376,1.0000288486480713,1.000117540359497,1.0006597697734834,1.0966414213180542,0.0007968713396413197,0.9549214839935303,0.9997888803482056,0.9999412298202515,0.9999855756759644,0.9999977946281433,0.9999997019767761,0.012189284442214962,4.3406765251992505e-07,0.003618482511039926,0.009086087944856673,0.02722814479773103,0.03581381698841616,0.17833488754848348,132
bayesfl_observability_v1,ola_lr0p02_b128_e1,36,ola,243,19,10,1,1,128,1.420685052871704,1.420685052871704,0.0,0.0,0.4,1.420685052871704,0.24796410824776316,0.02917187288403511,0.9993915674189352,0.24796410824776316,,0.7595473914748635,1.555578650820714,,,,,,,,,,,,,1.420685052871704,0.0,0.0015104205708116063,0.0001053826927090995,0.0013924376107752323,2.127495288848877,1.000268865553513,1.0000642538070679,1.0004513263702393,0.9998669937889926,0.9999678730964661,0.999994158744812,0.01867840644558609,0.018010354038069283,0.033054402918121936,,,,,,,,,10.0,0.024709521066884267,0.0019747408516545494,1.0000005960464478,1.000011682510376,1.0000306367874146,1.000128984451294,1.0007264733314514,1.1286972761154175,0.0009507496472756265,0.9412636160850525,0.9997743964195251,0.999935507774353,0.9999846816062927,0.9999977946281433,0.9999997019767761,0.012191009225761282,9.92878655694794e-07,0.0036381218626463582,0.009096596838407384,0.0272353884263127,0.035787291087561006,0.17804653279449165,10
bayesfl_observability_v1,ola_lr0p02_b128_e1,36,ola,274,21,41,1,1,128,0.4774898290634155,0.4774898290634155,0.0,0.0,0.9024390243902439,0.4774898290634155,0.10999932871164439,0.0223391056060791,0.9998803409165709,0.10999932871164439,,0.5699626470748532,1.739856822479874,,,,,,,,,,,,,0.4774898290634155,0.0,0.0002972352632524302,2.3041323402139824e-05,0.00028034294664394145,1.2475885152816772,1.0002351670856968,1.000058889389038,1.000407099723816,0.9998833674320693,0.999970555305481,0.9999944567680359,0.01867599785134609,0.018017987517665705,0.03308287198550214,,,,,,,,,41.0,0.007611813600860293,0.0016017084485241701,1.0000005960464478,1.0000110864639282,1.000028133392334,1.000112384557724,1.0006370007991792,1.0997692346572876,0.0007787130830101532,0.9535626173019409,0.9997965097427368,0.999943807721138,0.999985933303833,0.9999978542327881,0.9999997019767761,0.012189624062794323,1.0931590627230678e-08,0.0036357651804886306,0.009078659588685395,0.027228224477620133,0.03581547318186023,0.1798981806116761,41
bayesfl_observability_v1,ola_lr0p02_b128_e1,37,ola,108,8,1,1,1,128,0.019153408706188202,0.019153408706188202,0.0,0.0,1.0,0.019153408706188202,0.012935566546128301,0.0024812668561935425,0.9999983486003728,0.012935566546128301,,-0.0,2.3163460082440825,,,,,,,,,,,,,0.019153408706188202,0.0,4.110466217606771e-06,1.549486654539578e-07,2.7394810331315966e-06,0.01539170928299427,1.0002309507865434,1.0000571012496948,1.0003994703292847,0.9998854223527128,0.9999714493751526,0.9999945759773254,0.01867939410240055,0.018008266459688258,0.0330746606731804,,,,,,,,,1.0,9.409549126264641e-05,0.0015537019669801962,1.0000005960464478,1.0000108480453491,1.000028133392334,1.0001099109649658,1.0006248950958252,1.0796087980270386,0.0007572617621930375,0.9624247550964355,0.9998003244400024,0.9999450445175171,0.999985933303833,0.9999978542327881,0.9999997019767761,0.012196676989959318,4.622254180267344e-08,0.003629356390750345,0.009087686983682917,0.02724677524918949,0.03581027246326996,0.18031425731537726,1
bayesfl_observability_v1,ola_lr0p02_b128_e1,37,ola,222,17,625,5,1,128,0.28296792849302294,0.282967821931839,1.0957908875752764e-07,1.0957908875752764e-07,0.9232,0.282967821931839,0.21137314336804702,0.035171180963516235,0.9995594004440034,0.21137314336804702,,0.2960944988460536,2.006520240843815,,,,,,,,,,,,,0.282967821931839,1.0957908875752764e-07,8.307368871499394e-05,7.537742476415588e-06,9.072453249245883e-05,0.22753988206386566,1.0002330875471697,1.0000579357147217,1.0004022121429443,0.9998843727311416,0.9999710321426392,0.9999945163726807,0.018688506145471403,0.01801074540042364,0.033102923308569475,,,,,,,,,625.0,0.0018045285689155123,0.0015700178163040057,1.0000005960464478,1.0000109672546387,1.000028371810913,1.000110387802124,1.0006299018859863,1.079615831375122,0.0007650570564740155,0.9624216556549072,0.9997989535331726,0.999944806098938,0.9999858140945435,0.9999978542327881,0.9999997019767761,0.012227817561829805,7.26588733937988e-07,0.0036301645461880028,0.009089195331744881,0.027241694525940465,0.03584223243222355,0.18524943868181754,625
bayesfl_observability_v1,ola_lr0p02_b128_e1,37,ola,96,7,406,4,1,128,0.43287061881549255,0.4328705355745231,8.151025708359936e-08,8.151025708359936e-08,0.8940886699507389,0.4328705355745231,0.19111176984977948,0.02270597219467163,0.9996406091267629,0.19111176984977948,,0.976478358472114,1.3250720199394128,,,,,,,,,,,,,0.4328705355745231,8.151025708359936e-08,0.0001521187441428739,1.6101004803203978e-05,0.0001568948748172263,0.2067217379808426,1.0002349537260184,1.0000578165054321,1.0004045963287354,0.9998834652845408,0.9999710917472839,0.9999945163726807,0.018695101666600787,0.0180198474850291,0.03308356444757456,,,,,,,,,406.0,0.0026398735236575883,0.0015924801675999435,1.0000005960464478,1.0000109672546387,1.0000286102294922,1.0001112222671509,1.0006338357925415,1.0816739797592163,0.0007755861599513792,0.9615055918693542,0.9997977614402771,0.9999443888664246,0.9999856948852539,0.9999978542327881,0.9999997019767761,0.01223373636221224,7.712948321845752e-08,0.003634355537979805,0.009095084610456397,0.0272525961163879,0.03585849014389632,0.18692095763888597,406
bayesfl_observability_v1,ola_lr0p02_b128_e1,37,ola,160,12,379,3,1,128,0.28126682580932777,0.28126681613733395,1.3575429774744582e-08,1.3575429774744582e-08,0.9445910290237467,0.28126681613733395,0.1038852527260819,0.014852076768875122,0.999893849659476,0.1038852527260819,,1.1782151454192733,1.120809894534982,,,,,,,,,,,,,0.28126681613733395,1.3575429774744582e-08,3.481657144487687e-05,3.864189693558728e-06,4.32374763477128e-05,0.07778753340244293,1.0002317839935297,1.000057339668274,1.0004005551338195,0.9998850127164678,0.999971330165863,0.9999945163726807,0.01868860886765578,0.01800114704090387,0.03308927502758844,,,,,,,,,379.0,0.0005349732066619827,0.0015598196014367082,1.0000005960464478,1.0000109672546387,1.000028133392334,1.000110387802124,1.0006268680095673,1.0796189308166504,0.0007601509801266531,0.9624202251434326,0.999799782037735,0.999944806098938,0.999985933303833,0.9999978542327881,0.9999997019767761,0.012219024153054807,2.3110442138811356e-07,0.003625841506833987,0.009082605532994144,0.02724441883638735,0.035863373016931925,0.1869194075354776,379
bayesfl_observability_v1,ola_lr0p02_b128_e1,37,ola,54,4,3,1,1,128,0.1702219694852829,0.1702219694852829,0.0,0.0,1.0,0.1702219694852829,0.06532396433514571,0.013259559869766235,0.9999579022399511,0.06532396433514571,,-0.0,2.3163460082440825,,,,,,,,,,,,,0.1702219694852829,0.0,0.00010482510898309128,5.287355179461883e-06,8.263967902166769e-05,0.4395400583744049,1.0002336755733165,1.0000578165054321,1.0004041194915771,0.9998840844255189,0.9999710917472839,0.9999945759773254,0.018683045592383166,0.018015704767493743,0.033082939246569444,,,,,,,,,3.0,0.0024975963163493455,0.001575266910028427,1.0000005960464478,1.0000108480453491,1.000028133392334,1.0001115798950195,1.0006310939788818,1.0796087980270386,0.0007673364051804733,0.9624247550964355,0.9997979998588562,0.9999442100524902,0.999985933303833,0.9999978542327881,0.9999997019767761,0.012204866422022901,4.622254180267344e-08,0.003627495829312649,0.009086462324608862,0.027243169275630936,0.03583949947346421,0.18028409311770593,3
bayesfl_observability_v1,ola_lr0p02_b128_e1,37,ola,266,21,765,6,1,128,0.4521218163904801,0.4521217173610637,9.703504971330523e-08,9.703504971330523e-08,0.8836601307189542,0.4521217173610637,0.21481621607854295,0.02300078421831131,0.9995461512588876,0.21481621607854295,,0.7641131958245704,1.5607339077663793,,,,,,,,,,,,,0.4521217173610637,9.703504971330523e-08,5.479585437307579e-05,9.172011232294608e-06,6.823099320172333e-05,0.05776184797286987,1.0002323233215633,1.000057578086853,1.0004010319709777,0.9998847468043166,0.9999712109565735,0.9999945759773254,0.018695269632042582,0.01801051407009757,0.03311770952232102,,,,,,,,,765.0,0.0006913796059758346,0.0015630125488573015,1.0000005960464478,1.0000108480453491,1.000028371810913,1.0001105070114136,1.0006280601024629,1.0796531438827515,0.0007617141994920328,0.9624050259590149,0.9997995436191559,0.9999447464942932,0.9999858140945435,0.9999978542327881,0.9999997019767761,0.012243467239436862,3.016935564359926e-07,0.003602570069260659,0.009081134821277015,0.027252617866106214,0.03589483786351474,0.176548128847476,765
bayesfl_observability_v1,ola_lr0p02_b128_e1,37,ola,140,11,4,1,1,128,0.997672438621521,0.997672438621521,0.0,0.0,0.5,0.997672438621521,0.14261176038106504,0.021381191909313202,0.9997990538002539,0.14261176038106504,,0.5623351446188083,1.7521899758935873,,,,,,,,,,,,,0.997672438621521,0.0,0.0004996097912592356,4.432099922269117e-05,0.0006191970896907151,1.1428884267807007,1.0002443446184852,1.0000617504119873,1.0004223585128784,0.9998788123106434,0.9999691247940063,0.9999940991401672,0.01868238048719528,0.018005334522106044,0.03309098411139114,,,,,,,,,4.0,0.007640093122104406,0.0016280483968444007,1.0000005960464478,1.0000118017196655,1.0000298023223877,1.0001190900802612,1.000658816099167,1.0800622701644897,0.000792367504142638,0.962222695350647,0.9997888803482056,0.9999404549598694,0.9999850988388062,0.9999974370002747,0.9999997019767761,0.012206924222197164,4.3738684680817095e-08,0.003626292615287814,0.00908198775804725,0.027239880964819795,0.03583467098622697,0.17956889947101812,4
bayesfl_observability_v1,ola_lr0p02_b128_e1,37,ola,119,9,843,7,1,128,0.4119369899887207,0.4119368718753647,1.1516633007573537e-07,1.1516633007573537e-07,0.9122182680901542,0.4119368718753647,0.22215459650541733,0.02448488026857376,0.9995159675728348,0.22215459650541733,,0.9765459908687751,1.371331098617695,,,,,,,,,,,,,0.4119368718753647,1.1516633007573537e-07,5.3360350140710124e-05,8.541617262380896e-06,6.272171958698899e-05,0.06692039221525192,1.0002322841114646,1.000057578086853,1.0004009008407593,0.9998847676287516,0.9999712109565735,0.9999945759773254,0.018702703741755207,0.018027751481575177,0.033112721549777714,,,,,,,,,843.0,0.0007959761648686402,0.0015641048728142312,1.0000005960464478,1.0000108480453491,1.000028133392334,1.0001119375228882,1.0006275177001953,1.079897165298462,0.0007622474116236492,0.9622963070869446,0.9997996091842651,0.9999440312385559,0.999985933303833,0.9999978542327881,0.9999997019767761,0.012255893700171598,5.695201250789967e-08,0.0036441915997484672,0.009086555668915816,0.027248140465003873,0.035844871417707785,0.18186724995940312,843
bayesfl_observability_v1,ola_lr0p02_b128_e1,37,ola,293,23,287,3,1,128,0.26090868300261816,0.2609086516946035,3.0405338914071114e-08,3.0405338914071114e-08,0.9581881533101045,0.2609086516946035,0.15398525766341847,0.030857354402542114,0.9997661494446975,0.15398525766341847,,-0.0,2.3163460082440825,,,,,,,,,,,,,0.2609086516946035,3.0405338914071114e-08,9.560187129051383e-05,1.0759873475763015e-05,9.721517417347074e-05,0.3991106450557709,1.0002334267272923,1.0000581741333008,1.0004032850265503,0.9998842082072115,0.9999709129333496,0.9999944567680359,0.018688429123806544,0.018012738606773458,0.03308551521498967,,,,,,,,,287.0,0.0023779554331597626,0.001574687489425924,1.0000005960464478,1.0000110864639282,1.000028133392334,1.0001108348369598,1.0006297290325166,1.0796093940734863,0.0007670863669677482,0.9624245166778564,0.9997984170913696,0.9999445825815201,0.999985933303833,0.9999978542327881,0.9999997019767761,0.012217133942883731,2.7591351500045987e-07,0.0036369280283743157,0.009083301808987167,0.027233899450096088,0.03584886371009326,0.1809744617823918,287
bayesfl_observability_v1,ola_lr0p02_b128_e1,37,ola,299,23,48,1,1,128,0.4652656018733978,0.4652656018733978,0.0,0.0,0.9375,0.4652656018733978,0.09164038965409131,0.016379475593566895,0.9999171237742367,0.09164038965409131,,-0.0,2.185987945410232,,,,,,,,,,,,,0.4652656018733978,0.0,0.00020629760078902476,2.7413119823904708e-05,0.0002247391385026276,0.6707184314727783,1.00023641486621,1.0000585317611694,1.0004059076309204,0.9998827208982559,0.9999707341194153,0.9999943971633911,0.0186833598505727,0.01800273059283969,0.033092628200124735,,,,,,,,,48.0,0.004318680310212756,0.001579784880690769,1.0000005960464478,1.0000112056732178,1.0000290870666504,1.0001142024993896,1.0006364583969116,1.07963228225708,0.000769881044759755,0.9624143242835999,0.9997971057891846,0.9999428987503052,0.9999854564666748,0.9999977350234985,0.9999997019767761,0.01220882344441601,1.1671738304689187e-06,0.0036387483251448137,0.009097093613324628,0.027232030576744757,0.03582324963676324,0.19873948435036867,48
bayesfl_observability_v1,ola_lr0p02_b128_e1,37,ola,187,15,222,2,1,128,0.5087802933680045,0.508780280749003,1.780707034879367e-08,1.780707034879367e-08,0.9234234234234234,0.508780280749003,0.13975452380456557,0.022183306515216827,0.9998075436150039,0.13975452380456557,,0.8255883307346321,1.5535715337415847,,,,,,,,,,,,,0.508780280749003,1.780707034879367e-08,0.00013486532017562128,1.6782852981123142e-05,0.00014532308850903077,0.32227230072021484,1.0002344879218985,1.0000585317611694,1.0004032969474792,0.9998836887108854,0.9999707341194153,0.9999945163726807,0.018688538756917786,0.018012150178048345,0.033099150381068754,,,,,,,,,222.0,0.0026199280493132853,0.0015841588820757753,1.0000005960464478,1.0000109672546387,1.000028371810913,1.000113844871521,1.0006318747997285,1.0799237489700317,0.0007717373253020048,0.9622843861579895,0.9997984111309052,0.9999430775642395,0.9999858140945435,0.9999978542327881,0.9999997019767761,0.01222066162523642,2.8396579684639917e-07,0.003635536631042758,0.009087332436700709,0.027244711137576552,0.03583913554474396,0.1791194228243687,222
bayesfl_observability_v1,ola_lr0p02_b128_e1,37,ola,196,15,201,2,1,128,0.37141958753861004,0.371419576714881,7.87559080637113e-09,7.87559080637113e-09,0.945273631840796,0.371419576714881,0.10177558519715196,0.017850622534751892,0.9998980373831032,0.10177558519715196,,0.833774860477824,1.391112748373465,,,,,,,,,,,,,0.371419576714881,7.87559080637113e-09,7.150312475723306e-05,9.951939318852965e-06,8.451459216303195e-05,0.2118268758058548,1.0002327754172593,1.0000576972961426,1.0004012703895568,0.9998845195710524,0.9999711513519287,0.9999945163726807,0.018686709001444955,0.018004095385411666,0.033105304827245254,,,,,,,,,201.0,0.001337453982168865,0.0015618304966747152,1.0000005960464478,1.0000109672546387,1.000028371810913,1.0001122951507568,1.0006287097930908,1.079615592956543,0.000761210832751534,0.962421715259552,0.9997994244098664,0.9999438524246216,0.9999858140945435,0.9999977946281433,0.9999997019767761,0.012218037361475283,9.521400231302678e-07,0.0036392843470561447,0.009099736047126892,0.02723686457774827,0.035846141692049374,0.1990789713363528,201
bayesfl_observability_v1,ola_lr0p02_b128_e1,37,ola,198,15,1143,9,1,128,0.22334589097365307,0.22334562112965922,2.7046907728002073e-07,2.7046907728002073e-07,0.94750656167979,0.22334562112965922,0.2793215913061138,0.05067160725593567,0.9992314617849459,0.2793215913061138,,0.36262928713185916,1.9482562356482285,,,,,,,,,,,,,0.22334562112965922,2.7046907728002073e-07,0.00011251860661132122,1.267667357751634e-05,9.9222241260577e-05,0.3381432592868805,1.0002338834463456,1.0000579357147217,1.0004029393196106,0.9998839900432008,0.9999710321426392,0.9999944567680359,0.01869342899945709,0.01801443726058999,0.033095706448888054,,,,,,,,,1143.0,0.0025138336283829573,0.0015837119667284798,1.0000005960464478,1.0000110864639282,1.0000282526016235,1.0001108646392822,1.000630497932434,1.0887478590011597,0.0007712883703896425,0.9583768844604492,0.9997985899448395,0.9999445676803589,0.9999858736991882,0.9999978542327881,0.9999997019767761,0.012246327246805007,6.435785513208317e-09,0.003621481839187858,0.009085196257570876,0.027230662380986426,0.035870622738132484,0.18377471313931734,1143
bayesfl_observability_v1,ola_lr0p02_b128_e1,37,ola,226,18,194,2,1,128,0.5583641559807295,0.5583641357028607,2.5092703832300328e-08,2.5092703832300328e-08,0.8505154639175257,0.5583641357028607,0.1545837834561343,0.017868541181087494,0.9997642798132698,0.1545837834561343,,0.9859708285056665,1.3182756176046706,,,,,,,,,,,,,0.5583641357028607,2.5092703832300328e-08,0.00020023555555814785,1.9569954019971192e-05,0.00018949257209897134,0.29427552223205566,1.000236251972227,1.0000582933425903,1.00040602684021,0.9998828334237663,0.9999708533287048,0.9999945759773254,0.01868809677726625,0.018021505121540788,0.03307401335100157,,,,,,,,,194.0,0.0034702369376245355,0.001607377653851235,1.0000005960464478,1.0000108480453491,1.0000286102294922,1.000111699104309,1.0006349742412568,1.0828889608383179,0.0007826056931751075,0.9609660506248474,0.9997970461845398,0.9999441504478455,0.9999856948852539,0.9999978542327881,0.9999997019767761,0.012216068516204095,5.602696700131078e-08,0.0036390362367137775,0.009090785754721812,0.027238982096275857,0.035844084381788995,0.1830573202793605,194
bayesfl_observability_v1,ola_lr0p02_b128_e1,37,ola,231,18,14,1,1,128,0.756987452507019,0.756987452507019,0.0,0.0,0.7857142857142857,0.756987452507019,0.15954360189409048,0.018423616886138916,0.9997486105376467,0.15954360189409048,,0.24493002679463532,2.0384139543004163,,,,,,,,,,,,,0.756987452507019,0.0,0.0006252864837562815,6.207205296959728e-05,0.0006648552371188998,0.8485739231109619,1.0002477424053613,1.0000609159469604,1.0004223585128784,0.9998771885704805,0.9999695420265198,0.9999945163726807,0.018684236079719415,0.01801681862341416,0.033078759308738104,,,,,,,,,14.0,0.01138572576191289,0.001690408940927639,1.0000005960464478,1.0000109672546387,1.0000308752059937,1.0001155138015747,1.0006626307964326,1.079770565032959,0.0008221374325701276,0.9623526930809021,0.9997888803482056,0.9999422430992126,0.9999845623970032,0.9999976754188538,0.9999997019767761,0.012211824625569878,9.99117111393507e-07,0.0036135911359129356,0.009086582054616247,0.027243720764263568,0.03584017313342082,0.17866825249955204,14
bayesfl_observability_v1,ola_lr0p02_b128_e1,38,ola,38,3,257,3,1,128,0.6111217131983155,0.6111216831169588,3.190098766038881e-08,3.190098766038881e-08,0.8249027237354085,0.6111216831169588,0.14905450242612162,0.017154954373836517,0.999781405819238,0.14905450242612162,,1.3397067534967495,0.9396094349232524,,,,,,,,,,,,,0.6111216831169588,3.190098766038881e-08,0.00011454798380815553,7.409812269543181e-06,0.00011003019390045688,0.1550837755203247,1.0002301802391083,1.0000566244125366,1.0003951907157898,0.9998858166078318,0.9999716877937317,0.9999946355819702,0.018699689408929784,0.018021545140930118,0.03309478424572224,,,,,,,,,257.0,0.0019348071850980122,0.001561948739051899,1.0000005960464478,1.0000107288360596,1.0000277757644653,1.0001094341278076,1.000619888305664,1.0800104141235352,0.0007610997889608226,0.9622458219528198,0.9998024642467499,0.9999452829360962,0.9999861121177673,0.9999979138374329,0.9999997019767761,0.012246391809481215,2.750935068265646e-07,0.0036429678720891166,0.009102234813035709,0.02725283218723533,0.035892744541192415,0.18580995002094386,257
bayesfl_observability_v1,ola_lr0p02_b128_e1,38,ola,88,7,205,2,1,128,0.7377309480818307,0.7377308921116155,5.360332443715157e-08,5.360332443715157e-08,0.7658536585365854,0.7377308921116155,0.19219538104277809,0.02242860198020935,0.9996361702874555,0.19219538104277809,,0.7902076087663292,1.5291533326690006,,,,,,,,,,,,,0.7377308921116155,5.360332443715157e-08,0.0003671592578443002,3.522643601172604e-05,0.00036673893628176303,0.5123759508132935,1.0002368256047045,1.0000579357147217,1.0004044771194458,0.999882577130822,0.9999710321426392,0.999994695186615,0.018698198733941934,0.018024744800177833,0.033099618526830465,,,,,,,,,205.0,0.006612003081674286,0.0016338961380874511,1.0000005960464478,1.00001060962677,1.0000287294387817,1.0001108646392822,1.000632643699646,1.088161826133728,0.0007948947890173254,0.9586349725723267,0.9997978210449219,0.9999445676803589,0.9999856352806091,0.9999979138374329,0.9999997019767761,0.012245285179532257,3.6156265038474825e-07,0.0036226378302149707,0.009102756348468011,0.027243024779848184,0.035874153116981264,0.17855470869292067,205
bayesfl_observability_v1,ola_lr0p02_b128_e1,38,ola,98,7,780,7,1,128,0.33752132868155454,0.3375212325499608,9.18530247417948e-08,9.18530247417948e-08,0.9230769230769231,0.3375212325499608,0.23165358870604796,0.02491047978401184,0.9994737217343033,0.23165358870604796,,1.14643460798294,1.1350968930507688,,,,,,,,,,,,,0.3375212325499608,9.18530247417948e-08,5.334040087764546e-05,9.911156212183414e-06,6.770751278963872e-05,0.06096836179494858,1.000228570258909,1.000056505203247,1.0003942251205444,0.9998865985590406,0.9999717473983765,0.999994695186615,0.018711713631158443,0.018019615433920055,0.03311143288761637,,,,,,,,,780.0,0.0005719728589334143,0.0015414584814416523,1.0000005960464478,1.00001060962677,1.0000276565551758,1.0001085996627808,1.0006159543991089,1.0807077884674072,0.0007514323253187442,0.96193528175354,0.9998029470443726,0.9999457001686096,0.9999861717224121,0.9999979138374329,0.9999997019767761,0.012274468922356126,9.49698611119202e-07,0.0036452337023706767,0.009084915182621146,0.027260360084316673,0.03590826909812775,0.18830707470436292,780
bayesfl_observability_v1,ola_lr0p02_b128_e1,38,ola,166,13,76,1,1,128,0.6231203675270081,0.6231203675270081,0.0,0.0,0.881578947368421,0.6231203675270081,0.09213096451555539,0.011532381176948547,0.9999164713041419,0.09213096451555539,,1.0982287840542058,1.252671424477001,,,,,,,,,,,,,0.6231203675270081,0.0,0.0002085122145833517,1.8434438061376568e-05,0.00019830009841825843,0.33248963952064514,1.0002326531893755,1.0000576972961426,1.00039803981781,0.9998846055881042,0.9999711513519287,0.9999945163726807,0.01869643198857546,0.018015071048476907,0.03310569876890651,,,,,,,,,76.0,0.003653304331727634,0.0015839480589224858,1.0000005960464478,1.0000109672546387,1.000028133392334,1.0001121759414673,1.0006238222122192,1.082741379737854,0.0007716710574874691,0.9610315561294556,0.9998010396957397,0.9999439120292664,0.999985933303833,0.9999979138374329,0.9999997019767761,0.012239076426766868,5.407559994728731e-07,0.00362890331182709,0.009099042995510549,0.02725022280383703,0.03585042588212277,0.18031248665723873,76
bayesfl_observability_v1,ola_lr0p02_b128_e1,38,ola,169,13,10,1,1,128,0.37416672706604004,0.37416672706604004,0.0,0.0,1.0,0.37416672706604004,0.10765864240390442,0.02238258719444275,0.9998858385901166,0.10765864240390442,,0.6001660731596457,1.7098339961345228,,,,,,,,,,,,,0.37416672706604004,0.0,0.00028472006078347127,1.540435550850816e-05,0.0002337821570108654,1.252450942993164,1.0002346568940677,1.0000579357147217,1.0004059076309204,0.9998836117103759,0.9999710321426392,0.9999943375587463,0.018694897743962522,0.018011976481880933,0.03310049894173773,,,,,,,,,10.0,0.006534009273058709,0.0015915889217305327,1.0000005960464478,1.0000113248825073,1.0000277757644653,1.0001114308834076,1.0006314516067505,1.1002883911132812,0.0007745299169360344,0.9533376097679138,0.9997971057891846,0.9999442845582962,0.9999861121177673,0.9999979138374329,0.9999997019767761,0.012239304615420788,8.01877337746136e-08,0.0036146083251057826,0.009091937395404408,0.027247888519728227,0.03586946740076893,0.18985896619254772,10
bayesfl_observability_v1,ola_lr0p02_b128_e1,38,ola,74,5,70,1,1,128,0.881767213344574,0.881767213344574,0.0,0.0,0.6714285714285714,0.881767213344574,0.12456477049157241,0.01204284280538559,0.9998470958735821,0.12456477049157241,,1.1534898214385076,1.1546999842430363,,,,,,,,,,,,,0.881767213344574,0.0,0.00038116298264143615,3.3140422601718456e-05,0.0004154534311965108,0.36257538199424744,1.0002371954650837,1.0000581741333008,1.000406277179718,0.9998823738454238,0.9999709129333496,0.9999946355819702,0.01869500465557356,0.018004606416715863,0.033088593910707176,,,,,,,,,70.0,0.004575886367604496,0.0016178199412033233,1.0000005960464478,1.0000107288360596,1.0000282526016235,1.000113844871521,1.0006372928619385,1.081391453742981,0.0007875312088837254,0.961631178855896,0.9997969210147858,0.9999430775642395,0.9999858736991882,0.9999978542327881,0.9999997019767761,0.012236767842866548,2.0842357592666356e-08,0.0036225610396665065,0.00910214549582452,0.027250601805725062,0.03586728413927308,0.18067396252386062,70
bayesfl_observability_v1,ola_lr0p02_b128_e1,38,ola,119,9,843,7,1,128,0.37660307809268595,0.37660296902962004,1.0216641701722228e-07,1.0216641701722228e-07,0.9240806642941874,0.37660296902962004,0.20688785852919336,0.023760415613651276,0.9995813632958804,0.20688785852919336,,0.9765459908687751,1.371331098617695,,,,,,,,,,,,,0.37660296902962004,1.0216641701722228e-07,4.845023558333402e-05,7.368872275037575e-06,5.033789602748584e-05,0.06548633426427841,1.0002284422187377,1.000056505203247,1.0003933906555176,0.9998866643139102,0.9999717473983765,0.999994695186615,0.018713518699170605,0.01801924769919224,0.03313480757228618,,,,,,,,,843.0,0.0008013007097511768,0.0015430086887142937,1.0000005960464478,1.00001060962677,1.0000276565551758,1.0001097917556763,1.000615304708481,1.0800317525863647,0.0007521882566718734,0.9622363448143005,0.999803364276886,0.9999451041221619,0.9999861717224121,0.9999979138374329,0.9999997019767761,0.012283680024625985,2.2680636975637563e-07,0.0036429321525481687,0.009091686865143766,0.02725065258407921,0.035887191996393904,0.18336201534018612,843
bayesfl_observability_v1,ola_lr0p02_b128_e1,38,ola,152,12,227,2,1,128,0.7015993282658413,0.7015993022708641,1.3748067072437341e-08,1.3748067072437341e-08,0.8458149779735683,0.7015993022708641,0.10840799498516503,0.01833430677652359,0.9998844313604097,0.10840799498516503,,1.1253357822770327,1.2504533290609954,,,,,,,,,,,,,0.7015993022708641,1.3748067072437341e-08,9.382104909200166e-05,1.666878870310029e-05,0.00011331336572766311,0.2533029317855835,1.000229633157844,1.0000569820404053,1.0003951907157898,0.9998860786175978,0.9999715089797974,0.9999945759773254,0.018697618266042583,0.018018851222353322,0.03311144770784213,,,,,,,,,227.0,0.0016200412800462993,0.0015516621316219073,1.0000005960464478,1.0000108480453491,1.0000278949737549,1.0001106262207031,1.0006178617477417,1.0795923471450806,0.000756284877373234,0.9624320864677429,0.9998024642467499,0.9999446868896484,0.9999860525131226,0.9999979138374329,0.9999997019767761,0.012244397331008006,4.290124164007612e-07,0.0036413732122256145,0.009095509064836119,0.027251850332989012,0.035866899769818626,0.1799004690693558,227
bayesfl_observability_v1,ola_lr0p02_b128_e1,38,ola,57,4,213,2,1,128,0.4875971386690095,0.4875971148831184,2.5301941783263273e-08,2.5301941783263273e-08,0.8779342723004695,0.4875971148831184,0.14149835296241503,0.016986660659313202,0.9998029069852601,0.14149835296241503,,0.995433157814133,1.2955429990385827,,,,,,,,,,,,,0.4875971148831184,2.5301941783263273e-08,0.0001778643974982296,1.6097612387966365e-05,0.0001780467893695462,0.2665891945362091,1.000231845419639,1.0000580549240112,1.0003985285758972,0.9998849938048634,0.9999709725379944,0.9999946355819702,0.018697293225189517,0.018011077999271943,0.03310345692399807,,,,,,,,,213.0,0.003001574696778623,0.0015702591828923873,1.0000005960464478,1.0000107288360596,1.0000286102294922,1.0001107454299927,1.000622695684433,1.0797278881072998,0.0007651588058048089,0.9623717069625854,0.9998007953166962,0.9999446272850037,0.9999856948852539,0.9999978542327881,0.9999997019767761,0.0122447968680395,5.916443062401862e-07,0.0036255842935384113,0.009082784905309286,0.027254157175515083,0.03588761292337617,0.1808308310650312,213
bayesfl_observability_v1,ola_lr0p02_b128_e1,38,ola,258,20,50,1,1,128,0.5029382109642029,0.5029382109642029,0.0,0.0,0.88,0.5029382109642029,0.12041357040466463,0.021144136786460876,0.9998571339080211,0.12041357040466463,,-0.0,2.259365973874069,,,,,,,,,,,,,0.5029382109642029,0.0,0.00035618130051384526,2.9924733098596334e-05,0.00034879587474279106,1.1176859140396118,1.000236538321679,1.0000584125518799,1.0004044890403747,0.9998826758026597,0.9999707937240601,0.9999942183494568,0.018694990811361948,0.0180156256549468,0.033112637945838144,,,,,,,,,50.0,0.0073663064958074155,0.0015949094885828903,1.0000005960464478,1.0000115633010864,1.000029444694519,1.0001112222671509,1.0006345629692077,1.090293526649475,0.0007766377879813374,0.957697331905365,0.9997978150844574,0.9999443888664246,0.9999852776527405,0.9999979138374329,0.9999997019767761,0.012237726646038232,5.940954242295743e-07,0.0036228106380299624,0.009087665899376455,0.027254130490966165,0.035883922079652915,0.18759235537413055,50
bayesfl_observability_v1,ola_lr0p02_b128_e1,38,ola,36,2,72,1,1,128,0.6158573627471924,0.6158573627471924,0.0,0.0,0.8888888888888888,0.6158573627471924,0.06797890989073291,0.007850177586078644,0.9999545177942576,0.06797890989073291,,0.8732300140738931,1.4909129377062735,,,,,,,,,,,,,0.6158573627471924,0.0,0.00011351901826008665,1.1123158856207738e-05,0.00013703924487344939,0.1540631353855133,1.0002301519121135,1.0000572204589844,1.000395905971527,0.9998858217887564,0.9999713897705078,0.999994695186615,0.018693960650127402,0.018025470975520604,0.03310124401216519,,,,,,,,,72.0,0.0016583819004913195,0.0015538330902866051,1.0000005960464478,1.00001060962677,1.000028133392334,1.0001106262207031,1.000617504119873,1.0799747705459595,0.0007573267788909703,0.9622616767883301,0.9998021066188812,0.9999446868896484,0.999985933303833,0.9999979138374329,0.9999997019767761,0.012236247077780154,2.932678014486693e-07,0.0036304304975385733,0.009094238349992748,0.027255876223809546,0.03586730318467614,0.1807375528448748,72
bayesfl_observability_v1,ola_lr0p02_b128_e1,38,ola,146,11,17,1,1,128,0.5859599709510803,0.5859599709510803,0.0,0.0,0.8235294117647058,0.5859599709510803,0.10125385144546259,0.01440519094467163,0.9998989747848804,0.10125385144546259,,1.1169258998260736,1.1648958944353667,,,,,,,,,,,,,0.5859599709510803,0.0,0.00025185082421699877,3.284998092567548e-05,0.00028399391740094884,0.518774151802063,1.0002337927713814,1.000058889389038,1.0004019737243652,0.9998840122627254,0.999970555305481,0.9999944567680359,0.01869414542863098,0.018012723621039447,0.03310689558680081,,,,,,,,,17.0,0.0037267557527587833,0.0015628993039590805,1.0000005960464478,1.0000110864639282,1.0000290870666504,1.000111699104309,1.000628298521042,1.0826075077056885,0.0007617508538753699,0.9610909223556519,0.9997990727424622,0.9999441504478455,0.9999854564666748,0.9999979138374329,0.9999997019767761,0.012235223508749829,3.9109274021962325e-08,0.003631586023330816,0.009088988084753133,0.027254348090578737,0.035877654161089546,0.1798960568835739,17
bayesfl_observability_v1,ola_lr0p02_b128_e1,38,ola,266,21,765,6,1,128,0.44868621724882934,0.4486861281924778,9.273834490349283e-08,9.273834490349283e-08,0.8627450980392157,0.4486861281924778,0.20295801826072773,0.021845638751983643,0.9995957062631098,0.20295801826072773,,0.7641131958245704,1.5607339077663793,,,,,,,,,,,,,0.4486861281924778,9.273834490349283e-08,6.55670603188615e-05,1.1053085017920239e-05,7.797170110279697e-05,0.08257308602333069,1.0002288912466424,1.000056505203247,1.0003944635391235,0.9998864419306615,0.9999717473983765,0.9999946355819702,0.018705554150234772,0.01800511986368114,0.03313294917424248,,,,,,,,,765.0,0.0009447426471169917,0.0015448851673040959,1.0000005960464478,1.0000107288360596,1.0000280141830444,1.0001084804534912,1.000616616010666,1.0797245502471924,0.0007530783814374994,0.9623731970787048,0.999802827835083,0.9999457597732544,0.9999859929084778,0.9999979138374329,0.9999997019767761,0.012269654019442884,1.4548296665367657e-07,0.0036095569011649286,0.009084788451991326,0.027247190064373192,0.03593368455783669,0.17807826522770187,765
bayesfl_observability_v1,ola_lr0p02_b128_e1,38,ola,108,8,1,1,1,128,0.015987185761332512,0.015987185761332512,0.0,0.0,1.0,0.015987185761332512,0.010877182492813933,0.0021011531352996826,0.9999988352126483,0.010877182492813933,,-0.0,2.3163460082440825,,,,,,,,,,,,,0.015987185761332512,0.0,2.906385713595746e-06,1.119757513379227e-07,2.4226478672062512e-06,0.011037042364478111,1.0002272393458178,1.0000561475753784,1.000391960144043,0.9998872543629956,0.9999719262123108,0.999994695186615,0.01869087521119413,0.018019413879265297,0.033093649949863926,,,,,,,,,1.0,6.677793479232425e-05,0.0015329356942214581,1.0000005960464478,1.00001060962677,1.0000275373458862,1.000107765197754,1.0006132781505586,1.0795711278915405,0.0007473644361684168,0.9624415636062622,0.9998040795326233,0.999946117401123,0.9999862313270569,0.9999979138374329,0.9999997019767761,0.012226049381477505,1.544176557497859e-07,0.00362967590732135,0.009094727653246214,0.027248948782379545,0.03584362805759237,0.181555403929398,1
bayesfl_observability_v1,ola_lr0p02_b128_e1,38,ola,111,8,104,1,1,128,0.5975359678268433,0.5975359678268433,0.0,0.0,0.8365384615384616,0.5975359678268433,0.048582808818505845,0.00483722984790802,0.9999768203899912,0.048582808818505845,,1.3179184853439518,1.015282595513532,,,,,,,,,,,,,0.5975359678268433,0.0,5.798096499249013e-05,6.263375780690694e-06,7.503531378461048e-05,0.058496858924627304,1.0002286907602085,1.000056505203247,1.0003938674926758,0.9998865404168386,0.9999717473983765,0.9999946355819702,0.018694266339807444,0.01801603821812341,0.03309361037268798,,,,,,,,,104.0,0.0005991630677792087,0.0015433825004124734,1.0000005960464478,1.0000107288360596,1.0000278949737549,1.0001084804534912,1.000616616010666,1.0811104774475098,0.0007523155487086971,0.9617561101913452,0.9998031258583069,0.9999457597732544,0.9999860525131226,0.9999979138374329,0.9999997019767761,0.012236238262236337,9.541649887441528e-08,0.0036231932836824758,0.009093779970794056,0.027248507372274623,0.035862692675791584,0.18114215472616874,104
bayesfl_observability_v1,ola_lr0p02_b128_e1,39,ola,12,1,1408,11,1,128,0.298393341627988,0.298393189907074,1.5071964557219789e-07,1.5071964557219789e-07,0.9240056818181818,0.298393189907074,0.24036883836029954,0.029820561408996582,0.9994346324929392,0.24036883836029954,,1.0327057287701606,1.248593947717984,,,,,,,,,,,,,0.298393189907074,1.5071964557219789e-07,2.5909216911161093e-05,4.739994665214908e-06,3.3707340116961865e-05,0.032834794372320175,1.000224662945736,1.0000555515289307,1.0003869533538818,0.9998885257932636,0.9999722242355347,0.9999947547912598,0.018721429530563723,0.018032086609157748,0.0331503758493198,,,,,,,,,1408.0,0.00032489340654147755,0.0015180185883658067,1.0000005960464478,1.0000104904174805,1.0000274181365967,1.0001068115234375,1.0006043910980225,1.0783534049987793,0.0007403063813973902,0.9629848599433899,0.9998065829277039,0.9999465942382812,0.9999862909317017,0.9999979734420776,0.9999997019767761,0.012311059220296131,7.268400952993193e-09,0.0036395824317610624,0.009069014320506304,0.027284239463015413,0.03599611863197604,0.1979659219142838,1408
bayesfl_observability_v1,ola_lr0p02_b128_e1,39,ola,27,2,611,5,1,128,0.26428687177391175,0.26428673154203475,1.4347143021901493e-07,1.4347143021901493e-07,0.9345335515548282,0.26428673154203475,0.2515270702101318,0.0397953987121582,0.9993787782010408,0.2515270702101318,,0.08162587036147914,2.2275297802473157,,,,,,,,,,,,,0.26428673154203475,1.4347143021901493e-07,0.00012204037286172205,9.82080109679373e-06,0.0001225506828632206,0.30366235971450806,1.000227128091233,1.000056266784668,1.0003900527954102,0.9998873160479754,0.999971866607666,0.999994695186615,0.018712894100248026,0.018014468322027244,0.03313301173015607,,,,,,,,,611.0,0.0026521128734444148,0.0015383466679843322,1.0000005960464478,1.00001060962677,1.0000276565551758,1.0001071691513062,1.000609278678894,1.0782544612884521,0.0007500301227087624,0.9630289673805237,0.9998050332069397,0.9999464154243469,0.9999861717224121,0.9999979734420776,0.9999997019767761,0.012288293877063657,3.8700547270164727e-07,0.003619333860238498,0.009086039046578346,0.02725105360033159,0.03592933346994227,0.18972045735795964,611
bayesfl_observability_v1,ola_lr0p02_b128_e1,39,ola,121,9,200,2,1,128,0.26782109439373014,0.2678210836648941,1.087560121959541e-08,1.087560121959541e-08,0.985,0.2678210836648941,0.10622097280278711,0.015353918075561523,0.9998893261848864,0.10622097280278711,,0.3200447217843331,2.005272317401729,,,,,,,,,,,,,0.2678210836648941,1.087560121959541e-08,8.699510601746033e-05,7.740685759927146e-06,7.934011227916926e-05,0.17149466276168823,1.0002262271737916,1.0000563859939575,1.0003886222839355,0.9998877605134335,0.9999718070030212,0.9999947547912598,0.01871201081273312,0.01801208487124838,0.033117647009762385,,,,,,,,,200.0,0.0019504367131507226,0.001533052254873879,1.0000005960464478,1.0000104904174805,1.0000275373458862,1.000108003616333,1.0006071329116821,1.0787745714187622,0.0007475111231466361,0.9627968668937683,0.999805748462677,0.9999459981918335,0.9999862313270569,0.9999979734420776,0.9999997019767761,0.012273768494911482,1.1265214211570808e-07,0.0036409806252507867,0.009089052832822362,0.027263242794450013,0.03588842231027163,0.184026903886293,200
bayesfl_observability_v1,ola_lr0p02_b128_e1,39,ola,92,7,263,3,1,128,0.6073191990870487,0.607319167301682,3.2106134606004474e-08,3.2106134606004474e-08,0.8136882129277566,0.607319167301682,0.17449953253712325,0.02379520982503891,0.9997012037238622,0.17449953253712325,,1.1235252994155807,1.1782721753134522,,,,,,,,,,,,,0.607319167301682,3.2106134606004474e-08,0.00014327897287654836,1.8174716387875378e-05,0.0001745615081745204,0.24935999512672424,1.0002276722007573,1.0000566244125366,1.0003910064697266,0.9998870470469483,0.9999716877937317,0.9999946355819702,0.01871355803536204,0.01803406199496648,0.033133237842513694,,,,,,,,,263.0,0.002045600338027307,0.0015410266105594602,1.0000005960464478,1.0000107288360596,1.0000280141830444,1.0001078844070435,1.0006111323833466,1.0784257650375366,0.0007512886519740177,0.9629525542259216,0.9998045563697815,0.9999460577964783,0.9999859929084778,0.9999979734420776,0.9999997019767761,0.012283390836535025,2.3814377808728e-08,0.0036227122122012272,0.009087660158571681,0.027261705637601403,0.035934248118983304,0.17801337447078058,263
bayesfl_observability_v1,ola_lr0p02_b128_e1,39,ola,238,19,18,1,1,128,0.7453184723854065,0.7453184723854065,0.0,0.0,0.7222222222222222,0.7453184723854065,0.11151926430455483,0.018622353672981262,0.9998777375075469,0.11151926430455483,,0.9404479886553264,1.3716040057455146,,,,,,,,,,,,,0.7453184723854065,0.0,0.0003055062337329458,3.489285518298857e-05,0.0003160981577821076,0.8669805526733398,1.0002318307389864,1.0000574588775635,1.0003973245620728,0.9998850071109253,0.9999712705612183,0.9999943971633911,0.018707533725363813,0.018020054130080156,0.0331157204796406,,,,,,,,,18.0,0.006025132013165807,0.0015759913433997703,1.0000005960464478,1.0000112056732178,1.000028133392334,1.0001095533370972,1.0006193578243257,1.085403561592102,0.0007675157149235819,0.9598522186279297,0.9998013973236084,0.9999452233314514,0.999985933303833,0.9999979138374329,0.9999997019767761,0.012266550071999806,7.464516332286444e-08,0.0036367497030373587,0.00908282254491932,0.02725225032052432,0.0359212574583,0.17974332230319756,18
bayesfl_observability_v1,ola_lr0p02_b128_e1,39,ola,245,19,166,2,1,128,0.6293118649936584,0.6293118513492216,1.3939828461553336e-08,1.3939828461553336e-08,0.8072289156626506,0.6293118513492216,0.1414353006716322,0.012972287833690643,0.9998034028480974,0.1414353006716322,,0.4534650765650608,1.8353971806874023,,,,,,,,,,,,,0.6293118513492216,1.3939828461553336e-08,0.00017669418058878533,1.9974180759163573e-05,0.00019159627117915082,0.17703412473201752,1.0002285297404012,1.0000567436218262,1.0003913760185241,0.9998866290835063,0.9999716281890869,0.9999947547912598,0.01870872294952339,0.01802038473828245,0.03312138829537842,,,,,,,,,166.0,0.002399251694580091,0.0015505882121744149,1.0000005960464478,1.0000104904174805,1.0000277757644653,1.0001099109649658,1.0006141662597656,1.0784085988998413,0.0007558595143041525,0.9629601836204529,0.9998043715953827,0.9999450445175171,0.9999861121177673,0.9999979138374329,0.9999997019767761,0.01227032036192226,5.703112690176712e-07,0.0036171689102877597,0.009086182517753585,0.027255908604718562,0.035922566456404924,0.1774036292005556,166
bayesfl_observability_v1,ola_lr0p02_b128_e1,39,ola,102,8,8,1,1,128,0.7996422052383423,0.7996422052383423,0.0,0.0,0.875,0.7996422052383423,0.10978263345438034,0.008608706295490265,0.9998815833499691,0.10978263345438034,,1.0735428464085233,1.2939773289156493,,,,,,,,,,,,,0.7996422052383423,0.0,0.0002960653428213977,3.4557881008367985e-05,0.00040936681616585716,0.1852746307849884,1.000231591131477,1.0000582933425903,1.0004024505615234,0.999885096948953,0.9999708533287048,0.9999945759773254,0.018708365104833334,0.018018254533336345,0.033136879100297854,,,,,,,,,8.0,0.0023161429664907843,0.0015488316056476792,1.0000005960464478,1.0000108480453491,1.000028371810913,1.0001119375228882,1.000624418258667,1.0802572965621948,0.0007550383506680653,0.9621358513832092,0.9997988343238831,0.9999440312385559,0.9999858140945435,0.9999979734420776,0.9999997019767761,0.012269639622098745,1.0260869472407373e-07,0.0036234147765334458,0.009092023709783513,0.027271186608420706,0.03591266698584739,0.17870626228524863,8
bayesfl_observability_v1,ola_lr0p02_b128_e1,39,ola,106,8,699,6,1,128,0.3766428782619291,0.37664267574257093,2.054291378265124e-07,2.054291378265124e-07,0.8955650929899857,0.37664267574257093,0.25848696675894767,0.03092023730278015,0.9993447896365031,0.25848696675894767,,0.8165958843333622,1.4987922765808088,,,,,,,,,,,,,0.37664267574257093,2.054291378265124e-07,0.0001823695507478121,1.4968525647418573e-05,0.00016416088328696787,0.2665520906448364,1.0002286756848076,1.000056266784668,1.0003916144371032,0.9998865695350868,0.999971866607666,0.9999947547912598,0.018719913440445286,0.018030225890740173,0.03311140164100458,,,,,,,,,699.0,0.0032963326365901785,0.0015628251441249144,1.0000005960464478,1.0000104904174805,1.0000280141830444,1.0001089572906494,1.0006123244762422,1.080725908279419,0.0007614461683773092,0.9619272351264954,0.9998042523860932,0.9999455213546753,0.9999859929084778,0.9999979734420776,0.9999997019767761,0.012296102965365797,3.6226205101615894e-08,0.0036307601503230203,0.009088988247155478,0.027255209298497455,0.035957455025488916,0.1805120031679564,699
bayesfl_observability_v1,ola_lr0p02_b128_e1,39,ola,276,22,91,1,1,128,0.45966246724128723,0.45966246724128723,0.0,0.0,0.8791208791208791,0.45966246724128723,0.09385133644384053,0.017360538244247437,0.9999134651001818,0.09385133644384053,,0.6083265295165262,1.6692992620442342,,,,,,,,,,,,,0.45966246724128723,0.0,0.00021637206994639874,2.011014112213161e-05,0.00022256316151469946,0.7534711360931396,1.0002295465650688,1.0000568628311157,1.0003947138786315,0.9998861289679143,0.9999715685844421,0.9999945759773254,0.018708522987867023,0.018018938719889695,0.03313378060817072,,,,,,,,,91.0,0.004415004645582807,0.0015582570911808896,1.0000005960464478,1.0000108480453491,1.0000276565551758,1.0001079738140106,1.0006158351898193,1.0824930667877197,0.000759157772663747,0.9611417055130005,0.999802702665329,0.9999460130929947,0.9999861717224121,0.9999979138374329,0.9999997019767761,0.012267759592685171,5.042025864780484e-08,0.0036386451121517794,0.009091976817025251,0.027252991040408618,0.03591193892079995,0.18555459256578793,91
bayesfl_observability_v1,ola_lr0p02_b128_e1,39,ola,272,21,458,4,1,128,0.3157644974612773,0.3157644490487711,4.764627950794122e-08,4.764627950794122e-08,0.9323144104803494,0.3157644490487711,0.18335159081970256,0.02671995759010315,0.9996701202338328,0.18335159081970256,,0.692767381715621,1.5958737672973724,,,,,,,,,,,,,0.3157644490487711,4.764627950794122e-08,6.250913913410393e-05,9.046429568115855e-06,7.700369751546536e-05,0.12895266711711884,1.0002256009261734,1.0000560283660889,1.0003881454467773,0.9998880636514,0.9999719858169556,0.999994695186615,0.018714409719802247,0.018018879730619164,0.03313706210084803,,,,,,,,,458.0,0.0009152298380145953,0.0015241538749425651,1.0000005960464478,1.00001060962677,1.0000275373458862,1.0001072883605957,1.0006065368652344,1.0784085988998413,0.0007432114325619279,0.9629601836204529,0.9998059868812561,0.9999463558197021,0.9999862313270569,0.9999979734420776,0.9999997019767761,0.01228334101270733,2.4493677223448753e-07,0.0036403141477806267,0.009081122723201086,0.027266796896422626,0.03595839080632218,0.1883326637267334,458
bayesfl_observability_v1,ola_lr0p02_b128_e1,39,ola,129,10,7,1,1,128,0.8394826054573059,0.8394826054573059,0.0,0.0,0.8571428571428571,0.8394826054573059,0.18950557033740215,0.028138205409049988,0.999647106875891,0.18950557033740215,,-0.0,2.3096097079310103,,,,,,,,,,,,,0.8394826054573059,0.0,0.0008821942590063508,5.691080150427297e-05,0.0007926511345431217,1.9793976545333862,1.0002466188206167,1.0000594854354858,1.0004211783409118,0.9998777395957132,0.9999702572822571,0.9999942779541016,0.01870975187905605,0.01800294016003704,0.03312166600891132,,,,,,,,,7.0,0.015664330380570822,0.00168220711136847,1.0000005960464478,1.0000114440917969,1.000029444694519,1.000117301940918,1.0006648302078247,1.0861141681671143,0.0008177831667557383,0.9595382213592529,0.9997894704341889,0.999941349029541,0.9999852776527405,0.9999979734420776,0.9999997019767761,0.01227879232090201,1.1391065108716794e-06,0.003629218032020136,0.009091865546327776,0.027256069360593663,0.035919273437378295,0.18113933127273998,7
bayesfl_observability_v1,ola_lr0p02_b128_e1,39,ola,66,5,62,1,1,128,0.6036238074302673,0.6036238074302673,0.0,0.0,0.8225806451612904,0.6036238074302673,0.07819840334667785,0.012218363583087921,0.9999399388931686,0.07819840334667785,,0.9660110351731741,1.4090820076417192,,,,,,,,,,,,,0.6036238074302673,0.0,0.00015021594344088215,1.52263683048659e-05,0.00015769028686918318,0.37322115898132324,1.0002278514726932,1.000056505203247,1.0003917217254639,0.9998869621409313,0.9999717473983765,0.999994695186615,0.018707518316179696,0.018020047049995658,0.033136867345056956,,,,,,,,,62.0,0.002872688361063789,0.0015453315402782354,1.0000005960464478,1.00001060962677,1.0000277757644653,1.0001096725463867,1.0006104707717896,1.0784235000610352,0.0007532752696537358,0.962953507900238,0.9998041987419128,0.9999451637268066,0.9999861121177673,0.9999979734420776,0.9999997019767761,0.01226771869658398,3.055538070108789e-07,0.003624119912518118,0.00908985857199545,0.02725832704303328,0.035912195601959435,0.1795301552400863,62
bayesfl_observability_v1,ola_lr0p02_b128_e1,39,ola,72,5,243,2,1,128,0.7761852776808013,0.7761851789529431,1.0156064930973569e-07,1.0156064930973569e-07,0.7283950617283951,0.7761851789529431,0.20433690305790575,0.02398274838924408,0.9995896277021089,0.20433690305790575,,0.5850114854903742,1.7313068426386855,,,,,,,,,,,,,0.7761851789529431,1.0156064930973569e-07,0.000547528473189979,4.292979974707123e-05,0.0004792159917997196,0.8445594310760498,1.0002380375638626,1.0000576972961426,1.0004022121429443,0.999882012583997,0.9999711513519287,0.9999947547912598,0.0187105104552147,0.01801910906061583,0.033108397408203295,,,,,,,,,243.0,0.010005082069588325,0.0016692630076563957,1.0000005960464478,1.0000104904174805,1.0000286102294922,1.0001133680343628,1.0006322324275971,1.0960382223129272,0.0008111992392169101,0.9551842212677002,0.9997989535331726,0.9999433159828186,0.9999856948852539,0.9999979138374329,0.9999997019767761,0.012274322612803496,2.4504809154761654e-07,0.0036297370872726523,0.009097227248135623,0.027249552715043122,0.03592335988071782,0.1771143381217511,243
bayesfl_observability_v1,ola_lr0p02_b128_e1,39,ola,78,6,10,1,1,128,0.28572601079940796,0.28572601079940796,0.0,0.0,1.0,0.28572601079940796,0.06343840179249424,0.008650116622447968,0.9999605502746234,0.06343840179249424,,0.6554817739013927,1.6692820093029912,,,,,,,,,,,,,0.28572601079940796,0.0,9.886093746835491e-05,1.0794679837999865e-05,0.00011892567272298038,0.18706145882606506,1.000226532337625,1.0000559091567993,1.0003892183303833,0.9998876075502392,0.9999720454216003,0.999994695186615,0.018708659242599294,0.018009205593362887,0.033136084978362734,,,,,,,,,10.0,0.0016158463094676763,0.0015327158976107791,1.0000005960464478,1.00001060962677,1.0000276565551758,1.0001099109649658,1.000608205795288,1.0783041715621948,0.0007472940062278878,0.9630067944526672,0.9998054504394531,0.9999450445175171,0.9999861717224121,0.9999979138374329,0.9999997019767761,0.01226972869313634,2.0955340218566592e-07,0.0036318363268558794,0.009099867372436336,0.027259789133449938,0.0359117464207796,0.185640125145634,10
bayesfl_observability_v1,ola_lr0p02_b128_e1,39,ola,80,6,127,1,1,128,1.286880612373352,1.286880612373352,0.0,0.0,0.5275590551181102,1.286880612373352,0.22882029202077755,0.029230624437332153,0.9994852819279548,0.22882029202077755,,0.7755044244857179,1.553098974403993,,,,,,,,,,,,,1.286880612373352,0.0,0.0012862024085094127,9.724755727802403e-05,0.0010851211845874786,2.1360740661621094,1.000256978623277,1.0000611543655396,1.0004245042800903,0.9998728670996135,0.9999694228172302,0.999994695186615,0.01871045444369836,0.01802347175469844,0.033103192291170536,,,,,,,,,127.0,0.02456542320659071,0.0019247781675668612,1.0000005960464478,1.00001060962677,1.0000300407409668,1.0001202821731567,1.000671809911728,1.1221081018447876,0.0009279684082634171,0.9440231919288635,0.9997878074645996,0.9999398589134216,0.9999849796295166,0.9999979734420776,0.9999997019767761,0.012275192439534661,8.334322230002563e-09,0.0036338248531451347,0.009099358665301302,0.027250900455544694,0.03592417142760653,0.1777494718334164,127
bayesfl_observability_v1,ola_lr0p02_b128_e1,40,ola,139,11,364,3,1,128,0.4646915515045543,0.46469153218216946,1.929653846234812e-08,1.929653846234812e-08,0.8846153846153846,0.46469153218216946,0.10951450965058651,0.014249712228775024,0.9998825325409523,0.10951450965058651,,0.8409163134019236,1.4643652933933091,,,,,,,,,,,,,0.46469153218216946,1.929653846234812e-08,5.35319067399576e-05,7.488083610951435e-06,6.890081858728085e-05,0.08424028009176254,1.000223723570209,1.0000553131103516,1.0003831386566162,0.9998889984199688,0.9999723434448242,0.9999947547912598,0.018719647856935917,0.018028146074982584,0.03315735007807546,,,,,,,,,364.0,0.0007964478703739559,0.0015208488844459403,1.0000005960464478,1.0000104904174805,1.0000275373458862,1.0001059770584106,1.0005993306636811,1.0765063762664795,0.0007416424572826068,0.9638106226921082,0.9998084902763367,0.9999470114707947,0.9999862313270569,0.9999980330467224,0.9999997019767761,0.012302250703033523,2.9810412098977824e-07,0.0036277579939885188,0.009082989526097611,0.027272451544975273,0.03598039160915305,0.17822395055211002,364
bayesfl_observability_v1,ola_lr0p02_b128_e1,40,ola,141,11,30,1,1,128,0.352073609828949,0.352073609828949,0.0,0.0,1.0,0.352073609828949,0.04859348867565436,0.004170946776866913,0.9999769278818351,0.04859348867565436,,1.5190465305721117,0.7674065092926465,,,,,,,,,,,,,0.352073609828949,0.0,5.8006457031410946e-05,6.3674888224340975e-06,6.906605995027348e-05,0.043491993099451065,1.0002238321283237,1.0000553131103516,1.0003842115402222,0.9998889445227749,0.9999723434448242,0.9999948143959045,0.018718771571999648,0.01802100777319323,0.03314105291297915,,,,,,,,,30.0,0.0005908851090601858,0.001521191790842276,1.0000005960464478,1.000010371208191,1.0000274181365967,1.000105857849121,1.000599092245102,1.0764342546463013,0.0007418106207447548,0.9638428688049316,0.9998079538345337,0.9999470710754395,0.9999862909317017,0.9999980330467224,0.9999997019767761,0.01229493734880542,3.210510497197817e-08,0.0036312075997558453,0.009083346784989395,0.027281758479287672,0.03595011976930941,0.18421362241851327,30
bayesfl_observability_v1,ola_lr0p02_b128_e1,40,ola,144,11,31,1,1,128,1.3482450246810913,1.3482450246810913,0.0,0.0,0.41935483870967744,1.3482450246810913,0.17699749969180958,0.02863488346338272,0.9996925504364459,0.17699749969180958,,1.0406143781872677,1.27432833756673,,,,,,,,,,,,,1.3482450246810913,0.0,0.0007695813515489434,7.949338396429084e-05,0.0007448544492945084,2.049891471862793,1.0002416235507794,1.000059723854065,1.0004046082496643,0.999880258329165,0.9999701380729675,0.9999936819076538,0.018717274174625258,0.018026229119665626,0.03313933211382677,,,,,,,,,31.0,0.013900688344269246,0.001703014200691736,1.0000005960464478,1.0000126361846924,1.0000295639038086,1.0001133680343628,1.000634789466858,1.1276583671569824,0.000825448674181018,0.9416970610618591,0.9997977554798126,0.9999433159828186,0.9999852180480957,0.9999980330467224,0.9999997019767761,0.012296320457209655,9.878093110428576e-07,0.003626166549324466,0.009080515082718293,0.027259793764249272,0.0359493563667424,0.1742883154611815,31
bayesfl_observability_v1,ola_lr0p02_b128_e1,40,ola,225,18,3,1,1,128,0.2605777680873871,0.2605777680873871,0.0,0.0,1.0,0.2605777680873871,0.07114603082546958,0.007275804877281189,0.9999504630231673,0.07114603082546958,,1.0986122886681096,1.2032389420923582,,,,,,,,,,,,,0.2605777680873871,0.0,0.0001243430805611942,1.1257277947152033e-05,0.00019984348764410243,0.1323433369398117,1.0002254956490377,1.0000557899475098,1.0003876686096191,0.9998881170331957,0.9999721050262451,0.9999946355819702,0.018718969955446904,0.018023158542562152,0.033153419155851835,,,,,,,,,3.0,0.0011193531559139276,0.0015248510665717564,1.0000005960464478,1.0000107288360596,1.0000277757644653,1.000109076499939,1.0006053447723389,1.0766050815582275,0.0007435525247262214,0.9637663960456848,0.9998062252998352,0.9999454617500305,0.9999861121177673,0.9999980330467224,0.9999997019767761,0.012297742073488927,3.709639702281676e-08,0.0036342410233835116,0.009093950674720163,0.02727307726407558,0.035982136898170376,0.1830974606874013,3
bayesfl_observability_v1,ola_lr0p02_b128_e1,40,ola,217,17,189,2,1,128,0.5741957654713323,0.5741957101635832,5.569769945198522e-08,5.569769945198522e-08,0.8571428571428571,0.5741957101635832,0.19933681436229067,0.026299990713596344,0.9996105207265832,0.19933681436229067,,0.3250829733914482,1.9958124018703602,,,,,,,,,,,,,0.5741957101635832,5.569769945198522e-08,0.0004276193622884564,3.4007949579972774e-05,0.0003730652737431239,0.7475948929786682,1.0002330747207795,1.0000568628311157,1.0003941059112549,0.9998844508631848,0.9999715685844421,0.999994695186615,0.01872303894824819,0.01803742320171601,0.03314101364949241,,,,,,,,,189.0,0.008395022301376823,0.0016333582766851016,1.0000005960464478,1.00001060962677,1.0000282526016235,1.0001089572906494,1.0006174504756928,1.090011715888977,0.0007943286748398297,0.9578211307525635,0.9998030066490173,0.9999455213546753,0.9999858736991882,0.9999979734420776,0.9999997019767761,0.012305942483197352,2.1652869300597793e-07,0.003618218747307285,0.009080237035554394,0.027272397463340006,0.03597958144838696,0.18231037079509477,189
bayesfl_observability_v1,ola_lr0p02_b128_e1,40,ola,220,17,369,3,1,128,0.383676314055112,0.38367624653548726,6.787676955639661e-08,6.787676955639661e-08,0.9051490514905149,0.38367624653548726,0.169952221261364,0.035862624645233154,0.9997170397236416,0.169952221261364,,0.4951145579587969,1.8291712766140646,,,,,,,,,,,,,0.38367624653548726,6.787676955639661e-08,0.00017022344070170543,1.4666198694612831e-05,0.00015803857240825891,0.7709305286407471,1.000226638836489,1.0000557899475098,1.0003876686096191,0.9998875676648514,0.9999721050262451,0.9999945759773254,0.01872222639187934,0.018018491001740435,0.033152668745603665,,,,,,,,,369.0,0.0042242438866769315,0.0015451586208479534,1.0000005960464478,1.0000108480453491,1.0000275373458862,1.0001071691513062,1.0006052911281587,1.0837308168411255,0.0007529025333722596,0.9605927467346191,0.9998062252998352,0.9999464154243469,0.9999862313270569,0.9999980330467224,0.9999997019767761,0.012308727748011321,2.708885711369778e-07,0.0036183254313760173,0.00908605864055817,0.02727957267487669,0.03598416327058896,0.19707851954946656,369
bayesfl_observability_v1,ola_lr0p02_b128_e1,40,ola,57,4,213,2,1,128,0.4780804649205275,0.4780804411346364,1.937700887589858e-08,1.937700887589858e-08,0.8591549295774648,0.4780804411346364,0.13576333843467778,0.014591515064239502,0.999819343948334,0.13576333843467778,,0.995433157814133,1.2955429990385827,,,,,,,,,,,,,0.4780804411346364,1.937700887589858e-08,0.00013957648144431723,1.3926368410466239e-05,0.00015550802927464247,0.17021457850933075,1.00022587315254,1.0000560283660889,1.000386118888855,0.9998879429738109,0.9999719858169556,0.9999947547912598,0.018720110708667487,0.01802454240051222,0.03314158165228098,,,,,,,,,213.0,0.0020680491810815766,0.0015380892127221774,1.0000005960464478,1.0000104904174805,1.0000277757644653,1.0001072883605957,1.0006039142608643,1.0765448808670044,0.0007498620722867723,0.9637933373451233,0.9998070001602173,0.9999463558197021,0.9999861121177673,0.9999980330467224,0.9999997019767761,0.012301136695657296,7.277614074601168e-08,0.0036145464811400212,0.009071454834060754,0.02727205714139632,0.035974446409886444,0.18005135345048512,213
bayesfl_observability_v1,ola_lr0p02_b128_e1,40,ola,58,4,463,4,1,128,0.324827787814336,0.32482773451774216,5.688039501368912e-08,5.688039501368912e-08,0.9265658747300216,0.32482773451774216,0.18357573645910877,0.028678327798843384,0.9996702784091388,0.18357573645910877,,0.8886543877137418,1.3317328076251618,,,,,,,,,,,,,0.32482773451774216,5.688039501368912e-08,7.759893409301722e-05,1.0368332368670963e-05,8.938590181060147e-05,0.17521296441555023,1.000224324686302,1.000055193901062,1.0003838539123535,0.9998886989940415,0.999972403049469,0.9999947547912598,0.018725614176708597,0.01800797561734096,0.033153838040798904,,,,,,,,,463.0,0.0011729263742974738,0.0015217367643414652,1.0000005960464478,1.0000104904174805,1.0000275373458862,1.0001064538955688,1.0006006419658662,1.076419711112976,0.0007421141012057638,0.9638494253158569,0.999808132648468,0.9999467730522156,0.9999862313270569,0.9999979734420776,0.9999997019767761,0.012316819906821899,1.5521073904726531e-06,0.003647385957094747,0.009089821043940894,0.027268829513351675,0.035994378666578196,0.20594849364279816,463
bayesfl_observability_v1,ola_lr0p02_b128_e1,40,ola,255,20,13,1,1,128,0.2284773737192154,0.2284773737192154,0.0,0.0,0.9230769230769231,0.2284773737192154,0.04457932684091764,0.006078287959098816,0.999980531379031,0.04457932684091764,,0.6517565611726531,1.6399089560237352,,,,,,,,,,,,,0.2284773737192154,0.0,4.8818817489452114e-05,3.947185632569017e-06,5.8419567358214443e-05,0.09236401319503784,1.000223602711645,1.0000555515289307,1.0003831386566162,0.9998890561439954,0.9999722242355347,0.9999947547912598,0.01871636393010124,0.01801977003624155,0.03314119027544827,,,,,,,,,13.0,0.0007601465339378022,0.0015184258663500669,1.0000005960464478,1.0000104904174805,1.0000275373458862,1.0001060962677002,1.0005995035171509,1.0764445066452026,0.0007404687019759605,0.9638382792472839,0.9998084902763367,0.9999469518661499,0.9999862313270569,0.9999980330467224,0.9999997019767761,0.012291477438995179,1.7852211926868477e-08,0.0036322609066303728,0.009086500227918754,0.02726979397083111,0.03597010608581811,0.18273416016945349,13
bayesfl_observability_v1,ola_lr0p02_b128_e1,40,ola,294,23,791,7,1,128,0.1798634925708834,0.1798634064841813,8.594536802315189e-08,8.594536802315189e-08,0.9734513274336283,0.1798634064841813,0.20411141464969304,0.03369718790054321,0.9995930382544009,0.20411141464969304,,0.5393589008331952,1.7469958446632359,,,,,,,,,,,,,0.1798634064841813,8.594536802315189e-08,3.675097789430112e-05,4.33024706580909e-06,3.560307231964545e-05,0.09684451669454575,1.0002233016534277,1.000054955482483,1.0003825426101685,0.9998892070069416,0.9999725222587585,0.9999948143959045,0.01873146570371783,0.01802604378140411,0.03318086729144632,,,,,,,,,791.0,0.0006693966221024387,0.0015187986564299094,1.0000005960464478,1.000010371208191,1.0000272989273071,1.0001059770584106,1.0005986154079438,1.0764120817184448,0.0007406281691738476,0.9638528227806091,0.9998087882995605,0.9999470114707947,0.9999863505363464,0.9999979734420776,0.9999997019767761,0.012326273679338333,2.858837594650507e-07,0.0036478896939799578,0.009092559484488866,0.027266922327192324,0.036030206215222696,0.1966613035916717,791
bayesfl_observability_v1,ola_lr0p02_b128_e1,40,ola,211,16,4,1,1,128,0.7785936594009399,0.7785936594009399,0.0,0.0,0.75,0.7785936594009399,0.17153446535289812,0.020224273204803467,0.9997116960410883,0.17153446535289812,,-0.0,2.4040642619438994,,,,,,,,,,,,,0.7785936594009399,0.0,0.0007228081546806462,8.523462747689337e-05,0.0008461567922495306,1.0225530862808228,1.0002404535696434,1.0000600814819336,1.0004099607467651,0.9998807732694871,0.9999699592590332,0.9999940991401672,0.018722269203097885,0.01801814965215226,0.03318069298670497,,,,,,,,,4.0,0.012089139427714763,0.0016421164132264727,1.0000005960464478,1.0000118017196655,1.0000300407409668,1.000121831893921,1.0006351590156555,1.080568790435791,0.0007987653158472779,0.9619971513748169,0.9997950792312622,0.9999390840530396,0.9999849796295166,0.9999979138374329,0.9999997019767761,0.012308961947290703,5.6608400140103365e-09,0.003627063569936383,0.00909592649432535,0.02726363500269936,0.03597821764915979,0.18150461272846094,4
bayesfl_observability_v1,ola_lr0p02_b128_e1,40,ola,99,7,18,1,1,128,1.1460527181625366,1.1460527181625366,0.0,0.0,0.6666666666666666,1.1460527181625366,0.1412183189130343,0.01677597127854824,0.9998042212821822,0.1412183189130343,,0.6128694524619496,1.681828938853387,,,,,,,,,,,,,1.1460527181625366,0.0,0.0004898942401163796,5.0028924306388944e-05,0.00048552098451182246,0.7035830616950989,1.0002346320975515,1.0000580549240112,1.0003995895385742,0.9998836226022653,0.9999709725379944,0.9999945163726807,0.018714961423679923,0.018012619612139846,0.033140962088962125,,,,,,,,,18.0,0.007641880925261971,0.0015889415847915955,1.0000005960464478,1.0000109672546387,1.0000287294387817,1.0001088380813599,1.0006297290325166,1.0768482685089111,0.0007743947788346435,0.9636576175689697,0.9998002648353577,0.9999455809593201,0.9999856352806091,0.9999977946281433,0.9999997019767761,0.012289444949496823,2.486483508329931e-08,0.0036177615558031437,0.009069804186330296,0.027263243346663774,0.03596515570522414,0.17649888635371794,18
bayesfl_observability_v1,ola_lr0p02_b128_e1,40,ola,181,14,2,1,1,128,0.6080484390258789,0.6080484390258789,0.0,0.0,1.0,0.6080484390258789,0.2037971767177441,0.015925230458378792,0.9995928701623621,0.2037971767177441,,0.6931471805599453,1.6112121538688304,,,,,,,,,,,,,0.6080484390258789,0.0,0.001020273456345444,5.879958189325407e-05,0.0011043990845792007,0.6340324282646179,1.0002478931745986,1.0000616312026978,1.000432014465332,0.9998770214847864,0.9999691843986511,0.999994158744812,0.0187257511917677,0.018025566331830785,0.03313784836908865,,,,,,,,,2.0,0.009015889784181967,0.001612568355570668,1.0000005960464478,1.000011682510376,1.0000300407409668,1.0001221895217896,1.0006726443767548,1.082427978515625,0.0007856023003954097,0.9611706137657166,0.9997840523719788,0.9999389052391052,0.9999849796295166,0.9999980330467224,0.9999997019767761,0.012302249982770816,1.6708851313849606e-07,0.00361824742855701,0.009089076764630985,0.02728047363730796,0.035980134213059706,0.17595487963493686,2
bayesfl_observability_v1,ola_lr0p02_b128_e1,40,ola,78,6,10,1,1,128,0.5231691002845764,0.5231691002845764,0.0,0.0,1.0,0.5231691002845764,0.11334935592018544,0.016260936856269836,0.9998741389243809,0.11334935592018544,,0.6554817739013927,1.6692820093029912,,,,,,,,,,,,,0.5231691002845764,0.0,0.0003156155244936009,3.369190380908549e-05,0.0003736277431016792,0.6610454320907593,1.0002302750946555,1.0000567436218262,1.0003927946090698,0.999885782453322,0.9999716281890869,0.9999945759773254,0.018720421377420568,0.018013943620763577,0.03316528107690508,,,,,,,,,10.0,0.005427801696276194,0.001573801895714998,1.0000005960464478,1.0000108480453491,1.0000284910202026,1.0001127421855927,1.0006145894527436,1.077584981918335,0.0007666804046473076,0.9633281230926514,0.9998036623001099,0.9999436289072037,0.9999857544898987,0.9999979734420776,0.9999997019767761,0.01230179612886394,1.1532761599338329e-07,0.0036389730287349773,0.00909645346485538,0.027271642955530768,0.03597685929953398,0.1835723766382489,10
bayesfl_observability_v1,ola_lr0p02_b128_e1,40,ola,105,8,413,4,1,128,0.48148523188099157,0.4814852071299103,2.6845524643195565e-08,2.6845524643195565e-08,0.8837772397094431,0.4814852071299103,0.14555104994571136,0.01689732074737549,0.9997931519893832,0.14555104994571136,,1.5226552204244723,0.7426563375743231,,,,,,,,,,,,,0.4814852071299103,2.6845524643195565e-08,5.085595310046249e-05,9.810370102059096e-06,6.398042896762491e-05,0.07192728668451309,1.000223654843014,1.0000553131103516,1.0003832578659058,0.9998890309533167,0.9999723434448242,0.9999948143959045,0.018727716838057896,0.018024289821205984,0.03314463371825987,,,,,,,,,413.0,0.0005470702509701841,0.001519205181182836,1.0000005960464478,1.000010371208191,1.0000275373458862,1.0001062154769897,1.000599753856659,1.076539158821106,0.0007408522204391828,0.9637959003448486,0.9998084306716919,0.9999468922615051,0.9999862313270569,0.9999979734420776,0.9999997019767761,0.01231751003737652,1.333838115341013e-07,0.0036415079329695436,0.009090252366722552,0.027264865582234874,0.03599573499574717,0.19367340987625475,413
bayesfl_observability_v1,ola_lr0p02_b128_e1,41,ola,44,3,92,1,1,128,1.5254791975021362,1.5254791975021362,0.0,0.0,0.3695652173913043,1.5254791975021362,0.2727402802790017,0.04518909007310867,0.9992717455822375,0.2727402802790017,,0.18749585469877714,2.1238639523778082,,,,,,,,,,,,,1.5254791975021362,0.0,0.0018273376608400308,0.00016277655959129333,0.0016047988319769506,5.1051344871521,1.000264256306478,1.000062108039856,1.000428557395935,0.9998694780153552,0.999968945980072,0.9999940395355225,0.018728964281396126,0.018005307140043808,0.0331533943957421,,,,,,,,,92.0,0.04047111997692694,0.0021138766416396587,1.0000005960464478,1.000011920928955,1.0000308752059937,1.0001168251037598,1.000676339864731,1.1996183395385742,0.0010045183909842916,0.913016140460968,0.9997857809066772,0.9999415874481201,0.9999845623970032,0.9999979138374329,0.9999997019767761,0.012339174338703738,4.871904255581098e-07,0.003627604553706113,0.009083081282075486,0.027260213390839977,0.0359965017330297,0.18758113907252122,92
bayesfl_observability_v1,ola_lr0p02_b128_e1,41,ola,99,7,18,1,1,128,1.0209625959396362,1.0209625959396362,0.0,0.0,0.6666666666666666,1.0209625959396362,0.1299280727049726,0.015207188203930855,0.9998346123136348,0.1299280727049726,,0.6128694524619496,1.681828938853387,,,,,,,,,,,,,1.0209625959396362,0.0,0.00041469255255363927,4.242157956468873e-05,0.00042049449984915555,0.5781463980674744,1.0002298020667595,1.0000566244125366,1.000391137599945,0.9998860009095869,0.9999716877937317,0.9999945759773254,0.018725250459892935,0.018009740067080504,0.0331538134978028,,,,,,,,,18.0,0.006481846561397451,0.0015573162118123936,1.0000005960464478,1.0000108480453491,1.000028371810913,1.0001068115234375,1.0006142854690552,1.0761011838912964,0.0007592965071414838,0.9639920592308044,0.9998044908046723,0.9999465942382812,0.9999858140945435,0.9999978542327881,0.9999997019767761,0.01231468170949702,3.2327802795447067e-07,0.0036280922166809183,0.009075953537584617,0.027265407746819507,0.035995896594211936,0.18793291505924853,18
bayesfl_observability_v1,ola_lr0p02_b128_e1,41,ola,249,19,148,2,1,128,0.2877524342085864,0.287752432194916,2.2469600954641343e-09,2.2469600954641343e-09,0.9324324324324325,0.287752432194916,0.07663400763093803,0.012930452823638916,0.9999426442759818,0.07663400763093803,,0.8084292285499561,1.5072994420910157,,,,,,,,,,,,,0.287752432194916,2.2469600954641343e-09,5.023686849685505e-05,4.415931471157819e-06,5.7455723435850814e-05,0.16817130148410797,1.0002209121262358,1.0000542402267456,1.0003774166107178,0.9998903857328644,0.9999728798866272,0.9999948143959045,0.018729605151856225,0.01801775532294136,0.033156766156026404,,,,,,,,,148.0,0.000969827069235816,0.0015044590720892524,1.0000005960464478,1.000010371208191,1.000027060508728,1.000104308128357,1.0005909204483032,1.0753388404846191,0.0007337607547791002,0.9643336534500122,0.9998113512992859,0.9999478459358215,0.999986469745636,0.9999980330467224,0.9999997019767761,0.012322152595771386,2.0426379651238355e-08,0.0036403792886228587,0.009085153826192112,0.027280069321946092,0.03601936697392076,0.18836396404326222,148
bayesfl_observability_v1,ola_lr0p02_b128_e1,41,ola,82,6,2,1,1,128,0.44751784205436707,0.44751784205436707,0.0,0.0,1.0,0.44751784205436707,0.14446950984626344,0.019833192229270935,0.999795782649527,0.14446950984626344,,-0.0,2.3155014849272724,,,,,,,,,,,,,0.44751784205436707,0.0,0.0005127110196300765,2.6776875529321842e-05,0.00041684676543809584,0.9833889603614807,1.000232193669601,1.0000571012496948,1.0004047274589538,0.9998848085707058,0.9999714493751526,0.9999940395355225,0.01872887804925236,0.018020393314343075,0.03315404753161724,,,,,,,,,2.0,0.008183934375026576,0.0015608525744426713,1.0000005960464478,1.000011920928955,1.0000276565551758,1.0001118183135986,1.0006265103816987,1.0885381698608398,0.0007602709590354207,0.9584692120552063,0.9997976958751679,0.9999440908432007,0.9999861717224121,0.9999980330467224,0.9999997019767761,0.012327225612924304,1.5996680962243895e-07,0.00362447263456003,0.009089413887432092,0.02727218966361392,0.03603095888809838,0.19253649776345308,2
bayesfl_observability_v1,ola_lr0p02_b128_e1,41,ola,85,6,91,1,1,128,1.2609843015670776,1.2609843015670776,0.0,0.0,0.5274725274725275,1.2609843015670776,0.21575411187490917,0.03578754514455795,0.9995442740494109,0.21575411187490917,,0.7052992177089794,1.615535625363525,,,,,,,,,,,,,1.2609843015670776,0.0,0.00114350594082034,0.00011219213047297671,0.0009662520373240162,3.201871156692505,1.0002475773970738,1.0000600814819336,1.0004087686538696,0.9998774554595458,0.9999699592590332,0.9999940395355225,0.01872820293505704,0.01800680743384259,0.03315108798061508,,,,,,,,,91.0,0.02514560059254981,0.001845230188581245,1.0000005960464478,1.000011920928955,1.000029444694519,1.0001124143600464,1.0006427228450776,1.153197169303894,0.0008881388067301943,0.9312112927436829,0.99979567527771,0.9999437928199768,0.9999852776527405,0.9999979734420776,0.9999997019767761,0.012332456679961886,2.209475230502194e-07,0.0036270871253851183,0.009093087603374976,0.02727286790967307,0.03599454879988294,0.18806160435275474,91
bayesfl_observability_v1,ola_lr0p02_b128_e1,41,ola,100,8,10,1,1,128,0.6877375841140747,0.6877375841140747,0.0,0.0,0.7,0.6877375841140747,0.12331657027306024,0.01943664252758026,0.9998511153681853,0.12331657027306024,,0.6001660731596457,1.7117035045711888,,,,,,,,,,,,,0.6877375841140747,0.0,0.0003735623743858958,3.222384657419752e-05,0.00035458520287647846,0.9444578289985657,1.0002287982769842,1.0000563859939575,1.0003880262374878,0.9998865030639308,0.9999718070030212,0.9999944567680359,0.018726790790627248,0.01803297520316121,0.033162387368350754,,,,,,,,,10.0,0.007055327296633813,0.0015579683871233489,1.0000005960464478,1.0000110864639282,1.000028133392334,1.0001089572906494,1.000605583190918,1.0753718614578247,0.0007593582872530296,0.9643188714981079,0.9998060464859009,0.9999455213546753,0.999985933303833,0.9999980330467224,0.9999997019767761,0.0123214709422143,3.2327802795447067e-07,0.003637922625489328,0.009094663790111007,0.027276989892503697,0.03600447084026258,0.18292627326720654,10
bayesfl_observability_v1,ola_lr0p02_b128_e1,41,ola,102,8,8,1,1,128,1.2097649574279785,1.2097649574279785,0.0,0.0,0.625,1.2097649574279785,0.15768048317053646,0.0154108926653862,0.9997565700673008,0.15768048317053646,,1.0735428464085233,1.2939773289156493,,,,,,,,,,,,,1.2097649574279785,0.0,0.000610767797273991,8.484698992106132e-05,0.0007873893599025914,0.5937392115592957,1.000234585004201,1.0000581741333008,1.0004044771194458,0.9998836251657862,0.9999709129333496,0.9999942183494568,0.01872874046747553,0.018023276213059054,0.03317588280161814,,,,,,,,,8.0,0.006129895098267916,0.0015707529341917237,1.0000005960464478,1.0000115633010864,1.0000288486480713,1.0001139640808105,1.000628113746643,1.0787794589996338,0.0007655400648210657,0.9627946615219116,0.9997978210449219,0.9999430179595947,0.9999855756759644,0.9999980330467224,0.9999997019767761,0.012321704288707443,5.083187678952209e-07,0.0036312436091710055,0.009087813694663303,0.027280524978755234,0.036003214817215565,0.18598565698888428,8
bayesfl_observability_v1,ola_lr0p02_b128_e1,41,ola,285,22,188,2,1,128,0.2521460885380177,0.2521460814044831,7.411382713214269e-09,7.411382713214269e-09,0.9574468085106383,0.2521460814044831,0.09522120636954635,0.018423035740852356,0.9999113186246156,0.09522120636954635,,0.030457357557417006,2.2852619292307335,,,,,,,,,,,,,0.2521460814044831,7.411382713214269e-09,6.677927589655657e-05,6.397173365257913e-06,6.21598061115947e-05,0.25130584836006165,1.000221316841598,1.0000545978546143,1.0003780126571655,0.9998901885894915,0.9999727010726929,0.9999948143959045,0.01872927879516189,0.018028255184346968,0.03316999285643603,,,,,,,,,188.0,0.0016551482044393588,0.001509202736045845,1.0000005960464478,1.000010371208191,1.0000271797180176,1.0001041889190674,1.0005909323692321,1.0753295421600342,0.0007360070844212286,0.9643378257751465,0.999811053276062,0.9999479055404663,0.9999864101409912,0.9999980330467224,0.9999997019767761,0.012320322527884895,6.307964452097029e-08,0.003638064262680034,0.009079408264258047,0.027271790091450414,0.03602816911002597,0.18776672518994503,188
bayesfl_observability_v1,ola_lr0p02_b128_e1,41,ola,166,13,76,1,1,128,0.6663469672203064,0.6663469672203064,0.0,0.0,0.8552631578947368,0.6663469672203064,0.08519314176798845,0.008635282516479492,0.9999290339380932,0.08519314176798845,,1.0982287840542058,1.252671424477001,,,,,,,,,,,,,0.6663469672203064,0.0,0.00017829102975204058,1.7982451026909985e-05,0.00018869463237933845,0.1864202916622162,1.0002240351800356,1.0000548362731934,1.000380527973175,0.9998888539157496,0.9999725818634033,0.9999947547912598,0.018729207156425103,0.01801861915168882,0.033171983124009506,,,,,,,,,76.0,0.0024781749101671813,0.0015310159454401144,1.0000005960464478,1.0000104904174805,1.0000274181365967,1.000107616186142,1.0005950927734375,1.0757373571395874,0.0007465494262842142,0.9641550183296204,0.9998097956180573,0.999946191906929,0.9999862909317017,0.9999980330467224,0.9999997019767761,0.012320390519150086,1.3899073164196546e-07,0.00364794704319442,0.0090948184634955,0.027277706485536915,0.03599405049662547,0.18700451153151434,76
bayesfl_observability_v1,ola_lr0p02_b128_e1,41,ola,173,13,119,1,1,128,0.5623869299888611,0.5623869299888611,0.0,0.0,0.8823529411764706,0.5623869299888611,0.10086106106978779,0.01290798932313919,0.9999004753216073,0.10086106106978779,,0.7679964346078391,1.5533998077393687,,,,,,,,,,,,,0.5623869299888611,0.0,0.0002499006043642643,2.268813750561094e-05,0.0002379674391704613,0.4165404438972473,1.000225781593199,1.0000560283660889,1.0003845691680908,0.9998879971550597,0.9999719858169556,0.9999947547912598,0.018729402186349657,0.018018976543484687,0.03315483106884823,,,,,,,,,119.0,0.00448702439415584,0.001545545190318705,1.0000005960464478,1.0000104904174805,1.0000272989273071,1.0001075267791748,1.000600165128708,1.0754839181900024,0.0007535096594157818,0.9642686247825623,0.9998077750205994,0.9999462366104126,0.9999863505363464,0.9999980330467224,0.9999997019767761,0.012320189510825596,2.733337848124279e-07,0.0036485571739785843,0.009101384730926695,0.027275464383808897,0.035991357416943176,0.18795824356040258,119
bayesfl_observability_v1,ola_lr0p02_b128_e1,41,ola,227,18,607,5,1,128,0.38971202907687946,0.3897119554793815,7.228336948727458e-08,7.228336948727458e-08,0.9110378912685337,0.3897119554793815,0.191037140403962,0.022259965538978577,0.9996438716911522,0.191037140403962,,1.1247376207296473,1.2027930712885904,,,,,,,,,,,,,0.3897119554793815,7.228336948727458e-08,5.86516800402776e-05,8.287398486572783e-06,7.156926585594195e-05,0.09215154498815536,1.0002211181871712,1.0000542402267456,1.000377893447876,0.9998902844096538,0.9999728798866272,0.9999948143959045,0.01873680460188517,0.018019351188064307,0.03319267530591044,,,,,,,,,607.0,0.0008424791343819545,0.0015059539245230573,1.0000005960464478,1.000010371208191,1.0000271797180176,1.0001047849655151,1.0005908012390137,1.0754579305648804,0.0007345275485113672,0.9642802476882935,0.9998111128807068,0.9999476075172424,0.9999864101409912,0.9999980330467224,0.9999997019767761,0.012346333809847324,7.946823639189161e-08,0.0036310160166659272,0.009087040873569928,0.02729381807229431,0.03605243864103112,0.19098460942893403,607
bayesfl_observability_v1,ola_lr0p02_b128_e1,41,ola,268,21,302,3,1,128,0.3447808155308891,0.3447807669294196,4.856411561341033e-08,4.856411561341033e-08,0.9105960264900662,0.3447807669294196,0.16589948086642486,0.020869560539722443,0.9997307104890802,0.16589948086642486,,-0.0,2.28098669344155,,,,,,,,,,,,,0.3447807669294196,4.856411561341033e-08,0.00013138056977550258,1.2677282484219177e-05,0.00014007633144501598,0.20281320810317993,1.000222890631464,1.0000554323196411,1.0003799319267273,0.9998894145027926,0.9999722838401794,0.9999948740005493,0.01872997658972106,0.018016829045753455,0.03315626292601552,,,,,,,,,302.0,0.0026105715704258974,0.0015205585923318355,1.0000005960464478,1.0000102519989014,1.0000275373458862,1.000105619430542,1.0005943775177002,1.075515627861023,0.0007415494133590065,0.9642543792724609,0.9998100936412812,0.999947190284729,0.9999862313270569,0.9999979734420776,0.9999997019767761,0.012327299013607147,2.655079823766206e-07,0.003631538783200744,0.009078157993789412,0.027273384716495964,0.036021961791351836,0.18627612167937604,302
bayesfl_observability_v1,ola_lr0p02_b128_e1,41,ola,15,1,51,1,1,128,1.1288599967956543,1.1288599967956543,0.0,0.0,0.5294117647058824,1.1288599967956543,0.24128251263492856,0.03922145813703537,0.9994302169011439,0.24128251263492856,,0.4639406270393286,1.8477013096607757,,,,,,,,,,,,,1.1288599967956543,0.0,0.0014301182313407276,0.00013470514386426657,0.0012116369209252324,3.84580659866333,1.0002545677855357,1.00006103515625,1.000416886806488,0.9998740962461344,0.999969482421875,0.9999940395355225,0.018730097737555743,0.01801090250239027,0.03315501677526935,,,,,,,,,51.0,0.031379420376703285,0.0019494186234922514,1.0000005960464478,1.000011920928955,1.0000300407409668,1.0001124143600464,1.000659465789795,1.1689029932022095,0.000933850300224087,0.9249340295791626,0.9997916162014008,0.9999437928199768,0.9999849796295166,0.9999980330467224,0.9999997019767761,0.012338302329901947,1.0829333180087632e-07,0.003623312606106196,0.009087985627671675,0.02726313941606812,0.035994173674726876,0.18776502916653803,51
bayesfl_observability_v1,ola_lr0p02_b128_e1,41,ola,23,1,306,3,1,128,0.4223248637190052,0.42232484638301376,1.815371654308418e-08,1.815371654308418e-08,0.9019607843137255,0.42232484638301376,0.11862162797745221,0.014448218047618866,0.9998623868739602,0.11862162797745221,,1.0359434414661433,1.2422106794126557,,,,,,,,,,,,,0.42232484638301376,1.815371654308418e-08,5.9105668377790516e-05,8.387020443478832e-06,6.744406200596135e-05,0.08598983287811279,1.0002211295095351,1.0000545978546143,1.000378131866455,0.999890277701276,0.9999727010726929,0.9999948740005493,0.018729404055698198,0.018012339104117064,0.03315334542404286,,,,,,,,,306.0,0.0008635572139519549,0.0015049407279490187,1.0000005960464478,1.0000102519989014,1.0000272989273071,1.000105381011963,1.0005911588668823,1.0754070281982422,0.0007340688193016347,0.9643031358718872,0.9998109936714172,0.9999473094940186,0.9999863505363464,0.9999979734420776,0.9999997019767761,0.01232469257164831,7.795824381911077e-07,0.0036372041508610153,0.009078587924708649,0.027283638666527377,0.0360118367121193,0.1854811363268749,306
bayesfl_observability_v1,ola_lr0p02_b128_e1,41,ola,132,10,381,3,1,128,0.3463108223176065,0.3463107927499481,3.1497491401895595e-08,3.1497491401895595e-08,0.9186351706036745,0.3463107927499481,0.12734296055079158,0.013818256556987762,0.9998416279782734,0.12734296055079158,,0.9889320457164062,1.276983504145674,,,,,,,,,,,,,0.3463107927499481,3.1497491401895595e-08,6.846334433553835e-05,8.469658951071324e-06,7.405889045912774e-05,0.0884188711643219,1.0002213560376407,1.0000545978546143,1.0003776550292969,0.9998901675307845,0.9999727010726929,0.9999948740005493,0.01873214865442073,0.01801836498663172,0.033163871046352704,,,,,,,,,381.0,0.0010049333514273655,0.0015077861067493141,1.0000005960464478,1.0000102519989014,1.0000272989273071,1.0001044273376465,1.000591516494751,1.0754963159561157,0.0007354145143900566,0.9642630815505981,0.9998112320899963,0.9999477863311768,0.9999863505363464,0.9999980330467224,0.9999997019767761,0.012331677842612661,1.7826941091665207e-08,0.003636890612837739,0.009086914410907223,0.027282458462184633,0.03602635197539799,0.19585066028474368,381
bayesfl_observability_v1,ola_lr0p02_b128_e1,42,ola,231,18,14,1,1,128,0.435986191034317,0.435986191034317,0.0,0.0,0.8571428571428571,0.435986191034317,0.0961786827526104,0.01093706488609314,0.9999095399337472,0.0961786827526104,,0.24493002679463532,2.0384139543004163,,,,,,,,,,,,,0.435986191034317,0.0,0.00022723640412831847,2.451411637593992e-05,0.00025486342492513374,0.2990485429763794,1.0002252462723875,1.0000559091567993,1.000381588935852,0.9998882594728934,0.9999720454216003,0.9999945759773254,0.018733131708354764,0.018023513853945232,0.0331697073798508,,,,,,,,,14.0,0.003836533270844175,0.0015409669180606238,1.0000005960464478,1.0000108480453491,1.0000278949737549,1.0001051425933838,1.0005959272384644,1.0829130411148071,0.000751224105745694,0.9609553217887878,0.9998092651367188,0.9999474287033081,0.9999860525131226,0.9999980330467224,0.9999997019767761,0.012333873996360906,4.5500194499741925e-07,0.00363349485766886,0.00907827947138529,0.02727691245925206,0.03602971044493197,0.18676770087524738,14
bayesfl_observability_v1,ola_lr0p02_b128_e1,42,ola,3,0,54,1,1,128,0.5960331559181213,0.5960331559181213,0.0,0.0,0.8333333333333334,0.5960331559181213,0.07852291292369892,0.009919868782162666,0.9999396954217927,0.07852291292369892,,0.7281071546314151,1.532144314993967,,,,,,,,,,,,,0.5960331559181213,0.0,0.0001514652892383509,1.62883088705712e-05,0.00016053915751399495,0.2460094541311264,1.000223441129585,1.0000555515289307,1.0003790974617004,0.9998891523448495,0.9999722242355347,0.9999946355819702,0.018732126897818006,0.018012303460618564,0.03316309589438354,,,,,,,,,54.0,0.0026129616696810294,0.0015325716052725317,1.0000005960464478,1.0000107288360596,1.0000272989273071,1.0001044273376465,1.000591939687729,1.0828937292099,0.0007471381075164601,0.9609639048576355,0.9998105108737946,0.9999477863311768,0.9999863505363464,0.9999980926513672,0.9999997019767761,0.012332147280747888,7.576119711603071e-08,0.00363470135674939,0.009080794672930204,0.02728216472902024,0.036029484468279506,0.18967616406151933,54
bayesfl_observability_v1,ola_lr0p02_b128_e1,42,ola,117,9,8,1,1,128,1.050970435142517,1.050970435142517,0.0,0.0,0.5,1.050970435142517,0.18121364356376152,0.023932859301567078,0.9996788457465983,0.18121364356376152,,0.5623351446188083,1.7518051301834499,,,,,,,,,,,,,1.050970435142517,0.0,0.00080668138532975,6.12952426308766e-05,0.0009085361380130053,1.431955337524414,1.0002390419322895,1.0000585317611694,1.000402808189392,0.9998814683116536,0.9999707341194153,0.9999940991401672,0.01873356165943552,0.018021664746765538,0.03317107553973349,,,,,,,,,8.0,0.012132191719967962,0.0016325161742900495,1.0000005960464478,1.0000118017196655,1.0000289976596832,1.000111699104309,1.0006303787231445,1.0828965902328491,0.0007947256163377657,0.9609626531600952,0.9997986555099487,0.9999441504478455,0.9999855011701584,0.9999980926513672,0.9999997019767761,0.01234139053907165,3.1402449471713875e-07,0.0036201320590530683,0.00909011199833036,0.027285120252616153,0.036030955451178924,0.1820790430491681,8
bayesfl_observability_v1,ola_lr0p02_b128_e1,42,ola,120,9,855,7,1,128,0.27754101521439023,0.27754090475408655,1.1005846123060759e-07,1.1005846123060759e-07,0.9508771929824561,0.27754090475408655,0.21325082632569356,0.027218930423259735,0.9995577591662956,0.21325082632569356,,1.0262410776633744,1.2672530622969025,,,,,,,,,,,,,0.27754090475408655,1.1005846123060759e-07,4.999236896194055e-05,6.314307483989978e-06,4.937498670187779e-05,0.08830641955137253,1.0002210249586425,1.0000544786453247,1.0003756403923034,0.9998903424358911,0.9999727606773376,0.999994695186615,0.018751261489924863,0.018008172108068862,0.03319001679656582,,,,,,,,,855.0,0.0009301884327160633,0.0015165945787773798,1.0000005960464478,1.00001060962677,1.000027060508728,1.0001049041748047,1.000586986541748,1.0830460786819458,0.000739464617835685,0.9608963131904602,0.9998122394084931,0.9999475479125977,0.999986469745636,0.9999980926513672,0.9999997019767761,0.01237453480704533,4.1011755261868767e-07,0.003655132818286275,0.009103484742216415,0.0272893285398772,0.03605078779568557,0.20103439605377932,855
bayesfl_observability_v1,ola_lr0p02_b128_e1,42,ola,62,5,230,2,1,128,0.48167184513548145,0.4816718187021173,2.530477003589389e-08,2.530477003589389e-08,0.8826086956521739,0.4816718187021173,0.14059434842908428,0.014476504176855087,0.9998069497537798,0.14059434842908428,,0.7398855854147172,1.5046979575000918,,,,,,,,,,,,,0.4816718187021173,2.530477003589389e-08,0.00016084020795083742,1.6214880815823562e-05,0.00016790788940852517,0.18118105828762054,1.000223663762919,1.0000548362731934,1.000379204750061,0.9998890496780892,0.9999725818634033,0.999994695186615,0.01873783940082208,0.01802226925439714,0.03316223761086478,,,,,,,,,230.0,0.0022811278478244742,0.0015405356824480588,1.0000005960464478,1.00001060962677,1.0000275373458862,1.000104546546936,1.000593250989914,1.082905650138855,0.000750776042076211,0.9609586000442505,0.9998104572296143,0.999947726726532,0.9999862313270569,0.9999980926513672,0.9999997019767761,0.012344017234202472,5.527260381186433e-07,0.00364226561092504,0.009098793796054739,0.027288903384831652,0.03604007108047068,0.2010830984965264,230
bayesfl_observability_v1,ola_lr0p02_b128_e1,42,ola,74,5,70,1,1,128,0.6702191829681396,0.6702191829681396,0.0,0.0,0.8285714285714286,0.6702191829681396,0.09652600835488628,0.009514018893241882,0.9999089275404817,0.09652600835488628,,1.1534898214385076,1.1546999842430363,,,,,,,,,,,,,0.6702191829681396,0.0,0.00022888058902613805,1.6953407794062514e-05,0.0002584549074526876,0.22629167139530182,1.0002252841459647,1.0000556707382202,1.0003827810287476,0.9998882544670872,0.9999721646308899,0.9999946355819702,0.0187345285555551,0.018013783519835472,0.033159326183420434,,,,,,,,,70.0,0.0030858847219928424,0.0015538989305476645,1.0000005960464478,1.0000107288360596,1.0000272989273071,1.000105857849121,1.0005972385406494,1.0829334259033203,0.0007570276914729684,0.9609463214874268,0.999808669090271,0.9999470710754395,0.9999863505363464,0.9999980926513672,0.9999997019767761,0.012335741284249314,1.495256022077641e-07,0.0036251986252557856,0.00908656439959742,0.02728155701780802,0.036034526927435806,0.18682773450339382,70
bayesfl_observability_v1,ola_lr0p02_b128_e1,42,ola,282,22,46,1,1,128,0.34207525849342346,0.34207525849342346,0.0,0.0,0.9130434782608695,0.34207525849342346,0.07990710170145325,0.014668881893157959,0.9999376133915698,0.07990710170145325,,-0.0,2.3163460082440825,,,,,,,,,,,,,0.34207525849342346,0.0,0.00015685234501859632,1.4896660104568582e-05,0.00013785834016744047,0.5379400849342346,1.0002235674502,1.0000554323196411,1.0003794431686401,0.9998890949827732,0.9999722838401794,0.9999946355819702,0.01873471763624635,0.018021320201877536,0.03317116659754468,,,,,,,,,46.0,0.0037348689745604663,0.0015380750826890104,1.0000005960464478,1.0000107288360596,1.0000271797180176,1.000104308128357,1.0005918741226196,1.0828849077224731,0.0007495092816119324,0.9609678387641907,0.9998103380203247,0.9999478459358215,0.9999864101409912,0.9999980926513672,0.9999997019767761,0.012335374047934453,1.9919628325016853e-06,0.0036392591405716686,0.009087931565222898,0.027275492371076925,0.03604674934058624,0.18713578031921466,46
bayesfl_observability_v1,ola_lr0p02_b128_e1,42,ola,241,19,2,1,1,128,0.4380871653556824,0.4380871653556824,0.0,0.0,1.0,0.4380871653556824,0.15359827169342363,0.018401220440864563,0.9997694235467074,0.15359827169342363,,0.6931471805599453,1.6493782971327793,,,,,,,,,,,,,0.4380871653556824,0.0,0.0005795526583042698,3.4861663152696565e-05,0.0006547549273818731,0.8465125560760498,1.0002336334043629,1.0000572204589844,1.0004053235054016,0.9998841031731329,0.9999713897705078,0.9999945163726807,0.01873553981981271,0.01801338330859032,0.033197245210898875,,,,,,,,,2.0,0.007706189767804955,0.001573068381963424,1.0000005960464478,1.0000109672546387,1.0000282526016235,1.0001146793365479,1.0006232261657715,1.0829293727874756,0.0007664580399546196,0.96094810962677,0.999797397851944,0.9999426603317261,0.9999858736991882,0.9999977350234985,0.9999997019767761,0.012343586618029758,4.6756447610006024e-07,0.0036363348165854487,0.009095454615593634,0.02727895340062046,0.03603685773211634,0.1878468303251455,2
bayesfl_observability_v1,ola_lr0p02_b128_e1,42,ola,125,10,4,1,1,128,0.5513331294059753,0.5513331294059753,0.0,0.0,1.0,0.5513331294059753,0.15747987889798643,0.02191099524497986,0.999757733056042,0.15747987889798643,,0.5623351446188083,1.818115478821869,,,,,,,,,,,,,0.5513331294059753,0.0,0.0006092147470891968,5.675348802469671e-05,0.0007331568747758866,1.2002296447753906,1.0002343378203362,1.0000569820404053,1.0004003047943115,0.9998838090628365,0.9999715089797974,0.9999943375587463,0.018737295873839686,0.01801735954700734,0.03319844082322433,,,,,,,,,4.0,0.010657308499538996,0.0016242985198923522,1.0000005960464478,1.0000113248825073,1.000028371810913,1.000112533569336,1.0006162583827973,1.082891821861267,0.0007901763699898106,0.9609647393226624,0.999799907207489,0.999943733215332,0.9999858140945435,0.9999980926513672,0.9999997019767761,0.012347393326179675,1.2133651437342492e-06,0.003628883147940249,0.009091622809474748,0.027275691996098743,0.03602752945059963,0.18733272419881233,4
bayesfl_observability_v1,ola_lr0p02_b128_e1,42,ola,103,8,34,1,1,128,0.3480740785598755,0.3480740785598755,0.0,0.0,1.0,0.3480740785598755,0.053729324594127215,0.008775681257247925,0.9999718586892695,0.053729324594127215,,0.95557352218981,1.2692229080072153,,,,,,,,,,,,,0.3480740785598755,0.0,7.091581102715886e-05,1.088473209165386e-05,8.647952636238197e-05,0.19253171980381012,1.0002215223555084,1.0000547170639038,1.0003763437271118,0.9998900918053002,0.9999726414680481,0.999994695186615,0.018734158038056326,0.018016378803608634,0.03316960817941028,,,,,,,,,34.0,0.001194492798667474,0.00151470673942339,1.0000005960464478,1.00001060962677,1.0000271797180176,1.0001039505004883,1.0005879402160645,1.082899570465088,0.000738596801723362,0.9609613418579102,0.9998118877410889,0.9999480247497559,0.9999864101409912,0.9999980330467224,0.9999997019767761,0.012337425041110302,3.0020186160143254e-07,0.003650464912474127,0.009095787517656774,0.02727944690029513,0.03603258077471546,0.19725024802698027,34
bayesfl_observability_v1,ola_lr0p02_b128_e1,42,ola,81,6,44,1,1,128,0.6423137784004211,0.6423137784004211,0.0,0.0,0.8409090909090909,0.6423137784004211,0.05708022005968651,0.004479892551898956,0.9999681550457434,0.05708022005968651,,1.526223874005866,0.7872639671545474,,,,,,,,,,,,,0.6423137784004211,0.0,8.00371436166682e-05,8.362258085981011e-06,0.00010861795672099109,0.05017365142703056,1.0002217412428338,1.0000547170639038,1.0003774285316467,0.9998899850651359,0.9999726414680481,0.9999946355819702,0.018732659768934855,0.018019458860832976,0.03317116031057431,,,,,,,,,44.0,0.0007538620795873093,0.0015171675331474724,1.0000005960464478,1.0000107288360596,1.000027060508728,1.0001041889190674,1.000589793920517,1.0829590559005737,0.0007397478316797634,0.9609349370002747,0.9998113453388214,0.9999479055404663,0.999986469745636,0.9999980926513672,0.9999997019767761,0.012332212261237454,1.084468099848862e-06,0.003636944824770921,0.009082057213035918,0.027281264287143822,0.036038738503494545,0.1875227976309509,44
bayesfl_observability_v1,ola_lr0p02_b128_e1,42,ola,85,6,91,1,1,128,1.0966174602508545,1.0966174602508545,0.0,0.0,0.6373626373626373,1.0966174602508545,0.19636416425365208,0.03390970826148987,0.999623050679114,0.19636416425365208,,0.7052992177089794,1.615535625363525,,,,,,,,,,,,,1.0966174602508545,0.0,0.0009472065697949739,9.225277244695462e-05,0.000761176401283592,2.8746702671051025,1.0002423881933897,1.0000591278076172,1.0004000663757324,0.9998799849595514,0.9999704360961914,0.999994158744812,0.018734915279576787,0.018013588186459338,0.033172398284030326,,,,,,,,,91.0,0.02099367309240761,0.0017947112242611503,1.0000005960464478,1.000011682510376,1.0000288486480713,1.0001097917556763,1.0006292521953584,1.151328682899475,0.0008650404345496526,0.9319665431976318,0.9998000264167786,0.9999451041221619,0.9999855756759644,0.9999980330467224,0.9999997019767761,0.012349144323597691,1.4061051655733164e-07,0.0036237505187685704,0.009089959461268407,0.027278535615306455,0.03601910877021175,0.1873039506538091,91
bayesfl_observability_v1,ola_lr0p02_b128_e1,42,ola,43,3,1,1,1,128,0.4699676036834717,0.4699676036834717,0.0,0.0,1.0,0.4699676036834717,0.2498924642360182,0.0398392528295517,0.9993902986539936,0.2498924642360182,,-0.0,2.3163460082440825,,,,,,,,,,,,,0.4699676036834717,0.0,0.0015340042578565604,5.979410343570635e-05,0.0020959614776074886,3.967914342880249,1.000256359547895,1.0000604391098022,1.000464916229248,0.9998729661240305,0.9999697804450989,0.9999942183494568,0.01874398336566613,0.01804244710858558,0.03318285286813909,,,,,,,,,1.0,0.02466960633407216,0.0017664683245874912,1.0000005960464478,1.0000115633010864,1.0000282526016235,1.0001252889633179,1.0007052421569824,1.1558655500411987,0.000851721091473212,0.9301357865333557,0.9997676610946655,0.9999373555183411,0.9999858736991882,0.9999980926513672,0.9999997019767761,0.012359958961017586,1.2082665493934166e-07,0.003640645484849596,0.009092286551272217,0.027277254794361494,0.03607502349650162,0.20358528554349062,1
bayesfl_observability_v1,ola_lr0p02_b128_e1,42,ola,222,17,625,5,1,128,0.3054319270610809,0.3054317966222763,1.2825095900552695e-07,1.2825095900552695e-07,0.9168,0.3054317966222763,0.21900725695614295,0.03489251434803009,0.9995314698813983,0.21900725695614295,,0.2960944988460536,2.006520240843815,,,,,,,,,,,,,0.3054317966222763,1.2825095900552695e-07,0.00011223178477272048,9.204415164276725e-06,0.00011656999704428031,0.27366819977760315,1.000222506558976,1.000054955482483,1.0003776669502258,0.9998896140685376,0.9999725222587585,0.999994695186615,0.018737914014165594,0.01802038941929303,0.03319814952382807,,,,,,,,,625.0,0.0023888916924624643,0.001527679404886774,1.0000005960464478,1.00001060962677,1.0000271797180176,1.0001037120819092,1.0005892634391784,1.0828880071640015,0.000744768510368202,0.9609664678573608,0.9998112261295319,0.9999481439590454,0.9999864101409912,0.9999980926513672,0.9999997019767761,0.012353270024944548,2.7741853490585005e-07,0.0036258467607828268,0.009093781921280767,0.0272766323225934,0.03603978492331818,0.18963370001271637,625
bayesfl_observability_v1,ola_lr0p02_b128_e1,42,ola,224,17,90,1,1,128,0.8043313026428223,0.8043313026428223,0.0,0.0,0.7444444444444445,0.8043313026428223,0.12835393786058238,0.02062366157770157,0.9998388781077736,0.12835393786058238,,0.6694250749067785,1.6387902561312846,,,,,,,,,,,,,0.8043313026428223,0.0,0.00040470506816163806,2.9094710043864325e-05,0.0004069544607773426,1.0633388757705688,1.0002294692096372,1.000056266784668,1.0003870725631714,0.9998862043302772,0.999971866607666,0.9999945163726807,0.01873332015591475,0.018027186866533568,0.033175166474754055,,,,,,,,,90.0,0.008681812578485512,0.0015906985101573437,1.0000005960464478,1.0000109672546387,1.0000274181365967,1.000108003616333,1.000602787733078,1.0829637050628662,0.0007745871456527534,0.9609328508377075,0.9998065233230591,0.9999459981918335,0.9999862909317017,0.9999980926513672,0.9999997019767761,0.012336876696620008,3.3270614850172787e-07,0.0036275694957136713,0.009088642627075903,0.027269901991168268,0.03602363120095034,0.1853852464731309,90
bayesfl_observability_v1,ola_lr0p02_b128_e1,43,ola,101,8,1047,9,1,128,0.5275102018911495,0.5275100198037986,1.8318080831243458e-07,1.8318080831243458e-07,0.8347659980897804,0.5275100198037986,0.27088039234488703,0.029780328273773193,0.9992872803464065,0.27088039234488703,,1.3655297072495858,0.9316261638098886,,,,,,,,,,,,,0.5275100198037986,1.8318080831243458e-07,5.819248985696475e-05,1.0368077255407115e-05,6.803416399634445e-05,0.06777019053697586,1.0002195269358443,1.0000540018081665,1.0003715753555298,0.9998910866816128,0.9999729990959167,0.999994695186615,0.018760947467803747,0.018028615871345147,0.03319285415170197,,,,,,,,,1047.0,0.0006728768470622687,0.0015125373384996133,1.0000005960464478,1.00001060962677,1.0000269412994385,1.0001031160354614,1.0005809724330903,1.085411548614502,0.0007374317534919703,0.9598487019538879,0.9998142719268799,0.9999484419822693,0.9999865293502808,0.999998152256012,0.9999997019767761,0.012409695799069328,8.029954390423486e-08,0.0036165502370365467,0.009088872430700988,0.02728996263985279,0.036133251465031505,0.19228485208939078,1047
bayesfl_observability_v1,ola_lr0p02_b128_e1,43,ola,255,20,13,1,1,128,0.26950329542160034,0.26950329542160034,0.0,0.0,1.0,0.26950329542160034,0.05346904229463658,0.005821540951728821,0.9999721491046403,0.05346904229463658,,0.6517565611726531,1.6399089560237352,,,,,,,,,,,,,0.26950329542160034,0.0,7.023038390704317e-05,6.653946002188604e-06,9.478208739892581e-05,0.08472587913274765,1.000219804449729,1.0000542402267456,1.0003730177879333,0.9998909434272344,0.9999728798866272,0.9999946355819702,0.01874340821193431,0.0180224529333955,0.0331953070047653,,,,,,,,,13.0,0.0007951730435441773,0.0015082596619595593,1.0000005960464478,1.0000107288360596,1.0000269412994385,1.0001029968261719,1.0005818068981172,1.0839227437973022,0.00073547478188615,0.9605076909065247,0.9998135507106781,0.9999485015869141,0.9999865293502808,0.999998152256012,0.9999997019767761,0.012359920756114964,3.402108480039207e-08,0.0036433678065951234,0.009099113496454266,0.027287982698114745,0.03605717475672974,0.19384676760741607,13
bayesfl_observability_v1,ola_lr0p02_b128_e1,43,ola,198,15,1143,9,1,128,0.27260181314311105,0.2726013713360667,4.4092698116682036e-07,4.4092698116682036e-07,0.8836395450568679,0.2726013713360667,0.34857886041001596,0.0593578964471817,0.9988159600665263,0.34857886041001596,,0.36262928713185916,1.9482562356482285,,,,,,,,,,,,,0.2726013713360667,4.4092698116682036e-07,0.0002290828333682127,1.8615546650835313e-05,0.00017548732284922193,0.5903748869895935,1.0002235014077616,1.000054955482483,1.000375747680664,0.9998891535888337,0.9999725222587585,0.9999946355819702,0.01875048712446624,0.018018878465851342,0.03320875895806341,,,,,,,,,1143.0,0.004916178569032077,0.0015616128426829206,1.0000005960464478,1.0000107288360596,1.000027060508728,1.0001039505004883,1.0005888402462007,1.0975651741027832,0.0007602217359330554,0.9545195698738098,0.9998121857643127,0.9999480247497559,0.999986469745636,0.999998152256012,0.9999997019767761,0.012397572664295099,4.6361234840607157e-07,0.0036305208673474434,0.009080670855049846,0.027286360194388112,0.036086127934637495,0.19206032713017238,1143
bayesfl_observability_v1,ola_lr0p02_b128_e1,43,ola,0,0,68,1,1,128,0.4968984127044678,0.4968984127044678,0.0,0.0,0.8823529411764706,0.4968984127044678,0.12780367770243392,0.016392908990383148,0.9998406318574049,0.12780367770243392,,0.07081055490819625,2.2089094885596023,,,,,,,,,,,,,0.4968984127044678,0.0,0.0004012425211154967,2.8773229132639244e-05,0.00038086363056208963,0.6718189716339111,1.0002275033644659,1.0000556707382202,1.000383734703064,0.9998871742050857,0.9999721646308899,0.9999945819377899,0.018744506461658178,0.01802007044977911,0.03318412498744807,,,,,,,,,68.0,0.007814178433605854,0.0015793446754992847,1.0000005960464478,1.0000108361244202,1.0000275373458862,1.0001063346862793,1.000598430633545,1.0838491916656494,0.0007693356078334291,0.960540235042572,0.9998081922531128,0.9999468326568604,0.9999862313270569,0.9999980330467224,0.9999997019767761,0.012363844818269213,1.3437678611498404e-07,0.0036286874384763744,0.009079205433733547,0.0272905428556716,0.03605380969880239,0.19265238085326936,68
bayesfl_observability_v1,ola_lr0p02_b128_e1,43,ola,8,0,56,1,1,128,0.1788073629140854,0.1788073629140854,0.0,0.0,0.9821428571428571,0.1788073629140854,0.036582231551313446,0.005835920572280884,0.9999869694876762,0.036582231551313446,,0.36153947789446483,1.8365068925499755,,,,,,,,,,,,,0.1788073629140854,0.0,3.2874614217659865e-05,4.483844350033905e-06,3.487592766759917e-05,0.08514497429132462,1.0002189361300604,1.000053882598877,1.000370979309082,0.9998913726755569,0.9999730587005615,0.999994695186615,0.018742759229054492,0.01801431597279737,0.0331917860525797,,,,,,,,,56.0,0.0005986040768042589,0.0015038831185789775,1.0000005960464478,1.00001060962677,1.000026822090149,1.0001025199890137,1.0005794227123261,1.0838379859924316,0.0007333876149863885,0.9605452418327332,0.9998145699501038,0.9999487400054932,0.9999865889549255,0.9999980926513672,0.9999997019767761,0.012357287182836537,4.2187600623187975e-07,0.003642707903955536,0.009110322248884918,0.02729379959582188,0.036041058253919886,0.2008812165090178,56
bayesfl_observability_v1,ola_lr0p02_b128_e1,43,ola,44,3,92,1,1,128,1.6400291919708252,1.6400291919708252,0.0,0.0,0.20652173913043478,1.6400291919708252,0.298885913690231,0.0483708381652832,0.9991281987822026,0.298885913690231,,0.18749585469877714,2.1238639523778082,,,,,,,,,,,,,1.6400291919708252,0.0,0.0021944775808074948,0.00016792924725450575,0.0017339055775664777,5.849343776702881,1.000269206010418,1.000061273574829,1.000425350666046,0.9998672268005747,0.9999693632125854,0.9999940991401672,0.018744193438115637,0.018012126172226705,0.03318842707592976,,,,,,,,,92.0,0.04777247751991114,0.002265965169620918,1.0000005960464478,1.0000118017196655,1.0000308752059937,1.0001236200332642,1.0006731748580933,1.2198667526245117,0.0010699104536730773,0.9054068922996521,0.9997873842716217,0.9999381899833679,0.9999845623970032,0.9999979138374329,0.9999997019767761,0.012383934194107608,1.7238545367406352e-07,0.0036228217015309722,0.009086104093512324,0.027276291024350675,0.03605510777254643,0.19301619768820089,92
bayesfl_observability_v1,ola_lr0p02_b128_e1,43,ola,162,13,1,1,1,128,0.0136735700070858,0.0136735700070858,0.0,0.0,1.0,0.0136735700070858,0.012316095577460514,0.002129271626472473,0.999998519836878,0.012316095577460514,,-0.0,2.3155014849272724,,,,,,,,,,,,,0.0136735700070858,0.0,3.726203164946374e-06,9.024193303730499e-08,4.641696705220966e-06,0.011334440670907497,1.000218255696508,1.0000536441802979,1.0003700375556945,0.999891710208162,0.9999731779098511,0.9999947547912598,0.018740745565334303,0.018017799502027167,0.03318209446176084,,,,,,,,,1.0,7.427615371670652e-05,0.0015015284482340532,1.0000005960464478,1.0000104904174805,1.0000265836715698,1.000101923942566,1.0005782306194306,1.083835482597351,0.0007322315583515526,0.9605463147163391,0.9998150408267975,0.999949038028717,0.9999867081642151,0.999998152256012,0.9999997019767761,0.012351102332127727,3.6092079721451354e-07,0.003640030399922396,0.00910740089165858,0.02728994135396972,0.03603829177528474,0.19474379842144987,1
bayesfl_observability_v1,ola_lr0p02_b128_e1,43,ola,171,13,648,6,1,128,0.3243434760305617,0.32434336454780016,1.1253838416439662e-07,1.1253838416439662e-07,0.9074074074074074,0.32434336454780016,0.1890184441687918,0.02117910236120224,0.9996528147866464,0.1890184441687918,,0.8947993234419066,1.3755222828587679,,,,,,,,,,,,,0.32434336454780016,1.1253838416439662e-07,0.00011355626761518508,1.3442416275211144e-05,0.00012054103062837402,0.1486227661371231,1.0002208137390385,1.000054121017456,1.0003734827041626,0.9998904573369193,0.999972939491272,0.999994695186615,0.01875658834727767,0.01802081429026184,0.033192635956303215,,,,,,,,,648.0,0.0018954997532725662,0.0015251841385091139,1.0000005960464478,1.00001060962677,1.0000269412994385,1.0001028776168823,1.0005840718746186,1.0838412046432495,0.000743466413379996,0.9605438113212585,0.9998133182525635,0.9999485611915588,0.9999865293502808,0.9999980926513672,0.9999997019767761,0.012390317410049268,1.5426296840321301e-07,0.0036351951528451045,0.009107912426917154,0.027300143420323268,0.03609394727124254,0.21289313931106194,648
bayesfl_observability_v1,ola_lr0p02_b128_e1,43,ola,149,11,333,3,1,128,0.21868585992056327,0.21868584385594805,1.8454749437666495e-08,1.8454749437666495e-08,0.93993993993994,0.21868584385594805,0.11288587861685624,0.019495636224746704,0.9998757536497122,0.11288587861685624,,0.21239478849365837,2.0487084209067463,,,,,,,,,,,,,0.21868584385594805,1.8454749437666495e-08,4.618138371660618e-05,5.653927019011462e-06,5.6136661441996694e-05,0.13899767398834229,1.0002192440981292,1.0000540018081665,1.0003718137741089,0.999891220392337,0.9999729990959167,0.999994695186615,0.018745046208933285,0.018026031664066734,0.03319453967014084,,,,,,,,,333.0,0.0009212985037061822,0.001505388938522307,1.0000005960464478,1.00001060962677,1.000026822090149,1.0001024007797241,1.0005809724330903,1.0839117765426636,0.0007341200157134158,0.9605125188827515,0.9998141527175903,0.9999487996101379,0.9999865889549255,0.999998152256012,0.9999997019767761,0.012365734329069174,4.412503451095931e-07,0.003647101938711396,0.009097033213567364,0.02730021101278322,0.03605542736367013,0.19535267823116922,333
bayesfl_observability_v1,ola_lr0p02_b128_e1,43,ola,85,6,91,1,1,128,1.3352084159851074,1.3352084159851074,0.0,0.0,0.32967032967032966,1.3352084159851074,0.244238601697568,0.03919622302055359,0.9994177942646113,0.244238601697568,,0.7052992177089794,1.615535625363525,,,,,,,,,,,,,1.3352084159851074,0.0,0.0014653752758750321,0.00011206584167666733,0.0011201167944818735,3.8408608436584473,1.0002522517764008,1.000058650970459,1.0004066228866577,0.9998752859324712,0.9999706745147705,0.9999942779541016,0.01874332792608115,0.018018994315344726,0.033178885387118606,,,,,,,,,91.0,0.03162978178145543,0.0019732810938653273,1.0000005960464478,1.0000114440917969,1.0000295639038086,1.0001134872436523,1.0006434917449951,1.173157811164856,0.0009444595110050537,0.9232552647590637,0.9997967481613159,0.9999432563781738,0.9999852180480957,0.9999979138374329,0.9999997019767761,0.012376191275791,3.2515247816949835e-07,0.003620354359840395,0.009083522807694235,0.0272803214465121,0.03604405867006565,0.19383509165151808,91
bayesfl_observability_v1,ola_lr0p02_b128_e1,43,ola,31,2,70,1,1,128,0.9359772801399231,0.9359772801399231,0.0,0.0,0.6714285714285714,0.9359772801399231,0.14728793915999375,0.018455930054187775,0.9997882711911076,0.14728793915999375,,1.0160542936625165,1.3094444340884457,,,,,,,,,,,,,0.9359772801399231,0.0,0.0005329109451660929,4.844893192057498e-05,0.0004861727065872402,0.8515534400939941,1.0002305663860744,1.0000563859939575,1.000385057926178,0.9998857121149215,0.9999718070030212,0.9999945759773254,0.018745392640002956,0.0180350391502443,0.03318837821511683,,,,,,,,,70.0,0.010353963228733006,0.001640001478568364,1.0000005960464478,1.0000108480453491,1.0000280141830444,1.0001063346862793,1.0006017684936523,1.088708519935608,0.0007972914315474343,0.9583942294120789,0.9998075306415558,0.9999468326568604,0.9999859929084778,0.9999980926513672,0.9999997019767761,0.012361127884639176,4.43638118581784e-07,0.003635720421595668,0.009091770932680803,0.027281252836658533,0.03604393372444973,0.19093965996608767,70
bayesfl_observability_v1,ola_lr0p02_b128_e1,43,ola,35,2,12,1,1,128,0.9746715426445007,0.9746715426445007,0.0,0.0,0.5833333333333334,0.9746715426445007,0.1220404134414429,0.01652999222278595,0.9998546684700114,0.1220404134414429,,0.8981370031878679,1.419319868930796,,,,,,,,,,,,,0.9746715426445007,0.0,0.00036587067476588343,3.5809396649710834e-05,0.0003584821737604217,0.683101236820221,1.0002266803178546,1.0000566244125366,1.000379455089569,0.9998875831554994,0.9999716877937317,0.9999944567680359,0.018743509155154263,0.018015993972968682,0.03319081345025641,,,,,,,,,12.0,0.005629221926975132,0.0015780913866617163,1.0000005960464478,1.0000110864639282,1.0000274181365967,1.0001062154769897,1.000593662261963,1.0997215509414673,0.000768032575079443,0.953583300113678,0.9998103320598603,0.9999468922615051,0.9999862909317017,0.9999977946281433,0.9999997019767761,0.01236404448965478,3.307278031977585e-07,0.0036277330104721277,0.009095393023565532,0.027277774663470096,0.036053255648344565,0.1927180594771132,12
bayesfl_observability_v1,ola_lr0p02_b128_e1,43,ola,53,4,385,4,1,128,0.36945613329359267,0.3694560933555779,4.120684270570895e-08,4.120684270570895e-08,0.8857142857142857,0.3694560933555779,0.155466484008414,0.018533624708652496,0.9997643218831935,0.155466484008414,,0.6199400754114299,1.6563453455408537,,,,,,,,,,,,,0.3694560933555779,4.120684270570895e-08,6.743677724591723e-05,8.40929305923055e-06,7.680430862819778e-05,0.0956883579492569,1.0002197420748182,1.0000542402267456,1.0003721833229064,0.9998909785932134,0.9999728798866272,0.999994695186615,0.018746520611006103,0.018029732872474294,0.03319147863828687,,,,,,,,,385.0,0.0011418836339809166,0.0015119319216803347,1.0000005960464478,1.00001060962677,1.000027060508728,1.0001033544540405,1.00058114528656,1.0838688611984253,0.0007372418349517573,0.9605315327644348,0.9998139679431916,0.9999483227729797,0.999986469745636,0.9999980926513672,0.9999997019767761,0.01236932180434585,6.584924649693717e-07,0.003625146477962523,0.009080480315491277,0.027298699879787044,0.03606638512566368,0.19030004958850535,385
bayesfl_observability_v1,ola_lr0p02_b128_e1,43,ola,60,4,6,1,1,128,1.1575649976730347,1.1575649976730347,0.0,0.0,0.3333333333333333,1.1575649976730347,0.2653821463358038,0.0357523113489151,0.9993127149649276,0.2653821463358038,,0.6365141682948128,1.6573554390074312,,,,,,,,,,,,,1.1575649976730347,0.0,0.001730069930114169,0.0001059580099536106,0.0012878398410975933,3.1955697536468506,1.0002584076834367,1.0000590085983276,1.0004255771636963,0.9998722114543778,0.9999704957008362,0.9999940991401672,0.018743864775206818,0.01801784427476221,0.03319573895758901,,,,,,,,,6.0,0.03167282989855021,0.0019714923316061354,1.0000005960464478,1.0000118017196655,1.0000296831130981,1.0001158714294434,1.0006724715232849,1.1581510305404663,0.0009464114806952187,0.929217517375946,0.9997872710227966,0.9999420642852783,0.9999851584434509,0.9999980926513672,0.9999997019767761,0.012378745027001082,3.414281526074135e-08,0.0036222276707028743,0.009079270367855358,0.027281838036938517,0.03606049501424977,0.19442416052648415,6
bayesfl_observability_v1,ola_lr0p02_b128_e1,43,ola,61,4,198,2,1,128,1.1141782207320434,1.1141780732255993,1.4654766648228095e-07,1.4654766648228095e-07,0.4797979797979798,1.1141780732255993,0.2997497343738767,0.04900376498699188,0.9991232216921361,0.2997497343738767,,0.38144262903567916,1.9227600406973597,,,,,,,,,,,,,1.1141780732255993,1.4654766648228095e-07,0.0010236116880750293,7.916878166724928e-05,0.0007739027263596671,2.6586780548095703,1.0002419781893377,1.000057339668274,1.0003960251808166,0.9998802185491997,0.999971330165863,0.9999945163726807,0.018743688041135378,0.018014654516208366,0.03318626772840984,,,,,,,,,198.0,0.022418291239383267,0.001816337771399768,1.0000005960464478,1.0000109672546387,1.000028371810913,1.000108242034912,1.0006210803985596,1.145665168762207,0.000875808687197591,0.9342672824859619,0.9998020470142365,0.999945878982544,0.9999858140945435,0.9999980330467224,0.9999997019767761,0.012380386010891045,1.4624578931582306e-07,0.003626604991458578,0.009082649166371413,0.027275216425951928,0.03604978731219873,0.19339668991833842,198
bayesfl_observability_v1,ola_lr0p02_b128_e1,44,ola,270,21,127,1,1,128,0.5423341393470764,0.5423341393470764,0.0,0.0,0.8818897637795275,0.5423341393470764,0.11039086976810376,0.020275339484214783,0.9998813786880655,0.11039086976810376,,0.24980042066198757,2.0694700517910234,,,,,,,,,,,,,0.5423341393470764,0.0,0.0002993550334926962,2.7294641768094152e-05,0.0002901025058235985,1.0277233123779297,1.0002258223975187,1.0000557899475098,1.0003780126571655,0.9998880191707676,0.9999721050262451,0.9999945759773254,0.018754935302132517,0.018021138700310163,0.03320183911902819,,,,,,,,,127.0,0.007027506719096729,0.0015845267834022061,1.0000005960464478,1.0000108480453491,1.000027060508728,1.0001038312911987,1.000590628385544,1.09406578540802,0.0007709620835800125,0.9560448527336121,0.999811053276062,0.9999480843544006,0.999986469745636,0.999998152256012,0.9999997019767761,0.012392037990485133,1.4057946342153496e-07,0.003631636182578581,0.009080772395748355,0.027304661843680033,0.03611407068650984,0.19197940743566275,127
bayesfl_observability_v1,ola_lr0p02_b128_e1,44,ola,43,3,1,1,1,128,0.7933939695358276,0.7933939695358276,0.0,0.0,1.0,0.7933939695358276,0.35733262014387523,0.05573853850364685,0.9987594394636164,0.35733262014387523,,-0.0,2.3163460082440825,,,,,,,,,,,,,0.7933939695358276,0.0,0.003136646452623141,0.00016238156240433455,0.004495131317526102,7.766960620880127,1.0002903068043387,1.000063419342041,1.0005295276641846,0.9998564845518594,0.9999682903289795,0.999993622303009,0.018771758475791427,0.01803168086044714,0.03322394335310901,,,,,,,,,1.0,0.05012358599341597,0.002140478014941987,1.0000005960464478,1.000012755393982,1.000030755996704,1.0001376867294312,1.00082785487175,1.2359774112701416,0.0010097892523847352,0.8994866609573364,0.9997353553771973,0.9999311566352844,0.999984622001648,0.999998152256012,0.9999997019767761,0.012435084598519976,2.401414607082276e-07,0.003642430304599006,0.00909442680934035,0.02730377825408718,0.03616365341750381,0.2204048775940533,1
bayesfl_observability_v1,ola_lr0p02_b128_e1,44,ola,46,3,44,1,1,128,0.3477102518081665,0.3477102518081665,0.0,0.0,0.9318181818181818,0.3477102518081665,0.06701685584186484,0.013017937541007996,0.9999562969535394,0.06701685584186484,,0.7751254239840702,1.531153988824562,,,,,,,,,,,,,0.3477102518081665,0.0,0.00011032866812832131,8.884866929292912e-06,0.00011970405321335427,0.42366692423820496,1.0002215280272326,1.0000543594360352,1.0003713369369507,0.9998901208321823,0.9999728202819824,0.9999946355819702,0.01875305027105903,0.01802773845988088,0.03320145486270334,,,,,,,,,44.0,0.0025778978976306803,0.001544406899050334,1.0000005960464478,1.0000107288360596,1.000027060508728,1.000103086233139,1.0005818605422974,1.0943766832351685,0.0007521137033336145,0.9559090733528137,0.9998143911361694,0.9999484568834305,0.999986469745636,0.999998152256012,0.9999997019767761,0.01238913738546255,2.827040191789242e-07,0.0036263502764306925,0.009088553075118366,0.02728885207157162,0.03609452344118437,0.19362562768028355,44
bayesfl_observability_v1,ola_lr0p02_b128_e1,44,ola,282,22,46,1,1,128,0.5388110876083374,0.5388110876083374,0.0,0.0,0.8478260869565217,0.5388110876083374,0.1192241920881288,0.02135394513607025,0.99986165763752,0.1192241920881288,,-0.0,2.3163460082440825,,,,,,,,,,,,,0.5388110876083374,0.0,0.0003491797499459715,3.196606849087402e-05,0.00030003749998286366,1.139978289604187,1.0002269563487978,1.0000559091567993,1.000379204750061,0.9998874652229921,0.9999720454216003,0.9999945163726807,0.018755710275154013,0.01801966856454445,0.0332053580113289,,,,,,,,,46.0,0.008329397223956819,0.0015958814129584044,1.0000005960464478,1.0000109672546387,1.000027060508728,1.0001041889190674,1.0005933046340942,1.093920350074768,0.0007762662792200652,0.9561084508895874,0.9998104572296143,0.9999479055404663,0.999986469745636,0.9999980926513672,0.9999997019767761,0.012393747794004335,2.0129498756291907e-07,0.003632650285985634,0.009084443660787329,0.027298660605412778,0.03611530285418848,0.19245433233807957,46
bayesfl_observability_v1,ola_lr0p02_b128_e1,44,ola,91,7,21,1,1,128,0.3811933398246765,0.3811933398246765,0.0,0.0,0.9523809523809523,0.3811933398246765,0.10612188379981749,0.019612178206443787,0.9998904263341843,0.10612188379981749,,0.38721237518636065,1.9290234778424857,,,,,,,,,,,,,0.3811933398246765,0.0,0.0002766496656403166,2.0782808860531077e-05,0.00023142722784541547,0.9615935683250427,1.0002253052409837,1.0000554323196411,1.000378966331482,0.9998882720773108,0.9999722838401794,0.9999945759773254,0.018755567142614546,0.01801682993543175,0.03320112354837611,,,,,,,,,21.0,0.0064659250497868526,0.0015795227268883302,1.0000005960464478,1.0000108480453491,1.000027060508728,1.0001035928726196,1.0005929470062256,1.0939226150512695,0.0007686277064482035,0.9561074376106262,0.9998105764389038,0.9999482035636902,0.999986469745636,0.999998152256012,0.9999997019767761,0.012393786331374676,1.248543922239234e-07,0.003631441863367944,0.009077841047632079,0.027297601870294202,0.03611350586126236,0.193167751564252,21
bayesfl_observability_v1,ola_lr0p02_b128_e1,44,ola,93,7,103,1,1,128,0.5519159436225891,0.5519159436225891,0.0,0.0,0.8737864077669902,0.5519159436225891,0.06385080175002067,0.009632796049118042,0.9999603288588464,0.06385080175002067,,1.1983912561963983,1.1190743533532796,,,,,,,,,,,,,0.5519159436225891,0.0,0.0001001504619749864,1.114749102271162e-05,0.0001273764268262312,0.23197723925113678,1.000221295444368,1.0000544786453247,1.0003725290298462,0.9998902343937605,0.9999727606773376,0.999994695186615,0.018753489536023564,0.01802132294097044,0.03319737302986935,,,,,,,,,103.0,0.0016862077901104032,0.0015418910792867934,1.0000005960464478,1.00001060962677,1.0000269412994385,1.0001022815704346,1.0005821645259858,1.094183325767517,0.0007509839133116794,0.9559935331344604,0.9998137950897217,0.9999488592147827,0.9999865293502808,0.999998152256012,0.9999997019767761,0.012387714361454975,2.5543757074506264e-08,0.003635399386789633,0.009088816642972574,0.02729298037385658,0.036097015849371514,0.19184574846638333,103
bayesfl_observability_v1,ola_lr0p02_b128_e1,44,ola,154,12,5,1,1,128,1.463399887084961,1.463399887084961,0.0,0.0,0.8,1.463399887084961,0.1445083512805251,0.014856506139039993,0.9997964296378126,0.1445083512805251,,0.9502705392332347,1.3902817953906008,,,,,,,,,,,,,1.463399887084961,0.0,0.0005129867499557415,4.315365004003979e-05,0.0005946692544966936,0.551789402961731,1.0002306779229573,1.0000555515289307,1.0003905415534973,0.9998855801219965,0.9999722242355347,0.9999944567680359,0.01874980195535947,0.01803310702118236,0.03318971344282842,,,,,,,,,5.0,0.00529195785109729,0.001573334829800145,1.0000005960464478,1.0000110864639282,1.0000277757644653,1.0001074075698853,1.0006177425384521,1.0986493825912476,0.0007660548770262525,0.9540485143661499,0.9998047888278961,0.9999462962150574,0.9999861121177673,0.999998152256012,0.9999997019767761,0.01237653820668815,1.965543063014493e-06,0.0036182499308833375,0.009095811086199822,0.027294447652884486,0.03609938365800365,0.1912923060405352,5
bayesfl_observability_v1,ola_lr0p02_b128_e1,44,ola,18,1,406,4,1,128,0.5717121886061918,0.5717120167657073,1.7494538412130917e-07,1.7494538412130917e-07,0.7684729064039408,0.5717120167657073,0.19077134612909377,0.02603474259376526,0.9996458345876584,0.19077134612909377,,0.93387416116756,1.3882321409892098,,,,,,,,,,,,,0.5717120167657073,1.7494538412130917e-07,0.0003514109304483114,2.0654355466831475e-05,0.0002540694433264438,0.6299554705619812,1.0002270041426213,1.0000559091567993,1.0003782629966735,0.9998874663779529,0.9999720454216003,0.9999946355819702,0.018758981908760686,0.018010844379325534,0.03320958175509475,,,,,,,,,406.0,0.007268086640857172,0.0016177567854180875,1.0000005960464478,1.0000107288360596,1.0000271797180176,1.0001055002212524,1.0005915820598603,1.1026651859283447,0.000786505675209643,0.9523096084594727,0.999810928106308,0.9999472498893738,0.9999864101409912,0.999998152256012,0.9999997019767761,0.012399081582133827,1.0929927627833073e-07,0.0036523316114946357,0.009095523834652217,0.027292280558816297,0.0360516461303284,0.1926805103305821,406
bayesfl_observability_v1,ola_lr0p02_b128_e1,44,ola,164,13,62,1,1,128,0.309588760137558,0.309588760137558,0.0,0.0,0.9354838709677419,0.309588760137558,0.028081828423482873,0.0026446878910064697,0.9999923564869577,0.028081828423482873,,1.019453344863651,1.2659801342180577,,,,,,,,,,,,,0.309588760137558,0.0,1.9371844403071206e-05,2.5064080091397045e-06,2.7782719007518637e-05,0.01748591847717762,1.0002194565265765,1.0000540018081665,1.0003691911697388,0.9998911409454424,0.9999729990959167,0.999994695186615,0.018751962133700745,0.01802098644750473,0.0331993068487361,,,,,,,,,62.0,0.00019947122001811557,0.0015304626178589964,1.0000005960464478,1.00001060962677,1.000026822090149,1.0001020431518555,1.0005775690078735,1.094107747077942,0.0007455526480149689,0.956026554107666,0.9998154640197754,0.9999489784240723,0.9999865889549255,0.999998152256012,0.9999997019767761,0.012387810787747788,4.022862414184908e-07,0.003630416391940401,0.00908635482734056,0.02729608417229507,0.036092287094690575,0.19405986140601944,62
bayesfl_observability_v1,ola_lr0p02_b128_e1,44,ola,134,10,326,3,1,128,0.3889925261399497,0.3889924382870914,9.050302292457478e-08,9.050302292457478e-08,0.8803680981595092,0.3889924382870914,0.1961249536479202,0.02201874554157257,0.9996256887430411,0.1961249536479202,,0.4149757414196952,1.8961001489773186,,,,,,,,,,,,,0.3889924382870914,9.050302292457478e-08,0.00023633351268893422,2.1603531422442757e-05,0.00021214233565842756,0.31093353033065796,1.000224390160631,1.0000545978546143,1.0003756284713745,0.9998887342648574,0.9999727010726929,0.999994695186615,0.01875881003475149,0.018037760274913814,0.03318176004648275,,,,,,,,,326.0,0.004452263637922105,0.001583629798788444,1.0000005960464478,1.00001060962677,1.0000272989273071,1.000103235244751,1.0005865752696992,1.0954811573028564,0.0007706953811207109,0.9554270505905151,0.9998122453689575,0.9999483823776245,0.9999863505363464,0.999998152256012,0.9999997019767761,0.012399586810838883,4.4586701375374103e-07,0.003614082074339206,0.009094850691353042,0.027284260972118782,0.03612395809764951,0.1923792905621426,326
bayesfl_observability_v1,ola_lr0p02_b128_e1,44,ola,195,15,25,1,1,128,0.7107681035995483,0.7107681035995483,0.0,0.0,0.8,0.7107681035995483,0.10985790149771435,0.013227999210357666,0.9998824018346593,0.10985790149771435,,1.3119690925702856,0.9861324927876863,,,,,,,,,,,,,0.7107681035995483,0.0,0.00029647143364007093,2.3710031200607773e-05,0.0003178928513079882,0.43744975328445435,1.0002257580652656,1.0000553131103516,1.0003793239593506,0.9998880472570479,0.9999723434448242,0.9999945163726807,0.018751313644650176,0.018020531640079156,0.03320478786273602,,,,,,,,,25.0,0.004468313443004798,0.0015812054886957898,1.0000005960464478,1.0000109672546387,1.0000277757644653,1.0001050233840942,1.0005903244018555,1.1038262844085693,0.0007691682574132829,0.9518086314201355,0.9998103976249695,0.9999474883079529,0.9999861121177673,0.999998152256012,0.9999997019767761,0.012385980768686406,5.0899446972807e-07,0.0036205902726681675,0.009079548653179143,0.027295045440296976,0.03609534181498965,0.19259256156114168,25
bayesfl_observability_v1,ola_lr0p02_b128_e1,44,ola,8,0,56,1,1,128,0.246084064245224,0.246084064245224,0.0,0.0,0.9464285714285714,0.246084064245224,0.048803618822235106,0.007145926356315613,0.9999768408605142,0.048803618822235106,,0.36153947789446483,1.8365068925499755,,,,,,,,,,,,,0.246084064245224,0.0,5.850922469248991e-05,7.674718744965503e-06,7.325448677875102e-05,0.12766076624393463,1.0002203471079385,1.0000543594360352,1.0003701448440552,0.9998906985052656,0.9999728202819824,0.999994695186615,0.018752376736174695,0.01801958237751583,0.03319433452426275,,,,,,,,,56.0,0.0009307560457898462,0.001532843711755272,1.0000005960464478,1.00001060962677,1.000027060508728,1.0001035928726196,1.0005796611309052,1.0940042734146118,0.000746739473913612,0.9560717940330505,0.9998149871826172,0.9999482035636902,0.999986469745636,0.9999980926513672,0.9999997019767761,0.012388516838880629,2.8873679148120766e-07,0.003631912822359232,0.009089408862897448,0.02728672665068009,0.036087875295560776,0.20101017193968623,56
bayesfl_observability_v1,ola_lr0p02_b128_e1,44,ola,9,0,107,1,1,128,0.8315080404281616,0.8315080404281616,0.0,0.0,0.7476635514018691,0.8315080404281616,0.16286636033475482,0.021164417266845703,0.9997416136939887,0.16286636033475482,,0.20393077072313337,2.077417173602598,,,,,,,,,,,,,0.8315080404281616,0.0,0.0006516029488850092,4.540104782790877e-05,0.0006000280380249034,1.1198316812515259,1.0002338285927361,1.000056505203247,1.000388991832733,0.9998840997469054,0.9999717473983765,0.9999945163726807,0.01875310668564369,0.0180192013497595,0.03319969923049427,,,,,,,,,107.0,0.012101388854370596,0.0016550353172967353,1.0000005960464478,1.0000109672546387,1.0000284910202026,1.0001050233840942,1.0006107091903687,1.0962401628494263,0.0008046791895629904,0.9550962448120117,0.9998055636882782,0.9999474883079529,0.9999857544898987,0.9999980926513672,0.9999997019767761,0.012392103613489785,2.835193757019104e-07,0.0036270134140805586,0.009082192556442275,0.02729332702878759,0.036094031973449014,0.19236388199039667,107
bayesfl_observability_v1,ola_lr0p02_b128_e1,44,ola,176,14,6,1,1,128,0.8295609951019287,0.8295609951019287,0.0,0.0,0.6666666666666666,0.8295609951019287,0.18674915768905584,0.020871229469776154,0.99966025875643,0.18674915768905584,,0.8675632284814612,1.4502930449152613,,,,,,,,,,,,,0.8295609951019287,0.0,0.0008567173106143179,4.400500256451778e-05,0.0007020559860393405,1.0890204906463623,1.0002384909984228,1.000057578086853,1.0004003047943115,0.9998818497503391,0.9999712109565735,0.9999943971633911,0.018755157477122534,0.018011180659719562,0.03321586635961214,,,,,,,,,6.0,0.014368528845227305,0.0017228549951978807,1.0000005960464478,1.0000112056732178,1.0000280141830444,1.000111699104309,1.000617927312851,1.1058294773101807,0.0008357097061274379,0.9509461522102356,0.999799907207489,0.9999441504478455,0.9999859929084778,0.999998152256012,0.9999997019767761,0.012389980895241525,3.3318408753558573e-07,0.003634770564921178,0.009098335196332161,0.027300341885210137,0.036063113207156036,0.19419916214795277,6
bayesfl_observability_v1,ola_lr0p02_b128_e1,44,ola,119,9,843,7,1,128,0.45083813498311476,0.45083791576104937,2.2107276054491862e-07,2.2107276054491862e-07,0.8481613285883749,0.45083791576104937,0.2580045517865815,0.02815072238445282,0.9993539059469274,0.2580045517865815,,0.9765459908687751,1.371331098617695,,,,,,,,,,,,,0.45083791576104937,2.2107276054491862e-07,0.00014766010717777577,1.533688191557303e-05,0.00012639502965612352,0.18475016951560974,1.000222373405819,1.0000547170639038,1.0003732442855835,0.9998897185397778,0.9999726414680481,0.999994695186615,0.018767760061576388,0.018017085183838107,0.033245129728654024,,,,,,,,,843.0,0.002469069976378195,0.0015626013618028273,1.0000005960464478,1.00001060962677,1.000027060508728,1.000104308128357,1.000582230091095,1.0976146459579468,0.0007606941485047062,0.9544980525970459,0.999813437461853,0.9999478459358215,0.999986469745636,0.999998152256012,0.9999997019767761,0.012426346680287186,2.9772946216057327e-07,0.0036435177513669194,0.009101726957439427,0.027290890035944322,0.03610660015107568,0.1926148835521516,843
bayesfl_observability_v1,ola_lr0p02_b128_e1,45,ola,20,1,3,1,1,128,0.28145524859428406,0.28145524859428406,0.0,0.0,1.0,0.28145524859428406,0.13879570457841817,0.020498231053352356,0.9998127918830853,0.13879570457841817,,-0.0,2.311121424016332,,,,,,,,,,,,,0.28145524859428406,0.0,0.00047323004763896205,2.1191865016589873e-05,0.0002882634580601007,1.0504436492919922,1.0002299145419014,1.0000555515289307,1.0003834962844849,0.9998860644699139,0.9999722242355347,0.9999945759773254,0.018763125949628878,0.018033442262870472,0.03321692902892362,,,,,,,,,3.0,0.009336288262429809,0.0016644645226025591,1.0000005960464478,1.0000108480453491,1.0000274181365967,1.0001055002212524,1.0006015956401826,1.1170740127563477,0.0008071588048290593,0.9461479187011719,0.9998083114624023,0.9999472498893738,0.9999862909317017,0.999998152256012,0.9999997019767761,0.012418651875176311,4.75777290072077e-09,0.0036310855986093978,0.009088357042547405,0.02729844667210818,0.03612661783485397,0.1927040555070992,3
bayesfl_observability_v1,ola_lr0p02_b128_e1,45,ola,41,3,4,1,1,128,0.2715388536453247,0.2715388536453247,0.0,0.0,1.0,0.2715388536453247,0.08108075871747661,0.008395969867706299,0.9999361172471105,0.08108075871747661,,0.5623351446188083,1.756608808640784,,,,,,,,,,,,,0.2715388536453247,0.0,0.00016149378657602276,1.3002291780139785e-05,0.0001646448072278872,0.1762305051088333,1.000222989802301,1.000055193901062,1.0003734946250915,0.9998894106964589,0.999972403049469,0.9999945163726807,0.018762828540036535,0.01801793877545496,0.0332253971548675,,,,,,,,,4.0,0.0018133476554075473,0.0015627868543559552,1.0000005960464478,1.0000109672546387,1.0000272989273071,1.0001040697097778,1.0005823373794556,1.0963120460510254,0.0007608331020919938,0.9550649523735046,0.999813312292099,0.9999479651451111,0.9999863505363464,0.999998152256012,0.9999997019767761,0.012409529042920397,5.781836647836384e-07,0.003639055518695435,0.00909674406872126,0.027298950436735095,0.03608585221405252,0.19270869843245536,4
bayesfl_observability_v1,ola_lr0p02_b128_e1,45,ola,44,3,92,1,1,128,0.7805660367012024,0.7805660367012024,0.0,0.0,0.7391304347826086,0.7805660367012024,0.18350941313860017,0.030340567231178284,0.9996726335147459,0.18350941313860017,,0.18749585469877714,2.1238639523778082,,,,,,,,,,,,,0.7805660367012024,0.0,0.0008272503348531338,5.656953544530552e-05,0.0006544585863593987,2.3013761043548584,1.0002377852330429,1.0000563859939575,1.0003880262374878,0.9998822999630741,0.9999718070030212,0.9999945759773254,0.018762408157875235,0.018024594078917433,0.03321493640099487,,,,,,,,,92.0,0.01861523322211949,0.0018055962135654425,1.0000005960464478,1.0000108480453491,1.000028133392334,1.0001072883605957,1.000606906414032,1.1464977264404297,0.0008703968350556519,0.9339280128479004,0.9998060464859009,0.9999463558197021,0.999985933303833,0.9999980926513672,0.9999997019767761,0.012422691880939312,2.773327082630051e-07,0.003626880029459973,0.009081343331724497,0.027289405381806985,0.03611526288527287,0.1919926367676539,92
bayesfl_observability_v1,ola_lr0p02_b128_e1,45,ola,284,22,252,2,1,128,0.18679748404593693,0.18679747671361954,8.198157806936656e-09,8.198157806936656e-09,0.9682539682539683,0.18679747671361954,0.08917496013612926,0.016422942280769348,0.9999227950538814,0.08917496013612926,,0.042414731858117456,2.1445043425723562,,,,,,,,,,,,,0.18679747671361954,8.198157806936656e-09,5.3840493850274944e-05,6.550866146426415e-06,5.6091863370966166e-05,0.18383871018886566,1.000220598054211,1.000054121017456,1.0003694295883179,0.9998905888923414,0.999972939491272,0.999994695186615,0.018763790890776677,0.018022606590478073,0.033226358841958036,,,,,,,,,252.0,0.0011448099346429291,0.001547211107419922,1.0000005960464478,1.00001060962677,1.000026822090149,1.0001031160354614,1.0005772113800049,1.0953634977340698,0.0007535121481042203,0.9554783701896667,0.9998153448104858,0.9999484419822693,0.9999865889549255,0.9999980926513672,0.9999997019767761,0.012414229886119572,1.0205684776816907e-07,0.0036455877343121944,0.009102483616143964,0.027295972251152455,0.03611124444665511,0.2098441163402963,252
bayesfl_observability_v1,ola_lr0p02_b128_e1,45,ola,133,10,110,1,1,128,0.31155699491500854,0.31155699491500854,0.0,0.0,0.9363636363636364,0.31155699491500854,0.049924067634134754,0.00808742642402649,0.9999758119150747,0.049924067634134754,,0.8672080260993454,1.3569534273062465,,,,,,,,,,,,,0.31155699491500854,0.0,6.122661432016985e-05,6.526414836116601e-06,6.133657079772093e-05,0.16351601481437683,1.0002207622495747,1.0000542402267456,1.0003694295883179,0.9998905089218489,0.9999728798866272,0.999994695186615,0.018762333027024423,0.01801791148331941,0.03322043802962042,,,,,,,,,110.0,0.0010334363399934518,0.0015490894555782988,1.0000005960464478,1.00001060962677,1.0000267028808594,1.0001031160354614,1.000577872991562,1.095486044883728,0.0007543994865151915,0.955424964427948,0.9998153448104858,0.9999484419822693,0.9999866485595703,0.999998152256012,0.9999997019767761,0.01240879841177142,1.1163336311837751e-07,0.00364055104098482,0.009096118859200425,0.027302162857643236,0.03611854197220673,0.20129617896702104,110
bayesfl_observability_v1,ola_lr0p02_b128_e1,45,ola,110,8,58,1,1,128,0.23742574453353882,0.23742574453353882,0.0,0.0,0.9482758620689655,0.23742574453353882,0.05479619427958628,0.008779257535934448,0.9999708244820051,0.05479619427958628,,0.08048483706800685,2.1077419116679486,,,,,,,,,,,,,0.23742574453353882,0.0,7.37600224888192e-05,8.409374459006358e-06,7.272614457178867e-05,0.19268858432769775,1.0002210384714494,1.0000543594360352,1.0003701448440552,0.999890369957576,0.9999728202819824,0.999994695186615,0.01876154111024383,0.018019195003254957,0.03322034066782068,,,,,,,,,58.0,0.0014206274689541527,0.001548241861113914,1.0000005960464478,1.00001060962677,1.0000269412994385,1.0001033544540405,1.0005784034729004,1.0953822135925293,0.000754024622022108,0.9554702043533325,0.9998149871826172,0.9999483227729797,0.9999865293502808,0.9999980926513672,0.9999997019767761,0.012407098954916804,1.171835872498502e-07,0.0036414938088372316,0.009098141211966438,0.027297496086839356,0.03610453209527226,0.20206477476208742,58
bayesfl_observability_v1,ola_lr0p02_b128_e1,45,ola,230,18,26,1,1,128,0.7314214110374451,0.7314214110374451,0.0,0.0,0.8076923076923077,0.7314214110374451,0.14208289946522557,0.018394488841295242,0.999803782979248,0.14208289946522557,,0.46922034844159877,1.856478418550846,,,,,,,,,,,,,0.7314214110374451,0.0,0.0004959111400611023,4.510634062171448e-05,0.00045676249428652245,0.8458929657936096,1.0002304212358502,1.000056266784668,1.0003811240196228,0.9998858106725516,0.999971866607666,0.9999945759773254,0.01876558497759862,0.018028586384089565,0.03320630849306451,,,,,,,,,26.0,0.009489392529916816,0.001662279653679698,1.0000005960464478,1.0000108480453491,1.0000276565551758,1.0001070499420166,1.0005961656570435,1.0960463285446167,0.0008076010293662708,0.9551807045936584,0.9998094975948334,0.9999464750289917,0.9999861717224121,0.999998152256012,0.9999997019767761,0.01241256759260546,6.58429028554697e-08,0.00363398077277913,0.009093995272677959,0.02728359286606106,0.03612072395755885,0.1893774782892103,26
bayesfl_observability_v1,ola_lr0p02_b128_e1,45,ola,232,18,8,1,1,128,0.5181069374084473,0.5181069374084473,0.0,0.0,0.875,0.5181069374084473,0.14192423120790512,0.01988425850868225,0.9998043439724911,0.14192423120790512,,0.5623351446188083,1.7608662639259458,,,,,,,,,,,,,0.5181069374084473,0.0,0.0004948041737339987,3.768715941987466e-05,0.0007089167658705265,0.9884594678878784,1.0002303959461916,1.0000561475753784,1.0003836274147033,0.9998857907371788,0.9999719262123108,0.9999944567680359,0.018766670017394765,0.018027996247070265,0.03322728760708968,,,,,,,,,8.0,0.008232988071829594,0.0016344968625797605,1.0000005960464478,1.0000110864639282,1.000028133392334,1.0001088380813599,1.0005989074707031,1.0954777002334595,0.000794597601966226,0.9554286003112793,0.9998082458972931,0.9999455809593201,0.999985933303833,0.9999979734420776,0.9999997019767761,0.012417077252367915,8.714600875914684e-08,0.003643668138928655,0.009107924339418174,0.027280091662503985,0.036106867545928435,0.19123353131515325,8
bayesfl_observability_v1,ola_lr0p02_b128_e1,45,ola,191,15,172,2,1,128,0.5707177519798279,0.570717744355978,1.1204740246739675e-08,1.1204740246739675e-08,0.8546511627906976,0.570717744355978,0.14768503742070618,0.01902538537979126,0.999788133452378,0.14768503742070618,,1.325943075341454,0.9746161163341331,,,,,,,,,,,,,0.570717744355978,1.1204740246739675e-08,0.00015137157054782385,1.5827388779143803e-05,0.00015241457149386416,0.25351130962371826,1.0002227637403966,1.0000548362731934,1.0003724217414856,0.9998895299262472,0.9999725818634033,0.9999946355819702,0.018765253294819713,0.018020478778655417,0.03323360004099401,,,,,,,,,172.0,0.0026149095260925774,0.001568218731787547,1.0000005960464478,1.0000107288360596,1.0000269412994385,1.0001035928726196,1.0005814492702485,1.0956902503967285,0.0007635264964090942,0.9553359150886536,0.999813848733902,0.9999482035636902,0.9999865293502808,0.999998152256012,0.9999997019767761,0.012418995377654656,1.8845590469694665e-06,0.0036238858924380096,0.009089600014235961,0.02729779338163016,0.036115963750632314,0.19101305147562633,172
bayesfl_observability_v1,ola_lr0p02_b128_e1,45,ola,199,15,66,1,1,128,0.69558185338974,0.69558185338974,0.0,0.0,0.7272727272727273,0.69558185338974,0.16239792397272482,0.026735231280326843,0.9997436304816778,0.16239792397272482,,0.5771077249415074,1.7075923616880604,,,,,,,,,,,,,0.69558185338974,0.0,0.0006478600781751713,4.732127672468778e-05,0.0004968283465132117,1.7869324684143066,1.0002338017568826,1.0000559091567993,1.0003834962844849,0.9998842140722102,0.9999720454216003,0.9999945759773254,0.018762166938132,0.018030952403338477,0.033214697212196394,,,,,,,,,66.0,0.014452989307223519,0.0017426743029366177,1.0000005960464478,1.0000108480453491,1.0000280141830444,1.0001049041748047,1.0005987882614136,1.1350655555725098,0.0008423748217110148,0.9386193752288818,0.9998083114624023,0.9999475479125977,0.9999859929084778,0.999998152256012,0.9999997019767761,0.012420512718552316,2.790413296060806e-07,0.0036321664451062713,0.009088018967725937,0.027284952668736862,0.036105613563032976,0.19452150757950848,66
bayesfl_observability_v1,ola_lr0p02_b128_e1,45,ola,256,20,63,1,1,128,0.3172359764575958,0.3172359764575958,0.0,0.0,0.9523809523809523,0.3172359764575958,0.06849199441398701,0.01057395339012146,0.9999544176312007,0.06849199441398701,,0.20651944177314374,1.98512400603107,,,,,,,,,,,,,0.3172359764575958,0.0,0.00011523910105127593,1.2943037745571928e-05,0.00011108402904937995,0.27952122688293457,1.0002219597740656,1.0000545978546143,1.0003715753555298,0.9998899134581527,0.9999727010726929,0.999994695186615,0.01876199307263486,0.0180207593470065,0.033222384419225516,,,,,,,,,63.0,0.002204222037854437,0.0015518191800882898,1.0000005960464478,1.00001060962677,1.0000269412994385,1.0001037120819092,1.0005797147750854,1.0953788757324219,0.0007557746418062173,0.9554716944694519,0.9998142719268799,0.9999481439590454,0.9999865293502808,0.9999980330467224,0.9999997019767761,0.012409000553053435,3.507558911905549e-07,0.0036407922845709613,0.009090795659511586,0.027296568609777614,0.036102330200993925,0.2040848465182458,63
bayesfl_observability_v1,ola_lr0p02_b128_e1,45,ola,114,9,112,1,1,128,0.774455189704895,0.774455189704895,0.0,0.0,0.7857142857142857,0.774455189704895,0.14411601069953017,0.021218962967395782,0.9997980512908117,0.14411601069953017,,0.17604524709725128,2.1334990783975436,,,,,,,,,,,,,0.774455189704895,0.0,0.000510205005486604,3.376924905751366e-05,0.0005117880238685758,1.1256109476089478,1.00023074104051,1.0000556707382202,1.0003837466239929,0.9998856219981103,0.9999721646308899,0.9999942779541016,0.018761999414483463,0.01802888500602707,0.033220077602892494,,,,,,,,,112.0,0.010891029542058804,0.0016372005953994584,1.0000005960464478,1.0000114440917969,1.0000275373458862,1.0001038312911987,1.0005993306636811,1.0954010486602783,0.0007962808392847882,0.9554620385169983,0.9998081862926483,0.9999480843544006,0.9999862313270569,0.9999980330467224,0.9999997019767761,0.012414091217358274,2.60577590941681e-07,0.0036341508932081798,0.009096382819493373,0.027291268040533553,0.03609500097657247,0.19007266274190074,112
bayesfl_observability_v1,ola_lr0p02_b128_e1,45,ola,75,6,1255,10,1,128,0.3020758957620636,0.30207577833378935,1.1928059471671418e-07,1.1928059471671418e-07,0.9179282868525896,0.30207577833378935,0.20736809222580113,0.02704867720603943,0.9995844878587173,0.20736809222580113,,1.2609117925786006,1.0481333848545875,,,,,,,,,,,,,0.30207577833378935,1.1928059471671418e-07,2.8535144282709072e-05,5.392724233388435e-06,3.383363728062252e-05,0.06383066624403,1.0002200362477822,1.0000540018081665,1.0003689527511597,0.9998908689269924,0.9999729990959167,0.9999947547912598,0.018780755086457754,0.018015851706179895,0.033256768209471946,,,,,,,,,1255.0,0.0004418362722085136,0.0015465796876333996,1.0000005960464478,1.0000104904174805,1.0000265836715698,1.0001027584075928,1.0005757808685303,1.0954101085662842,0.0007531522136346549,0.9554580450057983,0.9998155832290649,0.9999486207962036,0.9999867081642151,0.999998152256012,0.9999997019767761,0.012450722725245802,1.0622393075405367e-07,0.0036568212220111263,0.009075622088510493,0.027300408745380596,0.03617502118941986,0.1869690107186913,1255
bayesfl_observability_v1,ola_lr0p02_b128_e1,45,ola,269,21,141,2,1,128,0.6280237622294865,0.6280237567340229,5.1420041683986255e-09,5.1420041683986255e-09,0.8652482269503546,0.6280237567340229,0.16214627142959517,0.028483033180236816,0.9997446975800183,0.16214627142959517,,0.5553872255443504,1.7524876572526569,,,,,,,,,,,,,0.6280237567340229,5.1420041683986255e-09,0.0001908484089702062,2.655877688084729e-05,0.00019833537517115478,0.531303882598877,1.0002236444366532,1.0000548362731934,1.0003736019134521,0.9998890962033301,0.9999725818634033,0.9999946355819702,0.018768050999898103,0.018026109208955653,0.03324000236524332,,,,,,,,,141.0,0.003631724653253025,0.0015740512709969676,1.0000005960464478,1.0000107288360596,1.0000272989273071,1.0001041889190674,1.0005822837352754,1.095379114151001,0.0007661794523018157,0.9554715752601624,0.9998132586479187,0.9999479055404663,0.9999863505363464,0.999998152256012,0.9999997019767761,0.012420550474539568,2.428492461926796e-07,0.003643940906703063,0.009094601074549239,0.02729554264034181,0.03613966208232098,0.19143591842596178,141
bayesfl_observability_v1,ola_lr0p02_b128_e1,45,ola,158,12,100,1,1,128,0.6341100335121155,0.6341100335121155,0.0,0.0,0.81,0.6341100335121155,0.11050358103552983,0.011632643640041351,0.9998813282138085,0.11050358103552983,,0.9581847713458628,1.3628065184402316,,,,,,,,,,,,,0.6341100335121155,0.0,0.00029996663510435467,1.883627010101918e-05,0.00028840635495726085,0.33829623460769653,1.0002260671484688,1.0000550746917725,1.0003752708435059,0.99988792860474,0.9999724626541138,0.999994695186615,0.01876352694309822,0.018035001513516998,0.033210295553385207,,,,,,,,,100.0,0.004555331243189752,0.001612251241232372,1.0000005960464478,1.00001060962677,1.0000269412994385,1.0001047849655151,1.0005878865718842,1.0986065864562988,0.000784112199945211,0.954067051410675,0.9998124241828918,0.9999476075172424,0.9999865293502808,0.999998152256012,0.9999997019767761,0.012412787086396164,2.5108342764708355e-07,0.0036250465235315456,0.009094254476537781,0.027281058102929863,0.03611574979421443,0.19071959012693324,100
bayesfl_observability_v1,ola_lr0p02_b128_e1,46,ola,141,11,30,1,1,128,0.31726568937301636,0.31726568937301636,0.0,0.0,0.9333333333333333,0.31726568937301636,0.05111355436098812,0.0075571537017822266,0.9999747335745734,0.05111355436098812,,1.5190465305721117,0.7674065092926465,,,,,,,,,,,,,0.31726568937301636,0.0,6.417892271967212e-05,7.680814633204136e-06,7.472984070773248e-05,0.14277668297290802,1.0002191068545838,1.0000537633895874,1.000366222858429,0.99989133092595,0.9999731183052063,0.999994695186615,0.018775478506332967,0.01801936071853187,0.03325085203651901,,,,,,,,,30.0,0.0008417640529143728,0.0015444129579452797,1.0000005960464478,1.00001060962677,1.0000267028808594,1.0001018047332764,1.000571370124817,1.0975595712661743,0.0007520137446521833,0.9545220136642456,0.9998169481754303,0.9999490976333618,0.9999866485595703,0.999998152256012,0.9999997019767761,0.012439131843567458,1.0800563391908498e-07,0.0036432747264196,0.009083200234461849,0.027301496413901394,0.036156472340501844,0.1916747091663975,30
bayesfl_observability_v1,ola_lr0p02_b128_e1,46,ola,150,12,12,1,1,128,0.1525663584470749,0.1525663584470749,0.0,0.0,1.0,0.1525663584470749,0.04897013564747601,0.009530946612358093,0.99997680069602,0.04897013564747601,,-0.0,2.185987945410232,,,,,,,,,,,,,0.1525663584470749,0.0,5.890916747742261e-05,7.747312338324264e-06,6.178805051604286e-05,0.22709718346595764,1.00021899173334,1.0000537633895874,1.0003658533096313,0.999891385220235,0.9999731183052063,0.9999947547912598,0.018774785361822716,0.018014529802955197,0.033243919330106016,,,,,,,,,12.0,0.0012902656619720532,0.0015413887188736632,1.0000005960464478,1.0000104904174805,1.0000265836715698,1.000101923942566,1.0005708932876587,1.0964230298995972,0.0007506569205604585,0.9550166130065918,0.9998171329498291,0.999949038028717,0.9999867081642151,0.999998152256012,0.9999997019767761,0.012438858953318838,3.8539938941321804e-07,0.003646971073629733,0.009100515253419799,0.027305704313413788,0.03614874048162128,0.202136194762317,12
bayesfl_observability_v1,ola_lr0p02_b128_e1,46,ola,157,12,1161,10,1,128,0.30866853265183225,0.3086682994184979,2.337985902572063e-07,2.337985902572063e-07,0.9155900086132644,0.3086682994184979,0.33744098863376915,0.03992024064064026,0.9988992800712293,0.33744098863376915,,0.7423673181497622,1.5962776212694494,,,,,,,,,,,,,0.3086682994184979,2.337985902572063e-07,7.296125484859311e-05,1.0277658020640956e-05,8.373852615477518e-05,0.11212971061468124,1.0002192963583478,1.0000536441802979,1.0003662109375,0.9998912391709921,0.9999731779098511,0.9999947547912598,0.018789436099104845,0.018012441520380344,0.03329822484708337,,,,,,,,,1161.0,0.0010841033227818764,0.0015469956605715376,1.0000005960464478,1.0000104904174805,1.0000267028808594,1.000102162361145,1.0005713164806367,1.0964512825012207,0.0007533149014849741,0.9550042748451233,0.9998169541358948,0.9999489188194275,0.9999866485595703,0.999998152256012,0.9999997019767761,0.012490826553725966,1.494649675810979e-07,0.003622348900161952,0.009074107295128333,0.027313227957648914,0.036212438016928895,0.19612188500418062,1161
bayesfl_observability_v1,ola_lr0p02_b128_e1,46,ola,122,9,9,1,1,128,0.6182498931884766,0.6182498931884766,0.0,0.0,0.8888888888888888,0.6182498931884766,0.07556777355419185,0.008542194962501526,0.9999446140661963,0.07556777355419185,,0.9649629230074277,1.3560707552711873,,,,,,,,,,,,,0.6182498931884766,0.0,0.0001402792782623864,1.399429402226815e-05,0.00017008735012495908,0.1824226677417755,1.0002207586031315,1.0000542402267456,1.0003701448440552,0.9998905149730939,0.9999728798866272,0.9999944567680359,0.018774180362144666,0.018034005949582668,0.033239212108317255,,,,,,,,,9.0,0.001416208790643316,0.001553308276241462,1.0000005960464478,1.0000110864639282,1.000026822090149,1.000102162361145,1.0005782842636108,1.1003844738006592,0.0007560661047293262,0.9532960057258606,0.9998149871826172,0.9999489188194275,0.9999865889549255,0.999998152256012,0.9999997019767761,0.012436148081191782,4.897411341115156e-07,0.003639511071211746,0.009085898173872314,0.027301141346981427,0.03613516230275576,0.19032655256501316,9
bayesfl_observability_v1,ola_lr0p02_b128_e1,46,ola,27,2,611,5,1,128,0.2749345714131861,0.27493440223257204,1.7046242373052265e-07,1.7046242373052265e-07,0.9247135842880524,0.27493440223257204,0.25210783039573514,0.038950078189373016,0.999383863320611,0.25210783039573514,,0.08162587036147914,2.2275297802473157,,,,,,,,,,,,,0.27493440223257204,1.7046242373052265e-07,0.00015140490809064028,1.0864622709050309e-05,0.0001447308779461312,0.3575642704963684,1.000221002179208,1.000054121017456,1.0003678798675537,0.9998904032195096,0.999972939491272,0.9999947547912598,0.018777584499296663,0.018027054091087576,0.033249404761981204,,,,,,,,,611.0,0.0033134542523832375,0.0015618484025112385,1.0000005960464478,1.0000104904174805,1.000026822090149,1.0001018941402435,1.000574004650116,1.096428394317627,0.0007604303076681089,0.9550142884254456,0.9998161196708679,0.9999490529298782,0.9999865889549255,0.999998152256012,0.9999997019767761,0.012456042605964807,4.036108154607842e-07,0.003622761804716728,0.00909494295012064,0.02729372233044163,0.03616246358664016,0.19432379178850565,611
bayesfl_observability_v1,ola_lr0p02_b128_e1,46,ola,286,22,12,1,1,128,0.18570148944854736,0.18570148944854736,0.0,0.0,1.0,0.18570148944854736,0.05996922424853108,0.01109248399734497,0.9999651766519978,0.05996922424853108,,-0.0,2.185987945410232,,,,,,,,,,,,,0.18570148944854736,0.0,8.834400478799686e-05,1.1518978681124281e-05,9.224607492797077e-05,0.30760812759399414,1.0002196332683753,1.000053882598877,1.000366449356079,0.9998910673506616,0.9999730587005615,0.9999947547912598,0.018774814497799452,0.018019910111203373,0.033243401617869234,,,,,,,,,12.0,0.001829157636942327,0.0015438694705009564,1.0000005960464478,1.0000104904174805,1.0000265836715698,1.000102162361145,1.0005728125572204,1.0964229106903076,0.0007518659039638053,0.9550166726112366,0.9998168349266052,0.9999489188194275,0.9999867081642151,0.9999980926513672,0.9999997019767761,0.012439408889883628,6.1953786572837e-08,0.0036513239751813976,0.009099306813220909,0.027305886421695423,0.03615570834201947,0.20390110996807312,12
bayesfl_observability_v1,ola_lr0p02_b128_e1,46,ola,47,3,19,1,1,128,0.21229109168052673,0.21229109168052673,0.0,0.0,1.0,0.21229109168052673,0.053326714014175214,0.006586924195289612,0.9999724640816584,0.053326714014175214,,0.6680178186607534,1.6176422038869243,,,,,,,,,,,,,0.21229109168052673,0.0,6.985699931299896e-05,6.915801577633829e-06,7.595061324536801e-05,0.10846912115812302,1.0002192278619106,1.0000537633895874,1.000366449356079,0.9998912731790819,0.9999731183052063,0.9999947547912598,0.018774531267231713,0.01801817666139966,0.03325323518202213,,,,,,,,,19.0,0.0011484140660272637,0.0015468249818128507,1.0000005960464478,1.0000104904174805,1.0000265836715698,1.000101923942566,1.000571370124817,1.096519112586975,0.0007532227045889845,0.9549747705459595,0.9998168349266052,0.999949038028717,0.9999867081642151,0.999998152256012,0.9999997019767761,0.012438042501729996,1.2925594869996394e-07,0.0036473068625765943,0.00908909335523815,0.02730286878877223,0.0361465658700418,0.19243069793038178,19
bayesfl_observability_v1,ola_lr0p02_b128_e1,46,ola,263,21,214,2,1,128,0.49705830801313167,0.4970582960364975,1.0085246996820991e-08,1.0085246996820991e-08,0.883177570093458,0.4970582960364975,0.10580991666493157,0.009296156466007233,0.9998915869860726,0.10580991666493157,,0.7768433258123565,1.5365177254738465,,,,,,,,,,,,,0.4970582960364975,1.0085246996820991e-08,8.197497361712862e-05,1.2106672784284456e-05,9.753104313858786e-05,0.07476542890071869,1.0002194922530512,1.0000537633895874,1.0003666877746582,0.9998911417302535,0.9999731183052063,0.9999947547912598,0.018777141991243418,0.01801065628569739,0.03326038419986773,,,,,,,,,214.0,0.0009581731170072194,0.0015474293617203667,1.0000005960464478,1.0000104904174805,1.0000267028808594,1.000102162361145,1.0005711317062378,1.0965754985809326,0.0007535246711953779,0.954950213432312,0.9998167157173157,0.9999489188194275,0.9999866485595703,0.999998152256012,0.9999997019767761,0.012446316205986003,3.811768026024552e-07,0.003642749962657302,0.009089645790412933,0.0273017014339859,0.03615824326718978,0.19071867183420183,214
bayesfl_observability_v1,ola_lr0p02_b128_e1,46,ola,97,7,4,1,1,128,0.6568490862846375,0.6568490862846375,0.0,0.0,0.75,0.6568490862846375,0.1405714119278885,0.015487641096115112,0.9998082295275209,0.1405714119278885,,0.6931471805599453,1.5580197962672118,,,,,,,,,,,,,0.6568490862846375,0.0,0.00048541620693818953,2.6817033358383924e-05,0.00044906100956723134,0.5996675491333008,1.0002282627992105,1.0000557899475098,1.0003833889961242,0.999886779081989,0.9999721050262451,0.9999943971633911,0.018773771652583662,0.018034274124633022,0.033252745743238,,,,,,,,,4.0,0.005684648636434164,0.0015660858673106567,1.0000005960464478,1.0000112056732178,1.0000278949737549,1.000109076499939,1.000596284866333,1.096422791481018,0.0007626965983456603,0.9550167322158813,0.9998083651065827,0.9999454617500305,0.9999860525131226,0.9999980926513672,0.9999997019767761,0.012435898093786646,8.277569137907082e-08,0.003653826932891819,0.009100119045383045,0.02730834345276126,0.03615091202932255,0.20799985425193482,4
bayesfl_observability_v1,ola_lr0p02_b128_e1,46,ola,292,23,70,1,1,128,0.19857202470302582,0.19857202470302582,0.0,0.0,0.9428571428571428,0.19857202470302582,0.0461276856889894,0.008186087012290955,0.9999793770001125,0.0461276856889894,,0.30463609734923813,1.9998591779099486,,,,,,,,,,,,,0.19857202470302582,0.0,5.2268931353524435e-05,5.408913693827344e-06,5.413265280367348e-05,0.16753004491329193,1.000218847250791,1.0000536441802979,1.0003657341003418,0.9998914599869614,0.9999731779098511,0.9999947547912598,0.018773807199985282,0.018020641544104085,0.03324997377626661,,,,,,,,,70.0,0.0011348659298248643,0.0015437737387724627,1.0000005960464478,1.0000104904174805,1.0000265836715698,1.000101774930954,1.00057053565979,1.0964198112487793,0.0007517258512493832,0.9550180435180664,0.9998171925544739,0.999949112534523,0.9999867081642151,0.999998152256012,0.9999997019767761,0.012434612958563485,9.158897990317926e-08,0.003646672618317393,0.009096405062805572,0.027305763290293654,0.036140086792014144,0.19156878581557168,70
bayesfl_observability_v1,ola_lr0p02_b128_e1,46,ola,296,23,107,1,1,128,0.2218663990497589,0.2218663990497589,0.0,0.0,0.9906542056074766,0.2218663990497589,0.058499111965631866,0.011046543717384338,0.9999668567273543,0.058499111965631866,,-0.0,2.185987945410232,,,,,,,,,,,,,0.2218663990497589,0.0,8.406568995739219e-05,1.0518081580812577e-05,8.348707560799088e-05,0.3050656020641327,1.0002195385440202,1.000053882598877,1.0003660917282104,0.9998911146097594,0.9999730587005615,0.9999947547912598,0.018774490830708895,0.01801838447810533,0.03324211854264173,,,,,,,,,107.0,0.0018225700224353092,0.0015437928577658896,1.0000005960464478,1.0000104904174805,1.0000267028808594,1.000102162361145,1.000571608543396,1.096426010131836,0.0007518295329705168,0.9550153017044067,0.9998170137405396,0.9999489188194275,0.9999866485595703,0.9999980926513672,0.9999997019767761,0.012438904683707513,3.0937866365757546e-09,0.003650656660312996,0.009098284166599762,0.027305095773965633,0.03615336954430796,0.20384877999069145,107
bayesfl_observability_v1,ola_lr0p02_b128_e1,46,ola,298,23,16,1,1,128,0.5084570646286011,0.5084570646286011,0.0,0.0,0.875,0.5084570646286011,0.08446174974515619,0.01389177143573761,0.9999308315722178,0.08446174974515619,,-0.0,2.185987945410232,,,,,,,,,,,,,0.5084570646286011,0.0,0.00017524286881518607,2.7078122002421878e-05,0.00020368591940496126,0.4824530780315399,1.000221522237201,1.0000544786453247,1.000367534160614,0.9998901309503886,0.9999727606773376,0.9999946355819702,0.018774288209664106,0.01801878761984005,0.03324407728874661,,,,,,,,,16.0,0.003509252089857751,0.0015507866083296971,1.0000005960464478,1.0000107288360596,1.0000272989273071,1.0001031160354614,1.0005753695964814,1.0964370965957642,0.0007552541437792845,0.9550104737281799,0.9998162925243378,0.9999484419822693,0.9999863505363464,0.9999979734420776,0.9999997019767761,0.012439299466784418,1.6942748732121204e-07,0.003648686441389767,0.009093025930460978,0.02731029409587596,0.036155961225781436,0.2071369483856695,16
bayesfl_observability_v1,ola_lr0p02_b128_e1,46,ola,77,6,103,1,1,128,0.4244518578052521,0.4244518578052521,0.0,0.0,0.912621359223301,0.4244518578052521,0.0884814642070177,0.018505915999412537,0.99992408792132,0.0884814642070177,,0.560246206790157,1.7468416333340404,,,,,,,,,,,,,0.4244518578052521,0.0,0.0001923201868930596,1.3943310932518216e-05,0.00017450917657697577,0.856171727180481,1.000221890732946,1.0000544786453247,1.0003697872161865,0.9998899672036556,0.9999727606773376,0.9999946355819702,0.01877445593280183,0.01801676100550193,0.03323920156395498,,,,,,,,,103.0,0.004696303497548782,0.0015694372992486319,1.0000005960464478,1.0000107288360596,1.0000265836715698,1.0001031160354614,1.0005751848220825,1.0970196723937988,0.0007637311975605271,0.9547568559646606,0.9998151659965515,0.9999484419822693,0.9999867081642151,0.999998152256012,0.9999997019767761,0.012439859008427208,3.0182372840452704e-08,0.0036449733433721607,0.0090920724464995,0.027295027095175978,0.036130861762560376,0.19322866702559172,103
bayesfl_observability_v1,ola_lr0p02_b128_e1,46,ola,83,6,165,2,1,128,0.27786111732323965,0.27786111398176716,2.8733750247831516e-09,2.8733750247831516e-09,0.9636363636363636,0.27786111398176716,0.08803733872271576,0.012542635202407837,0.9999249834326842,0.08803733872271576,,0.7163703465940834,1.5113752911057265,,,,,,,,,,,,,0.27786111398176716,2.8733750247831516e-09,5.33336686749682e-05,6.34828393231146e-06,6.389455011230913e-05,0.10408554971218109,1.000218868687847,1.0000536441802979,1.0003657341003418,0.9998914477644073,0.9999731779098511,0.9999947547912598,0.0187768571333647,0.018021059805020403,0.033243140199300705,,,,,,,,,165.0,0.0008005325861022279,0.0015423730168958778,1.0000005960464478,1.0000104904174805,1.0000265836715698,1.0001016855239868,1.0005704820156098,1.0964308977127075,0.0007510880565156899,0.9550132155418396,0.9998171925544739,0.9999491572380066,0.9999867081642151,0.999998152256012,0.9999997019767761,0.012444976126154764,1.1499327263044706e-06,0.0036447625133392697,0.009098848584515831,0.02730727111422504,0.03614574968431497,0.20493441220246364,165
bayesfl_observability_v1,ola_lr0p02_b128_e1,46,ola,183,14,18,1,1,128,0.6660177707672119,0.6660177707672119,0.0,0.0,0.7777777777777778,0.6660177707672119,0.07086206670341808,0.0071428269147872925,0.9999512818016173,0.07086206670341808,,1.3727655308924485,0.9483462981176023,,,,,,,,,,,,,0.6660177707672119,0.0,0.00012335248418887952,1.588547274877783e-05,0.00018075711559504277,0.1275501698255539,1.0002203944191619,1.000054121017456,1.000368595123291,0.9998906911315555,0.999972939491272,0.9999945759773254,0.01877387870404759,0.018015832950958967,0.03324466568809171,,,,,,,,,18.0,0.0013779171385029,0.0015477191519075203,1.0000005960464478,1.0000108480453491,1.000027060508728,1.0001022815704346,1.0005737662315368,1.0965344905853271,0.0007536816627322467,0.9549680352210999,0.9998157620429993,0.9999488592147827,0.999986469745636,0.9999980330467224,0.9999997019767761,0.012433482198890362,2.1889167174322657e-07,0.0036473283584823033,0.009092428923031188,0.027303399181375435,0.036132891740532865,0.18966103595189857,18
bayesfl_observability_v1,ola_lr0p02_b128_e1,47,ola,194,15,424,4,1,128,0.6096729236953663,0.6096727994253051,1.2823458997393934e-07,1.2823458997393934e-07,0.8113207547169812,0.6096727994253051,0.24793368429254833,0.022594526410102844,0.9994052607429986,0.24793368429254833,,1.287255851511245,1.0138774988279884,,,,,,,,,,,,,0.6096727994253051,1.2823458997393934e-07,0.00019979120091328622,1.974533461179817e-05,0.0002020234314841223,0.21594752371311188,1.0002194370866888,1.0000536441802979,1.0003643035888672,0.9998911740515852,0.9999731779098511,0.9999947547912598,0.018789243009575168,0.01801886505251069,0.033266182280958324,,,,,,,,,424.0,0.002422465733815228,0.0015515731851755668,1.0000005960464478,1.0000104904174805,1.0000264644622803,1.0001009702682495,1.000568825006485,1.094658374786377,0.0007555894177715486,0.9557860493659973,0.9998179078102112,0.9999495148658752,0.9999867677688599,0.999998152256012,0.9999997019767761,0.012478262488467649,5.754144497672997e-07,0.003615979376710501,0.009096898045380379,0.027313515448231414,0.03621330899621061,0.19279135438587705,424
bayesfl_observability_v1,ola_lr0p02_b128_e1,47,ola,179,14,2,1,1,128,1.4912375211715698,1.4912375211715698,0.0,0.0,0.0,1.4912375211715698,0.3328981649024216,0.027059311047196388,0.9989278373538178,0.3328981649024216,,0.6931471805599453,1.6644456624201702,,,,,,,,,,,,,1.4912375211715698,0.0,0.0027223443586584456,0.00018774067575577646,0.003614862030372026,1.8305158615112305,1.0002731102030884,1.0000643730163574,1.000481128692627,0.9998646828840579,0.9999678134918213,0.9999930262565613,0.018790842193164622,0.01803131511479429,0.03331301451068988,,,,,,,,,2.0,0.023578026176378178,0.0018310260745530724,1.0000005960464478,1.0000139474868774,1.0000309944152832,1.0001405477523804,1.0007370710372925,1.1111472845077515,0.0008862237752441757,0.9486678838729858,0.9997595548629761,0.9999297261238098,0.9999845027923584,0.999997079372406,0.9999997019767761,0.01248808713902921,6.144594840714015e-08,0.0036291332088352435,0.009087492386826056,0.02730233464054418,0.03621965242890513,0.18909452600671234,2
bayesfl_observability_v1,ola_lr0p02_b128_e1,47,ola,45,3,2,1,1,128,0.17457836866378784,0.17457836866378784,0.0,0.0,1.0,0.17457836866378784,0.1316558343721999,0.022769317030906677,0.9998322027680894,0.1316558343721999,,0.6931471805599453,1.619408415869196,,,,,,,,,,,,,0.17457836866378784,0.0,0.000425794927175963,1.0065315109386574e-05,0.0004148274747421967,1.2961047887802124,1.0002242450724887,1.0000536441802979,1.0003788471221924,0.9998887998287952,0.9999731779098511,0.9999946355819702,0.018783288806858273,0.018024145629948213,0.033284377741622836,,,,,,,,,2.0,0.00805744897257089,0.001577803966011114,1.0000005960464478,1.0000107288360596,1.0000267028808594,1.0001027584075928,1.000584602355957,1.0944504737854004,0.0007676929213557853,0.9558768272399902,0.9998106360435486,0.9999486207962036,0.9999866485595703,0.999998152256012,0.9999997019767761,0.0124708460727754,3.9895971785928575e-07,0.0036252013308766826,0.009095468093105543,0.027310530574872142,0.03619840173840007,0.19385112253952524,2
bayesfl_observability_v1,ola_lr0p02_b128_e1,47,ola,218,17,3,1,1,128,0.24960345029830933,0.24960345029830933,0.0,0.0,1.0,0.24960345029830933,0.10070091336217353,0.013611391186714172,0.9999019510051694,0.10070091336217353,,-0.0,2.3292713582565514,,,,,,,,,,,,,0.24960345029830933,0.0,0.0002491076413798142,1.8088623619405553e-05,0.0002600926673039794,0.46317511796951294,1.0002204876699463,1.000054121017456,1.0003674030303955,0.9998906485772243,0.999972939491272,0.9999945759773254,0.018787214099125087,0.018029866166472813,0.033281101304018124,,,,,,,,,3.0,0.00420182423130497,0.0015511809621117322,1.0000005960464478,1.0000108480453491,1.0000271797180176,1.0001028776168823,1.0005722045898438,1.09458589553833,0.000755493662850907,0.955817699432373,0.999816358089447,0.9999485611915588,0.9999864101409912,0.9999980926513672,0.9999997019767761,0.012470948232709236,3.3330490372440963e-07,0.003630985458558788,0.009105891742949943,0.027302881730245372,0.036178326954482296,0.18910268859131799,3
bayesfl_observability_v1,ola_lr0p02_b128_e1,47,ola,222,17,625,5,1,128,0.15800945217609405,0.15800943763256073,1.5428238685899488e-08,1.5428238685899488e-08,0.9536,0.15800943763256073,0.09737360260577706,0.01682063192129135,0.9999083735399159,0.09737360260577706,,0.2960944988460536,2.006520240843815,,,,,,,,,,,,,0.15800943763256073,1.5428238685899488e-08,1.3689680079776427e-05,1.9268240976089146e-06,1.7910385031427734e-05,0.03698265179991722,1.000215476728486,1.0000531673431396,1.000359308719635,0.9998931181041926,0.9999734163284302,0.9999948143959045,0.018784995266312752,0.01801658700210472,0.03328739073302853,,,,,,,,,625.0,0.00024597074445041346,0.0015194630610924024,1.0000005960464478,1.000010371208191,1.0000263452529907,1.0001001358032227,1.0005608260631562,1.0944527387619019,0.0007402713398511801,0.9558758735656738,0.9998204052448273,0.9999499320983887,0.9999868273735046,0.999998152256012,0.9999997019767761,0.01247610025161391,2.604425068729093e-07,0.0036140743580075434,0.009085352859006936,0.027308713159948816,0.03621080544481238,0.19606176376097362,625
bayesfl_observability_v1,ola_lr0p02_b128_e1,47,ola,223,17,110,1,1,128,0.6019037961959839,0.6019037961959839,0.0,0.0,0.8363636363636363,0.6019037961959839,0.11852738784083931,0.024876490235328674,0.99986397578438,0.11852738784083931,,0.8399031444716331,1.4694341093795324,,,,,,,,,,,,,0.6019037961959839,0.0,0.00034511010753561586,2.132451209035935e-05,0.00030419882677961335,1.5470999479293823,1.0002225285137731,1.0000540018081665,1.0003690838813781,0.9998896577766582,0.9999729990959167,0.9999943971633911,0.01878275476433391,0.01801903047694075,0.03327478341714848,,,,,,,,,110.0,0.008583833559120659,0.0015779670648219974,1.0000005960464478,1.0000112056732178,1.0000265836715698,1.0001028776168823,1.0005752503871919,1.094455361366272,0.0007675908389077263,0.9558747410774231,0.9998155176639557,0.9999485611915588,0.9999867081642151,0.999998152256012,0.9999997019767761,0.012468673907817888,1.5820952259042365e-07,0.0036286957385684537,0.009086821373359854,0.02731012967021781,0.03618181237745907,0.19773054449713925,110
bayesfl_observability_v1,ola_lr0p02_b128_e1,47,ola,207,16,38,1,1,128,0.43497562408447266,0.43497562408447266,0.0,0.0,0.8947368421052632,0.43497562408447266,0.09679553867913515,0.0162164568901062,0.9999093394506098,0.09679553867913515,,0.8004620558661684,1.5780966386200626,,,,,,,,,,,,,0.43497562408447266,0.0,0.00023016057495285527,2.4443845177302137e-05,0.00025824762997217476,0.6574338674545288,1.0002200837874209,1.0000543594360352,1.0003674030303955,0.9998908507785289,0.9999728202819824,0.9999947547912598,0.01878371377349705,0.018023563409267425,0.03328802826676138,,,,,,,,,38.0,0.004221997553502534,0.0015514969070483944,1.0000005960464478,1.0000104904174805,1.0000267028808594,1.0001029968261719,1.0005716741085053,1.0944708585739136,0.0007555989751749918,0.9558679461479187,0.999816358089447,0.9999485015869141,0.9999866485595703,0.999998152256012,0.9999997019767761,0.012470389662950646,3.505023102787149e-07,0.003622040007072354,0.009091522048571821,0.027303707164570985,0.03617639623008145,0.18899937108605142,38
bayesfl_observability_v1,ola_lr0p02_b128_e1,47,ola,209,16,35,1,1,128,0.4420486390590668,0.4420486390590668,0.0,0.0,0.9714285714285714,0.4420486390590668,0.11085610466286902,0.01604575663805008,0.9998811196953867,0.11085610466286902,,0.38937723629048177,1.9497352935038788,,,,,,,,,,,,,0.4420486390590668,0.0,0.0003018835823257865,2.2070069462643005e-05,0.00023884902475401765,0.6436659097671509,1.0002216096628131,1.0000544786453247,1.0003681182861328,0.9998901144939544,0.9999727606773376,0.999994695186615,0.018786383988636905,0.018022766280918808,0.03327755864541782,,,,,,,,,35.0,0.006230834440667412,0.001575069099809102,1.0000005960464478,1.00001060962677,1.0000267028808594,1.0001031160354614,1.0005734622478486,1.0959172248840332,0.0007667527306490272,0.9552369713783264,0.9998160004615784,0.9999484419822693,0.9999866485595703,0.999998152256012,0.9999997019767761,0.01247074549782154,4.870185381702651e-07,0.0036309019455473845,0.00910046387093291,0.027303951915999682,0.0361524612285648,0.1890324458850479,35
bayesfl_observability_v1,ola_lr0p02_b128_e1,47,ola,112,9,53,1,1,128,1.0309855937957764,1.0309855937957764,0.0,0.0,0.6792452830188679,1.0309855937957764,0.1531385953067325,0.015673063695430756,0.9997728985682603,0.1531385953067325,,0.7684671875616165,1.5586349016673413,,,,,,,,,,,,,1.0309855937957764,0.0,0.0005760889807957039,5.313565816322807e-05,0.0005556251271627843,0.6141124367713928,1.0002274441943957,1.0000547170639038,1.000374674797058,0.9998872648033258,0.9999726414680481,0.9999945163726807,0.018784690365273502,0.018025876025918583,0.03326470898845774,,,,,,,,,53.0,0.008085349364946906,0.0016329816742367694,1.0000005960464478,1.0000109672546387,1.000027060508728,1.0001027584075928,1.0005845487117768,1.0951244831085205,0.0007942013509348387,0.9555826783180237,0.9998127222061157,0.9999486207962036,0.999986469745636,0.9999980330467224,0.9999997019767761,0.012464734976628207,1.9612679680312526e-06,0.0036368966659747247,0.009100785687949874,0.027297739000109886,0.03614314157267131,0.1881641773243551,53
bayesfl_observability_v1,ola_lr0p02_b128_e1,47,ola,274,21,41,1,1,128,0.5133488178253174,0.5133488178253174,0.0,0.0,0.8292682926829268,0.5133488178253174,0.16757784056345473,0.02979186177253723,0.9997281691727445,0.16757784056345473,,0.5699626470748532,1.739856822479874,,,,,,,,,,,,,0.5133488178253174,0.0,0.0006898480423678968,3.052084502996877e-05,0.0005675982392858718,2.2188880443573,1.000229862350793,1.0000554323196411,1.0003808736801147,0.9998861097792833,0.9999722838401794,0.9999945163726807,0.01878584393494671,0.018017919408690554,0.033280751692349966,,,,,,,,,41.0,0.016894607917962226,0.0016806419450226485,1.0000005960464478,1.0000109672546387,1.000027060508728,1.0001027584075928,1.0005913436412812,1.1074482202529907,0.0008147302995310248,0.9502508640289307,0.9998096227645874,0.9999486207962036,0.999986469745636,0.9999979138374329,0.9999997019767761,0.012472703800688642,1.2360185641595237e-07,0.0036257238155443052,0.009092040247160864,0.027301409924309225,0.03621005013566038,0.1898434274939511,41
bayesfl_observability_v1,ola_lr0p02_b128_e1,47,ola,85,6,91,1,1,128,0.8242801427841187,0.8242801427841187,0.0,0.0,0.8021978021978022,0.8242801427841187,0.16508565182635246,0.026179194450378418,0.9997362890403536,0.16508565182635246,,0.7052992177089794,1.615535625363525,,,,,,,,,,,,,0.8242801427841187,0.0,0.0006694820121663987,5.942069401498884e-05,0.0005594061804004014,1.7133749723434448,1.0002294301237025,1.0000548362731934,1.0003770589828491,0.9998863512381269,0.9999725818634033,0.9999945759773254,0.01878421705195271,0.01802322155820368,0.03326311192685027,,,,,,,,,91.0,0.014553856349181443,0.001703441468852635,1.0000005960464478,1.0000108480453491,1.0000275373458862,1.0001027584075928,1.000588244199753,1.130905032157898,0.0008240522257672248,0.9403443932533264,0.9998115301132202,0.9999486207962036,0.9999862313270569,0.9999980330467224,0.9999997019767761,0.01247992673617326,1.6297180594475375e-07,0.003628309448674865,0.009092624247926048,0.027296768908488013,0.03618894447381937,0.18872539380811443,91
bayesfl_observability_v1,ola_lr0p02_b128_e1,47,ola,287,23,262,3,1,128,0.3821197302855608,0.38211963416738365,9.691269173421433e-08,9.691269173421433e-08,0.8549618320610687,0.38211963416738365,0.23520628381025632,0.04415862262248993,0.9994647743140879,0.23520628381025632,,-0.0,2.3163460082440825,,,,,,,,,,,,,0.38211963416738365,9.691269173421433e-08,0.00032503785422839,2.4855237825249787e-05,0.0002697447780519724,1.1434426307678223,1.0002221018670407,1.0000540018081665,1.000367772579193,0.9998898789856188,0.9999729990959167,0.999994695186615,0.01878923258807012,0.01802154496852504,0.03327115267606358,,,,,,,,,262.0,0.00782318174668597,0.0015849127794024583,1.0000005960464478,1.00001060962677,1.0000265836715698,1.000101089477539,1.0005744695663452,1.0944504737854004,0.0007709447045974463,0.9558768272399902,0.9998161733150482,0.9999494552612305,0.9999867081642151,0.9999980330467224,0.9999997019767761,0.012479468521525565,3.501976338919013e-08,0.003636089344518751,0.009091525357337244,0.027299929498549876,0.036218097393634234,0.19811713781264398,262
bayesfl_observability_v1,ola_lr0p02_b128_e1,47,ola,288,23,1,1,1,128,1.3900622129440308,1.3900622129440308,0.0,0.0,0.0,1.3900622129440308,0.46522507096772614,0.058688730001449585,0.9979108932388683,0.46522507096772614,,-0.0,2.185987945410232,,,,,,,,,,,,,1.3900622129440308,0.0,0.005316752899913325,0.00036075449315831065,0.003939266782253981,8.610918998718262,1.0003283101471958,1.0000637769699097,1.0005058169364929,0.9998378940909834,0.9999681115150452,0.9999932050704956,0.018803950400300935,0.018023845540445685,0.03330227688417616,,,,,,,,,1.0,0.07493869847619174,0.00239163371753046,1.0000005960464478,1.0000135898590088,1.000034213066101,1.0001373291015625,1.0009262681007385,1.219905138015747,0.001129648098198276,0.9053926467895508,0.9997471511363983,0.9999313354492188,0.9999828934669495,0.9999979138374329,0.9999997019767761,0.012539946179531537,1.853591056027714e-07,0.003628486897511493,0.009095007090871314,0.02733239205506688,0.03625746903040383,0.2699769018601929,1
bayesfl_observability_v1,ola_lr0p02_b128_e1,47,ola,294,23,791,7,1,128,0.17516124557454124,0.17516109999151508,1.45442583803218e-07,1.45442583803218e-07,0.9557522123893806,0.17516109999151508,0.23567967922614486,0.04089067876338959,0.9994633977043569,0.23567967922614486,,0.5393589008331952,1.7469958446632359,,,,,,,,,,,,,0.17516109999151508,1.45442583803218e-07,8.739045680179427e-05,6.5108752096421085e-06,7.422309718094772e-05,0.2710241973400116,1.0002170450715286,1.0000531673431396,1.0003614544868469,0.9998923498461801,0.9999734163284302,0.9999948143959045,0.018793795640560298,0.018028688323592997,0.03328396988406715,,,,,,,,,791.0,0.0019361454878767822,0.0015337791318919235,1.0000005960464478,1.000010371208191,1.0000263452529907,1.0001002550125122,1.0005635023117065,1.0944515466690063,0.000747053922232936,0.955876350402832,0.9998193323612213,0.9999498724937439,0.9999868273735046,0.999998152256012,0.9999997019767761,0.012491428663319057,4.4660703153041513e-07,0.0036298446913810042,0.009099607624167125,0.027303411570965892,0.03625135536888317,0.20677700129511836,791
bayesfl_observability_v1,ola_lr0p02_b128_e1,47,ola,172,13,289,3,1,128,0.4254032057874343,0.42540316747752854,3.938953097872006e-08,3.938953097872006e-08,0.8858131487889274,0.42540316747752854,0.16636310610170238,0.02417890727519989,0.9997325390588188,0.16636310610170238,,1.2787090971089894,1.0140274784545764,,,,,,,,,,,,,0.42540316747752854,3.938953097872006e-08,0.00012148710476595299,1.0235488844045904e-05,0.00011567350738914695,0.2829614579677582,1.0002177705860353,1.0000532865524292,1.0003623962402344,0.9998919931021024,0.9999733567237854,0.9999947547912598,0.018789839642334227,0.018011352098337475,0.03327657463762732,,,,,,,,,289.0,0.0021518214671052286,0.0015391186414696247,1.0000005960464478,1.0000104904174805,1.0000263452529907,1.0001006126403809,1.0005653560161591,1.094507098197937,0.0007495912935470049,0.9558520913124084,0.9998188614845276,0.9999496936798096,0.9999868273735046,0.999998152256012,0.9999997019767761,0.012482678026115556,3.0254241041629564e-07,0.0036342939308875643,0.009085229359073776,0.027296574846556593,0.03621170383267704,0.19501075156021616,289
bayesfl_observability_v1,ola_lr0p02_b128_e1,48,ola,194,15,424,4,1,128,0.4975669906949097,0.49756691984410556,7.590198597941742e-08,7.590198597941742e-08,0.8443396226415094,0.49756691984410556,0.19962454205989805,0.017097488045692444,0.9996151298483769,0.19962454205989805,,1.287255851511245,1.0138774988279884,,,,,,,,,,,,,0.49756691984410556,7.590198597941742e-08,0.00011671846840540167,1.4635017578257248e-05,0.0001347013341728598,0.11706458777189255,1.0002167185467774,1.00005304813385,1.0003591895103454,0.9998925157657854,0.999973475933075,0.9999948143959045,0.018796636771563863,0.018021269486951822,0.03328629068558859,,,,,,,,,424.0,0.0014236301862393132,0.0015362167969946332,1.0000005960464478,1.000010371208191,1.0000261068344116,1.0000996589660645,1.0005609452724458,1.0939291715621948,0.000748212845043062,0.956104576587677,0.9998204648494721,0.9999501705169678,0.9999869465827942,0.999998152256012,0.9999997019767761,0.012494969489888043,3.901957798391598e-08,0.0036248739289860164,0.009100328433432298,0.027316118279609343,0.0362512676370885,0.19249581537121133,424
bayesfl_observability_v1,ola_lr0p02_b128_e1,48,ola,170,13,19,1,1,128,0.79677414894104,0.79677414894104,0.0,0.0,0.7894736842105263,0.79677414894104,0.13471368703303735,0.024953484535217285,0.9998245036822563,0.13471368703303735,,0.5010469137590966,1.8905307785475154,,,,,,,,,,,,,0.79677414894104,0.0,0.0004458037220321507,4.6276232751552016e-05,0.00044972936157137267,1.5566906929016113,1.0002235753732778,1.0000545978546143,1.0003694295883179,0.9998891445734628,0.9999727010726929,0.9999943375587463,0.018789345158506186,0.018025377971137877,0.033300786669802414,,,,,,,,,19.0,0.008767632214377614,0.0015864098988347484,1.0000005960464478,1.0000113248825073,1.0000275373458862,1.000104308128357,1.0005764424800874,1.0937449932098389,0.000771945254127835,0.9561850428581238,0.9998153448104858,0.9999478459358215,0.9999862313270569,0.999998152256012,0.9999997019767761,0.012484575416509738,2.0107036961872938e-07,0.003629639084303545,0.009084727244790317,0.027307173284028444,0.036205290514565634,0.1947254687723267,19
bayesfl_observability_v1,ola_lr0p02_b128_e1,48,ola,104,8,14,1,1,128,0.5934639573097229,0.5934639573097229,0.0,0.0,0.9285714285714286,0.5934639573097229,0.08975052129115182,0.008520230650901794,0.9999221203028905,0.08975052129115182,,1.3095258353040693,0.9903230688691502,,,,,,,,,,,,,0.5934639573097229,0.0,0.00019787649792469352,1.4748300145583926e-05,0.0002350383292650804,0.1814858764410019,1.0002184104354839,1.0000532865524292,1.0003637075424194,0.9998916808134729,0.9999733567237854,0.999994695186615,0.01878997819098235,0.018016164053259703,0.03327556286117943,,,,,,,,,14.0,0.002161664328560214,0.0015460621056243233,1.0000005960464478,1.00001060962677,1.0000264644622803,1.0000998973846436,1.0005677938461304,1.0965646505355835,0.0007527521824518969,0.9549549221992493,0.9998182058334351,0.9999500513076782,0.9999867677688599,0.999998152256012,0.9999997019767761,0.01248114941285866,1.0588993856078411e-06,0.00362211783178369,0.009100009551943976,0.027317491672843978,0.03622096675140557,0.19580998548204642,14
bayesfl_observability_v1,ola_lr0p02_b128_e1,48,ola,106,8,699,6,1,128,0.35214476057132427,0.3521445620383998,1.9752093196715453e-07,1.9752093196715453e-07,0.8927038626609443,0.3521445620383998,0.24996911615485834,0.029794424772262573,0.9993968723626985,0.24996911615485834,,0.8165958843333622,1.4987922765808088,,,,,,,,,,,,,0.3521445620383998,1.9752093196715453e-07,0.00016606230100739576,1.5745014025014825e-05,0.00014763464132556704,0.25062131881713867,1.0002177462393214,1.0000532865524292,1.0003604888916016,0.9998920176666893,0.9999733567237854,0.9999948143959045,0.018800719077249173,0.01803577445854781,0.03327680036679023,,,,,,,,,699.0,0.003148521818130309,0.0015503006403884152,1.0000005960464478,1.000010371208191,1.0000262260437012,1.0001007318496704,1.0005625486373901,1.0938040018081665,0.0007548964040618672,0.9561592936515808,0.999819815158844,0.9999496340751648,0.9999868869781494,0.999998152256012,0.9999997019767761,0.012503275378955415,1.8865032824642874e-07,0.0036138682201572164,0.009098524805426236,0.027334408948705723,0.036274120987921266,0.18758375478829992,699
bayesfl_observability_v1,ola_lr0p02_b128_e1,48,ola,109,8,28,1,1,128,0.18544568121433258,0.18544568121433258,0.0,0.0,0.9285714285714286,0.18544568121433258,0.02556792080013312,0.004211843013763428,0.999993701502024,0.02556792080013312,,0.8583093118876355,1.4436829998723784,,,,,,,,,,,,,0.18544568121433258,0.0,1.6058723654486914e-05,1.804326643650711e-06,2.1382946943049327e-05,0.04434891417622566,1.0002146200263642,1.000052571296692,1.0003570318222046,0.999893544961184,0.999973714351654,0.9999948143959045,0.01878955542215504,0.018022130078901008,0.03328105314146769,,,,,,,,,28.0,0.00027014270286575737,0.0015182834701673257,1.0000005960464478,1.000010371208191,1.000025987625122,1.0000991821289062,1.000556230545044,1.093738079071045,0.0007396571810267322,0.9561880826950073,0.9998215436935425,0.9999504089355469,0.999987006187439,0.999998152256012,0.9999997019767761,0.012478698886285826,5.448898145429307e-07,0.0036281639815150374,0.009096309443997835,0.02730448041285808,0.03622190574655719,0.19549627346888243,28
bayesfl_observability_v1,ola_lr0p02_b128_e1,48,ola,47,3,19,1,1,128,0.5193235278129578,0.5193235278129578,0.0,0.0,0.7894736842105263,0.5193235278129578,0.13368295996704277,0.01656927913427353,0.9998272656393657,0.13368295996704277,,0.6680178186607534,1.6176422038869243,,,,,,,,,,,,,0.5193235278129578,0.0,0.00043900790634948656,3.2486897907801904e-05,0.00042713849688880146,0.6863524317741394,1.0002234317294223,1.0000540018081665,1.0003701448440552,0.9998892152058747,0.9999729990959167,0.999994695186615,0.01879189150342108,0.018014799806558283,0.03327936439283114,,,,,,,,,19.0,0.007447561239443514,0.0015849513173795161,1.0000005960464478,1.00001060962677,1.0000274181365967,1.0001014471054077,1.000580257177353,1.0938063859939575,0.0007716380761225111,0.9561582207679749,0.9998149871826172,0.9999492764472961,0.9999862909317017,0.9999980926513672,0.9999997019767761,0.012486493024056064,5.01094264444682e-08,0.003626790840353703,0.009095995714531954,0.027301868212959705,0.036228613675081484,0.19587781454796094,19
bayesfl_observability_v1,ola_lr0p02_b128_e1,48,ola,21,1,161,2,1,128,0.38970680173879824,0.3897067956302477,3.0812647671447327e-09,3.0812647671447327e-09,0.9316770186335404,0.3897067956302477,0.09960979762583186,0.012383788824081421,0.999904351990581,0.09960979762583186,,1.0524636786770594,1.2525934745728768,,,,,,,,,,,,,0.3897067956302477,3.0812647671447327e-09,6.82158438381146e-05,1.2394956684147473e-05,8.700884063728154e-05,0.09878797084093094,1.0002157093265782,1.000052809715271,1.0003584623336792,0.9998930074229881,0.9999735951423645,0.9999948143959045,0.018793936062190163,0.018020083316066443,0.03330173352102851,,,,,,,,,161.0,0.000899766368346375,0.0015245835116383525,1.0000005960464478,1.000010371208191,1.0000262260437012,1.0001004934310913,1.0005587339401245,1.0937684774398804,0.0007427082072914035,0.9561747908592224,0.9998208284378052,0.9999497532844543,0.9999868869781494,0.999998152256012,0.9999997019767761,0.012494109235517283,7.182886844572316e-08,0.0036252114014872204,0.009088739352497068,0.027315669635218257,0.036235561961209695,0.20079886584066772,161
bayesfl_observability_v1,ola_lr0p02_b128_e1,48,ola,186,14,2,1,1,128,0.8250077366828918,0.8250077366828918,0.0,0.0,0.5,0.8250077366828918,0.28951692835230414,0.041814833879470825,0.9991902627126448,0.28951692835230414,,-0.0,2.28098669344155,,,,,,,,,,,,,0.8250077366828918,0.0,0.0020590561158443563,7.54607463022694e-05,0.0015279624727554753,4.371201515197754,1.0002571839509409,1.0000576972961426,1.0004386901855469,0.999872645832085,0.9999711513519287,0.9999939799308777,0.01879794689290521,0.018024105636326407,0.03328397804252131,,,,,,,,,2.0,0.032168543823808564,0.0018346779460655298,1.0000005960464478,1.0000120401382446,1.0000290870666504,1.0001212358474731,1.000675266981125,1.1157811880111694,0.0008866800751953687,0.946695864200592,0.9997807145118713,0.9999393820762634,0.9999854564666748,0.9999980926513672,0.9999997019767761,0.01250419756062951,3.3708169797196186e-08,0.0036317306769532887,0.009093477161925385,0.02730886490082679,0.03628341290877219,0.1951848730362346,2
bayesfl_observability_v1,ola_lr0p02_b128_e1,48,ola,123,9,342,3,1,128,0.4628946010829412,0.46289458243470444,1.8469304121170256e-08,1.8469304121170256e-08,0.8918128654970761,0.46289458243470444,0.12459549842404698,0.016386419534683228,0.9998501221598493,0.12459549842404698,,1.498568731965637,0.7759416568633053,,,,,,,,,,,,,0.46289458243470444,1.8469304121170256e-08,5.2323937154071075e-05,7.555224783573067e-06,6.520290116895926e-05,0.10142774879932404,1.0002153759880268,1.000052571296692,1.000357985496521,0.9998931720072434,0.999973714351654,0.9999948143959045,0.01879313648709162,0.018018647917226426,0.033288530845610724,,,,,,,,,342.0,0.0006139557714284642,0.0015227504758766194,1.0000005960464478,1.000010371208191,1.0000261068344116,1.0000993013381958,1.0005580306053161,1.0938565731048584,0.0007417903310695665,0.9561362862586975,0.9998210668563843,0.9999503493309021,0.9999869465827942,0.999998152256012,0.9999997019767761,0.01249220147197239,6.918085570225009e-07,0.0036274204241441644,0.009094708175592122,0.027317842607958706,0.03624302078817688,0.19802289154442557,342
bayesfl_observability_v1,ola_lr0p02_b128_e1,48,ola,200,16,671,6,1,128,0.48885194648573543,0.4888518700034714,7.12672440525018e-08,7.12672440525018e-08,0.8643815201192251,0.4888518700034714,0.20776122008149073,0.01614387333393097,0.9995840497228361,0.20776122008149073,,1.3048913590493298,1.0288700487966953,,,,,,,,,,,,,0.4888518700034714,7.12672440525018e-08,5.4145034678693007e-05,1.0862360795727e-05,7.759065192658458e-05,0.05310194194316864,1.0002154151465859,1.0000526905059814,1.000358235836029,0.9998931520677707,0.9999736547470093,0.9999948143959045,0.018800273086142096,0.01803188089699593,0.03331664629439053,,,,,,,,,671.0,0.000472327553132346,0.001522405310161112,1.0000005960464478,1.000010371208191,1.0000261068344116,1.0000998675823212,1.000558614730835,1.0938667058944702,0.0007416487540030638,0.9561318755149841,0.9998209416866303,0.9999500662088394,0.9999869465827942,0.999998152256012,0.9999997019767761,0.012513971832740108,3.147949904903423e-10,0.0036237045689295096,0.00908439278843771,0.0273195623163763,0.0362613323657101,0.19180512546788106,671
bayesfl_observability_v1,ola_lr0p02_b128_e1,48,ola,130,10,1094,9,1,128,0.22378857670116903,0.22378835680688539,2.1917254806091197e-07,2.1917254806091197e-07,0.9424131627056673,0.22378835680688539,0.26902554418901864,0.04313068091869354,0.9993019395118394,0.26902554418901864,,0.6052736126066325,1.7019556514146783,,,,,,,,,,,,,0.22378835680688539,2.1917254806091197e-07,7.877639619477885e-05,9.191177014145069e-06,6.931565803824928e-05,0.186770498752594,1.0002159289881722,1.0000526905059814,1.0003583431243896,0.9998929090387193,0.9999736547470093,0.9999948143959045,0.018798912667000813,0.018027657438489657,0.033295044170262605,,,,,,,,,1094.0,0.001642202089815504,0.0015352738976540442,1.0000005960464478,1.000010371208191,1.0000261068344116,1.0000991821289062,1.000559103488922,1.0976290702819824,0.0007475148748062732,0.9544917941093445,0.99982088804245,0.9999504089355469,0.9999869465827942,0.999998152256012,0.9999997019767761,0.012519769618212344,1.1660652433176837e-06,0.003636277173940294,0.009086725579214071,0.02731079780242534,0.03628314355970295,0.19547869976433677,1094
bayesfl_observability_v1,ola_lr0p02_b128_e1,48,ola,132,10,381,3,1,128,0.3961477715746937,0.39614771243937685,6.125528517665635e-08,6.125528517665635e-08,0.8976377952755905,0.39614771243937685,0.1704440307606213,0.019798941910266876,0.9997194645565901,0.1704440307606213,,0.9889320457164062,1.276983504145674,,,,,,,,,,,,,0.39614771243937685,6.125528517665635e-08,0.00013078465406200792,1.2910814803035464e-05,0.00012045339099131525,0.20128099620342255,1.0002170133768744,1.000052809715271,1.0003598928451538,0.9998923682101738,0.9999735951423645,0.9999948143959045,0.01879463612124055,0.018026346431605896,0.03328080439690488,,,,,,,,,381.0,0.00209485788823244,0.0015359467667620354,1.0000005960464478,1.000010371208191,1.0000262260437012,1.0000993013381958,1.0005613565444946,1.0937672853469849,0.0007481762234377449,0.9561753273010254,0.9998201131820679,0.9999503493309021,0.9999868869781494,0.999998152256012,0.9999997019767761,0.01249581372314046,6.469741315593266e-07,0.0036351570778761564,0.009097300362945942,0.027322859145352627,0.03623464662774165,0.20210169078464182,381
bayesfl_observability_v1,ola_lr0p02_b128_e1,48,ola,146,11,17,1,1,128,0.5246983170509338,0.5246983170509338,0.0,0.0,0.8235294117647058,0.5246983170509338,0.10078146237934024,0.012783050537109375,0.9999017764005114,0.10078146237934024,,1.1169258998260736,1.1648958944353667,,,,,,,,,,,,,0.5246983170509338,0.0,0.0002495063173091743,2.936520286311861e-05,0.0002443048841087152,0.40851572155952454,1.0002194859581635,1.0000537633895874,1.0003644227981567,0.9998911322240829,0.9999731183052063,0.9999945759773254,0.01878972940159292,0.0180189781013283,0.03328782853483384,,,,,,,,,17.0,0.0034724321486329516,0.0015358092833118661,1.0000005960464478,1.0000108480453491,1.0000271797180176,1.0001006126403809,1.0005692899227143,1.0943347215652466,0.0007481841528920605,0.9559274315834045,0.9998178482055664,0.9999496936798096,0.9999864101409912,0.9999980330467224,0.9999997019767761,0.012480217190109931,8.319736408794808e-08,0.0036278307151711743,0.009096104286144827,0.027310060079072156,0.036238533407757206,0.19339052950415253,17
bayesfl_observability_v1,ola_lr0p02_b128_e1,48,ola,150,12,12,1,1,128,0.16394855082035065,0.16394855082035065,0.0,0.0,1.0,0.16394855082035065,0.05966969931187923,0.010557562112808228,0.9999656271973125,0.05966969931187923,,-0.0,2.185987945410232,,,,,,,,,,,,,0.16394855082035065,0.0,8.746372251152966e-05,9.222048902302049e-06,7.876616509747726e-05,0.2786552906036377,1.0002161092405366,1.0000531673431396,1.0003585934638977,0.9998928071017161,0.9999734163284302,0.9999947547912598,0.018790626041800814,0.018024850777126407,0.03328591896704459,,,,,,,,,12.0,0.001752374337346859,0.0015241127342719284,1.0000005960464478,1.0000104904174805,1.0000262260437012,1.0000994205474854,1.0005599915981294,1.0937386751174927,0.0007425307079069949,0.9561878442764282,0.999820762872696,0.9999502897262573,0.9999868869781494,0.999998152256012,0.9999997019767761,0.012483045576999032,7.531159788476709e-08,0.0036322291878140237,0.00909788956325551,0.027312243865743886,0.03622331828469725,0.20672868246180798,12
bayesfl_observability_v1,ola_lr0p02_b128_e1,48,ola,220,17,369,3,1,128,0.2889089487432464,0.28890891042020583,3.886612926346904e-08,3.886612926346904e-08,0.940379403794038,0.28890891042020583,0.13851279413675283,0.029894709587097168,0.9998147062834571,0.13851279413675283,,0.4951145579587969,1.8291712766140646,,,,,,,,,,,,,0.28890891042020583,3.886612926346904e-08,9.182407169621162e-05,8.671064733789535e-06,8.626293856650591e-05,0.42409735918045044,1.0002161997140269,1.0000526905059814,1.000359308719635,0.9998927682453679,0.9999736547470093,0.9999948143959045,0.018793168874942884,0.018021488419758723,0.03329655137042314,,,,,,,,,369.0,0.0022390974997853414,0.001530063595694873,1.0000005960464478,1.000010371208191,1.0000261068344116,1.000100016593933,1.00055992603302,1.0937426090240479,0.00074521481803196,0.9561861157417297,0.9998204052448273,0.9999499917030334,0.9999869465827942,0.999998152256012,0.9999997019767761,0.012492167411780022,2.0955920859799522e-07,0.0036240975255772776,0.009096506843781143,0.02731816806409986,0.03622701856634011,0.20422121606391389,369
bayesfl_observability_v1,ola_lr0p02_b128_e1,49,ola,274,21,41,1,1,128,0.24701546132564545,0.24701546132564545,0.0,0.0,0.975609756097561,0.24701546132564545,0.046156776475160775,0.008334323763847351,0.9999794409783087,0.046156776475160775,,0.5699626470748532,1.739856822479874,,,,,,,,,,,,,0.24701546132564545,0.0,5.2334881059228265e-05,4.962239927408518e-06,6.72113717882894e-05,0.1736523061990738,1.0002130726143503,1.0000520944595337,1.0003536939620972,0.9998943098497798,0.9999739527702332,0.9999948740005493,0.018796948305787646,0.01801721258278549,0.03328960909393459,,,,,,,,,41.0,0.0010951178605784595,0.0015104405845081765,1.0000005960464478,1.0000102519989014,1.0000258684158325,1.0000983476638794,1.0005509853363037,1.0929332971572876,0.0007358995215822514,0.956540048122406,0.9998232126235962,0.9999508261680603,0.9999870657920837,0.9999980926513672,0.9999997019767761,0.012499022060595605,4.96224556257024e-07,0.003627366446292635,0.009094186847272154,0.02731388870744734,0.03625155455617273,0.1940794996410933,41
bayesfl_observability_v1,ola_lr0p02_b128_e1,49,ola,220,17,369,3,1,128,0.2288614639502554,0.22886144965483243,1.6296452799077774e-08,1.6296452799077774e-08,0.962059620596206,0.22886144965483243,0.10244439683187032,0.02076183259487152,0.9998988894919418,0.10244439683187032,,0.4951145579587969,1.8291712766140646,,,,,,,,,,,,,0.22886144965483243,1.6296452799077774e-08,3.77189415482528e-05,4.015075774077559e-06,4.2418026350787843e-05,0.15182721614837646,1.000212775032729,1.0000518560409546,1.0003530979156494,0.99989445548319,0.9999740719795227,0.9999948740005493,0.018800728621361576,0.018024911542585238,0.033312575808357156,,,,,,,,,369.0,0.0008531957695443116,0.0015075556705242794,1.0000005960464478,1.0000102519989014,1.000025749206543,1.0000985860824585,1.0005502700805664,1.0929027795791626,0.0007345544968827778,0.9565534591674805,0.9998235106468201,0.9999507069587708,0.9999871253967285,0.999998152256012,0.9999997019767761,0.012512073869213835,5.173606292116078e-07,0.0036257308633764846,0.009093609648659054,0.02732107477534952,0.03626204601237737,0.20348627658663268,369
bayesfl_observability_v1,ola_lr0p02_b128_e1,49,ola,159,12,768,6,1,128,0.3266814897457759,0.32668142517407733,6.396814574335015e-08,6.396814574335015e-08,0.9140625,0.32668142517407733,0.17612243735574054,0.024352580308914185,0.9997019232772597,0.17612243735574054,,0.779620627031505,1.5226258572565863,,,,,,,,,,,,,0.32668142517407733,6.396814574335015e-08,3.7928280758025864e-05,6.11320092502865e-06,4.3964264477836e-05,0.06869512051343918,1.0002127833294707,1.0000519752502441,1.0003529906272888,0.999894453419254,0.9999740123748779,0.9999948740005493,0.018809548258140296,0.018022658661380295,0.03329852374613365,,,,,,,,,768.0,0.0005611102610472591,0.00150953412300526,1.0000005960464478,1.0000102519989014,1.000025749206543,1.0000982284545898,1.0005505740642548,1.0942821502685547,0.0007354414816691634,0.9559503197669983,0.9998235642910004,0.9999508857727051,0.9999871253967285,0.999998152256012,0.9999997019767761,0.012534633493759328,9.041816354749141e-09,0.0036366657993837422,0.009099433946145562,0.027305771494396468,0.03627058197431987,0.1965874949305986,768
bayesfl_observability_v1,ola_lr0p02_b128_e1,49,ola,55,4,63,1,1,128,0.4624224603176117,0.4624224603176117,0.0,0.0,0.9047619047619048,0.4624224603176117,0.046033440392388096,0.00481066107749939,0.9999795772993731,0.046033440392388096,,1.1559825345480084,1.158099049240569,,,,,,,,,,,,,0.4624224603176117,0.0,5.205555477686577e-05,6.580472927453229e-06,7.134841507649983e-05,0.0578560009598732,1.0002130671593275,1.0000519752502441,1.0003535747528076,0.9998943103007534,0.9999740123748779,0.9999948740005493,0.018797663583977005,0.018024490277021223,0.03328784248133336,,,,,,,,,63.0,0.000560100650469202,0.0015082896983017063,1.0000005960464478,1.0000102519989014,1.0000258684158325,1.0000979900360107,1.0005516469478608,1.0929100513458252,0.000734928742049305,0.9565502405166626,0.999823272228241,0.9999510049819946,0.9999870657920837,0.999998152256012,0.9999997019767761,0.01250202308489736,4.75942163304031e-07,0.003618089066737472,0.009097170180479683,0.027316153090625867,0.03625360137408728,0.19282409606146073,63
bayesfl_observability_v1,ola_lr0p02_b128_e1,49,ola,203,16,396,4,1,128,0.4280220595273105,0.4280220480880352,1.350516703182896e-08,1.350516703182896e-08,0.8939393939393939,0.4280220480880352,0.11563156954830162,0.008448563516139984,0.9998713027006416,0.11563156954830162,,1.5571176369237727,0.7668056340182599,,,,,,,,,,,,,0.4280220480880352,1.350516703182896e-08,4.600449774898701e-05,6.37620587440324e-06,8.447811196674607e-05,0.0231911763548851,1.0002129462597658,1.0000520944595337,1.0003538131713867,0.9998943697367223,0.9999739527702332,0.9999948740005493,0.018804408940370047,0.01803228002522272,0.03329297595642192,,,,,,,,,396.0,0.0003312430190438318,0.001507375470147724,1.0000005960464478,1.0000102519989014,1.0000258684158325,1.0000982284545898,1.0005511045455933,1.0929512977600098,0.0007344832281652242,0.9565321803092957,0.9998231530189514,0.9999508857727051,0.9999870657920837,0.999998152256012,0.9999997019767761,0.012514663088747541,6.994698291899738e-08,0.0036275330654532735,0.009096915941011741,0.027315220774725577,0.03627168957668635,0.1938927443599023,396
bayesfl_observability_v1,ola_lr0p02_b128_e1,49,ola,28,2,974,8,1,128,0.2461384443195204,0.24613822904822763,2.1545735896392145e-07,2.1545735896392145e-07,0.946611909650924,0.24613822904822763,0.28141215677955106,0.03363940864801407,0.9992381499390864,0.28141215677955106,,0.5737132467087467,1.7750512712888695,,,,,,,,,,,,,0.24613822904822763,2.1545735896392145e-07,9.144355149175577e-05,9.025079634739086e-06,7.666457095183436e-05,0.15123909711837769,1.000213873115799,1.0000524520874023,1.0003540635108947,0.9998939205424847,0.9999737739562988,0.9999948740005493,0.018815431607580653,0.01801720022345594,0.03333087164680867,,,,,,,,,974.0,0.001727096660403732,0.001520332719980059,1.0000005960464478,1.0000102519989014,1.000025749206543,1.000098466873169,1.000552773475647,1.0938643217086792,0.0007406422843949978,0.9561329483985901,0.9998230278491974,0.9999507665634155,0.9999871253967285,0.999998152256012,0.9999997019767761,0.012540766973289633,4.553260492096824e-07,0.0036378533494906035,0.009089725266845542,0.02732608566017668,0.03623787115879166,0.19830536580185315,974
bayesfl_observability_v1,ola_lr0p02_b128_e1,49,ola,132,10,381,3,1,128,0.3587824816074897,0.3587824371386701,4.371193892938402e-08,4.371193892938402e-08,0.916010498687664,0.3587824371386701,0.14507200636614018,0.017338581383228302,0.9997971779484144,0.14507200636614018,,0.9889320457164062,1.276983504145674,,,,,,,,,,,,,0.3587824371386701,4.371193892938402e-08,9.847630330144548e-05,1.0044750979432138e-05,9.402402065461501e-05,0.14984537661075592,1.0002140154090766,1.0000520944595337,1.0003544092178345,0.999893845758188,0.9999739527702332,0.9999948740005493,0.01880235718910102,0.018022992126997518,0.0333100833442157,,,,,,,,,381.0,0.0016134351894889218,0.0015168584096203598,1.0000005960464478,1.0000102519989014,1.0000258684158325,1.0000979900360107,1.0005526006221772,1.0930448770523071,0.0007390655348483233,0.956491231918335,0.9998228549957275,0.9999510049819946,0.9999870657920837,0.999998152256012,0.9999997019767761,0.012516262895802979,4.802248744287336e-08,0.003623260026412568,0.009091732758644274,0.027327444570598148,0.036274354259165566,0.20126476305566038,381
bayesfl_observability_v1,ola_lr0p02_b128_e1,49,ola,275,22,84,1,1,128,0.34499257802963257,0.34499257802963257,0.0,0.0,0.9523809523809523,0.34499257802963257,0.06579976516926112,0.00899440050125122,0.9999582241259127,0.06579976516926112,,1.0439788738046754,1.2487548086232239,,,,,,,,,,,,,0.34499257802963257,0.0,0.00010635771326492584,1.0073958947032224e-05,0.0001097308333555705,0.20224833488464355,1.0002141760435064,1.000052571296692,1.00035560131073,0.9998937633465816,0.999973714351654,0.9999948740005493,0.018797606127844316,0.01802567902428629,0.03329138400700989,,,,,,,,,84.0,0.001592853068841919,0.001515029890904852,1.0000005960464478,1.0000102519989014,1.0000258684158325,1.0000982284545898,1.0005543887615205,1.094499945640564,0.0007381152268811186,0.9558552503585815,0.9998222589492798,0.9999508857727051,0.9999870657920837,0.999998152256012,0.9999997019767761,0.012501665231909157,3.8781786804922197e-07,0.0036309717499883355,0.00909677639782945,0.027322469496005503,0.03628051959708892,0.19340379017789452,84
bayesfl_observability_v1,ola_lr0p02_b128_e1,49,ola,280,22,64,1,1,128,0.41854560375213623,0.41854560375213623,0.0,0.0,0.875,0.41854560375213623,0.08731105142470444,0.015851929783821106,0.9999264397754865,0.08731105142470444,,0.2899701528409824,2.0294816997969796,,,,,,,,,,,,,0.41854560375213623,0.0,0.0001872658897268243,1.6634302482998464e-05,0.00016544842219445854,0.6282095909118652,1.000215827892791,1.000052571296692,1.0003560781478882,0.9998929598616795,0.999973714351654,0.9999948143959045,0.018798772055642086,0.018020124292770355,0.033289518356813284,,,,,,,,,64.0,0.004365920180546159,0.0015354257768306074,1.0000005960464478,1.000010371208191,1.000025987625122,1.0000988245010376,1.0005567073822021,1.092914342880249,0.0007476668828629896,0.9565483331680298,0.9998220205307007,0.9999505877494812,0.999987006187439,0.9999980926513672,0.9999997019767761,0.012503301403025503,5.6477233543456354e-08,0.0036254322294223887,0.009096858458636238,0.027312726923153813,0.03626039629631783,0.19277668675295598,64
bayesfl_observability_v1,ola_lr0p02_b128_e1,49,ola,289,23,111,1,1,128,0.2949637770652771,0.2949637770652771,0.0,0.0,0.9369369369369369,0.2949637770652771,0.06527581875715847,0.01173652708530426,0.999958921299423,0.06527581875715847,,0.21838083332586875,1.975025863627753,,,,,,,,,,,,,0.2949637770652771,0.0,0.0001046706473360713,1.3001284969504923e-05,9.986139048123732e-05,0.3443654775619507,1.000214139256951,1.0000526905059814,1.0003539323806763,0.9998937781554983,0.9999736547470093,0.9999948740005493,0.018798161626518154,0.018025342776787433,0.033293266845976284,,,,,,,,,111.0,0.002252853353006424,0.0015116064996351381,1.0000005960464478,1.0000102519989014,1.000025987625122,1.0000989437103271,1.0005526542663574,1.0928869247436523,0.0007366039270391764,0.9565603733062744,0.9998230934143066,0.9999505281448364,0.999987006187439,0.9999980330467224,0.9999997019767761,0.012504767332120435,9.891070482404902e-08,0.0036279831819527324,0.009092857581316248,0.027321972187183824,0.036256354846073195,0.20640739125010435,111
bayesfl_observability_v1,ola_lr0p02_b128_e1,49,ola,292,23,70,1,1,128,0.2544981837272644,0.2544981837272644,0.0,0.0,0.9285714285714286,0.2544981837272644,0.058202516830826015,0.010708987712860107,0.9999673179416905,0.058202516830826015,,0.30463609734923813,1.9998591779099486,,,,,,,,,,,,,0.2544981837272644,0.0,8.321541501432044e-05,8.245955541497096e-06,8.061338303377852e-05,0.2867056727409363,1.000213704476296,1.0000522136688232,1.0003543019294738,0.99989399897791,0.9999738931655884,0.9999948740005493,0.018797860035261463,0.018024100234572897,0.03327986759264644,,,,,,,,,70.0,0.0018263506105196795,0.0015150090636532893,1.0000005960464478,1.0000102519989014,1.0000258684158325,1.0000982284545898,1.000552773475647,1.0928815603256226,0.000738071783014975,0.9565626978874207,0.9998229086399079,0.9999508857727051,0.9999870657920837,0.999998152256012,0.9999997019767761,0.012500790468525308,1.4595191398318694e-06,0.0036268102190671397,0.009097551452769687,0.027315331299357662,0.036253468804231706,0.19346717498939334,70
bayesfl_observability_v1,ola_lr0p02_b128_e1,49,ola,145,11,20,1,1,128,0.4291488528251648,0.4291488528251648,0.0,0.0,0.95,0.4291488528251648,0.06659604663200172,0.00768415629863739,0.9999572269276465,0.06659604663200172,,0.9075352941050092,1.3905696415166529,,,,,,,,,,,,,0.4291488528251648,0.0,0.0001089474721960897,1.3806256902171299e-05,0.00012110519819543703,0.14761558175086975,1.000214227694618,1.000052571296692,1.0003553628921509,0.9998937379977693,0.999973714351654,0.9999948143959045,0.01879838538556928,0.018019773162625406,0.03329385516863164,,,,,,,,,20.0,0.0013228185697708964,0.0015154494325066792,1.0000005960464478,1.000010371208191,1.0000261068344116,1.0000981092453003,1.0005539119243623,1.0941530466079712,0.0007383363244686466,0.9560067653656006,0.9998223781585693,0.9999509453773499,0.9999869465827942,0.999998152256012,0.9999997019767761,0.012502952498656973,1.3063494724537267e-06,0.0036307162270282317,0.009099762166005422,0.027328128218814307,0.036276804730360046,0.19172723691548463,20
bayesfl_observability_v1,ola_lr0p02_b128_e1,49,ola,115,9,475,4,1,128,0.41677516043186186,0.41677503212502126,1.2684323621670046e-07,1.2684323621670046e-07,0.8694736842105263,0.41677503212502126,0.22747608476271194,0.025770284235477448,0.9995013653838777,0.22747608476271194,,0.6676113069747761,1.6615326749486288,,,,,,,,,,,,,0.41677503212502126,1.2684323621670046e-07,0.00019308564158259623,1.9604643057391513e-05,0.0001668636396061629,0.3205246925354004,1.0002159466909333,1.000052809715271,1.0003561973571777,0.9998929078615026,0.9999735951423645,0.9999948143959045,0.018809384803968873,0.018038976735741626,0.033283653608495285,,,,,,,,,475.0,0.003604775388643249,0.001541996831166913,1.0000005960464478,1.000010371208191,1.0000261068344116,1.0000998973846436,1.0005559921264648,1.0952528715133667,0.0007508973808503032,0.9555266499519348,0.9998219609260559,0.9999500513076782,0.9999869465827942,0.999998152256012,0.9999997019767761,0.012520798629735505,2.5617002200606653e-07,0.0036312829901313562,0.009104753350000244,0.027319193075252123,0.036237195572270516,0.19117060297618693,475
bayesfl_observability_v1,ola_lr0p02_b128_e1,49,ola,241,19,2,1,1,128,0.46736273169517517,0.46736273169517517,0.0,0.0,1.0,0.46736273169517517,0.17084744076962155,0.019518692046403885,0.9997186546877604,0.17084744076962155,,0.6931471805599453,1.6493782971327793,,,,,,,,,,,,,0.46736273169517517,0.0,0.0007170298097909307,3.608568658819422e-05,0.0014994314406067133,0.9524483680725098,1.0002266395603894,1.0000550746917725,1.000380289554596,0.9998875955830415,0.9999724626541138,0.9999943971633911,0.018802965871104284,0.018033992759537827,0.0333162604783777,,,,,,,,,2.0,0.008025219579260955,0.0015706197039855128,1.0000005960464478,1.0000112056732178,1.0000277757644653,1.0001102685928345,1.0005850791931152,1.0932307243347168,0.0007648879026596227,0.9564099311828613,0.9998099148273468,0.9999448657035828,0.9999861121177673,0.9999979138374329,0.9999997019767761,0.012519582420883664,3.2298790282284637e-07,0.003635008865582191,0.009094012713279965,0.027311063568417854,0.036276636213248496,0.19375050418705905,2
bayesfl_observability_v1,ola_lr0p02_b128_e1,49,ola,88,7,205,2,1,128,0.5807464599609375,0.5807464263788084,3.555881541737241e-08,3.555881541737241e-08,0.8292682926829268,0.5807464263788084,0.1536259563717966,0.017814191058278084,0.9997723263982584,0.1536259563717966,,0.7902076087663292,1.5291533326690006,,,,,,,,,,,,,0.5807464263788084,3.555881541737241e-08,0.0002504577060288733,3.0853219868731685e-05,0.0002596411504782738,0.32796064019203186,1.0002171176817816,1.000052809715271,1.0003582239151,0.999892335766435,0.9999735951423645,0.9999948143959045,0.018801531428927536,0.018034124613064566,0.03329339169889039,,,,,,,,,205.0,0.004634443558188601,0.0015538715915593981,1.0000005960464478,1.000010371208191,1.0000264644622803,1.0000998973846436,1.0005592107772827,1.093331217765808,0.0007565582744984676,0.9563660025596619,0.9998209476470947,0.9999500513076782,0.9999867677688599,0.999998152256012,0.9999997019767761,0.012509972385981413,7.025411466800751e-08,0.0036121818243912657,0.009092323360626216,0.02731566182348154,0.03627464131001586,0.19030553018107146,205
bayesfl_observability_v1,ola_lr0p02_b128_e1,50,ola,18,1,406,4,1,128,0.2826545853626552,0.2826545696540419,1.4863434787284054e-08,1.4863434787284054e-08,0.9236453201970444,0.2826545696540419,0.07999117871865397,0.010539397597312927,0.9999387226756967,0.07999117871865397,,0.93387416116756,1.3882321409892098,,,,,,,,,,,,,0.2826545696540419,1.4863434787284054e-08,4.356910319351741e-05,5.5203358897415455e-06,4.471362153708471e-05,0.057862408459186554,1.0002105469200926,1.0000516176223755,1.0003488063812256,0.9998955567511874,0.9999741911888123,0.9999949336051941,0.01881422451114351,0.01801704800779147,0.03331216113072328,,,,,,,,,406.0,0.0006972881527788184,0.0014960320051208241,1.0000005960464478,1.0000101327896118,1.0000253915786743,1.0000971555709839,1.0005441904067993,1.0926034450531006,0.0007290764108547123,0.9566844701766968,0.999825656414032,0.9999514222145081,0.9999873042106628,0.999998152256012,0.9999997019767761,0.012537639284514252,2.700028161908978e-07,0.0036419425322784015,0.00910753922146688,0.027323221337796702,0.036261738121471064,0.19312751496642647,406
bayesfl_observability_v1,ola_lr0p02_b128_e1,50,ola,181,14,2,1,1,128,0.43414509296417236,0.43414509296417236,0.0,0.0,1.0,0.43414509296417236,0.14929446341441832,0.013023687526583672,0.9997855200526481,0.14929446341441832,,0.6931471805599453,1.6112121538688304,,,,,,,,,,,,,0.43414509296417236,0.0,0.0005475296482014018,3.4913075069198385e-05,0.0006744896527379753,0.4240410327911377,1.0002206288281763,1.000053882598877,1.0003679990768433,0.9998905577142568,0.9999730587005615,0.9999946355819702,0.018814878977445448,0.01802031798352666,0.03330897112676773,,,,,,,,,2.0,0.005115445187579517,0.0015327975024508657,1.0000005960464478,1.0000107288360596,1.000027060508728,1.000105857849121,1.000573343038559,1.0921714305877686,0.0007468511402084902,0.9568736553192139,0.9998160600662231,0.9999470710754395,0.999986469745636,0.999998152256012,0.9999997019767761,0.012533275259672766,2.5322192591323787e-07,0.0036240265284622265,0.009109870164318305,0.027330807260057904,0.03630321826746795,0.19344251275346191,2
bayesfl_observability_v1,ola_lr0p02_b128_e1,50,ola,292,23,70,1,1,128,0.3288390636444092,0.3288390636444092,0.0,0.0,0.9142857142857143,0.3288390636444092,0.07294907011707087,0.014046311378479004,0.9999487397423316,0.07294907011707087,,0.30463609734923813,1.9998591779099486,,,,,,,,,,,,,0.3288390636444092,0.0,0.00013072534276905695,1.2977592632523738e-05,0.00011834312317660127,0.4932475686073303,1.0002122897594374,1.000051736831665,1.0003509640693664,0.999894699111392,0.9999741315841675,0.9999948740005493,0.018808447540405122,0.01802020741973622,0.03330873114442027,,,,,,,,,70.0,0.003007806960671841,0.0015085881020868743,1.0000005960464478,1.0000102519989014,1.0000256299972534,1.000097393989563,1.0005478858947754,1.0918818712234497,0.0007350051142273394,0.9570004940032959,0.9998245775699616,0.9999513030052185,0.9999871850013733,0.999998152256012,0.9999997019767761,0.012523037388840374,6.159695354137139e-08,0.0036282405453827915,0.009102342743952808,0.027316714156579814,0.03626601959872513,0.1936308303525023,70
bayesfl_observability_v1,ola_lr0p02_b128_e1,50,ola,62,5,230,2,1,128,0.39709326054738914,0.39709324733070706,1.4414488663552891e-08,1.4414488663552891e-08,0.9217391304347826,0.39709324733070706,0.1213180114877549,0.013138044625520706,0.9998584065970829,0.1213180114877549,,0.7398855854147172,1.5046979575000918,,,,,,,,,,,,,0.39709324733070706,1.4414488663552891e-08,0.00010334363938977114,9.343306373921223e-06,0.0001239763558260166,0.1139773577451706,1.0002117427027717,1.000051498413086,1.0003498911857605,0.9998949676110771,0.999974250793457,0.9999948740005493,0.018812567410867502,0.01802758224961229,0.033305220660580205,,,,,,,,,230.0,0.0013890270429965281,0.0015038976862876978,1.0000005960464478,1.0000102519989014,1.0000256299972534,1.0000977516174316,1.000545620918274,1.0919784307479858,0.0007328875825141976,0.9569581747055054,0.9998251140117645,0.9999511241912842,0.9999871850013733,0.999998152256012,0.9999997019767761,0.012532902374596562,1.9672931434072913e-07,0.0036294843226321637,0.009114354934796752,0.027319864463329346,0.0362881733795874,0.20559976553421258,230
bayesfl_observability_v1,ola_lr0p02_b128_e1,50,ola,152,12,227,2,1,128,0.624748041976391,0.6247480159814137,1.5771439414358996e-08,1.5771439414358996e-08,0.8722466960352423,0.6247480159814137,0.10790183412934924,0.020139947533607483,0.9998879642169924,0.10790183412934924,,1.1253357822770327,1.2504533290609954,,,,,,,,,,,,,0.6247480159814137,1.5771439414358996e-08,0.00010271783198841513,1.595230605744291e-05,0.00012200923447380785,0.3206176459789276,1.0002117301270526,1.000051736831665,1.0003498911857605,0.9998949729337362,0.9999741315841675,0.9999948740005493,0.01881058865361376,0.018019714952260325,0.03332764928758607,,,,,,,,,227.0,0.0019771272977552445,0.0015029992290762747,1.0000005960464478,1.0000102519989014,1.0000256299972534,1.0000983476638794,1.000546044111252,1.0919666290283203,0.0007324785074679484,0.9569633603096008,0.9998251140117645,0.9999508261680603,0.9999871850013733,0.999998152256012,0.9999997019767761,0.012531940774154964,1.8152383628742437e-07,0.0036326774855469754,0.009098923679547273,0.027317920913900177,0.03625697617837991,0.19226303796469318,227
bayesfl_observability_v1,ola_lr0p02_b128_e1,50,ola,159,12,768,6,1,128,0.31616371124982834,0.31616363922754925,7.583175332115388e-08,7.583175332115388e-08,0.9049479166666666,0.31616363922754925,0.17051053228183333,0.029321521520614624,0.9997210801415843,0.17051053228183333,,0.779620627031505,1.5226258572565863,,,,,,,,,,,,,0.31616363922754925,7.583175332115388e-08,8.198741641640747e-05,9.622468041925458e-06,6.911161472089589e-05,0.19497798383235931,1.0002113151740053,1.000051498413086,1.0003492832183838,0.9998951849721206,0.999974250793457,0.9999948740005493,0.01881814022678452,0.018026199771212933,0.033306418761353075,,,,,,,,,768.0,0.0016575840113256083,0.0015075914298312413,1.0000005960464478,1.0000102519989014,1.0000255107879639,1.0000971555709839,1.0005452632904053,1.095780372619629,0.0007343824389153778,0.9552966356277466,0.9998254179954529,0.9999514222145081,0.9999872446060181,0.999998152256012,0.9999997019767761,0.012556254278085256,2.5980640932392074e-07,0.003635881405462911,0.009098652224056048,0.02731413942499341,0.03630166581153218,0.19717489326556734,768
bayesfl_observability_v1,ola_lr0p02_b128_e1,50,ola,165,13,36,1,1,128,0.5015578866004944,0.5015578866004944,0.0,0.0,0.8888888888888888,0.5015578866004944,0.09129375145985189,0.01679527759552002,0.9999196822737011,0.09129375145985189,,0.38131648785332906,1.926685551035581,,,,,,,,,,,,,0.5015578866004944,0.0,0.0002047398311624867,1.520695150247775e-05,0.0001830795081332326,0.7052030563354492,1.0002137718529134,1.0000520944595337,1.000353705883026,0.9998939633504152,0.9999739527702332,0.9999948143959045,0.018807439356761026,0.01802353812363398,0.033306720186778355,,,,,,,,,36.0,0.004286526155444483,0.001513201297035829,1.0000005960464478,1.000010371208191,1.0000258684158325,1.0000983476638794,1.0005520582199097,1.0919064283370972,0.0007372296907716234,0.9569897651672363,0.9998232066631317,0.9999508261680603,0.9999870657920837,0.999998152256012,0.9999997019767761,0.012523642860269264,7.323289743879657e-08,0.003625792240661379,0.00910463291104937,0.02731354767770074,0.036243340355729056,0.20121464389290727,36
bayesfl_observability_v1,ola_lr0p02_b128_e1,50,ola,166,13,76,1,1,128,0.3859211504459381,0.3859211504459381,0.0,0.0,0.9473684210526315,0.3859211504459381,0.05325462187920457,0.00583021342754364,0.9999727458916325,0.05325462187920457,,1.0982287840542058,1.252671424477001,,,,,,,,,,,,,0.3859211504459381,0.0,6.966823389788058e-05,7.801872925483622e-06,7.484294765163219e-05,0.08497846871614456,1.00021107009156,1.0000516176223755,1.0003489255905151,0.9998952999194174,0.9999741911888123,0.9999949336051941,0.018809231810346213,0.018022050844723827,0.03331952972469693,,,,,,,,,76.0,0.0009307287238020227,0.0015003208080412989,1.0000005960464478,1.0000101327896118,1.0000255107879639,1.000097393989563,1.0005441904067993,1.0923433303833008,0.0007311654172953414,0.9567983746528625,0.9998255968093872,0.9999513030052185,0.9999872446060181,0.999998152256012,0.9999997019767761,0.012526402107258642,2.1584751789699376e-08,0.0036277918263783984,0.00909686589558431,0.0273158662548827,0.036240853562727576,0.19256740325742858,76
bayesfl_observability_v1,ola_lr0p02_b128_e1,50,ola,31,2,70,1,1,128,0.7108082175254822,0.7108082175254822,0.0,0.0,0.7714285714285715,0.7108082175254822,0.11235994331749541,0.013761676847934723,0.9998784043130238,0.11235994331749541,,1.0160542936625165,1.3094444340884457,,,,,,,,,,,,,0.7108082175254822,0.0,0.0003101296294162814,2.779373426164966e-05,0.00026559926627669507,0.4734591841697693,1.0002158785177915,1.000052571296692,1.000354290008545,0.9998929564817207,0.999973714351654,0.9999948143959045,0.01881035299314904,0.018030862635043568,0.03329867366164978,,,,,,,,,70.0,0.00611517468217225,0.0015551526218908387,1.0000005960464478,1.000010371208191,1.000025987625122,1.0000994205474854,1.0005522966384888,1.0932528972625732,0.0007570651133270906,0.9564002752304077,0.9998229146003723,0.9999502897262573,0.999987006187439,0.9999980926513672,0.9999997019767761,0.012526396617814848,3.228876119120663e-08,0.0036209281683964012,0.009105248795690975,0.02731415831794135,0.03627992766171119,0.19194704408883484,70
bayesfl_observability_v1,ola_lr0p02_b128_e1,50,ola,124,9,6,1,1,128,0.13969755172729492,0.13969755172729492,0.0,0.0,1.0,0.13969755172729492,0.054123154375615226,0.008072800934314728,0.9999718105094271,0.054123154375615226,,-0.0,2.3292713582565514,,,,,,,,,,,,,0.13969755172729492,0.0,7.1959213840858e-05,4.204086963000009e-06,6.063370528863743e-05,0.1629253476858139,1.000211114838677,1.0000516176223755,1.0003492832183838,0.999895276836015,0.9999741911888123,0.9999948740005493,0.018808561180414185,0.01801687276440021,0.03331345459108887,,,,,,,,,6.0,0.001388511936522377,0.0014996730686158584,1.0000005960464478,1.0000102519989014,1.0000256299972534,1.0000979900360107,1.000544136762619,1.0922878980636597,0.0007308538253038382,0.9568226337432861,0.9998254179954529,0.9999510049819946,0.9999871850013733,0.999998152256012,0.9999997019767761,0.012523564757362462,2.0247187145173977e-07,0.003625624141313083,0.009102553148308374,0.027322480347934334,0.03623612251107294,0.19392725418875117,6
bayesfl_observability_v1,ola_lr0p02_b128_e1,50,ola,87,7,39,1,1,128,0.4835151135921478,0.4835151135921478,0.0,0.0,0.9230769230769231,0.4835151135921478,0.09398335915794324,0.012712433934211731,0.9999149185652704,0.09398335915794324,,0.4377023180952629,1.8840029267722176,,,,,,,,,,,,,0.4835151135921478,0.0,0.000216981231642631,1.771449387888424e-05,0.00019044017244596034,0.40401491522789,1.0002140159291604,1.0000520944595337,1.0003529787063599,0.9998938573909624,0.9999739527702332,0.9999948143959045,0.01880947547962431,0.018025265759325594,0.033308061645090946,,,,,,,,,39.0,0.004396150770377003,0.0015278404919040667,1.0000005960464478,1.000010371208191,1.0000258684158325,1.0000991821289062,1.000551050901413,1.0940415859222412,0.0007442139041764886,0.9560554623603821,0.9998235702514648,0.9999504089355469,0.9999870657920837,0.999998152256012,0.9999997019767761,0.012524719302940187,5.505428948275794e-07,0.0036284710614144598,0.009094909588784051,0.027313876944178774,0.03623535159063951,0.1951722057888986,39
bayesfl_observability_v1,ola_lr0p02_b128_e1,50,ola,94,7,163,2,1,128,0.5500436207633809,0.5500436143641092,7.785430596049713e-09,7.785430596049713e-09,0.8588957055214724,0.5500436143641092,0.1194088975860982,0.013326406478881836,0.9998628257600581,0.1194088975860982,,1.3759749478332663,0.9081964456095792,,,,,,,,,,,,,0.5500436143641092,7.785430596049713e-09,0.00012401091121129416,1.6075506209745072e-05,0.00013986085250508042,0.19482111930847168,1.0002121569776015,1.0000516176223755,1.0003501176834106,0.9998947702949287,0.9999741911888123,0.9999948740005493,0.018810697580307116,0.01802044536459875,0.033318003303439155,,,,,,,,,163.0,0.0017360531141293394,0.0015131260388582524,1.0000005960464478,1.0000102519989014,1.000025749206543,1.0000970363616943,1.0005464017391206,1.0957772731781006,0.0007370619884081429,0.9552979469299316,0.9998250007629395,0.9999514818191528,0.9999871253967285,0.999998152256012,0.9999997019767761,0.012535667087984552,7.219393635335797e-07,0.0036268660033753177,0.009104345483401683,0.027313147811175914,0.03627955948879628,0.19841690357756614,163
bayesfl_observability_v1,ola_lr0p02_b128_e1,50,ola,96,7,406,4,1,128,0.35474238063901514,0.35474232250246507,5.724876882567707e-08,5.724876882567707e-08,0.9211822660098522,0.35474232250246507,0.1643362128381123,0.01940031349658966,0.9997405397263195,0.1643362128381123,,0.976478358472114,1.3250720199394128,,,,,,,,,,,,,0.35474232250246507,5.724876882567707e-08,0.00010268599682346341,1.1122941032226663e-05,9.021823716466315e-05,0.13812407851219177,1.0002117298904378,1.0000518560409546,1.0003496408462524,0.999894978789364,0.9999740719795227,0.9999949336051941,0.01881781069678249,0.01803490690689377,0.033303137571731346,,,,,,,,,406.0,0.0018839941362941695,0.001508300918970168,1.0000005960464478,1.0000101327896118,1.0000256299972534,1.0000978708267212,1.0005457401275635,1.0919256210327148,0.0007349561495262377,0.9569813013076782,0.9998252391815186,0.9999510645866394,0.9999871850013733,0.999998152256012,0.9999997019767761,0.012544197040109515,2.4876376529364826e-08,0.0036239474321979196,0.0091144160207863,0.02732188427129929,0.03632396332344344,0.19909094989082665,406
bayesfl_observability_v1,ola_lr0p02_b128_e1,50,ola,258,20,50,1,1,128,0.4642614722251892,0.4642614722251892,0.0,0.0,0.92,0.4642614722251892,0.11251870722264563,0.019482478499412537,0.9998780275567035,0.11251870722264563,,-0.0,2.259365973874069,,,,,,,,,,,,,0.4642614722251892,0.0,0.00031100666952910475,2.931121980509488e-05,0.00030248622642830105,0.94891756772995,1.000215897452823,1.0000522136688232,1.0003565549850464,0.9998929164446418,0.9999738931655884,0.9999944567680359,0.018808644393363202,0.018028411793369253,0.03331166294847491,,,,,,,,,50.0,0.0064447984278092766,0.001527513755690354,1.0000005960464478,1.0000110864639282,1.0000265836715698,1.0000974833965302,1.0005576610565186,1.097656011581421,0.0007439756566825546,0.9544800519943237,0.9998217821121216,0.9999512583017349,0.9999867081642151,0.9999980926513672,0.9999997019767761,0.012526631816268449,2.666428080980606e-07,0.00362211122703665,0.009100011756160379,0.027322510939947493,0.03628236607502163,0.19485385976072214,50
bayesfl_observability_v1,ola_lr0p02_b128_e1,50,ola,269,21,141,2,1,128,0.47148269668538517,0.47148269393765335,2.75003849479772e-09,2.75003849479772e-09,0.8936170212765957,0.47148269393765335,0.13397006383811472,0.018641412258148193,0.9998271964175498,0.13397006383811472,,0.5553872255443504,1.7524876572526569,,,,,,,,,,,,,0.47148269393765335,2.75003849479772e-09,0.00013848398212771575,1.9347503439348657e-05,0.00016232267953455456,0.250460147857666,1.0002124459872115,1.0000518560409546,1.000351905822754,0.9998946196480983,0.9999740719795227,0.9999948143959045,0.018811514931254898,0.018021576920227947,0.03332470233804199,,,,,,,,,141.0,0.0018595907934144903,0.0015072046933741299,1.0000005960464478,1.000010371208191,1.0000258684158325,1.0000971555709839,1.0005471169948579,1.0918937921524048,0.0007344461292166946,0.9569953083992004,0.9998241066932678,0.9999514222145081,0.9999870657920837,0.999998152256012,0.9999997019767761,0.012530409417525142,2.0319697502681977e-07,0.003634827325650059,0.009103665573449497,0.027320691222613866,0.036288894414625975,0.19353427302602236,141
bayesfl_observability_v1,ola_lr0p02_b128_e1,51,ola,217,17,189,2,1,128,0.4949840414461005,0.4949840029711446,3.7509560419489125e-08,3.7509560419489125e-08,0.8571428571428571,0.4949840029711446,0.1777135504201117,0.02278028428554535,0.9996963863952862,0.1777135504201117,,0.3250829733914482,1.9958124018703602,,,,,,,,,,,,,0.4949840029711446,3.7509560419489125e-08,0.00029905498971697785,2.6423389499541372e-05,0.0002749045583186671,0.4768325388431549,1.0002134861570802,1.0000516176223755,1.0003504753112793,0.9998941367204548,0.9999741911888123,0.9999948740005493,0.018820931274166643,0.01803612710252749,0.03330731127781417,,,,,,,,,189.0,0.00576617519961183,0.0015412404134644542,1.0000005960464478,1.0000102519989014,1.0000255405902863,1.0000982284545898,1.0005464553833008,1.093616008758545,0.0007504011316398122,0.9562414288520813,0.9998248219490051,0.9999508857727051,0.9999872297048569,0.999998152256012,0.9999997019767761,0.012553915452281218,3.059933598473064e-07,0.003622475489752423,0.009111047656980956,0.027325124920877863,0.03632645677215432,0.19456444081405785,189
bayesfl_observability_v1,ola_lr0p02_b128_e1,51,ola,177,14,173,2,1,128,0.39125377422123286,0.3912537664691837,1.1491013458683383e-08,1.1491013458683383e-08,0.9248554913294798,0.3912537664691837,0.12816879067067194,0.020481452345848083,0.9998421186688503,0.12816879067067194,,0.7072416889214992,1.6019064244591992,,,,,,,,,,,,,0.3912537664691837,1.1491013458683383e-08,0.00012660910842345952,1.3141193448973354e-05,0.00011584421736188233,0.31835082173347473,1.0002101041027378,1.0000512599945068,1.0003461837768555,0.9998957903443496,0.9999743700027466,0.9999949336051941,0.018817631123189477,0.018016978779144384,0.033303680023603385,,,,,,,,,173.0,0.0025875798325764292,0.0015077991232068531,1.0000005960464478,1.0000101327896118,1.0000253915786743,1.000096321105957,1.0005398988723755,1.0979591608047485,0.0007342999176313674,0.9543482661247253,0.999826967716217,0.9999518394470215,0.9999873042106628,0.999998152256012,0.9999997019767761,0.012555343192111358,2.1677772843661693e-07,0.0036317911343423503,0.009103331169219854,0.027313995567193224,0.03633025227333883,0.19543206712647565,173
bayesfl_observability_v1,ola_lr0p02_b128_e1,51,ola,117,9,8,1,1,128,0.8999811410903931,0.8999811410903931,0.0,0.0,0.625,0.8999811410903931,0.18067031685047807,0.02379634976387024,0.9996860410605729,0.18067031685047807,,0.5623351446188083,1.7518051301834499,,,,,,,,,,,,,0.8999811410903931,0.0,0.0008018513484907992,6.798086542403325e-05,0.0008277619315776976,1.4156657457351685,1.000223345096821,1.000054121017456,1.0003684759140015,0.9998892532539846,0.999972939491272,0.9999942779541016,0.01881685091336316,0.018032940141927696,0.03331431770306323,,,,,,,,,8.0,0.013220159156113864,0.0015804313755580037,1.0000005960464478,1.0000114440917969,1.000026822090149,1.000102013349533,1.0005764424800874,1.0918066501617432,0.000769375926428072,0.9570335149765015,0.999815821647644,0.9999489933252335,0.9999865889549255,0.9999977946281433,0.9999997019767761,0.012555276793041607,9.067317383034928e-08,0.0036227863974174616,0.009096690091692191,0.027325468256035365,0.03630640376429291,0.19032740816921168,8
bayesfl_observability_v1,ola_lr0p02_b128_e1,51,ola,143,11,59,1,1,128,0.6757978200912476,0.6757978200912476,0.0,0.0,0.7966101694915254,0.6757978200912476,0.13639594062262866,0.017667256295681,0.9998210693433797,0.13639594062262866,,0.5821360471219024,1.7374773776084904,,,,,,,,,,,,,0.6757978200912476,0.0,0.000457007311389836,3.697303691296838e-05,0.00036567866918630937,0.7803301215171814,1.000216581996677,1.0000524520874023,1.0003536939620972,0.9998926288424206,0.9999737739562988,0.9999948740005493,0.018818601835959015,0.018028868828774514,0.033297241846677116,,,,,,,,,59.0,0.009154451063611834,0.0015766839826873047,1.0000005960464478,1.0000102519989014,1.0000258684158325,1.0000989437103271,1.0005533695220947,1.0931178331375122,0.0007671487808913226,0.9564593434333801,0.9998232126235962,0.9999505281448364,0.9999870657920837,0.999998152256012,0.9999997019767761,0.012548017531551091,1.6134242580763014e-07,0.0036215732101854865,0.009107093670575083,0.02732506472463893,0.0363129830970454,0.19512211795186502,59
bayesfl_observability_v1,ola_lr0p02_b128_e1,51,ola,148,11,143,2,1,128,0.5252614794494389,0.5252614731972034,5.369028112543585e-09,5.369028112543585e-09,0.8601398601398601,0.5252614731972034,0.17148396238512476,0.021142683923244476,0.9997172446643431,0.17148396238512476,,0.8043283840341318,1.4893525926791222,,,,,,,,,,,,,0.5252614731972034,5.369028112543585e-09,0.00020978898669497158,2.4219671104219742e-05,0.00023934210767038178,0.2874789237976074,1.0002117365636747,1.0000513792037964,1.000349521636963,0.9998949731545375,0.9999743103981018,0.9999948740005493,0.018819008709821557,0.018029770828157876,0.03332518906907182,,,,,,,,,143.0,0.003396628653907923,0.001506065085330398,1.0000005960464478,1.0000102519989014,1.000025749206543,1.0000962018966675,1.000544548034668,1.0918766260147095,0.000734001047042168,0.9570028185844421,0.9998252987861633,0.9999518990516663,0.9999871253967285,0.9999980926513672,0.9999997019767761,0.012553371440321391,1.6480667281667622e-07,0.003636646664075627,0.009095493957642937,0.02733449445414047,0.03630514260690664,0.19458380464576996,143
bayesfl_observability_v1,ola_lr0p02_b128_e1,51,ola,107,8,2,1,1,128,0.26745444536209106,0.26745444536209106,0.0,0.0,1.0,0.26745444536209106,0.15598427625880026,0.021154671907424927,0.9997660033336455,0.15598427625880026,,-0.0,2.311121424016332,,,,,,,,,,,,,0.26745444536209106,0.0,0.0005976981469384493,2.5950022973120213e-05,0.00038482240051962435,1.1188007593154907,1.0002193420191252,1.0000523328781128,1.0003600239753723,0.9998912891944991,0.9999738335609436,0.9999947547912598,0.018816962387509923,0.018011992607069933,0.033311019929862996,,,,,,,,,2.0,0.011781784428437322,0.0016133664442025731,1.0000005960464478,1.0000104904174805,1.0000261068344116,1.0000996589660645,1.000560998916626,1.1136542558670044,0.0007830884582567568,0.947599470615387,0.9998200476169586,0.9999501705169678,0.9999869465827942,0.9999980330467224,0.9999997019767761,0.012554772452699564,4.7070250657598604e-07,0.0036304520686620393,0.009100782329865931,0.02731792366481598,0.03633631067690159,0.19647711559867523,2
bayesfl_observability_v1,ola_lr0p02_b128_e1,51,ola,228,18,56,1,1,128,0.23817360401153564,0.23817360401153564,0.0,0.0,0.9821428571428571,0.23817360401153564,0.0433122404840377,0.008021324872970581,0.9999819985338316,0.0433122404840377,,0.42008907680192553,1.7809840036757387,,,,,,,,,,,,,0.23817360401153564,0.0,4.608308829175693e-05,4.857117346546147e-06,4.392632399685681e-05,0.16085408627986908,1.0002085224061932,1.0000511407852173,1.0003447532653809,0.9998965526184703,0.9999744296073914,0.9999949336051941,0.018816476827872478,0.01802045994796895,0.03331569793667219,,,,,,,,,56.0,0.0009445837200657561,0.0014809330670294528,1.0000005960464478,1.0000101327896118,1.0000252723693848,1.000096082687378,1.000537633895874,1.0917234420776367,0.0007219267651586589,0.9570699334144592,0.9998276829719543,0.999951958656311,0.9999873638153076,0.999998152256012,0.9999997019767761,0.012544996160466608,8.098114938078816e-08,0.003639606117390948,0.009108213195961576,0.0273157424100834,0.03629633742181663,0.2049490837353374,56
bayesfl_observability_v1,ola_lr0p02_b128_e1,51,ola,236,18,41,1,1,128,0.6112977862358093,0.6112977862358093,0.0,0.0,0.8536585365853658,0.6112977862358093,0.09503677927954422,0.015248671174049377,0.999913097257774,0.09503677927954422,,1.0353574001541463,1.2518665823368382,,,,,,,,,,,,,0.6112977862358093,0.0,0.00022187258987410108,1.849461841629818e-05,0.00026971955376211556,0.5813047885894775,1.0002119731057355,1.0000513792037964,1.0003508448600769,0.999894854188305,0.9999743103981018,0.9999947607517242,0.01881531254719309,0.018028027946201473,0.03331456927609346,,,,,,,,,41.0,0.0032386626633124603,0.0015055610705793706,1.0000005960464478,1.0000104784965516,1.000025749206543,1.0000975131988525,1.0005442559719087,1.0919926166534424,0.000733619382250691,0.9569519758224487,0.9998246371746063,0.9999512434005737,0.9999871253967285,0.999998152256012,0.9999997019767761,0.012544373267352523,1.1125346734050347e-06,0.003628281433304291,0.009112336741072147,0.027320563760272414,0.03627980506725635,0.1974089114013093,41
bayesfl_observability_v1,ola_lr0p02_b128_e1,51,ola,99,7,18,1,1,128,1.3194478750228882,1.3194478750228882,0.0,0.0,0.6666666666666666,1.3194478750228882,0.17855213119608343,0.022828705608844757,0.9996931238153904,0.17855213119608343,,0.6128694524619496,1.681828938853387,,,,,,,,,,,,,1.3194478750228882,0.0,0.000783159694057424,7.21567339496687e-05,0.0007226745947264135,1.3028744459152222,1.0002229792823185,1.0000537633895874,1.0003676414489746,0.9998894459040212,0.9999731183052063,0.999994695186615,0.018814124260031928,0.018034242000120743,0.03331505007705119,,,,,,,,,18.0,0.013212244537848217,0.001588856037084193,1.0000005960464478,1.00001060962677,1.0000272989273071,1.0000988245010376,1.0005762040615083,1.0947494506835938,0.0007735276771393491,0.9557462930679321,0.9998162388801575,0.9999505877494812,0.9999863505363464,0.9999979138374329,0.9999997019767761,0.012543472394736887,4.6547961697678166e-07,0.0036159211537793085,0.009096577113420018,0.027324268553312783,0.03630221936134979,0.19580210911711732,18
bayesfl_observability_v1,ola_lr0p02_b128_e1,51,ola,171,13,648,6,1,128,0.28434641346519374,0.2843463470538457,6.787420429814288e-08,6.787420429814288e-08,0.9290123456790124,0.2843463470538457,0.18900170721939363,0.02320246398448944,0.9996575078704636,0.18900170721939363,,0.8947993234419066,1.3755222828587679,,,,,,,,,,,,,0.2843463470538457,6.787420429814288e-08,5.0513303953303095e-05,6.2822118707117625e-06,5.4480316248373206e-05,0.06800282001495361,1.0002086131690093,1.0000510215759277,1.0003446340560913,0.999896512754167,0.9999744892120361,0.9999949336051941,0.018827633544123347,0.018035180267124522,0.03332278235957143,,,,,,,,,648.0,0.0008126195067074435,0.0014861528862003801,1.0000005960464478,1.0000101327896118,1.0000252723693848,1.0000965595245361,1.0005375146865845,1.0918676853179932,0.0007243704405179279,0.9570067524909973,0.9998277425765991,0.9999517202377319,0.9999873638153076,0.999998152256012,0.9999997019767761,0.012571122663975616,4.360787358713534e-07,0.003630576487273513,0.009122003177550022,0.027331451197405193,0.03634494014713889,0.2110088232825457,648
bayesfl_observability_v1,ola_lr0p02_b128_e1,51,ola,174,13,57,1,1,128,0.7213485240936279,0.7213485240936279,0.0,0.0,0.8245614035087719,0.7213485240936279,0.11543729435995205,0.015508763492107391,0.9998717923391768,0.11543729435995205,,0.7356907463699587,1.5546238632023086,,,,,,,,,,,,,0.7213485240936279,0.0,0.0003273501255589108,2.4799601305858232e-05,0.0002995780378114432,0.6013044714927673,1.0002140414343492,1.0000516176223755,1.0003522753715515,0.9998938436755102,0.9999741911888123,0.9999948143959045,0.018815896075694064,0.018031861881876256,0.03331918390980125,,,,,,,,,57.0,0.006121546680750224,0.0015267323649459273,1.0000005960464478,1.000010371208191,1.0000258684158325,1.0000969171524048,1.00054931640625,1.0918469429016113,0.0007438845737996272,0.9570158123970032,0.999823921918869,0.9999515414237976,0.9999870657920837,0.9999980330467224,0.9999997019767761,0.012546058409981518,3.581839154773763e-07,0.003632730855888254,0.009105100582229981,0.02733270102013363,0.03629758786250464,0.1953360483116249,57
bayesfl_observability_v1,ola_lr0p02_b128_e1,51,ola,61,4,198,2,1,128,0.3777655747653258,0.37776554842488935,2.5426749549857198e-08,2.5426749549857198e-08,0.9090909090909091,0.37776554842488935,0.14675827763211183,0.024819940328598022,0.9997929928298473,0.14675827763211183,,0.38144262903567916,1.9227600406973597,,,,,,,,,,,,,0.37776554842488935,2.5426749549857198e-08,0.00018675272077807196,1.7328830836049747e-05,0.00015186717791948467,0.527581512928009,1.000211284178653,1.0000512599945068,1.0003467798233032,0.9998952182545531,0.9999743700027466,0.9999949336051941,0.01881768191833575,0.01802213731044297,0.033305143245908185,,,,,,,,,198.0,0.004153957814563154,0.001524419404336986,1.0000005960464478,1.0000101327896118,1.0000253915786743,1.0000962018966675,1.0005419254302979,1.1020617485046387,0.0007419429223341222,0.9525703191757202,0.9998266696929932,0.9999518990516663,0.9999873042106628,0.9999980330467224,0.9999997019767761,0.012558099588412901,9.49338981231742e-08,0.0036363755006214677,0.009102507087439924,0.027316121834322686,0.036334794092925816,0.1963424137321496,198
bayesfl_observability_v1,ola_lr0p02_b128_e1,51,ola,33,2,3,1,1,128,0.5325537323951721,0.5325537323951721,0.0,0.0,1.0,0.5325537323951721,0.18292251904228723,0.022062912583351135,0.9996784448476774,0.18292251904228723,,0.6365141682948128,1.7421059981397873,,,,,,,,,,,,,0.5325537323951721,0.0,0.000821967408430303,5.00468559039291e-05,0.0009651253814809027,1.2169299125671387,1.000223738704178,1.0000532865524292,1.0003767013549805,0.9998890633841705,0.9999733567237854,0.9999946355819702,0.01882164617150297,0.018020029282749574,0.03332780886369789,,,,,,,,,3.0,0.011390688990545959,0.001587101179573598,1.0000005960464478,1.0000107288360596,1.000026822090149,1.0001028776168823,1.0005849182605744,1.101586103439331,0.0007720418090277458,0.9527758955955505,0.9998117089271545,0.9999485611915588,0.9999865889549255,0.9999980330467224,0.9999997019767761,0.01255925285682349,7.343685996661537e-09,0.003645901257205764,0.009086661740473657,0.02732644447874005,0.03630621906162998,0.1964398719498005,3
bayesfl_observability_v1,ola_lr0p02_b128_e1,51,ola,126,10,285,3,1,128,0.417119570102608,0.41711953271899305,4.0932887208399685e-08,4.0932887208399685e-08,0.887719298245614,0.41711953271899305,0.16299560805422877,0.02051357924938202,0.9997447695213236,0.16299560805422877,,0.8109234426674724,1.4398861295926373,,,,,,,,,,,,,0.41711953271899305,4.0932887208399685e-08,0.00012963416576815246,1.3794031019642716e-05,0.00012787248560925977,0.2203644961118698,1.00021016421341,1.0000510215759277,1.0003465414047241,0.9998957481238561,0.9999744892120361,0.9999948740005493,0.018820336843977645,0.018023234254301863,0.03332079339131685,,,,,,,,,285.0,0.0023544496946697035,0.0014959868440998275,1.0000005960464478,1.0000102519989014,1.0000255107879639,1.000096082687378,1.0005402565002441,1.0917927026748657,0.0007291500356785373,0.9570395946502686,0.9998267889022827,0.999951958656311,0.9999872446060181,0.999998152256012,0.9999997019767761,0.012559767415828134,1.9120129538907787e-07,0.003633048782438565,0.009103563100608811,0.027334695091868418,0.036313804493044215,0.20524481989239327,285
bayesfl_observability_v1,ola_lr0p02_b128_e1,51,ola,19,1,426,4,1,128,0.40879055577824375,0.4087905200994071,3.676291851847259e-08,3.676291851847259e-08,0.8943661971830986,0.4087905200994071,0.1456044601576938,0.015356753021478653,0.9997966238364819,0.1456044601576938,,0.9753254220848997,1.3234545863280318,,,,,,,,,,,,,0.4087905200994071,3.676291851847259e-08,7.809376993940043e-05,1.1207996067241766e-05,9.327375955763277e-05,0.08626146614551544,1.0002091553364192,1.0000511407852173,1.0003455877304077,0.9998962463863568,0.9999744296073914,0.9999949336051941,0.01882416176109666,0.018033528674656074,0.03331421059747557,,,,,,,,,426.0,0.0011489628060988044,0.0014904730850348658,1.0000005960464478,1.0000101327896118,1.0000253915786743,1.000096321105957,1.00053870677948,1.0920251607894897,0.0007264283156446175,0.9569377303123474,0.9998272657394409,0.9999518394470215,0.9999873042106628,0.999998152256012,0.9999997019767761,0.012562024499958739,4.78779353578909e-08,0.0036350347494826566,0.009121440483112107,0.027326709911204308,0.036333801173792965,0.20664212141223173,426
bayesfl_observability_v1,ola_lr0p02_b128_e1,52,ola,287,23,262,3,1,128,0.319626544040578,0.3196264976308546,4.481496947246064e-08,4.481496947246064e-08,0.9083969465648855,0.3196264976308546,0.1713009511909261,0.028916314244270325,0.9997183485867416,0.1713009511909261,,-0.0,2.3163460082440825,,,,,,,,,,,,,0.3196264976308546,4.481496947246064e-08,0.00015049580817058016,1.4562392607331276e-05,0.0001532898138975726,0.41128742694854736,1.0002092423251139,1.0000509023666382,1.0003448724746704,0.999896207134089,0.9999745488166809,0.9999949336051941,0.018828642898294175,0.018043154701015217,0.03332821633709521,,,,,,,,,262.0,0.0031163771066693062,0.0014944476631256801,1.0000005960464478,1.0000101327896118,1.0000252723693848,1.0000958442687988,1.0005370378494263,1.0916528701782227,0.0007282880319833567,0.9571008682250977,0.9998276233673096,0.9999520778656006,0.9999873638153076,0.999998152256012,0.9999997019767761,0.012572807083629968,6.445130914667863e-07,0.0036357229306824587,0.009109673772309779,0.027317438721658475,0.036364298552047175,0.2006616043084076,262
bayesfl_observability_v1,ola_lr0p02_b128_e1,52,ola,29,2,338,3,1,128,0.49319210965957866,0.49319207668304443,3.3890761071944387e-08,3.3890761071944387e-08,0.8727810650887574,0.49319207668304443,0.13768098902892376,0.015940815210342407,0.9998181505207019,0.13768098902892376,,1.2090758876194794,1.1323626999805705,,,,,,,,,,,,,0.49319207668304443,3.3890761071944387e-08,8.690772447525148e-05,1.0761340490716975e-05,9.615630478947432e-05,0.07570724934339523,1.0002080186195594,1.0000505447387695,1.0003426194190979,0.9998968105577609,0.9999747276306152,0.9999949336051941,0.018827039910097116,0.018023713100821147,0.033345709540017185,,,,,,,,,338.0,0.0012027094371673118,0.0014866985660624756,1.0000005960464478,1.0000101327896118,1.0000251531600952,1.0000964403152466,1.000533938407898,1.0917081832885742,0.0007246436704434143,0.9570766687393188,0.9998287498950958,0.9999517798423767,0.9999874234199524,0.999998152256012,0.9999997019767761,0.01257522937402931,6.049518976591856e-07,0.003635687459598365,0.009110043817481825,0.02732051639141717,0.03634783021001529,0.20181332545272831,338
bayesfl_observability_v1,ola_lr0p02_b128_e1,52,ola,112,9,53,1,1,128,0.38144826889038086,0.38144826889038086,0.0,0.0,0.9245283018867925,0.38144826889038086,0.07345138422073937,0.010298162698745728,0.9999482216393928,0.07345138422073937,,0.7684671875616165,1.5586349016673413,,,,,,,,,,,,,0.38144826889038086,0.0,0.0001325318365112569,1.1129823178634979e-05,0.00011648802610579878,0.2651304602622986,1.0002088996027991,1.0000507831573486,1.0003429651260376,0.9998963830149383,0.9999746084213257,0.9999949932098389,0.018825320257967307,0.01803219725273469,0.03331842495832385,,,,,,,,,53.0,0.002718683264474025,0.0014987142848966475,1.0000005960464478,1.0000100135803223,1.0000252723693848,1.0000957250595093,1.0005357265472412,1.0930935144424438,0.000730306462034332,0.9564699530601501,0.999828577041626,0.9999521374702454,0.9999873638153076,0.999998152256012,0.9999997019767761,0.012563898661029561,1.195419643243451e-07,0.003629145547618723,0.009105620914091415,0.02732544536621478,0.036311184776147386,0.20177189656275465,53
bayesfl_observability_v1,ola_lr0p02_b128_e1,52,ola,113,9,2,1,1,128,0.2373397797346115,0.2373397797346115,0.0,0.0,1.0,0.2373397797346115,0.10858250960059616,0.013972483575344086,0.9998868243146618,0.10858250960059616,,-0.0,2.3277319754160017,,,,,,,,,,,,,0.2373397797346115,0.0,0.0002896276363335809,1.778631121851504e-05,0.000188591075129807,0.4880755841732025,1.0002119188155503,1.0000512599945068,1.0003498792648315,0.9998948949609979,0.9999743700027466,0.9999948740005493,0.01882621227838718,0.01804077219178038,0.03332210628642241,,,,,,,,,2.0,0.0045595922027994945,0.0015182120379449023,1.0000005960464478,1.0000102519989014,1.0000256299972534,1.0000983476638794,1.000546282529831,1.0916845798492432,0.0007395284227871839,0.957086980342865,0.999825119972229,0.9999508261680603,0.9999871850013733,0.9999980330467224,0.9999997019767761,0.012567319357208485,3.653123026040796e-07,0.003643123402410918,0.009113723979529914,0.02733213630599497,0.03635073244251081,0.20233004914531397,2
bayesfl_observability_v1,ola_lr0p02_b128_e1,52,ola,114,9,112,1,1,128,0.9881297945976257,0.9881297945976257,0.0,0.0,0.6517857142857143,0.9881297945976257,0.1961230152071487,0.02610848844051361,0.999630469769625,0.1961230152071487,,0.17604524709725128,2.1334990783975436,,,,,,,,,,,,,0.9881297945976257,0.0,0.0009448815657490666,6.743223275407217e-05,0.0008712458773516122,1.7041339874267578,1.0002245201581446,1.0000529289245605,1.000365972518921,0.9998887409492222,0.9999735355377197,0.9999943971633911,0.01882319983267384,0.01803710060839392,0.03333803620514942,,,,,,,,,112.0,0.018811679024933796,0.0016458389926696242,1.0000005960464478,1.0000112056732178,1.0000262260437012,1.0000985860824585,1.0005719125270844,1.0916974544525146,0.000799902039128871,0.9570813775062561,0.9998170733451843,0.9999507069587708,0.9999868869781494,0.9999979734420776,0.9999997019767761,0.012572254929902849,6.289962079951026e-07,0.0036256290426278028,0.009116240084447651,0.027331532120403193,0.03633865015271992,0.19982801478429815,112
bayesfl_observability_v1,ola_lr0p02_b128_e1,52,ola,213,17,221,2,1,128,0.5340670622312106,0.5340670246074642,3.4572437100172985e-08,3.4572437100172985e-08,0.8235294117647058,0.5340670246074642,0.14073530139765839,0.01754148304462433,0.9998097389314917,0.14073530139765839,,0.8483302342361435,1.4429576609466432,,,,,,,,,,,,,0.5340670246074642,3.4572437100172985e-08,0.00020763896065636886,1.5034592706797412e-05,0.00018809683097060814,0.33458516001701355,1.0002103433670388,1.000050663948059,1.0003453612327575,0.9998956711239322,0.9999746680259705,0.9999949336051941,0.018824393343193694,0.018020929487353256,0.03332463902141806,,,,,,,,,221.0,0.0037215695957538643,0.0015075818033102742,1.0000005960464478,1.0000101327896118,1.0000253915786743,1.0000954866409302,1.000538057088852,1.0917357206344604,0.0007346532984897231,0.9570645689964294,0.999827378988266,0.9999522566795349,0.9999873042106628,0.9999980926513672,0.9999997019767761,0.012565926714658808,3.9976888146665714e-07,0.0036274751091967352,0.0091055341145048,0.027340538378662797,0.03634313114967788,0.20106058376870015,221
bayesfl_observability_v1,ola_lr0p02_b128_e1,52,ola,218,17,3,1,1,128,0.1499442309141159,0.1499442309141159,0.0,0.0,1.0,0.1499442309141159,0.057582744458141655,0.007452607154846191,0.9999681984618941,0.057582744458141655,,-0.0,2.3292713582565514,,,,,,,,,,,,,0.1499442309141159,0.0,8.145260097974277e-05,4.812061433767667e-06,7.575030031148344e-05,0.13885335624217987,1.0002079153114796,1.000050663948059,1.0003422498703003,0.9998968617783978,0.9999746680259705,0.9999949336051941,0.018825411527102008,0.018035423903640505,0.03331029756559942,,,,,,,,,3.0,0.0015478453125102422,0.0014863429930901553,1.0000005960464478,1.0000101327896118,1.0000252723693848,1.0000953674316406,1.0005336999893188,1.0921205282211304,0.0007244581369577187,0.9568959474563599,0.9998289346694946,0.9999523162841797,0.9999873638153076,0.9999980926513672,0.9999997019767761,0.01256292672005338,3.6606651272286183e-07,0.003636917720408242,0.009108322788034647,0.027317944980410486,0.036333220618612445,0.20320150528402453,3
bayesfl_observability_v1,ola_lr0p02_b128_e1,52,ola,12,1,1408,11,1,128,0.3071857027032159,0.3071854818951,2.2241568199309436e-07,2.2241568199309436e-07,0.9112215909090909,0.3071854818951,0.2818003227372298,0.03346806764602661,0.9992386601467721,0.2818003227372298,,1.0327057287701606,1.248593947717984,,,,,,,,,,,,,0.3071854818951,2.2241568199309436e-07,4.507162780702966e-05,7.380739134532632e-06,5.0751139133353746e-05,0.06366422027349472,1.0002072141495437,1.00005042552948,1.000341773033142,0.9998972045171117,0.99997478723526,0.9999949395656585,0.018832105902485696,0.018039050253850622,0.03335781749412716,,,,,,,,,1408.0,0.000551401607142528,0.0014790826937303944,1.0000005960464478,1.000010120868683,1.0000251531600952,1.0000948905944824,1.0005326926708222,1.092036485671997,0.0007209983280964817,0.956932783126831,0.9998291730880737,0.9999525547027588,0.9999874234199524,0.999998152256012,0.9999997019767761,0.012595626953127317,1.2841181466868014e-07,0.0036303433121386524,0.00907883420619307,0.027345448032173574,0.03641557892256236,0.20511747097062927,1408
bayesfl_observability_v1,ola_lr0p02_b128_e1,52,ola,167,13,86,1,1,128,0.45601245760917664,0.45601245760917664,0.0,0.0,0.872093023255814,0.45601245760917664,0.04454341271831638,0.005161181092262268,0.9999809524471394,0.04454341271831638,,1.7378293573159467,0.5580381273299192,,,,,,,,,,,,,0.45601245760917664,0.0,4.874019161590118e-05,5.010379481973359e-06,6.002157970215195e-05,0.06659438461065292,1.0002072862104288,1.0000505447387695,1.000341773033142,0.9998971694583121,0.9999747276306152,0.9999949932098389,0.018822855835812072,0.018030844875413912,0.033318245782720184,,,,,,,,,86.0,0.0005941011592504551,0.0014799691844230485,1.0000005960464478,1.0000100135803223,1.0000251531600952,1.0000951290130615,1.0005329847335815,1.0917714834213257,0.0007214382749492904,0.9570488929748535,0.9998291730880737,0.9999524354934692,0.9999874234199524,0.9999980926513672,0.9999997019767761,0.012560811747609315,5.890648065061372e-08,0.003629909062213266,0.00911615303728482,0.02732332055288425,0.0363303426823942,0.20375100997347423,86
bayesfl_observability_v1,ola_lr0p02_b128_e1,52,ola,134,10,326,3,1,128,0.19365009423231055,0.19365008038245826,1.5380406009458923e-08,1.5380406009458923e-08,0.950920245398773,0.19365008038245826,0.11677476630365971,0.015060044825077057,0.9998691814357923,0.11677476630365971,,0.4149757414196952,1.8961001489773186,,,,,,,,,,,,,0.19365008038245826,1.5380406009458923e-08,4.386238943293242e-05,5.5970438097574515e-06,3.992865240434194e-05,0.07384147495031357,1.0002071911979193,1.0000505447387695,1.0003413081169128,0.9998972194109519,0.9999747276306152,0.9999949932098389,0.0188277877442108,0.01803062307271608,0.033317725179448913,,,,,,,,,326.0,0.000889300855195582,0.00148229493770881,1.0000005960464478,1.0000100135803223,1.0000250339508057,1.0000951290130615,1.000532042980194,1.091707468032837,0.0007225150516029235,0.9570769667625427,0.9998294055461884,0.9999524354934692,0.9999874830245972,0.999998152256012,0.9999997019767761,0.012570190888506985,7.567521836325797e-08,0.003628032858806004,0.009116264081621792,0.027329473336308762,0.036354078043210176,0.20013595460541594,326
bayesfl_observability_v1,ola_lr0p02_b128_e1,52,ola,151,12,210,2,1,128,0.686976051614398,0.6869759526990709,9.622547140896218e-08,9.622547140896218e-08,0.7523809523809524,0.6869759526990709,0.24304067204688876,0.03298603743314743,0.9994329576305605,0.24304067204688876,,0.14950144571405588,2.251522034186354,,,,,,,,,,,,,0.6869759526990709,9.622547140896218e-08,0.0006175114072323114,4.0348990296479315e-05,0.0006013254751451313,1.1832449436187744,1.0002182235883639,1.0000522136688232,1.0003543019294738,0.9998918170976746,0.9999738931655884,0.9999949336051941,0.01882737243759674,0.018030843614454187,0.03336711182467921,,,,,,,,,210.0,0.012420024591980047,0.0015841257522091524,1.0000005960464478,1.0000101327896118,1.0000263452529907,1.000101089477539,1.0005550384521484,1.0919288396835327,0.0007709578625476913,0.9569799304008484,0.9998229086399079,0.9999494552612305,0.9999868273735046,0.999998152256012,0.9999997019767761,0.012581748122644055,1.1294568786756796e-08,0.0036217209044417213,0.00909947768990662,0.027331805597444844,0.036335918250900455,0.20052648010467075,210
bayesfl_observability_v1,ola_lr0p02_b128_e1,52,ola,70,5,44,1,1,128,0.6116669178009033,0.6116669178009033,0.0,0.0,0.7727272727272727,0.6116669178009033,0.12287332032162704,0.017166882753372192,0.9998549106048598,0.12287332032162704,,0.9231677754626141,1.3278616130171497,,,,,,,,,,,,,0.6116669178009033,0.0,0.0003708817309272064,2.3867457457527053e-05,0.00030150116072036326,0.7367547750473022,1.000213481283052,1.000051498413086,1.000350832939148,0.9998941289719095,0.999974250793457,0.9999945163726807,0.01882179476881693,0.018028391548527534,0.033322867223426256,,,,,,,,,44.0,0.006674274524804207,0.0015315377016326052,1.0000005960464478,1.0000109672546387,1.000025749206543,1.0000962018966675,1.0005474090576172,1.0916625261306763,0.0007461385177546877,0.9570966362953186,0.9998246431350708,0.9999518990516663,0.9999871253967285,0.9999980926513672,0.9999997019767761,0.01256332812203578,5.410647585630161e-07,0.0036295996822377284,0.009109035761103463,0.02733112116460692,0.036318863230518014,0.20253926526359742,44
bayesfl_observability_v1,ola_lr0p02_b128_e1,52,ola,89,7,52,1,1,128,0.3673756420612335,0.3673756420612335,0.0,0.0,0.9230769230769231,0.3673756420612335,0.058515883112768945,0.009844720363616943,0.9999671185903859,0.058515883112768945,,0.8769609959156035,1.4396900839655709,,,,,,,,,,,,,0.3673756420612335,0.0,8.411390312208025e-05,7.698135959799401e-06,0.00011007852299371734,0.2422959804534912,1.000207964908026,1.0000505447387695,1.0003423690795898,0.9998968343264089,0.9999747276306152,0.9999949336051941,0.018823296070167587,0.01803627849315608,0.03331053715839026,,,,,,,,,52.0,0.0014813060954390073,0.0014838657666318843,1.0000005960464478,1.0000101327896118,1.0000251531600952,1.0000951290130615,1.000534361600876,1.0917876958847046,0.0007232696027476125,0.9570418000221252,0.9998288750648499,0.9999524354934692,0.9999874234199524,0.999998152256012,0.9999997019767761,0.0125613729675184,2.6500880161967957e-07,0.0036319162748697036,0.00911359603167448,0.027316734780923734,0.03635002249539525,0.2020748351009258,52
bayesfl_observability_v1,ola_lr0p02_b128_e1,52,ola,97,7,4,1,1,128,0.7197411060333252,0.7197411060333252,0.0,0.0,0.75,0.7197411060333252,0.16815096894290996,0.015519767999649048,0.9997282876183238,0.16815096894290996,,0.6931471805599453,1.5580197962672118,,,,,,,,,,,,,0.7197411060333252,0.0,0.0006945747897842186,4.040152816742193e-05,0.000608271412784234,0.6021578311920166,1.0002197069996195,1.000052571296692,1.0003656268119812,0.9998910144994919,0.999973714351654,0.9999945759773254,0.018824049920206018,0.018038664213766722,0.03332754905438032,,,,,,,,,4.0,0.007509752514347012,0.0015291062287712068,1.0000005960464478,1.0000108480453491,1.0000264644622803,1.000104546546936,1.0005658864974976,1.0916517972946167,0.0007451180992538144,0.9571013450622559,0.9998172461986542,0.999947726726532,0.9999867677688599,0.9999980926513672,0.9999997019767761,0.012562269562616591,7.406717609570679e-07,0.003646287294819051,0.009107241203426604,0.02732609333285372,0.0363448197539937,0.22023136393748344,4
bayesfl_observability_v1,ola_lr0p02_b128_e1,52,ola,254,20,32,1,1,128,0.6403313875198364,0.6403313875198364,0.0,0.0,0.8125,0.6403313875198364,0.11494152816508448,0.015947818756103516,0.9998731000936659,0.11494152816508448,,0.6429124396658009,1.6660643758322098,,,,,,,,,,,,,0.6403313875198364,0.0,0.00032454446712287853,3.345447112224065e-05,0.0003236180491512642,0.6358321309089661,1.00021258996959,1.0000519752502441,1.000350248813629,0.9998945533719737,0.9999740123748779,0.9999948143959045,0.01882384381047855,0.018023003567886997,0.03332566734005016,,,,,,,,,32.0,0.0048446197444965465,0.0015125261431302166,1.0000005960464478,1.000010371208191,1.000025987625122,1.000096082687378,1.0005450248718262,1.0960670709609985,0.0007368876220393186,0.9551716446876526,0.9998249351978302,0.999951958656311,0.999987006187439,0.999998152256012,0.9999997019767761,0.012565985083133547,1.744669601156903e-07,0.0036301557393021567,0.009100810624795614,0.027333233956656235,0.03634141775287193,0.20152911031048382,32
bayesfl_observability_v1,ola_lr0p02_b128_e1,53,ola,267,21,306,3,1,128,0.4860464340331508,0.48604635738469415,7.5374069129954e-08,7.5374069129954e-08,0.869281045751634,0.48604635738469415,0.19263686531313226,0.027697190642356873,0.9996445146280631,0.19263686531313226,,0.49629795412582844,1.8891532045272958,,,,,,,,,,,,,0.48604635738469415,7.5374069129954e-08,0.00021008016516914856,2.326710455236025e-05,0.00022474412980955094,0.4514170289039612,1.0002092829408447,1.0000507831573486,1.000342857837677,0.999896191776976,0.9999746084213257,0.9999949932098389,0.01883451262861947,0.018029148344855445,0.03337531345449595,,,,,,,,,306.0,0.004148999523429171,0.0014987846976700515,1.0000005960464478,1.0000100135803223,1.0000252723693848,1.0000972747802734,1.0005336463451386,1.090258002281189,0.0007305827308343186,0.9577129483222961,0.9998286306858063,0.9999513626098633,0.9999873638153076,0.9999980926513672,0.9999997019767761,0.012601154410137655,3.2895828775755465e-07,0.0036196910973276555,0.009111741069451066,0.027336676891133047,0.03638438162224397,0.1955552301889945,306
bayesfl_observability_v1,ola_lr0p02_b128_e1,53,ola,56,4,2,1,1,128,0.6335403323173523,0.6335403323173523,0.0,0.0,1.0,0.6335403323173523,0.23984781294078153,0.033654093742370605,0.9994487340665227,0.23984781294078153,,-0.0,2.4040642619438994,,,,,,,,,,,,,0.6335403323173523,0.0,0.0014131613935038695,8.278382301796228e-05,0.001333419349975884,2.8314943313598633,1.0002319827908628,1.0000547170639038,1.000387191772461,0.9998850522363913,0.9999726414680481,0.9999943375587463,0.01883635807409951,0.01803186663974435,0.03336924838921347,,,,,,,,,2.0,0.025082589993955035,0.0016819857141309245,1.0000005960464478,1.0000113248825073,1.0000272989273071,1.0001095533370972,1.0005918204784394,1.1023863554000854,0.000815889269450252,0.952430009841919,0.9998064637184143,0.9999452233314514,0.9999863505363464,0.9999980926513672,0.9999997019767761,0.012603962390065351,2.1877132081563843e-07,0.003636638667976885,0.009097071334546101,0.027345584165577835,0.03639705805956667,0.19737694274985748,2
bayesfl_observability_v1,ola_lr0p02_b128_e1,53,ola,58,4,463,4,1,128,0.24447568926002758,0.24447566673127416,2.6400991281319067e-08,2.6400991281319067e-08,0.9460043196544277,0.24447566673127416,0.1405470688072867,0.01698806881904602,0.9998108814759447,0.1405470688072867,,0.8886543877137418,1.3317328076251618,,,,,,,,,,,,,0.24447566673127416,2.6400991281319067e-08,3.762421245341413e-05,5.541621703741839e-06,4.0789720515022095e-05,0.05805934965610504,1.0002060278736211,1.0000500679016113,1.0003392696380615,0.9998977892939065,0.9999749660491943,0.9999949932098389,0.018834366657075576,0.01802448909063696,0.033353772291666375,,,,,,,,,463.0,0.00046960169486176377,0.001471232946252015,1.0000005960464478,1.0000100135803223,1.0000250339508057,1.000095009803772,1.0005282163619995,1.0902295112609863,0.0007173773851433154,0.957725465297699,0.999830424785614,0.999952495098114,0.9999874830245972,0.9999980926513672,0.9999997019767761,0.012596543983746475,8.571386308212635e-07,0.0036345232542585285,0.009099414053687192,0.027334263374554572,0.03641087270284643,0.21477103269915748,463
bayesfl_observability_v1,ola_lr0p02_b128_e1,53,ola,230,18,26,1,1,128,0.5950132012367249,0.5950132012367249,0.0,0.0,0.8076923076923077,0.5950132012367249,0.12458451753273755,0.016216881573200226,0.9998511479402662,0.12458451753273755,,0.46922034844159877,1.856478418550846,,,,,,,,,,,,,0.5950132012367249,0.0,0.0003812838266956969,3.713825935847126e-05,0.00037145688547752885,0.6574681997299194,1.000212511928913,1.0000518560409546,1.0003477334976196,0.9998946258399064,0.9999740719795227,0.9999948740005493,0.018832220006740542,0.018035795763150182,0.03333006131645353,,,,,,,,,26.0,0.007167986546468455,0.0015430804595154626,1.0000005960464478,1.0000102519989014,1.0000255107879639,1.000097632408142,1.0005403876304626,1.0904121398925781,0.0007513604849843445,0.9576452374458313,0.999826192855835,0.999951183795929,0.9999872446060181,0.9999980330467224,0.9999997019767761,0.012583997133191225,9.511079689859985e-08,0.003611369463717571,0.009112400215476494,0.027326046359174818,0.03641391142712117,0.19467779746355765,26
bayesfl_observability_v1,ola_lr0p02_b128_e1,53,ola,214,17,8,1,1,128,0.8757212162017822,0.8757212162017822,0.0,0.0,0.625,0.8757212162017822,0.22063158270809993,0.030873090028762817,0.999533213682475,0.22063158270809993,,0.37677016125643675,2.011909404624669,,,,,,,,,,,,,0.8757212162017822,0.0,0.0011957919239691283,9.643981320550665e-05,0.0012256867485120893,2.3828682899475098,1.0002278820100439,1.0000547170639038,1.0003705024719238,0.999887092425428,0.9999726414680481,0.9999947547912598,0.018831488699082164,0.018035764869453803,0.03336426909615731,,,,,,,,,8.0,0.02114233387772971,0.001673182605098948,1.0000005960464478,1.0000104904174805,1.0000269412994385,1.0001071691513062,1.000579833984375,1.0939216613769531,0.000812442226468406,0.9561078548431396,0.9998148083686829,0.9999464154243469,0.9999865293502808,0.9999980926513672,0.9999997019767761,0.01259813621128485,1.8165696000096047e-08,0.0036057669382464803,0.009087907275292947,0.02734427632799484,0.03640034573116915,0.19722142228078102,8
bayesfl_observability_v1,ola_lr0p02_b128_e1,53,ola,18,1,406,4,1,128,0.38392588253972565,0.38392583930433677,4.8537297417178575e-08,4.8537297417178575e-08,0.896551724137931,0.38392583930433677,0.13506362841762543,0.01737181842327118,0.9998254898826111,0.13506362841762543,,0.93387416116756,1.3882321409892098,,,,,,,,,,,,,0.38392583930433677,4.8537297417178575e-08,9.591256711105836e-05,1.0858019322768087e-05,8.238846930908039e-05,0.17878903448581696,1.0002071307440386,1.000050663948059,1.0003405809402466,0.999897250174375,0.9999746680259705,0.9999949932098389,0.01883734099299257,0.018028020806156293,0.0333527045302324,,,,,,,,,406.0,0.001829699660532319,0.0014826775139188187,1.0000005960464478,1.0000100135803223,1.0000250339508057,1.0000953674316406,1.000530904531479,1.0909748077392578,0.0007228159928284854,0.9573982357978821,0.9998297691345215,0.9999523162841797,0.9999874830245972,0.9999980926513672,0.9999997019767761,0.012597075330467196,8.956106057321958e-07,0.0036377683658238105,0.009105851790669974,0.027331453808148824,0.03635362116385186,0.1973019291178438,406
bayesfl_observability_v1,ola_lr0p02_b128_e1,53,ola,165,13,36,1,1,128,0.6155675053596497,0.6155675053596497,0.0,0.0,0.8611111111111112,0.6155675053596497,0.1040997994531591,0.01876729726791382,0.9998960143974488,0.1040997994531591,,0.38131648785332906,1.926685551035581,,,,,,,,,,,,,0.6155675053596497,0.0,0.00026620737372187053,1.8049944628728554e-05,0.0002541520516388118,0.8805292844772339,1.0002103421429678,1.0000509023666382,1.0003459453582764,0.9998956606150775,0.9999745488166809,0.9999947547912598,0.018828584327971784,0.0180312597418521,0.03333636335126111,,,,,,,,,36.0,0.0056539997110007885,0.0014973328935672745,1.0000005960464478,1.0000104904174805,1.0000253915786743,1.0000957250595093,1.0005384683609009,1.0902132987976074,0.0007297501263963058,0.9577325582504272,0.9998270869255066,0.9999521374702454,0.9999873042106628,0.9999980926513672,0.9999997019767761,0.012581340534452467,3.591658228496561e-07,0.0036206826075918337,0.009096886180248906,0.027331871941200087,0.03638462445739015,0.20038076587983464,36
bayesfl_observability_v1,ola_lr0p02_b128_e1,53,ola,169,13,10,1,1,128,0.3105318546295166,0.3105318546295166,0.0,0.0,1.0,0.3105318546295166,0.09449700205596946,0.017015203833580017,0.999914389472192,0.09449700205596946,,0.6001660731596457,1.7098339961345228,,,,,,,,,,,,,0.3105318546295166,0.0,0.00021935942496811728,1.6214220522670075e-05,0.0002407684572972358,0.7237928509712219,1.0002094574465175,1.0000507831573486,1.0003453612327575,0.9998960986644121,0.9999746084213257,0.9999948740005493,0.018830392643978205,0.018033364275439785,0.03334499991453573,,,,,,,,,10.0,0.004310442075341861,0.001493498858521594,1.0000005960464478,1.0000102519989014,1.0000253915786743,1.0000956058502197,1.0005360841751099,1.0912963151931763,0.0007278850377003995,0.9572572112083435,0.999827378988266,0.9999521970748901,0.9999873042106628,0.9999980926513672,0.9999997019767761,0.012585514430491261,4.1233974054668873e-07,0.003618684414241582,0.00910079858247985,0.027338624854045063,0.03638788831585975,0.19738433614169232,10
bayesfl_observability_v1,ola_lr0p02_b128_e1,53,ola,239,19,46,1,1,128,0.5874220132827759,0.5874220132827759,0.0,0.0,0.782608695652174,0.5874220132827759,0.09013411967833339,0.010378144681453705,0.999922073267048,0.09013411967833339,,0.9560443809671457,1.3493424985245688,,,,,,,,,,,,,0.5874220132827759,0.0,0.00019957159145210455,1.673682709224522e-05,0.00021066733461339027,0.26926496624946594,1.0002090849177805,1.0000509023666382,1.0003426194190979,0.9998962896604886,0.9999745488166809,0.9999949336051941,0.018829962541293377,0.018023824437855385,0.033342635374648016,,,,,,,,,46.0,0.0029544413412283116,0.0014977915331504535,1.0000005960464478,1.0000101327896118,1.0000253915786743,1.0000956058502197,1.0005329310894013,1.0905261039733887,0.0007300630915814601,0.9575952291488647,0.9998287498950958,0.9999521970748901,0.9999873042106628,0.9999980926513672,0.9999997019767761,0.012581294865348489,1.2860351380965927e-07,0.003628191441497319,0.009101397630220845,0.027332278864008682,0.036382659835927984,0.19596506537548258,46
bayesfl_observability_v1,ola_lr0p02_b128_e1,53,ola,83,6,165,2,1,128,0.2615341793858644,0.2615341760443919,2.959794106774635e-09,2.959794106774635e-09,0.9515151515151515,0.2615341760443919,0.0775302554095266,0.010777696967124939,0.9999424585182276,0.0775302554095266,,0.7163703465940834,1.5113752911057265,,,,,,,,,,,,,0.2615341760443919,2.959794106774635e-09,4.275567976887622e-05,4.559449280350236e-06,4.4347194489091635e-05,0.08668530732393265,1.0002061240446056,1.0000500082969666,1.0003392696380615,0.9998977417079993,0.9999749958515167,0.9999949932098389,0.018831556801129083,0.018028380454537047,0.03334963853696989,,,,,,,,,165.0,0.0006411968490683667,0.0014716938336280221,1.0000005960464478,1.0000100135803223,1.0000249147415161,1.000095009803772,1.0005282163619995,1.0902092456817627,0.0007175953182902881,0.9577343463897705,0.999830424785614,0.999952495098114,0.9999875426292419,0.9999980926513672,0.9999997019767761,0.012587400131181623,5.044574567537297e-07,0.003624780903349518,0.009104379691821506,0.02733584842527625,0.03639981546831933,0.20850784467861025,165
bayesfl_observability_v1,ola_lr0p02_b128_e1,53,ola,38,3,257,3,1,128,0.3875696300909445,0.3875696151100592,9.625833059298723e-09,9.625833059298723e-09,0.9066147859922179,0.3875696151100592,0.09527107072174873,0.011292241513729095,0.9999131683463625,0.09527107072174873,,1.3397067534967495,0.9396094349232524,,,,,,,,,,,,,0.3875696151100592,9.625833059298723e-09,3.8667049609641076e-05,3.823131464741891e-06,3.644024545792491e-05,0.05068986862897873,1.0002060489990956,1.0000500679016113,1.0003392696380615,0.9998977817070089,0.9999749660491943,0.9999949932098389,0.01883425202083895,0.018032679044951996,0.03333859579015225,,,,,,,,,257.0,0.0006442453857210282,0.0014740643238783792,1.0000005960464478,1.0000100135803223,1.0000249147415161,1.0000951290130615,1.0005285739898682,1.0902577638626099,0.0007186953382626307,0.9577130675315857,0.999830424785614,0.9999524354934692,0.9999875426292419,0.9999980926513672,0.9999997019767761,0.012590731623604023,1.334618068807925e-07,0.003616304276030571,0.009110612387669442,0.027337195054612854,0.036401076229014624,0.19948806415281573,257
bayesfl_observability_v1,ola_lr0p02_b128_e1,53,ola,181,14,2,1,1,128,0.43509572744369507,0.43509572744369507,0.0,0.0,1.0,0.43509572744369507,0.1802386395397096,0.015905138105154037,0.9996885483905759,0.1802386395397096,,0.6931471805599453,1.6112121538688304,,,,,,,,,,,,,0.43509572744369507,0.0,0.0007980241962785051,5.0312957682763226e-05,0.0007374430424533784,0.6324336528778076,1.0002203777963947,1.0000535249710083,1.0003674030303955,0.9998906660293143,0.9999732375144958,0.9999946355819702,0.018836272692389237,0.01803417130352855,0.033336492674734854,,,,,,,,,2.0,0.008269207980408332,0.001516861862493392,1.0000005960464478,1.0000107288360596,1.0000274181365967,1.0001051425933838,1.0005682170391084,1.0902504920959473,0.0007395000121586543,0.9577162265777588,0.999816358089447,0.9999474287033081,0.9999862909317017,0.9999980926513672,0.9999997019767761,0.012587862728990684,9.075678063411842e-07,0.0036245467571625507,0.009113182497707869,0.027343636996848726,0.03639967796147801,0.19698137016027692,2
bayesfl_observability_v1,ola_lr0p02_b128_e1,53,ola,69,5,1,1,1,128,2.841247797012329,2.841247797012329,0.0,0.0,0.0,2.841247797012329,0.9110968629607357,0.0867413729429245,0.9921016746039636,0.9110968629607357,,-0.0,2.259365973874069,,,,,,,,,,,,,2.841247797012329,0.0,0.02039150862479412,0.0010547091951593757,0.028879295662045525,18.810163497924805,1.0005900655243056,1.0000845193862915,1.0009836196899413,0.9997121085665649,0.9999577403068542,0.9999920129776001,0.018897694836244674,0.018061094261471157,0.03349803339310891,,,,,,,,,1.0,0.20776658517408783,0.004595370084955783,1.0000005960464478,1.0000159740447998,1.0000425577163696,1.0001944303512573,1.0023609459400178,1.3860211372375488,0.002064504122829759,0.8494055271148682,0.999508547782898,0.9999027848243713,0.9999787211418152,0.9999977946281433,0.9999997019767761,0.012777318275858394,1.2428327903122135e-07,0.0036412747684547446,0.009093558700159996,0.027385232067132885,0.03669315382397074,0.28638105182463097,1
bayesfl_observability_v1,ola_lr0p02_b128_e1,53,ola,292,23,70,1,1,128,0.32388749718666077,0.32388749718666077,0.0,0.0,0.9142857142857143,0.32388749718666077,0.07558955880618816,0.01369263231754303,0.9999452051057693,0.07558955880618816,,0.30463609734923813,1.9998591779099486,,,,,,,,,,,,,0.32388749718666077,0.0,0.00014036017662957337,1.3723938536713831e-05,0.00012491641391534363,0.4687209129333496,1.0002079682557723,1.0000505447387695,1.0003420114517212,0.9998968365039668,0.9999747276306152,0.9999949336051941,0.018830076346436648,0.018033584355383155,0.03334622266179461,,,,,,,,,70.0,0.0031045866903064365,0.0014873885088381791,1.0000005960464478,1.0000101327896118,1.0000251531600952,1.0000953674316406,1.0005323886871338,1.0902025699615479,0.0007249938134417226,0.9577372670173645,0.9998290538787842,0.9999523162841797,0.9999874234199524,0.9999980926513672,0.9999997019767761,0.012580876350036675,3.006286139771631e-07,0.0036332553351727634,0.009105884974522983,0.027332219373805644,0.03640392550121631,0.19692879209702746,70
bayesfl_observability_v1,ola_lr0p02_b128_e1,53,ola,293,23,287,3,1,128,0.2175843662708894,0.21758434573636237,2.2291271187411348e-08,2.2291271187411348e-08,0.9581881533101045,0.21758434573636237,0.1298377560413979,0.02423618733882904,0.9998384774123377,0.1298377560413979,,-0.0,2.3163460082440825,,,,,,,,,,,,,0.21758434573636237,2.2291271187411348e-08,6.775178063584395e-05,7.208469014585717e-06,6.563727074535564e-05,0.23109635710716248,1.000206596015935,1.0000501871109009,1.0003399848937988,0.9998975118069632,0.9999749064445496,0.9999949932098389,0.018833980365244467,0.018041816830854904,0.033351172374476476,,,,,,,,,287.0,0.0015850625493578831,0.0014774061058310509,1.0000005960464478,1.0000100135803223,1.0000250339508057,1.0000951290130615,1.000529170036316,1.0902023315429688,0.0007202681603783791,0.957737386226654,0.9998300671577454,0.9999524354934692,0.9999874830245972,0.9999980926513672,0.9999997019767761,0.012589555452523367,2.1743293163429035e-07,0.003639089594049302,0.009100971813350425,0.027334404230632228,0.0364195330397229,0.19576458996122537,287
bayesfl_observability_v1,ola_lr0p02_b128_e1,54,ola,245,19,166,2,1,128,0.5823620958141533,0.5823620821697166,1.2788124166033401e-08,1.2788124166033401e-08,0.8012048192771084,0.5823620821697166,0.127699914273312,0.014904096722602844,0.9998437833210091,0.127699914273312,,0.4534650765650608,1.8353971806874023,,,,,,,,,,,,,0.5823620821697166,1.2788124166033401e-08,0.00014812641729738203,1.402611951561994e-05,0.0001440203399397436,0.2005290538072586,1.0002063498780946,1.0000503063201904,1.0003383159637451,0.999897631046708,0.9999748468399048,0.9999949932098389,0.018837062376347552,0.018020238366293014,0.033335044011710974,,,,,,,,,166.0,0.0026454683873933836,0.0014735757125965705,1.0000005960464478,1.0000100135803223,1.0000249147415161,1.0000948905944824,1.0005275011062622,1.0888484716415405,0.0007186622723401141,0.9583325982093811,0.9998309016227722,0.9999525547027588,0.9999875426292419,0.9999980926513672,0.9999997019767761,0.012599887801636964,3.874209977835433e-07,0.0036272700506667904,0.009099519815095509,0.02734884902573252,0.03640317568474774,0.19876302486522698,166
bayesfl_observability_v1,ola_lr0p02_b128_e1,54,ola,48,3,301,3,1,128,0.376475605160691,0.3764756007051943,8.616115667374769e-09,8.616115667374769e-09,0.8870431893687708,0.3764756007051943,0.0918290280152807,0.008772194385528564,0.9999193756892623,0.0918290280152807,,1.0064987190769517,1.2541394113670787,,,,,,,,,,,,,0.3764756007051943,8.616115667374769e-09,3.5275028941092636e-05,6.246208613447379e-06,4.524374235188589e-05,0.04775256663560867,1.0002042606969332,1.0000497102737427,1.0003360509872437,0.9998986591170155,0.9999751448631287,0.9999949932098389,0.018838235276290128,0.018025208170262125,0.033368224013909965,,,,,,,,,301.0,0.00039136548590976215,0.0014583775154096226,1.0000005960464478,1.0000100135803223,1.0000247955322266,1.0000944137573242,1.0005234479904175,1.089184045791626,0.0007112792267188557,0.9581850171089172,0.999832034111023,0.9999527931213379,0.9999876022338867,0.9999980926513672,0.9999997019767761,0.012605816773111279,5.000172596106831e-07,0.003633762215279821,0.00909701325324119,0.027338733799062695,0.036425145737230255,0.20141935530763025,301
bayesfl_observability_v1,ola_lr0p02_b128_e1,54,ola,227,18,607,5,1,128,0.33021061630578963,0.3302105591314825,5.557827035059952e-08,5.557827035059952e-08,0.9077429983525536,0.3302105591314825,0.16518442643422424,0.015373408794403076,0.9997393826634612,0.16518442643422424,,1.1247376207296473,1.2027930712885904,,,,,,,,,,,,,0.3302105591314825,5.557827035059952e-08,5.257464664790312e-05,7.247103440022329e-06,6.190197527757852e-05,0.07646345347166061,1.0002045829274793,1.0000497102737427,1.0003363013267517,0.9998985012604654,0.9999751448631287,0.9999949932098389,0.018843575304354793,0.01802927860305506,0.03338736743331645,,,,,,,,,607.0,0.000736448469955719,0.0014613981214849927,1.0000005960464478,1.0000100135803223,1.0000247955322266,1.0000946521759033,1.0005234479904175,1.0888484716415405,0.0007127495174044468,0.9583325982093811,0.9998319089412689,0.9999526739120483,0.9999876022338867,0.9999980926513672,0.9999997019767761,0.012621649400499984,7.080637048398844e-07,0.003627700214967682,0.009092440033415038,0.02734090981074922,0.03641434182148771,0.1981919231481777,607
bayesfl_observability_v1,ola_lr0p02_b128_e1,54,ola,93,7,103,1,1,128,0.4106748402118683,0.4106748402118683,0.0,0.0,0.8737864077669902,0.4106748402118683,0.042662312636604326,0.0051746666431427,0.9999825742865012,0.042662312636604326,,1.1983912561963983,1.1190743533532796,,,,,,,,,,,,,0.4106748402118683,0.0,4.471044815128377e-05,4.454969484868343e-06,5.725170012738092e-05,0.06694276630878448,1.0002044360670697,1.0000497102737427,1.0003361821174621,0.99989857277374,0.9999751448631287,0.9999949932098389,0.018835580526090766,0.01802391606299112,0.033351899692985104,,,,,,,,,103.0,0.0005206445417452313,0.001459617482256162,1.0000005960464478,1.0000100135803223,1.0000247955322266,1.0000944137573242,1.000523567199707,1.0887264013290405,0.0007118842240125174,0.9583863615989685,0.9998319685459137,0.9999527931213379,0.9999876022338867,0.9999980926513672,0.9999997019767761,0.012593645861177512,1.2956251642405916e-07,0.003627736295934393,0.009108399193822732,0.027336446329266857,0.03640259109468586,0.20032510491657646,103
bayesfl_observability_v1,ola_lr0p02_b128_e1,54,ola,296,23,107,1,1,128,0.1611749231815338,0.1611749231815338,0.0,0.0,0.9813084112149533,0.1611749231815338,0.045848479088974645,0.00850522518157959,0.9999798862065962,0.045848479088974645,,-0.0,2.185987945410232,,,,,,,,,,,,,0.1611749231815338,0.0,5.163808544105848e-05,5.904672889300855e-06,4.649953552871011e-05,0.18084728717803955,1.000204564491447,1.0000499486923218,1.0003361701965332,0.9998985076683894,0.9999750256538391,0.9999949932098389,0.01883547318604689,0.018016541047661008,0.03335271793142187,,,,,,,,,107.0,0.0011293386848731956,0.0014587074149008399,1.0000005960464478,1.0000100135803223,1.0000247955322266,1.0000945329666138,1.0005234479904175,1.0887190103530884,0.0007114932284774261,0.9583895802497864,0.9998319745063782,0.9999527335166931,0.9999876022338867,0.9999980926513672,0.9999997019767761,0.012596213434594732,1.754729453772814e-07,0.003626633310901555,0.009106573490035111,0.027335467295185944,0.03641422626343579,0.21073741963193138,107
bayesfl_observability_v1,ola_lr0p02_b128_e1,54,ola,271,21,143,2,1,128,0.5057863142940547,0.505786311167937,3.897130264184235e-09,3.897130264184235e-09,0.8741258741258742,0.505786311167937,0.13119377119150413,0.018821604549884796,0.9998353037910328,0.13119377119150413,,1.0368649511366086,1.308132397731561,,,,,,,,,,,,,0.505786311167937,3.897130264184235e-09,0.00013121936310164315,1.8526281564845704e-05,0.00017127149767475207,0.2572212815284729,1.0002060392627528,1.0000501871109009,1.0003381967544556,0.9998977842728727,0.9999749064445496,0.9999949336051941,0.01883876003221065,0.018020985330020528,0.033372699270971924,,,,,,,,,143.0,0.002247109830631898,0.0014717400342477206,1.0000005960464478,1.0000101327896118,1.0000251531600952,1.0000959634780884,1.0005261898040771,1.0889644622802734,0.0007177116630139956,0.9582815766334534,0.999830961227417,0.9999520182609558,0.9999874234199524,0.9999980926513672,0.9999997019767761,0.012608341071840059,1.4458953119675926e-07,0.0036240251073986697,0.009109781549390726,0.027341305713852616,0.036405241290716796,0.20180969030040502,143
bayesfl_observability_v1,ola_lr0p02_b128_e1,54,ola,127,10,1,1,1,128,0.04103593900799751,0.04103593900799751,0.0,0.0,1.0,0.04103593900799751,0.028673336510013907,0.0033938810229301453,0.9999921286110383,0.028673336510013907,,-0.0,2.3277319754160017,,,,,,,,,,,,,0.04103593900799751,0.0,2.019652834618633e-05,1.1625984370766673e-06,1.972457903320901e-05,0.02879609540104866,1.0002039808286154,1.0000495910644531,1.0003355860710144,0.9998987982435218,0.9999752044677734,0.9999949932098389,0.01883470902872652,0.018027258767026356,0.033349756880050145,,,,,,,,,1.0,0.00031865973780679895,0.0014576438131189723,1.0000005960464478,1.0000100135803223,1.000024676322937,1.0000942945480347,1.0005223214626313,1.0887185335159302,0.0007109354441819745,0.9583898186683655,0.9998322665691376,0.9999528527259827,0.9999876618385315,0.9999980926513672,0.9999997019767761,0.01259214078235576,7.034090260732926e-07,0.0036295844486693503,0.009106850936017073,0.027336294062047503,0.03639732829814953,0.20171655628315988,1
bayesfl_observability_v1,ola_lr0p02_b128_e1,54,ola,114,9,112,1,1,128,0.5352685451507568,0.5352685451507568,0.0,0.0,0.8928571428571429,0.5352685451507568,0.10145593049423128,0.015058398246765137,0.99990135863883,0.10145593049423128,,0.17604524709725128,2.1334990783975436,,,,,,,,,,,,,0.5352685451507568,0.0,0.0002528570817420676,1.689876171440119e-05,0.00024647127138450797,0.5668882131576538,1.000208288404812,1.00005042552948,1.000341773033142,0.9998966830113178,0.99997478723526,0.9999949336051941,0.018834704744805166,0.018023072004042757,0.03335236413553663,,,,,,,,,112.0,0.005512114378555312,0.0014932280969315952,1.0000005960464478,1.0000101327896118,1.0000251531600952,1.0000948905944824,1.000530481338501,1.088723063468933,0.0007279753102850183,0.9583878517150879,0.9998291730880737,0.9999525547027588,0.9999874234199524,0.9999980330467224,0.9999997019767761,0.012597754833833564,1.338574343515479e-08,0.003622086778852679,0.00910857524448275,0.027346202104603527,0.036400804222992536,0.19960282205995916,112
bayesfl_observability_v1,ola_lr0p02_b128_e1,54,ola,149,11,333,3,1,128,0.17025995208649664,0.17025993946749526,1.3219677279445657e-08,1.3219677279445657e-08,0.9579579579579579,0.17025993946749526,0.09414559735939644,0.016994506120681763,0.9999151692390084,0.09414559735939644,,0.21239478849365837,2.0487084209067463,,,,,,,,,,,,,0.17025993946749526,1.3219677279445657e-08,3.355066675317112e-05,3.991829089500243e-06,3.776481025852263e-05,0.10936546325683594,1.0002042287422372,1.0000497102737427,1.0003358125686646,0.9998986741607897,0.9999751448631287,0.9999949932098389,0.018837149472286322,0.01803013628473255,0.033362418542545756,,,,,,,,,333.0,0.0007090092526446038,0.001457477832166341,1.0000005960464478,1.0000100135803223,1.0000247955322266,1.0000942945480347,1.0005231022834777,1.0889490842819214,0.0007108750847782561,0.9582883715629578,0.9998321533203125,0.9999528527259827,0.9999876022338867,0.9999980926513672,0.9999997019767761,0.012602157582698724,4.426465172372502e-08,0.0036256176600847987,0.00909650111412878,0.027341402101026573,0.03641813525879827,0.20130267422444123,333
bayesfl_observability_v1,ola_lr0p02_b128_e1,54,ola,157,12,1161,10,1,128,0.2528095516559895,0.2528094099345236,1.4285920288329698e-07,1.4285920288329698e-07,0.9388458225667528,0.2528094099345236,0.24546754170559595,0.026739612221717834,0.9994249186087257,0.24546754170559595,,0.7423673181497622,1.5962776212694494,,,,,,,,,,,,,0.2528094099345236,1.4285920288329698e-07,3.8179295388171485e-05,6.757899882359197e-06,4.5285538726602774e-05,0.04880831763148308,1.0002043148793534,1.000049650669098,1.000335931777954,0.9998986331942368,0.999975174665451,0.9999949932098389,0.018848934167688007,0.018024817924791915,0.03340532019307173,,,,,,,,,1161.0,0.0005125270394844945,0.0014594329883778846,1.0000005960464478,1.0000100135803223,1.0000247955322266,1.0000945329666138,1.0005227982997895,1.0887259244918823,0.0007118139610425931,0.9583866000175476,0.9998320937156677,0.9999527335166931,0.9999876022338867,0.9999980926513672,0.9999997019767761,0.012639387549088048,3.387443878475361e-08,0.0036167817820312365,0.009105753808167654,0.027332408416030955,0.03643939090262131,0.19625937202729724,1161
bayesfl_observability_v1,ola_lr0p02_b128_e1,54,ola,1,0,101,1,1,128,0.7379255890846252,0.7379255890846252,0.0,0.0,0.7920792079207921,0.7379255890846252,0.11253690313427082,0.014998845756053925,0.9998786633493011,0.11253690313427082,,0.627941588739906,1.7479275202290525,,,,,,,,,,,,,0.7379255890846252,0.0,0.0003111072790857491,2.777148074528668e-05,0.000333727587712929,0.5624138116836548,1.0002093706534398,1.0000510215759277,1.0003422498703003,0.9998961487330165,0.9999744892120361,0.9999949336051941,0.01883614278623538,0.018023984782966844,0.033370682928837346,,,,,,,,,101.0,0.005840817773238424,0.0014993881296459812,1.0000005960464478,1.0000101327896118,1.0000256299972534,1.000097393989563,1.000531554222107,1.0888431072235107,0.0007309689543328936,0.9583349823951721,0.9998289346694946,0.9999513030052185,0.9999871850013733,0.9999980926513672,0.9999997019767761,0.012599271226374217,3.3416479715874033e-07,0.0036306991110398273,0.00910470027539954,0.02734216077028632,0.03639297343511029,0.19928209867638272,101
bayesfl_observability_v1,ola_lr0p02_b128_e1,54,ola,10,0,264,3,1,128,0.30114273512453743,0.301142719207388,1.679048517730459e-08,1.679048517730459e-08,0.9393939393939394,0.301142719207388,0.1100595156852941,0.02260613441467285,0.999884064222265,0.1100595156852941,,0.6208219280032783,1.6948761476345018,,,,,,,,,,,,,0.301142719207388,1.679048517730459e-08,5.973440289363865e-05,5.5062173487385735e-06,5.685646101483153e-05,0.2393723726272583,1.00020471287931,1.0000497102737427,1.0003363013267517,0.9998984370705326,0.9999751448631287,0.9999949932098389,0.018837759370045767,0.018030248346304678,0.03336519354004435,,,,,,,,,264.0,0.0014580375653782574,0.0014621697924264076,1.0000005960464478,1.0000100135803223,1.0000247955322266,1.0000947713851929,1.0005234479904175,1.0887302160263062,0.0007130876775715747,0.9583846926689148,0.9998319089412689,0.9999526143074036,0.9999876022338867,0.9999980926513672,0.9999997019767761,0.012604269873070789,6.617113221117494e-08,0.003626077057588339,0.009096397614578543,0.027335909039652263,0.03639977445241623,0.20363767918626258,264
bayesfl_observability_v1,ola_lr0p02_b128_e1,54,ola,69,5,1,1,1,128,2.893850088119507,2.893850088119507,0.0,0.0,0.0,2.893850088119507,0.8868285378759219,0.0880037397146225,0.9925229235350576,0.8868285378759219,,-0.0,2.259365973874069,,,,,,,,,,,,,2.893850088119507,0.0,0.01931966413927394,0.00101715256460011,0.030048906803131284,19.36164665222168,1.0005613809439198,1.00008225440979,1.00095192193985,0.999725658230947,0.999958872795105,0.9999920725822449,0.018900766548111275,0.01806645159499299,0.033496902456923335,,,,,,,,,1.0,0.19778177736930846,0.0043215489358976455,1.0000005960464478,1.0000158548355103,1.0000419616699219,1.0001885890960693,1.0022410213947297,1.3893249034881592,0.0019501672586826626,0.8483949899673462,0.9995243966579437,0.9999057054519653,0.9999790191650391,0.9999977946281433,0.9999997019767761,0.012782283149218737,1.9433838912301696e-07,0.003638150373374868,0.009096266183998216,0.027387070462813003,0.036703170097573276,0.2856939190675434,1
bayesfl_observability_v1,ola_lr0p02_b128_e1,54,ola,70,5,44,1,1,128,0.3173847198486328,0.3173847198486328,0.0,0.0,0.9090909090909091,0.3173847198486328,0.055890447406793574,0.0089043527841568,0.9999700899401235,0.055890447406793574,,0.9231677754626141,1.3278616130171497,,,,,,,,,,,,,0.3173847198486328,0.0,7.673533430915403e-05,6.028514462741441e-06,7.121667294995859e-05,0.19821850955486298,1.000205028072326,1.0000498294830322,1.0003366470336914,0.9998982820504304,0.9999750852584839,0.9999949336051941,0.018835020551895287,0.018027375501195434,0.03335495966957767,,,,,,,,,44.0,0.0014629577686105873,0.0014644684279074736,1.0000005960464478,1.0000101327896118,1.0000249147415161,1.0000945329666138,1.000524878501892,1.0887224674224854,0.0007142418728996034,0.958388090133667,0.9998317360877991,0.9999527335166931,0.9999875426292419,0.9999980926513672,0.9999997019767761,0.012596664677556196,1.0636330210325534e-07,0.0036202120629765075,0.009108503085473759,0.027348186861053288,0.03640785042840484,0.2020288433552109,44
bayesfl_observability_v1,ola_lr0p02_b128_e1,54,ola,212,17,239,2,1,128,0.3693888936207384,0.36938887285886945,2.2388239368395502e-08,2.2388239368395502e-08,0.9246861924686193,0.36938887285886945,0.12182598326409298,0.016615986824035645,0.9998579224458639,0.12182598326409298,,0.8353546496930009,1.4841423980608157,,,,,,,,,,,,,0.36938887285886945,2.2388239368395502e-08,0.0001318958417856696,1.2925815099151805e-05,0.0001128548617998605,0.24829214811325073,1.0002060515386038,1.0000503063201904,1.0003379583358765,0.9998977818522575,0.9999748468399048,0.9999949932098389,0.01883981171275469,0.01803195160958924,0.03336211737935624,,,,,,,,,239.0,0.002584804746732445,0.0014752834057616348,1.0000005960464478,1.0000100135803223,1.0000249147415161,1.0000948905944824,1.0005267322063447,1.0893547534942627,0.0007193840209710488,0.9581099152565002,0.9998310804367065,0.9999525547027588,0.9999875426292419,0.9999980926513672,0.9999997019767761,0.012601864794127391,1.3649618706694828e-06,0.003640077289850608,0.009104303718664445,0.027330755455685456,0.036368454098912886,0.2007151335251994,239
bayesfl_observability_v1,ola_lr0p02_b128_e1,55,ola,65,5,234,2,1,128,0.7077158371098021,0.7077157966092101,3.600857078798336e-08,3.600857078798336e-08,0.7692307692307693,0.7077157966092101,0.1628639965289116,0.02183040976524353,0.9997464730233703,0.1628639965289116,,1.3610773181129292,0.9648383655468464,,,,,,,,,,,,,0.7077157966092101,3.600857078798336e-08,0.00022089079533834142,2.4873002075764816e-05,0.00020089558965992216,0.408690482378006,1.0002053401577247,1.0000499486923218,1.0003360509872437,0.9998981400997755,0.9999750256538391,0.9999949932098389,0.01884692381286823,0.018033327194415756,0.03337272651029692,,,,,,,,,234.0,0.0030561416033264358,0.0014781582409086112,1.0000005960464478,1.0000100135803223,1.0000247955322266,1.0000945329666138,1.0005236327648164,1.0946779251098633,0.000720431720840415,0.9557775259017944,0.999832034111023,0.9999527335166931,0.9999876022338867,0.9999980926513672,0.9999997019767761,0.012629995183852051,8.967505748972982e-08,0.0036305542231749705,0.009102138849168499,0.027342544564803412,0.0364537338154429,0.19618313685247918,234
bayesfl_observability_v1,ola_lr0p02_b128_e1,55,ola,71,5,2,1,1,128,0.23833534121513367,0.23833534121513367,0.0,0.0,1.0,0.23833534121513367,0.10615705959917533,0.014222629368305206,0.9998923348048172,0.10615705959917533,,-0.0,2.4040642619438994,,,,,,,,,,,,,0.23833534121513367,0.0,0.0002768330845138649,2.320955172763206e-05,0.0002906107110902667,0.5057078003883362,1.0002063550894746,1.0000505447387695,1.0003403425216675,0.999897617631124,0.9999747276306152,0.9999948740005493,0.018845538514418808,0.018023324107748782,0.03338844752128404,,,,,,,,,2.0,0.004201920184522541,0.0014633522575105387,1.0000005960464478,1.0000102519989014,1.0000252723693848,1.0000979900360107,1.0005267322063447,1.0876598358154297,0.0007138157566990329,0.9588561654090881,0.999829888343811,0.9999510049819946,0.9999873638153076,0.9999980330467224,0.9999997019767761,0.012626968566912828,7.865857354741795e-07,0.0036165325410670453,0.009101160539825607,0.027345485515486104,0.03642537898053413,0.19827843259347525,2
bayesfl_observability_v1,ola_lr0p02_b128_e1,55,ola,5,0,35,1,1,128,0.6903137564659119,0.6903137564659119,0.0,0.0,0.7714285714285715,0.6903137564659119,0.11538647144964137,0.011051870882511139,0.9998726611881864,0.11538647144964137,,1.5903475561802325,0.7061063978321973,,,,,,,,,,,,,0.6903137564659119,0.0,0.0003270619418721985,2.237458829768002e-05,0.00032386481470894114,0.3053596615791321,1.000207270126487,1.0000499486923218,1.0003385543823242,0.9998971883037346,0.9999750256538391,0.9999949336051941,0.018845166377506054,0.018027415469122565,0.03336599010002225,,,,,,,,,35.0,0.004605180045557324,0.001489786114130154,1.0000005960464478,1.0000101327896118,1.0000249147415161,1.000096321105957,1.000527262687683,1.0874463319778442,0.0007263519829604644,0.9589502811431885,0.9998307824134827,0.9999518394470215,0.9999875426292419,0.9999980926513672,0.9999997019767761,0.012620079277569066,6.143202230760391e-07,0.003617776807232432,0.00910982258997382,0.027344716390861598,0.0364303374650642,0.19871047234548694,35
bayesfl_observability_v1,ola_lr0p02_b128_e1,55,ola,9,0,107,1,1,128,0.8741965889930725,0.8741965889930725,0.0,0.0,0.6822429906542056,0.8741965889930725,0.19105962867061613,0.023195937275886536,0.9996507723196625,0.19105962867061613,,0.20393077072313337,2.077417173602598,,,,,,,,,,,,,0.8741965889930725,0.0,0.0008967226268272637,6.182614015415311e-05,0.0008246127981692553,1.3451290130615234,1.0002176266118563,1.0000509023666382,1.0003525018692017,0.9998921165768988,0.9999745488166809,0.9999948740005493,0.018844436613330642,0.01803046823883433,0.03336389476217082,,,,,,,,,107.0,0.01724779849365557,0.0015845760414046567,1.0000005960464478,1.0000102519989014,1.0000264644622803,1.0000959634780884,1.0005500972270966,1.0873398780822754,0.0007715378815915942,0.9589971899986267,0.999823808670044,0.9999520182609558,0.9999867677688599,0.9999980330467224,0.9999997019767761,0.01262447007717099,1.1907335886871167e-07,0.003614007594113339,0.009096617992755546,0.027342693446435952,0.03641290768707107,0.19764413685556909,107
bayesfl_observability_v1,ola_lr0p02_b128_e1,55,ola,284,22,252,2,1,128,0.2022452366257471,0.20224522929342967,9.47098661930297e-09,9.47098661930297e-09,0.9682539682539683,0.20224522929342967,0.10308929462003952,0.0181734561920166,0.9998984363846545,0.10308929462003952,,0.042414731858117456,2.1445043425723562,,,,,,,,,,,,,0.20224522929342967,9.47098661930297e-09,6.980835128746585e-05,8.394963515456766e-06,6.750484462827445e-05,0.21573805809020996,1.0002025920632336,1.0000494718551636,1.000332486629486,0.9998994766113811,0.9999752640724182,0.9999949932098389,0.018845069431836114,0.018022754668743014,0.033374495319330004,,,,,,,,,252.0,0.0014403114720129746,0.00144238093266788,1.0000005960464478,1.0000100135803223,1.000024676322937,1.000093698501587,1.000517910718918,1.0872479677200317,0.0007037863435036281,0.959037721157074,0.9998338162899018,0.9999531507492065,0.9999876618385315,0.9999980926513672,0.9999997019767761,0.012624547101321012,3.6280635344642253e-07,0.0036177095937280903,0.009107266938818491,0.027345912363523767,0.03644552897536778,0.21719042583846754,252
bayesfl_observability_v1,ola_lr0p02_b128_e1,55,ola,137,11,171,2,1,128,0.7300778133304495,0.7300777871009202,2.778199982737549e-08,2.778199982737549e-08,0.7953216374269005,0.7300777871009202,0.17061267686683923,0.028987526893615723,0.999721652854558,0.17061267686683923,,0.6827231249542707,1.62788476164325,,,,,,,,,,,,,0.7300777871009202,2.778199982737549e-08,0.0002803890981404951,2.9947612347314134e-05,0.00022898052848177036,0.8130595088005066,1.0002064201432852,1.0000499486923218,1.000337016582489,0.999897621230127,0.9999750256538391,0.9999949932098389,0.018844324818274513,0.018031439349410226,0.033374467408407826,,,,,,,,,171.0,0.00602821698947954,0.0014983185864548257,1.0000005960464478,1.0000100135803223,1.0000247955322266,1.0000942945480347,1.0005242824554443,1.1020300388336182,0.0007295148502317274,0.9525840282440186,0.9998315513134003,0.9999528527259827,0.9999876022338867,0.9999980926513672,0.9999997019767761,0.012629830503898614,7.603681918519403e-07,0.0036337136669967723,0.009097028008340861,0.027344061998266556,0.03642606369553643,0.19712308551806282,171
bayesfl_observability_v1,ola_lr0p02_b128_e1,55,ola,161,12,522,5,1,128,0.28529694587905746,0.2852968584132377,8.808318401272564e-08,8.808318401272564e-08,0.9348659003831418,0.2852968584132377,0.20110410405377216,0.027450859546661377,0.9996138464322455,0.20110410405377216,,0.46907990249119813,1.8590800092150952,,,,,,,,,,,,,0.2852968584132377,8.808318401272564e-08,8.076247481850381e-05,1.0196588391409023e-05,7.800196690368489e-05,0.15872542560100555,1.0002027920412973,1.000049352645874,1.0003328442573547,0.9998993839685324,0.999975323677063,0.9999950528144836,0.0188535748276273,0.018031042706832666,0.033386076905993996,,,,,,,,,522.0,0.0016564557454161301,0.0014494275160673088,1.0000005960464478,1.0000098943710327,1.000024676322937,1.000093698501587,1.0005184412002563,1.0875262022018433,0.0007071155348813697,0.9589150547981262,0.9998336374759674,0.9999531507492065,0.9999876618385315,0.9999980926513672,0.9999997019767761,0.012636331708286565,3.3557146776697495e-07,0.003634688164470706,0.009110700562632213,0.027335289677352652,0.03639417852995078,0.20417427821035872,522
bayesfl_observability_v1,ola_lr0p02_b128_e1,55,ola,195,15,25,1,1,128,0.5220223665237427,0.5220223665237427,0.0,0.0,0.84,0.5220223665237427,0.09301808461730367,0.00867510586977005,0.9999172483223283,0.09301808461730367,,1.3119690925702856,0.9861324927876863,,,,,,,,,,,,,0.5220223665237427,0.0,0.00021254701878499106,1.4772316262678942e-05,0.00023162876896094532,0.18814361095428467,1.0002051883963454,1.0000498294830322,1.0003361701965332,0.9998982037731386,0.9999750852584839,0.9999949336051941,0.018843827569638007,0.018029669596585217,0.033377171772523244,,,,,,,,,25.0,0.0026166801638041652,0.0014663180752211085,1.0000005960464478,1.0000101327896118,1.0000250339508057,1.0000958442687988,1.000522255897522,1.0881459712982178,0.0007151150471026949,0.9586419463157654,0.9998319745063782,0.9999520778656006,0.9999874830245972,0.9999980926513672,0.9999997019767761,0.012619525405475287,4.823004075527276e-08,0.0036114870984268986,0.009100871157559878,0.027340913298388413,0.036434881489131925,0.1977172607769482,25
bayesfl_observability_v1,ola_lr0p02_b128_e1,55,ola,41,3,4,1,1,128,0.3533208668231964,0.3533208668231964,0.0,0.0,1.0,0.3533208668231964,0.09977895375384506,0.009425215423107147,0.9999047785094552,0.09977895375384506,,0.5623351446188083,1.756608808640784,,,,,,,,,,,,,0.3533208668231964,0.0,0.00024456715740928104,1.710592368908692e-05,0.00023018848150968552,0.22208669781684875,1.0002057686200647,1.000050663948059,1.0003390312194824,0.9998979064416028,0.9999746680259705,0.9999948143959045,0.01884393571611418,0.01802827570654551,0.03338119163352558,,,,,,,,,4.0,0.0026970710990314893,0.0014593324568823068,1.0000005960464478,1.000010371208191,1.0000252723693848,1.0000959634780884,1.0005260705947876,1.0876774787902832,0.0007118575537637263,0.9588483572006226,0.9998305439949036,0.9999520182609558,0.9999873638153076,0.9999980926513672,0.9999997019767761,0.012619930062905238,3.3191961504703e-07,0.003610881667030146,0.009101203499759639,0.027329407201366597,0.036398033620209214,0.1983079205123642,4
bayesfl_observability_v1,ola_lr0p02_b128_e1,55,ola,47,3,19,1,1,128,0.49936747550964355,0.49936747550964355,0.0,0.0,0.8421052631578947,0.49936747550964355,0.13979259124315202,0.016637995839118958,0.999813117249973,0.13979259124315202,,0.6680178186607534,1.6176422038869243,,,,,,,,,,,,,0.49936747550964355,0.0,0.00048005229742272324,3.673510582302697e-05,0.00043684613774530595,0.6920577883720398,1.0002100511174474,1.000050663948059,1.0003433227539062,0.9998958167386006,0.9999746680259705,0.9999948740005493,0.01884515165588482,0.01802020923166418,0.03336721089821945,,,,,,,,,19.0,0.008405637957111169,0.0015067347175242646,1.0000005960464478,1.0000102519989014,1.000025987625122,1.0000966787338257,1.0005348920822144,1.0872840881347656,0.0007346311130654393,0.959021806716919,0.9998283982276917,0.9999516606330872,0.999987006187439,0.9999980926513672,0.9999997019767761,0.01262430319830423,2.850625759500763e-08,0.003618422418116568,0.009091936960878762,0.027346878465565223,0.036438198019845845,0.19875320559382045,19
bayesfl_observability_v1,ola_lr0p02_b128_e1,55,ola,93,7,103,1,1,128,0.5044088959693909,0.5044088959693909,0.0,0.0,0.8349514563106796,0.5044088959693909,0.06696478509619692,0.00943911075592041,0.9999570957380777,0.06696478509619692,,1.1983912561963983,1.1190743533532796,,,,,,,,,,,,,0.5044088959693909,0.0,0.00011015727584242935,1.0260939234285615e-05,0.00011444120900705457,0.22274214029312134,1.0002033253907103,1.000049352645874,1.0003336668014526,0.9998991207920921,0.999975323677063,0.9999949932098389,0.01884296009574353,0.018026882187650868,0.033367470969036396,,,,,,,,,103.0,0.0016117967245161183,0.0014527538784347587,1.0000005960464478,1.0000100135803223,1.000024676322937,1.000093936920166,1.0005197525024414,1.0872520208358765,0.0007086652881120994,0.9590359330177307,0.9998332262039185,0.999953031539917,0.9999876618385315,0.9999980926513672,0.9999997019767761,0.012615020020141279,4.7624327893814057e-07,0.003619459111187306,0.00911443827369076,0.02733807197872966,0.03642984873050759,0.19736289051698166,103
bayesfl_observability_v1,ola_lr0p02_b128_e1,55,ola,244,19,1260,10,1,128,0.3468259274959564,0.3468258481177073,7.613359414227445e-08,7.613359414227445e-08,0.9047619047619048,0.3468258481177073,0.1904517834424076,0.027402818202972412,0.9996556721079872,0.1904517834424076,,1.3323327101463387,1.0014916603766353,,,,,,,,,,,,,0.3468258481177073,7.613359414227445e-08,2.0834653522538336e-05,4.3654022192640696e-06,3.149044896417764e-05,0.03633831441402435,1.0002017022467695,1.000049114227295,1.0003315210342407,0.9998999183493278,0.9999754428863525,0.9999950528144836,0.01886008378240399,0.018041439078036223,0.033416553466433595,,,,,,,,,1260.0,0.0002448430433772553,0.0014395320300364764,1.0000005960464478,1.0000098943710327,1.0000245571136475,1.0000934600830078,1.000515764951706,1.0872541666030884,0.0007023667512675621,0.9590349793434143,0.9998342990875244,0.9999532699584961,0.9999877214431763,0.9999980926513672,0.9999997019767761,0.01266724700287165,6.0054267249067e-07,0.003602514313484958,0.00910451513111674,0.027353719097539135,0.03647999589872969,0.20935262956990083,1260
bayesfl_observability_v1,ola_lr0p02_b128_e1,55,ola,17,1,132,2,1,128,1.1162843514572491,1.1162843478448463,3.1656763136804025e-09,3.1656763136804025e-09,0.6590909090909091,1.1162843478448463,0.2019204361155736,0.02294263243675232,0.999610158267984,0.2019204361155736,,1.2053659931842142,1.1004903769146668,,,,,,,,,,,,,1.1162843478448463,3.1656763136804025e-09,0.00037726901504626286,4.389233799884096e-05,0.0004994464514311405,0.5837358236312866,1.0002081806186234,1.0000505447387695,1.0003410577774048,0.9998967430136393,0.9999747276306152,0.9999948740005493,0.01884704391554217,0.018038272529187802,0.03337621482464504,,,,,,,,,132.0,0.004935299217249439,0.0014995293771501916,1.0000005960464478,1.0000102519989014,1.0000253915786743,1.0000964403152466,1.0005285739898682,1.0978604555130005,0.0007304747904941234,0.9543911814689636,0.9998295307159424,0.9999517798423767,0.9999873042106628,0.9999980926513672,0.9999997019767761,0.01262951623389919,1.0723352502927059e-07,0.003631961571209136,0.009094222876376087,0.027345432217058655,0.0364220263525779,0.1970083684984771,132
bayesfl_observability_v1,ola_lr0p02_b128_e1,55,ola,23,1,306,3,1,128,0.4663572934717914,0.4663572615268184,3.707602874242392e-08,3.707602874242392e-08,0.8627450980392157,0.4663572615268184,0.16497268470859622,0.019613854587078094,0.999739726720487,0.16497268470859622,,1.0359434414661433,1.2422106794126557,,,,,,,,,,,,,0.4663572615268184,3.707602874242392e-08,0.00011069198501357586,1.2176490599813405e-05,0.00011043544654967271,0.139315664768219,1.000203335549914,1.000049352645874,1.0003336668014526,0.9998991146939928,0.999975323677063,0.9999949932098389,0.018845418846281988,0.018033063821433222,0.03336130266500932,,,,,,,,,306.0,0.0017207116566247637,0.0014516702201879375,1.0000005960464478,1.0000100135803223,1.0000247955322266,1.0000941753387451,1.0005195140838623,1.087254524230957,0.0007082391246257906,0.9590348601341248,0.9998332262039185,0.9999529123306274,0.9999876022338867,0.9999980926513672,0.9999997019767761,0.012624782799738539,3.7444680978609476e-08,0.003612327952653673,0.00908983481606904,0.02734332478215507,0.03643011998907321,0.19593792082050376,306
bayesfl_observability_v1,ola_lr0p02_b128_e1,55,ola,266,21,765,6,1,128,0.4119810102422253,0.41198092106900186,8.700550941379857e-08,8.700550941379857e-08,0.8640522875816994,0.41198092106900186,0.20193000358916063,0.02470751851797104,0.9996107966488351,0.20193000358916063,,0.7641131958245704,1.5607339077663793,,,,,,,,,,,,,0.41198092106900186,8.700550941379857e-08,0.00010234557268283161,1.3886283340980299e-05,0.00010598447261145338,0.12735964357852936,1.0002031835776901,1.000049352645874,1.000333309173584,0.9998991897658583,0.999975323677063,0.9999949932098389,0.01885100370321569,0.018024069000565267,0.033395727218912985,,,,,,,,,765.0,0.0016601941876625173,0.0014508288983135955,1.0000005960464478,1.0000100135803223,1.0000247955322266,1.000093936920166,1.000519037246704,1.0872598886489868,0.0007078264921992248,0.9590324759483337,0.9998334050178528,0.999953031539917,0.9999876022338867,0.9999980926513672,0.9999997019767761,0.012643496169147112,2.9334611034965486e-09,0.003610982655784512,0.009087849085055754,0.02734765035876285,0.03643991310237526,0.1949579923312464,765
bayesfl_observability_v1,ola_lr0p02_b128_e1,56,ola,177,14,173,2,1,128,0.6611876716848054,0.6611876329245595,3.969655309668064e-08,3.969655309668064e-08,0.7976878612716763,0.6611876329245595,0.20764454345667327,0.037806734442710876,0.9995887181540621,0.20764454345667327,,0.7072416889214992,1.6019064244591992,,,,,,,,,,,,,0.6611876329245595,3.969655309668064e-08,0.0003953557817290794,4.592070035869256e-05,0.0003043702861759824,1.322908878326416,1.0002070074935576,1.0000499486923218,1.0003366470336914,0.9998973513013829,0.9999750256538391,0.9999949336051941,0.018856518434972623,0.018030053212236212,0.03339754083693581,,,,,,,,,173.0,0.009167824755860324,0.0015209893160232969,1.0000005960464478,1.0000101327896118,1.0000249147415161,1.0000934600830078,1.0005234479904175,1.11077880859375,0.0007396075056016759,0.9488251805305481,0.9998317360877991,0.9999532699584961,0.9999875426292419,0.9999980330467224,0.9999997019767761,0.012663130810184395,1.2773954813832128e-07,0.0036334401353648477,0.009092061408256455,0.02734244691715419,0.036478931584221934,0.19724621560229122,173
bayesfl_observability_v1,ola_lr0p02_b128_e1,56,ola,171,13,648,6,1,128,0.3571555476497721,0.35715538833612276,1.5980258762350853e-07,1.5980258762350853e-07,0.8935185185185185,0.35715538833612276,0.24290121576659177,0.029661081731319427,0.9994375913161891,0.24290121576659177,,0.8947993234419066,1.3755222828587679,,,,,,,,,,,,,0.35715538833612276,1.5980258762350853e-07,0.00014166745067818897,1.3483523616741877e-05,0.00013464404473779735,0.2142212688922882,1.0002024764406479,1.0000489950180054,1.000331163406372,0.9998995459658394,0.9999755024909973,0.9999950528144836,0.018862930815478095,0.018040898898364542,0.03339297270002559,,,,,,,,,648.0,0.002467624557287958,0.0014535426147325081,1.0000005960464478,1.0000098943710327,1.0000245571136475,1.0000935792922974,1.0005149841308594,1.0871697664260864,0.000709057109099887,0.9590722322463989,0.9998344779014587,0.9999532103538513,0.9999877214431763,0.9999980926513672,0.9999997019767761,0.012665172847673132,2.175110988713823e-07,0.00362789261185645,0.009109382050812437,0.02734374068547271,0.03650214487805417,0.21003359780720485,648
bayesfl_observability_v1,ola_lr0p02_b128_e1,56,ola,50,4,13,1,1,128,0.1686658263206482,0.1686658263206482,0.0,0.0,1.0,0.1686658263206482,0.03985154049267504,0.005448818206787109,0.9999848912230688,0.03985154049267504,,0.8953326659680909,1.3255516450199865,,,,,,,,,,,,,0.1686658263206482,0.0,3.901309498774531e-05,4.6877025852154475e-06,4.696890864579478e-05,0.07422401756048203,1.0002006411247875,1.0000487565994263,1.0003293752670288,0.9999004416525733,0.9999756217002869,0.9999950528144836,0.01885374469573333,0.018020531923707138,0.03339227358867645,,,,,,,,,13.0,0.0004854792935528579,0.0014326359386584346,1.0000005960464478,1.0000098943710327,1.0000245571136475,1.00009286403656,1.0005122423171997,1.0874425172805786,0.0006990955594564911,0.9589519500732422,0.9998353719711304,0.99995356798172,0.9999877214431763,0.9999980926513672,0.9999997019767761,0.012646490677309365,6.988854377818451e-07,0.003617385182108582,0.009095877723328797,0.027350731657846895,0.03645480670011865,0.20377280646019813,13
bayesfl_observability_v1,ola_lr0p02_b128_e1,56,ola,41,3,4,1,1,128,0.28699564933776855,0.28699564933776855,0.0,0.0,1.0,0.28699564933776855,0.08639392817943707,0.00912501197308302,0.9999287412006654,0.08639392817943707,,0.5623351446188083,1.756608808640784,,,,,,,,,,,,,0.28699564933776855,0.0,0.000183352438127382,1.2191802852612454e-05,0.00015327583532780424,0.20816461741924286,1.0002032208913574,1.0000498294830322,1.0003342628479004,0.9998991645839649,0.9999750852584839,0.9999948740005493,0.018853341248910818,0.018033481132769407,0.033400551624875374,,,,,,,,,4.0,0.0022427130973821058,0.0014446177606252987,1.0000005960464478,1.0000102519989014,1.0000247955322266,1.0000944137573242,1.0005183219909668,1.0875625610351562,0.0007048556839936031,0.9588990211486816,0.9998329281806946,0.9999527931213379,0.9999876022338867,0.9999980926513672,0.9999997019767761,0.012643580196550765,1.609657969590885e-07,0.00361370002236664,0.009095218586168663,0.027334693004129572,0.03645102211207367,0.1981047543682892,4
bayesfl_observability_v1,ola_lr0p02_b128_e1,56,ola,47,3,19,1,1,128,0.20338542759418488,0.20338542759418488,0.0,0.0,0.9473684210526315,0.20338542759418488,0.04918149427633431,0.004773400723934174,0.9999769302860761,0.04918149427633431,,0.6680178186607534,1.6176422038869243,,,,,,,,,,,,,0.20338542759418488,0.0,5.94187732924586e-05,5.918789611314423e-06,6.400576967280358e-05,0.056963443756103516,1.000201006092397,1.0000489950180054,1.0003291368484497,0.9999002627308738,0.9999755024909973,0.9999950528144836,0.018853010073726206,0.01802784483951825,0.033383340227713595,,,,,,,,,19.0,0.0007998480667398924,0.001436010216752978,1.0000005960464478,1.0000098943710327,1.000024676322937,1.0000932216644287,1.0005123615264893,1.0871691703796387,0.0007007314357011013,0.9590725302696228,0.9998354911804199,0.9999533891677856,0.9999876618385315,0.9999980926513672,0.9999997019767761,0.012644077075679959,2.7824859136787463e-07,0.0036128485916646635,0.009097516292144153,0.02734548247115288,0.03645054174483969,0.19856306972823173,19
bayesfl_observability_v1,ola_lr0p02_b128_e1,56,ola,259,20,3,1,1,128,0.7557616233825684,0.7557616233825684,0.0,0.0,0.6666666666666666,0.7557616233825684,0.2124562135768068,0.031728848814964294,0.9995691071915572,0.2124562135768068,,-0.0,2.259365973874069,,,,,,,,,,,,,0.7557616233825684,0.0,0.0011088151156565806,9.65447470662184e-05,0.0007928634295240045,2.5167996883392334,1.00021975019937,1.0000516176223755,1.0003635883331299,0.9998909920257822,0.9999741911888123,0.9999942183494568,0.018855170586223647,0.01804268781839656,0.03339260791412831,,,,,,,,,3.0,0.016431176248504414,0.0015284203292708443,1.0000005960464478,1.0000115633010864,1.0000274181365967,1.0000971555709839,1.0005743503570557,1.0969932079315186,0.0007446322324275405,0.9547683596611023,0.9998182654380798,0.9999514222145081,0.9999862909317017,0.9999980926513672,0.9999997019767761,0.012653518027660337,6.110540288420984e-07,0.00362272787508395,0.009095817554803709,0.02734509601000016,0.036476135645073786,0.21020814119047768,3
bayesfl_observability_v1,ola_lr0p02_b128_e1,56,ola,107,8,2,1,1,128,0.5927788019180298,0.5927788019180298,0.0,0.0,1.0,0.5927788019180298,0.2559802926635207,0.04095575213432312,0.9993751238458268,0.2559802926635207,,-0.0,2.311121424016332,,,,,,,,,,,,,0.5927788019180298,0.0,0.0016096568781320865,9.805542504182085e-05,0.0010315695544704795,4.193435192108154,1.0002286927339499,1.000052571296692,1.0003643035888672,0.9998868498180662,0.999973714351654,0.9999946355819702,0.018859040640421442,0.018015880307970203,0.03341253969365882,,,,,,,,,2.0,0.03312186009958652,0.0018135752161699326,1.0000005960464478,1.0000107288360596,1.0000269412994385,1.0000996589660645,1.0005698204040527,1.1620382070541382,0.0008708693989909792,0.9276620745658875,0.9998179078102112,0.9999501705169678,0.9999865293502808,0.9999979138374329,0.9999997019767761,0.012673198508899737,4.091223435328583e-07,0.0036261639445964583,0.009091279359674524,0.027359688140088975,0.03649705552295873,0.1981008323516688,2
bayesfl_observability_v1,ola_lr0p02_b128_e1,56,ola,199,15,66,1,1,128,1.0165162086486816,1.0165162086486816,0.0,0.0,0.6212121212121212,1.0165162086486816,0.20002711307026955,0.035832613706588745,0.9996181217766373,0.20002711307026955,,0.5771077249415074,1.7075923616880604,,,,,,,,,,,,,1.0165162086486816,0.0,0.0009828743055237499,9.905095066642389e-05,0.0007551758841145787,3.2099416255950928,1.000217498952377,1.0000520944595337,1.0003488183021545,0.9998922743227553,0.9999739527702332,0.9999945163726807,0.018854358159646187,0.018032544691487067,0.03339172396621293,,,,,,,,,66.0,0.022412405451033,0.0016716480256540858,1.0000005960464478,1.0000109672546387,1.000025987625122,1.0000946521759033,1.0005419909954072,1.1444758176803589,0.0008074026861654,0.9347525835037231,0.9998256504535675,0.9999526739120483,0.999987006187439,0.9999980330467224,0.9999997019767761,0.012659300374572918,8.318781768601356e-07,0.0036217459111433036,0.009098737504995343,0.02734562786599434,0.036469514250991104,0.2004729496909178,66
bayesfl_observability_v1,ola_lr0p02_b128_e1,56,ola,282,22,46,1,1,128,0.5279126763343811,0.5279126763343811,0.0,0.0,0.8695652173913043,0.5279126763343811,0.12604407129591003,0.025227144360542297,0.9998483721357722,0.12604407129591003,,-0.0,2.3163460082440825,,,,,,,,,,,,,0.5279126763343811,0.0,0.0003902699217530752,3.4331538699916564e-05,0.00033066619362216455,1.5910212993621826,1.000206917011868,1.0000501871109009,1.0003389120101929,0.9998973650701319,0.9999749064445496,0.9999949336051941,0.018855822109095692,0.0180307404991362,0.03339091275525217,,,,,,,,,46.0,0.009318753962786556,0.0014906392734482289,1.0000005960464478,1.0000101327896118,1.000024676322937,1.000093698501587,1.0005264937877656,1.087156057357788,0.0007262395497586056,0.959078311920166,0.9998306035995483,0.9999531507492065,0.9999876618385315,0.9999980330467224,0.9999997019767761,0.012648235071638066,8.467613470825349e-08,0.003621556343319662,0.009091625550834398,0.02734785751083451,0.03649157192166979,0.19748060312184698,46
bayesfl_observability_v1,ola_lr0p02_b128_e1,56,ola,242,19,3,1,1,128,0.12902364134788513,0.12902364134788513,0.0,0.0,1.0,0.12902364134788513,0.03874241629463788,0.005058601498603821,0.9999856968185418,0.03874241629463788,,0.6365141682948128,1.6128062758029642,,,,,,,,,,,,,0.12902364134788513,0.0,3.6871730503157076e-05,4.894706535196747e-06,3.500799721223302e-05,0.06397347152233124,1.0002006042058686,1.0000487565994263,1.0003291368484497,0.9999004582665554,0.9999756217002869,0.9999949991703033,0.018852763291632588,0.018024464961306278,0.03339472362558176,,,,,,,,,3.0,0.0005222564751217948,0.0014308521808269093,1.0000005960464478,1.0000100016593934,1.0000244677066803,1.0000931024551392,1.0005124270915986,1.0871577262878418,0.0006982612078183836,0.9590775370597839,0.9998354911804199,0.9999534487724304,0.9999877661466599,0.9999980926513672,0.9999997019767761,0.012644337192611918,9.975869071253539e-08,0.003618120991834401,0.009094417848582458,0.0273455858750205,0.036460220283648016,0.20295439019354564,3
bayesfl_observability_v1,ola_lr0p02_b128_e1,56,ola,243,19,10,1,1,128,1.3202779293060303,1.3202779293060303,0.0,0.0,0.6,1.3202779293060303,0.24266579587237636,0.02979797124862671,0.9994376835738855,0.24266579587237636,,0.7595473914748635,1.555578650820714,,,,,,,,,,,,,1.3202779293060303,0.0,0.0014465631086536814,0.0001319639995926991,0.0014159679878503115,2.219797372817993,1.000225779428526,1.0000531673431396,1.000365138053894,0.9998881930339497,0.9999734163284302,0.999994695186615,0.01885729840146334,0.018035420040815944,0.033370080610749336,,,,,,,,,10.0,0.026199749466205926,0.0017159180553136632,1.0000005960464478,1.00001060962677,1.0000263452529907,1.0001037120819092,1.0005720853805542,1.0967884063720703,0.0008311640192755636,0.9548575282096863,0.9998174905776978,0.9999481439590454,0.9999868273735046,0.9999980926513672,0.9999997019767761,0.01264613504010964,8.383837985843798e-07,0.003630463916117595,0.009112745367507346,0.02734562581083147,0.03643471417404019,0.1960873177707586,10
bayesfl_observability_v1,ola_lr0p02_b128_e1,56,ola,248,19,336,3,1,128,0.3581626493306387,0.3581626053367342,4.2757112813281615e-08,4.2757112813281615e-08,0.9226190476190477,0.3581626053367342,0.1422780683141458,0.019230516627430916,0.9998070287935855,0.1422780683141458,,0.7817865195402651,1.5221172317857152,,,,,,,,,,,,,0.3581626053367342,4.2757112813281615e-08,0.0001046170118055012,1.278336048926576e-05,0.0001099541346775369,0.1896338313817978,1.0002018143939306,1.000049352645874,1.0003302097320557,0.9998998660633392,0.999975323677063,0.9999950528144836,0.01885926556031678,0.018023477556606222,0.03339951991554363,,,,,,,,,336.0,0.0019227255878677544,0.0014430778701858965,1.0000005960464478,1.0000098943710327,1.0000245571136475,1.0000934600830078,1.0005146265029907,1.087402582168579,0.0007041274458056398,0.9589695334434509,0.9998349547386169,0.9999532699584961,0.9999877214431763,0.9999980926513672,0.9999997019767761,0.012655186310128767,1.7548962431427342e-07,0.0036309879784858345,0.009103079108830464,0.027344750590541506,0.03643581929349957,0.2021350522023234,336
bayesfl_observability_v1,ola_lr0p02_b128_e1,56,ola,62,5,230,2,1,128,0.5576117005037224,0.5576116476369941,5.584080833673595e-08,5.584080833673595e-08,0.8304347826086956,0.5576116476369941,0.18768247133604746,0.01950753480195999,0.9996638545827331,0.18768247133604746,,0.7398855854147172,1.5046979575000918,,,,,,,,,,,,,0.5576116476369941,5.584080833673595e-08,0.0003237301259973353,2.4017032046685927e-05,0.000307360923034139,0.34445178508758545,1.0002057282421202,1.000049352645874,1.0003358244895935,0.9998979483329443,0.999975323677063,0.9999949932098389,0.018857436172680663,0.018038910090886942,0.033385790625349875,,,,,,,,,230.0,0.004687247633670259,0.0014797647526435618,1.0000005960464478,1.0000100135803223,1.0000247955322266,1.000093936920166,1.0005220174789429,1.0871763229370117,0.0007215873567235491,0.9590693116188049,0.999832147359848,0.999953031539917,0.9999876022338867,0.9999980926513672,0.9999997019767761,0.012652244500692661,2.659477599795696e-07,0.0036257105189817754,0.009104971493748826,0.02734120387074935,0.03648263750271638,0.21080428755931244,230
bayesfl_observability_v1,ola_lr0p02_b128_e1,56,ola,65,5,234,2,1,128,0.7398517333034776,0.7398516928028857,4.548684097568946e-08,4.548684097568946e-08,0.7606837606837606,0.7398516928028857,0.17268114689607658,0.023740872740745544,0.9997154798529143,0.17268114689607658,,1.3610773181129292,0.9648383655468464,,,,,,,,,,,,,0.7398516928028857,4.548684097568946e-08,0.0002677325324962933,2.7490735192259308e-05,0.00025316664832644194,0.4318156838417053,1.0002047256155053,1.0000495910644531,1.00033438205719,0.9998984472871331,0.9999752044677734,0.9999949932098389,0.018856026977405113,0.018029741780741827,0.03339352391107603,,,,,,,,,234.0,0.003559737709200078,0.0014781724854043914,1.0000005960464478,1.0000100135803223,1.0000247955322266,1.0000941753387451,1.0005193412303925,1.0948665142059326,0.0007204381213711169,0.9556952118873596,0.9998328685760498,0.9999529123306274,0.9999876022338867,0.9999980926513672,0.9999997019767761,0.012655258266546978,2.1087327851008318e-07,0.003629713948891694,0.009098579216541752,0.02733841019407153,0.03648128555387805,0.19617918751287303,234
bayesfl_observability_v1,ola_lr0p02_b128_e1,56,ola,220,17,369,3,1,128,0.19112640187184662,0.19112637784422898,2.1099900483854033e-08,2.1099900483854033e-08,0.9539295392953929,0.19112637784422898,0.10145333501719354,0.021223202347755432,0.9999019005334261,0.10145333501719354,,0.4951145579587969,1.8291712766140646,,,,,,,,,,,,,0.19112637784422898,2.1099900483854033e-08,4.7907405028533276e-05,4.8041929403552786e-06,4.375863500172272e-05,0.19829532504081726,1.0002008012742745,1.0000487565994263,1.000329029560089,0.9999003640564272,0.9999756217002869,0.9999950528144836,0.018855918485801818,0.01804012618669365,0.03340610971640923,,,,,,,,,369.0,0.0011526552209987345,0.0014350302398910375,1.0000005960464478,1.0000098943710327,1.000024437904358,1.0000929832458496,1.000511646270752,1.0871570110321045,0.0007002291388383547,0.9590778350830078,0.9998355448246002,0.9999535083770752,0.999987781047821,0.9999980926513672,0.9999997019767761,0.012653667872827236,2.7562172316230743e-07,0.003609657874668302,0.009107731957199409,0.027340132641468683,0.03646784654597325,0.21223457521065636,369
bayesfl_observability_v1,ola_lr0p02_b128_e1,57,ola,251,20,36,1,1,128,0.6454647779464722,0.6454647779464722,0.0,0.0,0.7777777777777778,0.6454647779464722,0.13057503805194023,0.020086616277694702,0.9998374583735418,0.13057503805194023,,0.7570449135276909,1.610651168463865,,,,,,,,,,,,,0.6454647779464722,0.0,0.00041883270460690625,3.348068639752455e-05,0.0003946780343540013,1.008679986000061,1.000207529980951,1.0000499486923218,1.0003366589546203,0.9998970712315911,0.9999750256538391,0.9999949336051941,0.018860484136098615,0.018025603192081796,0.03340888030036831,,,,,,,,,36.0,0.008394886595052543,0.0015018754447557613,1.0000005960464478,1.0000101327896118,1.0000252723693848,1.0000959634780884,1.000525951385498,1.0902228355407715,0.0007319605735325259,0.957728385925293,0.9998317301273346,0.9999520182609558,0.9999873638153076,0.9999980926513672,0.9999997019767761,0.012665178390801234,3.5924460990303905e-07,0.003627944005654755,0.009099949324582428,0.027356099847005357,0.03647877594067239,0.20515911602309567,36
bayesfl_observability_v1,ola_lr0p02_b128_e1,57,ola,132,10,381,3,1,128,0.2858063192974551,0.2858062798347999,3.7263020982630455e-08,3.7263020982630455e-08,0.9186351706036745,0.2858062798347999,0.1352319268197721,0.017117030918598175,0.9998258526189601,0.1352319268197721,,0.9889320457164062,1.276983504145674,,,,,,,,,,,,,0.2858062798347999,3.7263020982630455e-08,8.4708154737876e-05,8.300697118102107e-06,8.364434906980025e-05,0.140730619430542,1.000201670270989,1.0000486373901367,1.00032879114151,0.9998999473088568,0.9999756813049316,0.9999950528144836,0.018863453328103963,0.018031829403273185,0.033400001439970885,,,,,,,,,381.0,0.0014317500287249782,0.001452117086272651,1.0000005960464478,1.0000098943710327,1.000024437904358,1.0000927448272705,1.0005114734172822,1.0901941061019897,0.000708247507873524,0.9577410221099854,0.9998356640338898,0.9999536275863647,0.999987781047821,0.9999980926513672,0.9999997019767761,0.012670436177685379,1.7031976004929097e-07,0.003618060851022623,0.009095066792162612,0.02736069856508614,0.03651156929954332,0.20960914147424567,381
bayesfl_observability_v1,ola_lr0p02_b128_e1,57,ola,55,4,63,1,1,128,0.6332259774208069,0.6332259774208069,0.0,0.0,0.8253968253968254,0.6332259774208069,0.07910667761096278,0.011300265789031982,0.9999403454820628,0.07910667761096278,,1.1559825345480084,1.158099049240569,,,,,,,,,,,,,0.6332259774208069,0.0,0.00015372572748706482,1.7246098650502972e-05,0.0001932551560457797,0.31923961639404297,1.000202880638269,1.0000492334365845,1.0003315329551696,0.9998993470624984,0.9999753832817078,0.9999949932098389,0.018859809149866756,0.018029453918105655,0.033396433600990434,,,,,,,,,63.0,0.002192001106769258,0.0014567058771349744,1.0000005960464478,1.0000100135803223,1.0000247955322266,1.0000931024551392,1.0005152881145478,1.0901768207550049,0.0007104233065633595,0.9577485918998718,0.99983429312706,0.9999534487724304,0.9999876022338867,0.9999980926513672,0.9999997019767761,0.012659850719585457,6.617717922054416e-07,0.003620102156660118,0.009100935697171365,0.027348025105356562,0.03650933388352252,0.20223639988769543,63
bayesfl_observability_v1,ola_lr0p02_b128_e1,57,ola,149,11,333,3,1,128,0.20763790003351262,0.20763787824112373,2.0985414423208354e-08,2.0985414423208354e-08,0.9579579579579579,0.20763787824112373,0.1266840456001468,0.023292124271392822,0.9998470940875904,0.1266840456001468,,0.21239478849365837,2.0487084209067463,,,,,,,,,,,,,0.20763787824112373,2.0985414423208354e-08,6.037012564828398e-05,6.953425781830447e-06,6.193439839989883e-05,0.20047275722026825,1.0002012404662706,1.0000487565994263,1.0003283023834229,0.9999001549938824,0.9999756217002869,0.9999949932098389,0.018861820557247746,0.01804820866988583,0.03339906718552462,,,,,,,,,333.0,0.0012883747958641785,0.0014452878857637637,1.0000005960464478,1.0000100135803223,1.000024437904358,1.0000925064086914,1.0005112886428833,1.0906486511230469,0.0007049733577849719,0.9575414061546326,0.9998359084129333,0.9999537467956543,0.999987781047821,0.9999980926513672,0.9999997019767761,0.012667038184328584,6.547898372775561e-08,0.0036295435429614274,0.009098671290330278,0.027360109871056276,0.03651866042908745,0.20374783258235926,333
bayesfl_observability_v1,ola_lr0p02_b128_e1,57,ola,290,23,47,1,1,128,0.19116994738578796,0.19116994738578796,0.0,0.0,0.9574468085106383,0.19116994738578796,0.05924567417937348,0.010145574808120728,0.9999665406825731,0.05924567417937348,,-0.0,2.185987945410232,,,,,,,,,,,,,0.19116994738578796,0.0,8.622507568514337e-05,8.240855095209554e-06,8.230769162764773e-05,0.2573314309120178,1.0002016918240098,1.0000488758087158,1.0003294944763184,0.9998999316114637,0.9999755620956421,0.9999949932098389,0.01885907707415511,0.018025754533557654,0.0333897249918796,,,,,,,,,47.0,0.001661490997380695,0.00144737446696865,1.0000005960464478,1.0000100135803223,1.000024437904358,1.0000929832458496,1.0005127847194673,1.0901672840118408,0.0007060116475771723,0.9577527642250061,0.9998353123664856,0.9999535083770752,0.999987781047821,0.9999980926513672,0.9999997019767761,0.012658182607425177,1.0761071060829821e-07,0.003625350514777477,0.009105164587285152,0.027354723462962464,0.03649812945398849,0.21427864078378817,47
bayesfl_observability_v1,ola_lr0p02_b128_e1,57,ola,166,13,76,1,1,128,0.47685953974723816,0.47685953974723816,0.0,0.0,0.9473684210526315,0.47685953974723816,0.07289667199774402,0.00674060732126236,0.9999494039043417,0.07289667199774402,,1.0982287840542058,1.252671424477001,,,,,,,,,,,,,0.47685953974723816,0.0,0.00013053760052654536,1.3263300388643984e-05,0.0001386354284477423,0.11358951777219772,1.0002024735063915,1.000049114227295,1.0003297328948975,0.999899554773294,0.9999754428863525,0.9999950528144836,0.018861465403899904,0.01802091481026415,0.03340432545869222,,,,,,,,,76.0,0.0017305004476811416,0.00146066754143278,1.0000005960464478,1.0000098943710327,1.000024437904358,1.0000934600830078,1.000511646270752,1.0906522274017334,0.0007123213147312455,0.9575398564338684,0.999835193157196,0.9999532699584961,0.999987781047821,0.9999980926513672,0.9999997019767761,0.012662647570146662,9.700552253878919e-07,0.0036191328669050197,0.009109291748550654,0.027346938249688812,0.036475144143806044,0.2018020980193469,76
bayesfl_observability_v1,ola_lr0p02_b128_e1,57,ola,233,18,351,3,1,128,0.2387728496452003,0.23877279152642628,5.796679368733458e-08,5.796679368733458e-08,0.9344729344729344,0.23877279152642628,0.17008871434297357,0.021926864981651306,0.999724295706145,0.17008871434297357,,-0.0,2.3277319754160017,,,,,,,,,,,,,0.23877279152642628,5.796679368733458e-08,0.00013864200660072828,1.4759701116418e-05,0.00012326058349572126,0.23122362792491913,1.000202615174163,1.0000488758087158,1.000329852104187,0.9998994891982281,0.9999755620956421,0.9999950528144836,0.018864208320833933,0.01804171789424438,0.03338634533852793,,,,,,,,,351.0,0.0028284548844767425,0.001465741371616172,1.0000005960464478,1.0000098943710327,1.000024437904358,1.0000931024551392,1.0005130767822266,1.090199589729309,0.0007146773173943496,0.9577385783195496,0.9998351335525513,0.9999534487724304,0.999987781047821,0.9999980926513672,0.9999997019767761,0.01266673765116542,2.6522715633101815e-07,0.00362631583524369,0.009108318211337518,0.02735095610424528,0.03649456220604177,0.19785592939688829,351
bayesfl_observability_v1,ola_lr0p02_b128_e1,57,ola,37,3,84,1,1,128,0.4674817621707916,0.4674817621707916,0.0,0.0,0.9166666666666666,0.4674817621707916,0.10412366950556211,0.014628611505031586,0.9998966789120747,0.10412366950556211,,0.7306975233730556,1.5908098077517105,,,,,,,,,,,,,0.4674817621707916,0.0,0.00026632946826457907,2.030834093602607e-05,0.00022528721019625668,0.5349905490875244,1.0002048540527675,1.0000495910644531,1.000333309173584,0.9998983886225046,0.9999752044677734,0.9999949932098389,0.018862108718003333,0.018035245146565196,0.03340498790295061,,,,,,,,,84.0,0.005610321534034312,0.0014830707595747015,1.0000005960464478,1.0000100135803223,1.000024437904358,1.0000940561294556,1.0005164802074433,1.0912516117095947,0.0007230137426896592,0.9572768211364746,0.9998334050178528,0.9999529719352722,0.999987781047821,0.9999980926513672,0.9999997019767761,0.01266240254251225,2.1513692640197603e-07,0.003622738387004539,0.009115684728899691,0.0273509346015171,0.036467247211959576,0.2032528339111077,84
bayesfl_observability_v1,ola_lr0p02_b128_e1,57,ola,101,8,1047,9,1,128,0.43127506787763287,0.43127498743698045,8.385116707269937e-08,8.385116707269937e-08,0.8767908309455588,0.43127498743698045,0.21210503264946698,0.02262777090072632,0.9995732946931872,0.21210503264946698,,1.3655297072495858,0.9316261638098886,,,,,,,,,,,,,0.43127498743698045,8.385116707269937e-08,3.096074192157911e-05,6.7191558628110215e-06,4.3641665251925586e-05,0.034769583493471146,1.0002007257742769,1.0000485181808472,1.0003280639648438,0.9999004109289764,0.9999757409095764,0.9999949991703033,0.0188749643282684,0.01804841375016985,0.033414140146176434,,,,,,,,,1047.0,0.00032440060255186027,0.0014440712980456894,1.0000005960464478,1.0000100016593934,1.000024437904358,1.000092625617981,1.0005098581314087,1.0907766819000244,0.0007043477474256587,0.9574852585792542,0.9998360276222229,0.9999536871910095,0.999987781047821,0.9999980926513672,0.9999997019767761,0.012702662791662262,1.1214241127474034e-08,0.0036183577057327205,0.009099968872486321,0.027358329623147725,0.036563330947716306,0.19803708579227083,1047
bayesfl_observability_v1,ola_lr0p02_b128_e1,57,ola,107,8,2,1,1,128,0.42851826548576355,0.42851826548576355,0.0,0.0,1.0,0.42851826548576355,0.20590226600631775,0.03153963387012482,0.9995960841006246,0.20590226600631775,,-0.0,2.311121424016332,,,,,,,,,,,,,0.42851826548576355,0.0,0.0010414598179828293,5.283406426315196e-05,0.0006989450776018202,2.4868714809417725,1.0002184543661627,1.0000507831573486,1.000351905822754,0.9998917987735072,0.9999746084213257,0.9999947547912598,0.018863571277777585,0.018013254766361165,0.033397413971504565,,,,,,,,,2.0,0.021315383054429288,0.001672397057434884,1.0000005960464478,1.0000104904174805,1.000025749206543,1.0000972747802734,1.0005478322505952,1.133795976638794,0.0008085637738807722,0.9391447305679321,0.9998241066932678,0.9999513626098633,0.9999871253967285,0.9999979734420776,0.9999997019767761,0.012679324629806624,8.880213965108108e-08,0.0036319890509205303,0.009088196605693129,0.02735005265962378,0.03652882704371482,0.20349798833444174,2
bayesfl_observability_v1,ola_lr0p02_b128_e1,57,ola,285,22,188,2,1,128,0.45973238396517774,0.45973235780888416,2.695398741083254e-08,2.695398741083254e-08,0.8723404255319149,0.45973235780888416,0.1469556525002092,0.02970464527606964,0.9997941375443186,0.1469556525002092,,0.030457357557417006,2.2852619292307335,,,,,,,,,,,,,0.45973235780888416,2.695398741083254e-08,0.00021276589007824696,2.027482150879223e-05,0.00020803768711630266,0.8873758316040039,1.000203916173067,1.000049352645874,1.0003331899642944,0.9998988443031472,0.999975323677063,0.9999949932098389,0.018862590668116123,0.018037307622612048,0.033393987909583145,,,,,,,,,188.0,0.005222996183635524,0.0014709442602321553,1.0000005960464478,1.0000100135803223,1.000024437904358,1.0000933408737183,1.0005165338516235,1.090167760848999,0.0007170455908046359,0.9577525854110718,0.9998334646224976,0.9999533295631409,0.999987781047821,0.9999980926513672,0.9999997019767761,0.012664042602936937,3.628893770312042e-08,0.0036324870766322745,0.00909508769108427,0.0273495635686426,0.03649732649008002,0.20231466502421552,188
bayesfl_observability_v1,ola_lr0p02_b128_e1,57,ola,189,15,1,1,1,128,0.11357942223548889,0.11357942223548889,0.0,0.0,1.0,0.11357942223548889,0.06074779931964881,0.008420653641223907,0.9999648571797581,0.06074779931964881,,-0.0,2.3292713582565514,,,,,,,,,,,,,0.11357942223548889,0.0,9.065283512419517e-05,1.309250365011394e-06,6.0882222533109836e-05,0.17726865410804749,1.0002017735849256,1.000049114227295,1.0003293752670288,0.9998998911521096,0.9999754428863525,0.9999948740005493,0.0188610673304741,0.018043005220201837,0.03339492063039682,,,,,,,,,1.0,0.0013703541373942798,0.001447830013515133,1.0000005960464478,1.0000102519989014,1.0000247955322266,1.0000940561294556,1.0005105197429658,1.0902339220046997,0.0007061939618182387,0.9577235579490662,0.9998353719711304,0.9999529719352722,0.9999876022338867,0.9999980926513672,0.9999997019767761,0.01265967275633492,3.0741263774994583e-07,0.003620988346185981,0.009102735867532007,0.02735544084227997,0.03649775279138002,0.2035025156338147,1
bayesfl_observability_v1,ola_lr0p02_b128_e1,57,ola,152,12,227,2,1,128,0.6602103820456282,0.6602103560506509,2.3994319412414302e-08,2.3994319412414302e-08,0.8105726872246696,0.6602103560506509,0.12689861379914155,0.021657079458236694,0.9998465381038911,0.12689861379914155,,1.1253357822770327,1.2504533290609954,,,,,,,,,,,,,0.6602103560506509,2.3994319412414302e-08,0.00015080244809371896,1.9900448023690842e-05,0.00015337347576860338,0.3809834122657776,1.0002028291675469,1.0000489950180054,1.0003302097320557,0.9998993780080679,0.9999755024909973,0.9999949932098389,0.018861584185028094,0.01802906025652486,0.03341184489557934,,,,,,,,,227.0,0.0029432827267024952,0.001461613627870978,1.0000005960464478,1.0000100135803223,1.0000245571136475,1.0000938177108765,1.0005129039287568,1.0904273986816406,0.0007127843510968167,0.9576385617256165,0.9998349547386169,0.9999530911445618,0.9999877214431763,0.9999980926513672,0.9999997019767761,0.012666016439956912,2.842564808169302e-07,0.0036193072109893722,0.009098243082628186,0.02735171685955719,0.03647128065518424,0.20138570700272518,227
bayesfl_observability_v1,ola_lr0p02_b128_e1,57,ola,114,9,112,1,1,128,0.6129444241523743,0.6129444241523743,0.0,0.0,0.8839285714285714,0.6129444241523743,0.12091525640441238,0.017631635069847107,0.9998605671525393,0.12091525640441238,,0.17604524709725128,2.1334990783975436,,,,,,,,,,,,,0.6129444241523743,0.0,0.00035915543986389466,2.6087787773576565e-05,0.0003703307011164725,0.7771865725517273,1.00020648296097,1.0000497102737427,1.000335931777954,0.9998975832054443,0.9999751448631287,0.9999949336051941,0.0188589074937412,0.018038307754238904,0.033398386523464954,,,,,,,,,112.0,0.00751997829025439,0.0014911892577535097,1.0000005960464478,1.0000101327896118,1.0000249147415161,1.0000938177108765,1.000522255897522,1.0901756286621094,0.0007269698943469905,0.9577491283416748,0.9998320937156677,0.9999530911445618,0.9999875426292419,0.9999980330467224,0.9999997019767761,0.012661982369667889,1.3667454562424427e-07,0.0036117488874536016,0.00910574882152888,0.027358014896309964,0.03648979693010315,0.20128584309644565,112
bayesfl_observability_v1,ola_lr0p02_b128_e1,57,ola,99,7,18,1,1,128,1.0305358171463013,1.0305358171463013,0.0,0.0,0.7222222222222222,1.0305358171463013,0.14935665041888446,0.018938785418868065,0.9997871724880316,0.14935665041888446,,0.6128694524619496,1.681828938853387,,,,,,,,,,,,,1.0305358171463013,0.0,0.000547985882906514,4.831411388295237e-05,0.0004952838527970029,0.8966941237449646,1.0002097950394477,1.0000501871109009,1.0003416538238525,0.9998959441151966,0.9999749064445496,0.9999948143959045,0.01885787421319165,0.018024461123362027,0.03338738728478615,,,,,,,,,18.0,0.00904305730686469,0.0015061875981812532,1.0000005960464478,1.000010371208191,1.0000249147415161,1.0000944137573242,1.0005342960357666,1.0903979539871216,0.0007343132946599328,0.9576514959335327,0.9998292326927185,0.9999527931213379,0.9999875426292419,0.9999979734420776,0.9999997019767761,0.012657577977891627,5.879666184824712e-07,0.003620463422472632,0.009101742932697544,0.0273543193023707,0.036475745657829586,0.2031921459226573,18
bayesfl_observability_v1,ola_lr0p02_b128_e1,58,ola,297,23,590,5,1,128,0.12524711299624483,0.1252470603433706,5.321500499464599e-08,5.321500499464599e-08,0.976271186440678,0.1252470603433706,0.14868883297861946,0.02532072365283966,0.9997897560264257,0.14868883297861946,,-0.0,2.185987945410232,,,,,,,,,,,,,0.1252470603433706,5.321500499464599e-08,4.3381689797040183e-05,4.44095576312975e-06,3.837066105916171e-05,0.12140462547540665,1.0001993745732334,1.0000481605529785,1.0003252029418945,0.999901075044315,0.9999759197235107,0.9999950528144836,0.01887127962383993,0.018036294290161438,0.0334068632947545,,,,,,,,,590.0,0.0008335553035536213,0.0014330559715177158,1.0000005960464478,1.0000098943710327,1.0000243186950684,1.0000918805599213,1.0005059897899629,1.088982343673706,0.000699196908381835,0.958273708820343,0.9998374581336975,0.9999540597200394,0.9999878406524658,0.9999980926513672,0.9999997019767761,0.012691602543921062,1.0556901679045947e-07,0.0036350854847459987,0.00909962558894534,0.027368853525440228,0.03655952688326525,0.226026448173163,590
bayesfl_observability_v1,ola_lr0p02_b128_e1,58,ola,168,13,207,2,1,128,0.5850194316843281,0.5850193975628286,3.07011091761146e-08,3.07011091761146e-08,0.855072463768116,0.5850193975628286,0.15025442282573043,0.01756560057401657,0.9997852648982802,0.15025442282573043,,0.9862272293909359,1.3773906685164472,,,,,,,,,,,,,0.5850193975628286,3.07011091761146e-08,0.00022528846085727305,2.296749698871281e-05,0.00022429465025197723,0.4273983836174011,1.0002025106654393,1.0000488758087158,1.0003292560577393,0.9998995387953602,0.9999755620956421,0.9999950528144836,0.018870495278724152,0.018024723630568784,0.03343539606268268,,,,,,,,,207.0,0.0040186040141516974,0.0014630807087382903,1.0000005960464478,1.0000098943710327,1.0000245571136475,1.0000940561294556,1.0005100965499878,1.0890878438949585,0.000713521093158936,0.9582273364067078,0.9998354315757751,0.9999529719352722,0.9999877214431763,0.9999980926513672,0.9999997019767761,0.012691986143841111,5.283074969820434e-07,0.003621047329856434,0.009099061136772122,0.027368224011653054,0.03651806363925987,0.20160056191973016,207
bayesfl_observability_v1,ola_lr0p02_b128_e1,58,ola,126,10,285,3,1,128,0.3884964922541066,0.3884964563867502,3.864093794722098e-08,3.864093794722098e-08,0.8982456140350877,0.3884964563867502,0.15053098702658513,0.01789850741624832,0.9997844841364513,0.15053098702658513,,0.8109234426674724,1.4398861295926373,,,,,,,,,,,,,0.3884964563867502,3.864093794722098e-08,0.00011798138152676235,9.826724181039026e-06,0.00011406652774894645,0.15059176087379456,1.0002006613096601,1.000048279762268,1.000326645374298,0.999900444161626,0.999975860118866,0.9999950528144836,0.01887095386472438,0.01803826945422906,0.03339951609419787,,,,,,,,,285.0,0.0019688340016990723,0.0014448592386151157,1.0000005960464478,1.0000098943710327,1.0000243186950684,1.0000919997692108,1.0005083084106445,1.0889967679977417,0.0007048682693003832,0.9582673907279968,0.9998367369174957,0.9999540001153946,0.9999878406524658,0.9999980926513672,0.9999997019767761,0.01269118648470527,1.6540723850265655e-07,0.003620406324076396,0.009093454653081139,0.027376742598387217,0.03653744252808576,0.20821549835822953,285
bayesfl_observability_v1,ola_lr0p02_b128_e1,58,ola,216,17,118,1,1,128,0.4656863510608673,0.4656863510608673,0.0,0.0,0.8813559322033898,0.4656863510608673,0.04752697452995518,0.0045534223318099976,0.9999785039375937,0.04752697452995518,,1.2644842887837744,1.0559689770084641,,,,,,,,,,,,,0.4656863510608673,0.0,5.548818887736202e-05,5.7095394367934205e-06,7.433794235112147e-05,0.05183403566479683,1.0001995833564088,1.0000481605529785,1.0003259181976318,0.9999009737375034,0.9999759197235107,0.9999950528144836,0.018866916288104083,0.0180350322078063,0.033403783294176606,,,,,,,,,118.0,0.0005955138798354583,0.0014360342560174354,1.0000005960464478,1.0000098943710327,1.0000243186950684,1.0000919103622437,1.0005056858062744,1.0892564058303833,0.0007005937965219695,0.9581531882286072,0.9998371005058289,0.9999540448188782,0.9999878406524658,0.9999980926513672,0.9999997019767761,0.012678036722799485,4.804247015741232e-07,0.0036235709067113106,0.009103846629400803,0.027354451812151966,0.03652568785569276,0.19940090371566585,118
bayesfl_observability_v1,ola_lr0p02_b128_e1,58,ola,118,9,17,1,1,128,0.19740483164787292,0.19740483164787292,0.0,0.0,0.9411764705882353,0.19740483164787292,0.06492765367805167,0.011046364903450012,0.9999598756004936,0.06492765367805167,,0.8277381569989198,1.4618562942707825,,,,,,,,,,,,,0.19740483164787292,0.0,0.00010355703971817162,5.009955202694982e-06,9.563670755596831e-05,0.3050552010536194,1.0002004104887232,1.0000482201576233,1.0003275871276855,0.9999005648802127,0.9999758899211884,0.9999949932098389,0.018867210753371062,0.018038939715659848,0.033400576496628705,,,,,,,,,17.0,0.001830737358768242,0.00144046884744005,1.0000005960464478,1.0000100135803223,1.0000243186950684,1.0000923871994019,1.0005078315734863,1.0892103910446167,0.000702699229558364,0.958173394203186,0.999836266040802,0.9999538064002991,0.9999878406524658,0.9999980926513672,0.9999997019767761,0.012679414411369846,9.152598676051505e-07,0.0036332193516672297,0.009103455241933811,0.027368612206317394,0.0365148872658554,0.2026163855397874,17
bayesfl_observability_v1,ola_lr0p02_b128_e1,58,ola,147,11,14,1,1,128,0.5774309039115906,0.5774309039115906,0.0,0.0,0.7857142857142857,0.5774309039115906,0.0822500130496321,0.0076117143034935,0.9999355878329315,0.0822500130496321,,0.8918673953172509,1.3950007042270034,,,,,,,,,,,,,0.5774309039115906,0.0,0.0001661851489954921,2.079543446598109e-05,0.0002652322349604223,0.1448456048965454,1.0002014930360477,1.0000489950180054,1.000329613685608,0.9999000315454417,0.9999755024909973,0.9999948143959045,0.018866305257858536,0.018043663209605522,0.033413785167262525,,,,,,,,,14.0,0.0015775384267760443,0.001448051821055326,1.0000005960464478,1.000010371208191,1.000024676322937,1.0000929832458496,1.0005114078521729,1.0902295112609863,0.0007062506586082241,0.957725465297699,0.9998352527618408,0.9999535083770752,0.9999876618385315,0.9999980926513672,0.9999997019767761,0.012680328868992445,4.614402134574525e-09,0.0036218197389150434,0.009097887686371533,0.027364352651713504,0.036520967765651856,0.19836432994622558,14
bayesfl_observability_v1,ola_lr0p02_b128_e1,58,ola,161,12,522,5,1,128,0.24948534482940174,0.24948525385238887,9.396849526171163e-08,9.396849526171163e-08,0.9310344827586207,0.24948525385238887,0.1898726514366624,0.02855854481458664,0.9996572760295485,0.1898726514366624,,0.46907990249119813,1.8590800092150952,,,,,,,,,,,,,0.24948525385238887,9.396849526171163e-08,9.857153063928379e-05,8.209512998291757e-06,7.9177254519891e-05,0.22395168244838715,1.0002003254304292,1.0000485181808472,1.0003259181976318,0.999900613102754,0.9999757409095764,0.9999950528144836,0.01887612447743487,0.018044439947710225,0.033424418745039354,,,,,,,,,522.0,0.0021330909308850798,0.0014459322275791808,1.0000005960464478,1.0000098943710327,1.0000243186950684,1.0000920295715332,1.0005066394805908,1.0898725986480713,0.0007053033131108438,0.957882285118103,0.9998371005058289,0.9999539852142334,0.9999878406524658,0.9999980926513672,0.9999997019767761,0.012694396985251391,2.5702512157817215e-07,0.0036495444885802607,0.00910047658626682,0.027362233649070446,0.03650147337906848,0.20535988030186583,522
bayesfl_observability_v1,ola_lr0p02_b128_e1,58,ola,211,16,4,1,1,128,0.7500422596931458,0.7500422596931458,0.0,0.0,0.75,0.7500422596931458,0.18852363391640334,0.02428068220615387,0.9996619705897334,0.18852363391640334,,-0.0,2.4040642619438994,,,,,,,,,,,,,0.7500422596931458,0.0,0.0008730756091596771,8.034255006350577e-05,0.0010182083817198895,1.4738787412643433,1.0002136797688033,1.0000520944595337,1.0003457188606262,0.9998940440811201,0.9999739527702332,0.9999945759773254,0.018872817138730784,0.01804094576147979,0.033448260276254915,,,,,,,,,4.0,0.015359112974863516,0.0015448273309859532,1.0000005960464478,1.0000108480453491,1.000025987625122,1.000103920698166,1.0005344152450562,1.089072346687317,0.0007522795734260637,0.9582341313362122,0.9998272001743317,0.999948039650917,0.999987006187439,0.9999980330467224,0.9999997019767761,0.012696235264320517,7.528216393781559e-07,0.003632086708827758,0.00910052467694587,0.02738017443379548,0.03652240091566559,0.1944264326200068,4
bayesfl_observability_v1,ola_lr0p02_b128_e1,58,ola,15,1,51,1,1,128,0.37201714515686035,0.37201714515686035,0.0,0.0,0.9215686274509803,0.37201714515686035,0.11572328531961616,0.02037276327610016,0.9998725911864011,0.11572328531961616,,0.4639406270393286,1.8477013096607757,,,,,,,,,,,,,0.37201714515686035,0.0,0.0003289741402263268,2.643801417434588e-05,0.00024295582552440515,1.0376231670379639,1.0002042977950703,1.0000489950180054,1.0003308057785034,0.9998986872870479,0.9999755024909973,0.9999949336051941,0.018868913464806295,0.01803506426482343,0.03340797662065542,,,,,,,,,51.0,0.007716131589515642,0.0015037624558602173,1.0000005960464478,1.0000101327896118,1.0000245571136475,1.0000927448272705,1.0005139112472534,1.1068679094314575,0.0007316044206404239,0.950499951839447,0.9998346567153931,0.9999536275863647,0.9999877214431763,0.9999980330467224,0.9999997019767761,0.012688423971187399,2.1519800741510627e-09,0.0036245624616984577,0.009104759236312782,0.027353400578400543,0.03653352364875757,0.19969094066804738,51
bayesfl_observability_v1,ola_lr0p02_b128_e1,58,ola,24,1,27,1,1,128,0.2860749065876007,0.2860749065876007,0.0,0.0,0.9629629629629629,0.2860749065876007,0.045844922960824895,0.005309551954269409,0.999980031706487,0.045844922960824895,,1.3110298871791874,1.0210991742953581,,,,,,,,,,,,,0.2860749065876007,0.0,5.163007201814736e-05,4.988376531400718e-06,6.90907210810111e-05,0.07047829031944275,1.0001995154187102,1.000048279762268,1.0003259181976318,0.9999010066087886,0.999975860118866,0.9999950528144836,0.018868316055041946,0.018035037444849855,0.03340178083795398,,,,,,,,,27.0,0.0006859081357285727,0.0014349627303990812,1.0000005960464478,1.0000098943710327,1.0000243186950684,1.0000921487808228,1.0005059242248535,1.0890406370162964,0.0007000904624606197,0.9582480788230896,0.9998371005058289,0.9999539256095886,0.9999878406524658,0.9999980926513672,0.9999997019767761,0.012680637008168297,1.1256079697608555e-06,0.003627738208305256,0.009103406448235148,0.027360527823195903,0.03651735036807621,0.1994491421914641,27
bayesfl_observability_v1,ola_lr0p02_b128_e1,58,ola,94,7,163,2,1,128,0.5482223739653277,0.548222367566056,7.513440830642842e-09,7.513440830642842e-09,0.8343558282208589,0.548222367566056,0.11035377891726154,0.014091923832893372,0.999884208619546,0.11035377891726154,,1.3759749478332663,0.9081964456095792,,,,,,,,,,,,,0.548222367566056,7.513440830642842e-09,0.0001084776348713454,1.4359369743033312e-05,0.00011004896587110127,0.12467613816261292,1.0002004963353421,1.0000483989715576,1.0003267645835876,0.9999005292005924,0.9999758005142212,0.9999950528144836,0.01887011911091926,0.01803441094738137,0.03341966270070021,,,,,,,,,163.0,0.0013691692754896519,0.0014475106940623848,1.0000005960464478,1.0000098943710327,1.000024437904358,1.0000920295715332,1.0005078315734863,1.0911273956298828,0.00070596964463466,0.9573313593864441,0.999836677312851,0.9999539852142334,0.999987781047821,0.9999980926513672,0.9999997019767761,0.012689035028256012,1.7819509987521678e-07,0.003619199819654721,0.00910309203906815,0.027360549141110274,0.03653154958797596,0.2042044422757867,163
bayesfl_observability_v1,ola_lr0p02_b128_e1,58,ola,228,18,56,1,1,128,0.2727743089199066,0.2727743089199066,0.0,0.0,0.9285714285714286,0.2727743089199066,0.05896032183771746,0.010398238897323608,0.9999669446917213,0.05896032183771746,,0.42008907680192553,1.7809840036757387,,,,,,,,,,,,,0.2727743089199066,0.0,8.539648241197432e-05,8.204412097256863e-06,7.895525777712464e-05,0.2703084349632263,1.0002000954432984,1.0000485181808472,1.00032639503479,0.9999007185052253,0.9999757409095764,0.9999950528144836,0.018868263804455446,0.01802724048671947,0.03340759229839149,,,,,,,,,56.0,0.001670890314618626,0.0014366738838979024,1.0000005960464478,1.0000098943710327,1.0000243186950684,1.0000920295715332,1.0005076587200166,1.0889804363250732,0.0007009570055760962,0.9582745432853699,0.9998368620872498,0.9999539852142334,0.9999878406524658,0.9999980926513672,0.9999997019767761,0.01268136275909778,2.735543591371465e-07,0.0036253998587075136,0.00910003389203469,0.027356088247298262,0.03654013778249607,0.21111247698517435,56
bayesfl_observability_v1,ola_lr0p02_b128_e1,58,ola,249,19,148,2,1,128,0.2830065821070929,0.2830065790865872,3.1964571530192484e-09,3.1964571530192484e-09,0.9459459459459459,0.2830065790865872,0.08761866782454594,0.014420360326766968,0.9999270121355539,0.08761866782454594,,0.8084292285499561,1.5072994420910157,,,,,,,,,,,,,0.2830065790865872,3.1964571530192484e-09,6.380518938915413e-05,5.840698122483445e-06,6.499987503048037e-05,0.16194020211696625,1.0001997264930655,1.000048279762268,1.0003256797790527,0.9999009037598817,0.999975860118866,0.9999950528144836,0.018870020738897767,0.01804437966301514,0.03341125218233245,,,,,,,,,148.0,0.001121455250145156,0.0014375577736715393,1.0000005960464478,1.0000098943710327,1.0000243186950684,1.0000920295715332,1.0005064129829406,1.0889806747436523,0.0007013074564440414,0.9582744836807251,0.9998372197151184,0.9999539852142334,0.9999878406524658,0.9999980926513672,0.9999997019767761,0.012685167129857719,5.187208072085415e-07,0.0036311947388409246,0.009096314481669539,0.027359942821891317,0.03654876927778319,0.19973723183399628,148
bayesfl_observability_v1,ola_lr0p02_b128_e1,58,ola,267,21,306,3,1,128,0.5692650817967708,0.5692649704763313,1.1247731695339752e-07,1.1247731695339752e-07,0.8104575163398693,0.5692649704763313,0.22151347897978874,0.029325947165489197,0.9995332041215614,0.22151347897978874,,0.49629795412582844,1.8891532045272958,,,,,,,,,,,,,0.5692649704763313,1.1247731695339752e-07,0.00031836107018637155,2.469178980391007e-05,0.00030278002959676097,0.6164559125900269,1.000204115800894,1.0000489950180054,1.000330924987793,0.9998987535825,0.9999755024909973,0.9999950528144836,0.018870754312594135,0.018031102715410613,0.03344636604997464,,,,,,,,,306.0,0.006059963542528749,0.0014792137598211722,1.0000005960464478,1.0000098943710327,1.0000245571136475,1.0000941753387451,1.0005137383937837,1.089085340499878,0.000721233682900226,0.9582284092903137,0.9998345971107483,0.9999529123306274,0.9999877214431763,0.9999980926513672,0.9999997019767761,0.012697806967537554,3.683648900045836e-07,0.0036292230318842253,0.009103662444633521,0.02736768223999953,0.03653285380067419,0.19856729919702926,306
bayesfl_observability_v1,ola_lr0p02_b128_e1,58,ola,34,2,89,1,1,128,0.4694724380970001,0.4694724380970001,0.0,0.0,0.8876404494382022,0.4694724380970001,0.10293050255831479,0.015111178159713745,0.9998991711424942,0.10293050255831479,,0.9392429968990706,1.3654484544000312,,,,,,,,,,,,,0.4694724380970001,0.0,0.0002602606067116372,1.97978279175004e-05,0.0002230265366961252,0.5708690881729126,1.0002031145026011,1.000049114227295,1.000329864025116,0.9998992480421811,0.9999754428863525,0.9999949932098389,0.018869758057110407,0.018041370737323918,0.03340635761780527,,,,,,,,,89.0,0.005480246390939522,0.0014736392043009615,1.0000005960464478,1.0000100135803223,1.0000243186950684,1.0000931024551392,1.0005114078521729,1.091200351715088,0.0007184748410514334,0.9572993516921997,0.9998351275920868,0.9999534487724304,0.9999878406524658,0.9999980926513672,0.9999997019767761,0.01268179985732508,6.841133260830712e-07,0.003630727188189751,0.00910671329478005,0.027359227755720056,0.036492961746564447,0.20141481281042575,89
bayesfl_observability_v1,ola_lr0p02_b128_e1,59,ola,27,2,611,5,1,128,0.2601555280033773,0.26015539813646515,1.3044331012400222e-07,1.3044331012400222e-07,0.9214402618657938,0.26015539813646515,0.22683422367000944,0.033363401889801025,0.999510719902096,0.22683422367000944,,0.08162587036147914,2.2275297802473157,,,,,,,,,,,,,0.26015539813646515,1.3044331012400222e-07,0.00011184833577792474,9.642920758778928e-06,0.00011780270506278617,0.23119314014911652,1.00019935800552,1.0000481605529785,1.0003242492675781,0.9999010880188821,0.9999759197235107,0.9999951124191284,0.018873672950506383,0.018033760259485485,0.03343440574397733,,,,,,,,,611.0,0.0022637079381605052,0.0014375018141610525,1.0000005960464478,1.0000097751617432,1.0000241994857788,1.000091552734375,1.0005033016204834,1.0882505178451538,0.0007013914992458601,0.958595871925354,0.9998379349708557,0.9999542236328125,0.9999879002571106,0.999998152256012,0.9999997019767761,0.012703696428974127,1.495929542679991e-07,0.003613395271002093,0.009099936576595288,0.027367498739166937,0.036529433415892654,0.20195141700925995,611
bayesfl_observability_v1,ola_lr0p02_b128_e1,59,ola,237,19,36,1,1,128,0.5218738317489624,0.5218738317489624,0.0,0.0,0.8333333333333334,0.5218738317489624,0.0650150299069307,0.009305313229560852,0.9999597918963578,0.0650150299069307,,1.3898628753106193,0.9179151593699346,,,,,,,,,,,,,0.5218738317489624,0.0,0.00010383595850921077,1.408643220202066e-05,0.00014447947469307118,0.21647213399410248,1.0001992216123816,1.0000481605529785,1.0003248572349548,0.999901151575695,0.9999759197235107,0.9999950528144836,0.018872240032553455,0.018038748014159917,0.03341642299659391,,,,,,,,,36.0,0.001554929940496135,0.0014331207037310088,1.0000005960464478,1.0000098943710327,1.0000241994857788,1.000091791152954,1.0005033671855927,1.0883564949035645,0.0006992324721829318,0.9585492014884949,0.9998376309871674,0.999954104423523,0.9999879002571106,0.999998152256012,0.9999997019767761,0.012689304793814053,2.3100354813691866e-08,0.0036269652441327654,0.009098640862474828,0.02736832699950783,0.036536644658472575,0.20433362920076564,36
bayesfl_observability_v1,ola_lr0p02_b128_e1,59,ola,264,21,197,2,1,128,0.5485849188366517,0.548584897959898,2.1859843694911724e-08,2.1859843694911724e-08,0.8477157360406091,0.548584897959898,0.15085283942139502,0.01856926828622818,0.9997836528285363,0.15085283942139502,,0.6375936626726958,1.698074512420698,,,,,,,,,,,,,0.548584897959898,2.1859843694911724e-08,0.00017777278581750913,1.7598064005142078e-05,0.00017229291552212122,0.2798534631729126,1.0002004773405713,1.0000481605529785,1.0003255605697632,0.999900539175307,0.9999759197235107,0.9999951124191284,0.018873256533305093,0.01803543380378521,0.033439481578828874,,,,,,,,,197.0,0.003036636861731302,0.0014477047402912664,1.0000005960464478,1.0000097751617432,1.0000243186950684,1.0000920295715332,1.0005044400691987,1.088295817375183,0.0007062912907603963,0.958575963973999,0.9998372793197632,0.9999539852142334,0.9999878406524658,0.9999980926513672,0.9999997019767761,0.012702042416668217,1.6443414952705697e-07,0.003618306961247505,0.00911184620626319,0.02736418666493795,0.0365321563304413,0.20393293800127907,197
bayesfl_observability_v1,ola_lr0p02_b128_e1,59,ola,76,6,933,8,1,128,0.0903513135232774,0.09035125691822998,5.657393027406843e-08,5.657393027406843e-08,0.9839228295819936,0.09035125691822998,0.1624025055904234,0.03208610415458679,0.9997494398233805,0.1624025055904234,,0.0076666405810588475,2.3077806594899846,,,,,,,,,,,,,0.09035125691822998,5.657393027406843e-08,1.7784405394155377e-05,1.502921975315985e-06,2.057831134152366e-05,0.06930053234100342,1.0001977637484838,1.0000476837158203,1.0003222227096558,0.9999018727380142,0.9999761581420898,0.9999951183795929,0.01887688200508337,0.018037002784606633,0.033439768249408794,,,,,,,,,933.0,0.0004187047599956907,0.001425780437910683,1.0000005960464478,1.0000097632408143,1.0000239610671997,1.0000911951065063,1.0004996061325073,1.0882465839385986,0.0006957331236755266,0.9585976004600525,0.9998389482498169,0.9999544024467468,0.9999880194664001,0.999998152256012,0.9999997019767761,0.0127055307853389,1.5511820266777382e-07,0.0036273289234401624,0.009107328292824556,0.02736988105945918,0.0365500332012339,0.22238533954990733,933
bayesfl_observability_v1,ola_lr0p02_b128_e1,59,ola,15,1,51,1,1,128,0.4677565395832062,0.4677565395832062,0.0,0.0,0.8823529411764706,0.4677565395832062,0.14272575823649924,0.02477818727493286,0.9998063725427645,0.14272575823649924,,0.4639406270393286,1.8477013096607757,,,,,,,,,,,,,0.4677565395832062,0.0,0.0005004087876675862,3.833809751085937e-05,0.0003786847286392006,1.5348961353302002,1.0002059449120613,1.000049114227295,1.0003306984901428,0.9998979008138045,0.9999754428863525,0.9999949932098389,0.018874022930825476,0.018038348395288274,0.03342301776770562,,,,,,,,,51.0,0.011594884804447425,0.0015383048329656891,1.0000005960464478,1.0000100135803223,1.0000243186950684,1.00009286403656,1.0005158185958862,1.1142603158950806,0.0007473283422342288,0.9473417401313782,0.9998347103595734,0.99995356798172,0.9999878406524658,0.9999980926513672,0.9999997019767761,0.012704139629994834,1.8658168688726174e-07,0.0036281999149920035,0.009090688565067994,0.027364472990302927,0.036554098752792336,0.20568100547237272,51
bayesfl_observability_v1,ola_lr0p02_b128_e1,59,ola,3,0,54,1,1,128,0.7989665865898132,0.7989665865898132,0.0,0.0,0.7592592592592593,0.7989665865898132,0.11869466235673767,0.014409363269805908,0.9998659436147724,0.11869466235673767,,0.7281071546314151,1.532144314993967,,,,,,,,,,,,,0.7989665865898132,0.0,0.000346084880539703,3.453727549640462e-05,0.0003345730656292297,0.5190743803977966,1.0002033293042234,1.0000488758087158,1.0003294944763184,0.9998991361907883,0.9999755620956421,0.9999949932098389,0.01887144686839138,0.01803164099291673,0.03340034816822878,,,,,,,,,54.0,0.006470595216727854,0.0014690862622708572,1.0000005960464478,1.0000100135803223,1.0000243186950684,1.0000929832458496,1.0005104541778564,1.088274359703064,0.0007165809134745066,0.9585853815078735,0.9998353123664856,0.9999535083770752,0.9999878406524658,0.9999980926513672,0.9999997019767761,0.012690370553179895,1.006435339353666e-06,0.0036216409213878057,0.009092195874021292,0.02736904792885502,0.03653076989924695,0.20657230134910867,54
bayesfl_observability_v1,ola_lr0p02_b128_e1,59,ola,5,0,35,1,1,128,0.37491708993911743,0.37491708993911743,0.0,0.0,0.9428571428571428,0.37491708993911743,0.050379164542944985,0.004542164504528046,0.9999759147806183,0.050379164542944985,,1.5903475561802325,0.7061063978321973,,,,,,,,,,,,,0.37491708993911743,0.0,6.234794949756726e-05,5.681796210410539e-06,8.891380493878397e-05,0.051578227430582047,1.0001985187262041,1.0000478029251099,1.0003235340118408,0.9999015023534513,0.9999760985374451,0.9999950528144836,0.01887386899132027,0.018041627374852657,0.033417281186881365,,,,,,,,,35.0,0.0006531740725440349,0.001432586508516818,1.0000005960464478,1.0000098943710327,1.0000239610671997,1.000091552734375,1.0005016326904297,1.0889066457748413,0.0006989524224090719,0.9583070278167725,0.9998382925987244,0.9999542236328125,0.9999880194664001,0.999998152256012,0.9999997019767761,0.012693855007681335,7.2836230393009745e-09,0.003623622144265797,0.009105468844887422,0.027367087638199016,0.036530915677727364,0.20669261119788418,35
bayesfl_observability_v1,ola_lr0p02_b128_e1,59,ola,139,11,364,3,1,128,0.48811702544872576,0.4881169884414463,3.829792004895493e-08,3.829792004895493e-08,0.8516483516483516,0.4881169884414463,0.155844548195816,0.022073477506637573,0.9997691671271078,0.155844548195816,,0.8409163134019236,1.4643652933933091,,,,,,,,,,,,,0.4881169884414463,3.829792004895493e-08,8.859290092472872e-05,9.774207683221903e-06,0.00010099650244228546,0.16026350855827332,1.0001989656093488,1.000048041343689,1.000324010848999,0.9999012804364038,0.9999759793281555,0.9999951124191284,0.018874865978798047,0.018032042036879553,0.03342863922184337,,,,,,,,,364.0,0.0015560896887893009,0.0014339092133726348,1.0000005960464478,1.0000097751617432,1.0000241994857788,1.0000914335250854,1.0005029439926147,1.088253140449524,0.000699664795225575,0.9585947394371033,0.9998380541801453,0.9999542832374573,0.9999879002571106,0.9999980926513672,0.9999997019767761,0.012703373876294775,2.953007776181121e-07,0.003617733749076599,0.009105521415165456,0.027373456076169096,0.036546408836933546,0.20187636334767464,364
bayesfl_observability_v1,ola_lr0p02_b128_e1,59,ola,233,18,351,3,1,128,0.2708351021351298,0.2708350332331793,6.963541293323144e-08,6.963541293323144e-08,0.9344729344729344,0.2708350332331793,0.18945869535081827,0.023813389241695404,0.9996588124733947,0.18945869535081827,,-0.0,2.3277319754160017,,,,,,,,,,,,,0.2708350332331793,6.963541293323144e-08,0.00016415106938697468,1.7815007595345378e-05,0.00014634203980676838,0.25671613216400146,1.0002002451723682,1.0000481605529785,1.0003248453140259,0.9999006611700902,0.9999759197235107,0.9999951124191284,0.01887772392625522,0.018047126361624685,0.03341605094821777,,,,,,,,,351.0,0.0033484909333929454,0.0014535693223537063,1.0000005960464478,1.0000097751617432,1.0000241994857788,1.0000919103622437,1.0005041360855103,1.0883567333221436,0.0007089438253916883,0.9585490822792053,0.9998376369476318,0.9999540448188782,0.9999879002571106,0.999998152256012,0.9999997019767761,0.012701525260449396,6.477085947171924e-07,0.0036340798897355536,0.009105805249780883,0.027362648794738202,0.036553109738671985,0.20015994373438942,351
bayesfl_observability_v1,ola_lr0p02_b128_e1,59,ola,211,16,4,1,1,128,0.5895112752914429,0.5895112752914429,0.0,0.0,0.75,0.5895112752914429,0.15378674604813888,0.019570522010326385,0.9997752624681884,0.15378674604813888,,-0.0,2.4040642619438994,,,,,,,,,,,,,0.5895112752914429,0.0,0.0005809758141789912,6.46570697426796e-05,0.0006889914395287645,0.9575130343437195,1.0002073136284484,1.0000509023666382,1.0003368854522705,0.9998971608488173,0.9999745488166809,0.999994695186615,0.01887652892345212,0.018032044360185635,0.03344634887218614,,,,,,,,,4.0,0.009594589533908323,0.0014844575976701991,1.0000005960464478,1.00001060962677,1.0000256299972534,1.0000994205474854,1.000522255897522,1.0882923603057861,0.0007238360774487265,0.9585774540901184,0.9998316168785095,0.9999502897262573,0.9999871850013733,0.9999980926513672,0.9999997019767761,0.012704058805280643,2.638373361037932e-07,0.0036303277788964626,0.009099374647285096,0.02737947769598325,0.03651872273517649,0.19951708361144635,4
bayesfl_observability_v1,ola_lr0p02_b128_e1,59,ola,134,10,326,3,1,128,0.2974477204625592,0.29744766721147703,5.5100647371314516e-08,5.5100647371314516e-08,0.901840490797546,0.29744766721147703,0.16675951511539133,0.019945446401834488,0.999735749224387,0.16675951511539133,,0.4149757414196952,1.8961001489773186,,,,,,,,,,,,,0.29744766721147703,5.5100647371314516e-08,0.0001407142023812151,1.5507735042774584e-05,0.0001222304941620678,0.2060532420873642,1.000199850930134,1.0000481605529785,1.0003243684768677,0.9999008531448379,0.9999759197235107,0.9999951124191284,0.01887806638454107,0.01803943567393497,0.033415401010031584,,,,,,,,,326.0,0.002842324537972816,0.0014486686885639723,1.0000005960464478,1.0000097751617432,1.0000240802764893,1.0000916719436646,1.0005037784576416,1.0883656740188599,0.0007066329962276455,0.9585451483726501,0.9998378753662109,0.9999541640281677,0.9999879598617554,0.999998152256012,0.9999997019767761,0.012702068668347433,5.748399928602891e-07,0.0036312456479394906,0.00910701436707366,0.027362456536651245,0.03655901248766777,0.2041105344559347,326
bayesfl_observability_v1,ola_lr0p02_b128_e1,59,ola,275,22,84,1,1,128,0.33258262276649475,0.33258262276649475,0.0,0.0,0.9285714285714286,0.33258262276649475,0.06204310331507463,0.007131516933441162,0.999963417179137,0.06204310331507463,,1.0439788738046754,1.2487548086232239,,,,,,,,,,,,,0.33258262276649475,0.0,9.455994586144821e-05,9.549772585160099e-06,0.00011251107207499462,0.12714621424674988,1.000199065451375,1.000048279762268,1.0003247261047363,0.9999012298705572,0.999975860118866,0.9999951124191284,0.018872788288887093,0.018030041960268008,0.03342289042284478,,,,,,,,,84.0,0.0011048359576047687,0.0014333257947822357,1.0000005960464478,1.0000097751617432,1.0000239610671997,1.000091552734375,1.0005037248134614,1.088834285736084,0.0006993445739580642,0.9583388566970825,0.9998376965522766,0.9999542236328125,0.9999880194664001,0.999998152256012,0.9999997019767761,0.012693140012862812,3.0518412256384983e-07,0.003625931835740311,0.00909900785910477,0.027363486646410442,0.03654685462560208,0.205828140852541,84
bayesfl_observability_v1,ola_lr0p02_b128_e1,59,ola,280,22,64,1,1,128,0.7145324349403381,0.7145324349403381,0.0,0.0,0.78125,0.7145324349403381,0.13779201366346394,0.025355324149131775,0.999819429027456,0.13779201366346394,,0.2899701528409824,2.0294816997969796,,,,,,,,,,,,,0.7145324349403381,0.0,0.0004664105417802899,4.591106335283257e-05,0.0004256029787939042,1.6072312593460083,1.0002053687213341,1.0000501871109009,1.000332486629486,0.9998981395632928,0.9999749064445496,0.9999948740005493,0.018874517051883897,0.018032556081275068,0.033428597492751864,,,,,,,,,64.0,0.01085781901023202,0.0014911217891554747,1.0000005960464478,1.0000102519989014,1.0000243186950684,1.0000932216644287,1.000517725944519,1.0882673263549805,0.0007264950792469985,0.9585884809494019,0.9998338162899018,0.9999533891677856,0.9999878406524658,0.9999980926513672,0.9999997019767761,0.012695716423396645,5.314095089618707e-07,0.003629004439017008,0.009096712031914578,0.02736867613205552,0.036541041906960954,0.20399499592865525,64
bayesfl_observability_v1,ola_lr0p02_b128_e1,59,ola,157,12,1161,10,1,128,0.2640365864503984,0.2640364163673124,1.6772456983623209e-07,1.6772456983623209e-07,0.9397071490094746,0.2640364163673124,0.2634554735753887,0.03303833305835724,0.9993416367353511,0.2634554735753887,,0.7423673181497622,1.5962776212694494,,,,,,,,,,,,,0.2640364163673124,1.6772456983623209e-07,3.9090356812398326e-05,5.719869477616157e-06,4.252476755937096e-05,0.05754634365439415,1.000198125346091,1.0000478029251099,1.0003224611282349,0.9999016951803633,0.9999760985374451,0.9999951124191284,0.01888305734560683,0.018038700914149726,0.033469335587510016,,,,,,,,,1161.0,0.0005840028669632455,0.0014288487028906128,1.0000005960464478,1.0000097751617432,1.0000240802764893,1.0000914335250854,1.000500202178955,1.0882564783096313,0.0006972175084862946,0.9585932493209839,0.9998388290405273,0.9999542832374573,0.9999879598617554,0.999998152256012,0.9999997019767761,0.012730032471744654,4.837504070475337e-07,0.00360840607637451,0.0091048013155846,0.027356405956179455,0.03657504004335796,0.20242496971508098,1161
bayesfl_observability_v1,ola_lr0p02_b128_e1,59,ola,161,12,522,5,1,128,0.2095502576366124,0.20955021175559452,4.752923369139294e-08,4.752923369139294e-08,0.9597701149425287,0.20955021175559452,0.15341836509936718,0.02244981937110424,0.9997765629741784,0.15341836509936718,,0.46907990249119813,1.8590800092150952,,,,,,,,,,,,,0.20955021175559452,4.752923369139294e-08,4.6249766481019114e-05,5.1832325880241115e-06,4.307105336920358e-05,0.09743649512529373,1.0001982467751074,1.0000478029251099,1.0003228306770324,0.9999016364518957,0.9999760985374451,0.9999951124191284,0.018880360447744986,0.01804140258579469,0.03343473977322899,,,,,,,,,522.0,0.0009742749714316706,0.001430777702436475,1.0000005960464478,1.0000097751617432,1.0000239610671997,1.000091314315796,1.0005009829998017,1.0885263681411743,0.0006981251445757489,0.9584743976593018,0.9998386442661286,0.999954342842102,0.9999880194664001,0.999998152256012,0.9999997019767761,0.01270599879860071,8.410403029150416e-08,0.0036395388926247713,0.00910682179298825,0.027356175808478926,0.036524100061599306,0.2065050547161166,522
bayesfl_observability_v1,ola_lr0p02_b128_e1,60,ola,216,17,118,1,1,128,0.4654994606971741,0.4654994606971741,0.0,0.0,0.8728813559322034,0.4654994606971741,0.07014705218346229,0.007431872189044952,0.9999532681019392,0.07014705218346229,,1.2644842887837744,1.0559689770084641,,,,,,,,,,,,,0.4654994606971741,0.0,0.00012087572681454323,9.938494258676656e-06,0.00011498744279379036,0.13808168470859528,1.0001976587595025,1.0000479221343994,1.0003207921981812,0.9999019310506491,0.9999760389328003,0.9999951720237732,0.01887860976422178,0.01804109387650512,0.033439249812884375,,,,,,,,,118.0,0.0019810465861951204,0.0014313974832728161,1.0000005960464478,1.0000096559524536,1.0000238418579102,1.0000907182693481,1.0004972219467163,1.087208867073059,0.0006984430120758186,0.9590550065040588,0.9998396635055542,0.9999546408653259,0.9999880790710449,0.999998152256012,0.9999997019767761,0.012707579879438899,9.164802416124215e-07,0.003619563406518408,0.009113565372236468,0.02736041164524758,0.03655109297696995,0.2013049654259205,118
bayesfl_observability_v1,ola_lr0p02_b128_e1,60,ola,276,22,91,1,1,128,0.5799247622489929,0.5799247622489929,0.0,0.0,0.8241758241758241,0.5799247622489929,0.13301929380959288,0.026314467191696167,0.9998319122140491,0.13301929380959288,,0.6083265295165262,1.6692992620442342,,,,,,,,,,,,,0.5799247622489929,0.0,0.0004346598521273491,2.911390947701875e-05,0.0003833127557300031,1.7311278581619263,1.0002028906697946,1.0000486373901367,1.0003293871879577,0.9998993641379963,0.9999756813049316,0.9999950528144836,0.018879830423648134,0.018039521400555664,0.03344593586917264,,,,,,,,,91.0,0.010147413706425315,0.0014780025838081964,1.0000005960464478,1.0000098943710327,1.0000243186950684,1.0000920295715332,1.0005102813243867,1.0871165990829468,0.0007202037515216308,0.9590956568717957,0.9998353660106659,0.9999539852142334,0.9999878406524658,0.9999980926513672,0.9999997019767761,0.012710898390245287,9.924504106691124e-08,0.003614686436761486,0.009103832399670908,0.027369084003812955,0.03657116237464508,0.20554520905824392,91
bayesfl_observability_v1,ola_lr0p02_b128_e1,60,ola,165,13,36,1,1,128,0.43754562735557556,0.43754562735557556,0.0,0.0,0.9166666666666666,0.43754562735557556,0.07694147910945785,0.01316070556640625,0.9999437458341469,0.07694147910945785,,0.38131648785332906,1.926685551035581,,,,,,,,,,,,,0.43754562735557556,0.0,0.00014542574412500133,1.0151929927815218e-05,0.00012775002687703818,0.43301042914390564,1.0001980682024731,1.0000476837158203,1.0003219842910767,0.9999017192090531,0.9999761581420898,0.9999951124191284,0.018877145732119342,0.01803632452607906,0.033443032074884936,,,,,,,,,36.0,0.0027696468849965476,0.0014243914017300324,1.0000005960464478,1.0000097751617432,1.0000239610671997,1.0000910758972168,1.0005006909370422,1.0871226787567139,0.0006951326111245301,0.9590930342674255,0.9998390674591064,0.9999544620513916,0.9999880194664001,0.999998152256012,0.9999997019767761,0.01270627643678932,9.150940907352499e-08,0.003623171862756083,0.009111436282922967,0.02735734175545299,0.036550468923139644,0.20863129750071463,36
bayesfl_observability_v1,ola_lr0p02_b128_e1,60,ola,102,8,8,1,1,128,0.7744576930999756,0.7744576930999756,0.0,0.0,0.875,0.7744576930999756,0.11999420771984566,0.011898227035999298,0.999863291398075,0.11999420771984566,,1.0735428464085233,1.2939773289156493,,,,,,,,,,,,,0.7744576930999756,0.0,0.0003537046987239,4.388185698189773e-05,0.0004913906159345063,0.3539199233055115,1.0002015443275518,1.0000489950180054,1.0003299832344055,0.9998999955302268,0.9999755024909973,0.9999948740005493,0.018880489109709315,0.018026547910437264,0.03344549322193736,,,,,,,,,8.0,0.0031680494248629595,0.001437754484595634,1.0000005960464478,1.0000102519989014,1.0000249147415161,1.000092625617981,1.000511646270752,1.0878269672393799,0.0007015747641787493,0.9587824940681458,0.999835067987442,0.9999536871910095,0.9999875426292419,0.9999980926513672,0.9999997019767761,0.012713653531673723,8.806944957059819e-08,0.003631935579253644,0.009106679380793625,0.027370264725515077,0.03655745277148283,0.2004510459588827,8
bayesfl_observability_v1,ola_lr0p02_b128_e1,60,ola,50,4,13,1,1,128,0.153426855802536,0.153426855802536,0.0,0.0,1.0,0.153426855802536,0.037229225713322926,0.0047666579484939575,0.9999868749840982,0.037229225713322926,,0.8953326659680909,1.3255516450199865,,,,,,,,,,,,,0.153426855802536,0.0,3.4047743193068855e-05,3.9187134461826645e-06,3.779575927183044e-05,0.056802548468112946,1.0001962122425672,1.0000474452972412,1.0003188848495483,0.9999026374930751,0.9999762773513794,0.9999951720237732,0.018878471047216423,0.018041931609812135,0.03343490219162421,,,,,,,,,13.0,0.00039593558043592365,0.0014151948729495746,1.0000005960464478,1.0000096559524536,1.0000238418579102,1.00009024143219,1.000495195388794,1.087270975112915,0.0006907206158215466,0.9590275883674622,0.9998406171798706,0.999954879283905,0.9999880790710449,0.999998152256012,0.9999997019767761,0.012709555230944964,4.371853873105213e-07,0.003631559490034255,0.00911553427320658,0.027375656628870225,0.03655376896893061,0.20701725859168305,13
bayesfl_observability_v1,ola_lr0p02_b128_e1,60,ola,149,11,333,3,1,128,0.20774662937666918,0.20774661331205396,1.9247064760126537e-08,1.9247064760126537e-08,0.9519519519519519,0.20774661331205396,0.12347080022174087,0.021959036588668823,0.9998552635452672,0.12347080022174087,,0.21239478849365837,2.0487084209067463,,,,,,,,,,,,,0.20774661331205396,1.9247064760126537e-08,5.0816100966799635e-05,6.480821866716724e-06,5.116074316902086e-05,0.1628231257200241,1.0001964914678088,1.0000474452972412,1.000319480895996,0.99990249866058,0.9999762773513794,0.9999951720237732,0.018879905847025025,0.018046282335021216,0.033439090110110224,,,,,,,,,333.0,0.0010568060751583249,0.0014159167612196996,1.0000005960464478,1.0000096559524536,1.0000238418579102,1.0000903606414795,1.0004959106445312,1.0874625444412231,0.0006910787541739488,0.9589431285858154,0.9998403191566467,0.9999548196792603,0.9999880790710449,0.999998152256012,0.9999997019767761,0.012714561076762082,1.4580980688526437e-06,0.003617394863425331,0.009100464505539658,0.02737049918594037,0.03657787276443068,0.20485345531323432,333
bayesfl_observability_v1,ola_lr0p02_b128_e1,60,ola,202,16,344,3,1,128,0.3233605235121971,0.32336048781871796,3.247492197636157e-08,3.247492197636157e-08,0.8982558139534884,0.32336048781871796,0.1445178109083118,0.02216656506061554,0.9998016667191338,0.1445178109083118,,0.7151651242351365,1.5572907521493602,,,,,,,,,,,,,0.32336048781871796,3.247492197636157e-08,7.947281740926061e-05,9.420909009349998e-06,8.030115786823459e-05,0.18446509540081024,1.000196971085775,1.0000475645065308,1.000320553779602,0.9999022609155328,0.9999762177467346,0.9999951124191284,0.01888000011579819,0.018046735332308526,0.03344369739719645,,,,,,,,,344.0,0.0013576012668174446,0.00141786178609724,1.0000005960464478,1.0000097751617432,1.0000239610671997,1.000090479850769,1.000497168302536,1.0874499082565308,0.000692025075164564,0.9589486718177795,0.9998397827148438,0.9999547600746155,0.9999880194664001,0.999998152256012,0.9999997019767761,0.012714301003797168,4.6441670226064006e-07,0.0036260242957853283,0.00910189017021543,0.027362810897686645,0.03658221995831084,0.20526098265477533,344
bayesfl_observability_v1,ola_lr0p02_b128_e1,60,ola,17,1,132,2,1,128,0.9319108959400293,0.9319108941338279,2.149528286005961e-09,2.149528286005961e-09,0.75,0.9319108941338279,0.19073862888108098,0.02787838876247406,0.9996545956896982,0.19073862888108098,,1.2053659931842142,1.1004903769146668,,,,,,,,,,,,,0.9319108941338279,2.149528286005961e-09,0.00027813989902652234,3.870567525154911e-05,0.00025145978142973043,0.5130981206893921,1.0002002809995798,1.0000479221343994,1.0003248453140259,0.9999006454135435,0.9999760389328003,0.9999950528144836,0.01888134429568771,0.018033754517876956,0.03343492805880568,,,,,,,,,132.0,0.004300181822641116,0.0014560017231086831,1.0000005960464478,1.0000098943710327,1.0000243186950684,1.0000916719436646,1.0005040168762207,1.0956671237945557,0.0007097711602957758,0.9553459882736206,0.9998376369476318,0.9999541640281677,0.9999878406524658,0.999998152256012,0.9999997019767761,0.012721210397497145,2.4171959309173973e-07,0.0036253544425136125,0.009090765537230936,0.02736289198055499,0.03657478411846238,0.19768816286908017,132
bayesfl_observability_v1,ola_lr0p02_b128_e1,60,ola,23,1,306,3,1,128,0.47728141655329787,0.4772813745768242,4.471546398223771e-08,4.471546398223771e-08,0.8725490196078431,0.4772813745768242,0.15921252297028296,0.01805385947227478,0.9997593298596207,0.15921252297028296,,1.0359434414661433,1.2422106794126557,,,,,,,,,,,,,0.4772813745768242,4.471546398223771e-08,0.00012318808562364198,1.3182598195271567e-05,0.0001275098533369602,0.16294541954994202,1.0001977001741005,1.0000474452972412,1.0003215193748474,0.9999019051319702,0.9999762773513794,0.9999951124191284,0.018881096041072177,0.01804447804825189,0.033434298490077057,,,,,,,,,306.0,0.0019610137668554213,0.001426237121859743,1.0000005960464478,1.0000097751617432,1.0000239610671997,1.0000908374786377,1.0004982948303223,1.0872535705566406,0.0006960694701568575,0.9590352773666382,0.9998392999172211,0.9999545812606812,0.9999880194664001,0.999998152256012,0.9999997019767761,0.012716631956156799,7.646351363198229e-08,0.0036211109971855866,0.009091106521059742,0.02737536952461349,0.03658180008758876,0.19929337969867741,306
bayesfl_observability_v1,ola_lr0p02_b128_e1,60,ola,293,23,287,3,1,128,0.351864145426177,0.3518640629765464,8.248646278601382e-08,8.248646278601382e-08,0.926829268292683,0.3518640629765464,0.1979697405813415,0.039827823638916016,0.9996279595552008,0.1979697405813415,,-0.0,2.3163460082440825,,,,,,,,,,,,,0.3518640629765464,8.248646278601382e-08,0.0002387135668235414,2.1522499082493596e-05,0.00020770911360159537,0.9692038893699646,1.000199625246579,1.000048041343689,1.000324022769928,0.9999009644714615,0.9999759793281555,0.9999951124191284,0.018884110492198184,0.018043078286112853,0.03344102894206571,,,,,,,,,287.0,0.005908275080841723,0.0014473706094463327,1.0000005960464478,1.0000097751617432,1.0000240802764893,1.0000911951065063,1.0005024671554565,1.08711576461792,0.0007058970170671738,0.9590960741043091,0.9998380482196808,0.9999544024467468,0.9999879598617554,0.9999980926513672,0.9999997019767761,0.012719394847475005,8.306076760673554e-07,0.003618040536657796,0.00909885969315958,0.027368571706085795,0.03657293329718848,0.20056745044505472,287
bayesfl_observability_v1,ola_lr0p02_b128_e1,60,ola,114,9,112,1,1,128,0.3088160455226898,0.3088160455226898,0.0,0.0,0.9196428571428571,0.3088160455226898,0.0553483956986157,0.008809536695480347,0.999970891593668,0.0553483956986157,,0.17604524709725128,2.1334990783975436,,,,,,,,,,,,,0.3088160455226898,0.0,7.525412462733084e-05,5.9017404510086635e-06,7.956237823236734e-05,0.19401989877223969,1.0001968981053724,1.0000475645065308,1.0003200888633728,0.9999023008981435,0.9999762177467346,0.9999951720237732,0.01887652696352192,0.018037858350084528,0.03344088732656476,,,,,,,,,112.0,0.001594203078798667,0.0014212627276955297,1.0000005960464478,1.0000096559524536,1.0000239610671997,1.000090479850769,1.0004964530467988,1.0871212482452393,0.000693651305298172,0.9590936303138733,0.9998400151729584,0.9999547600746155,0.9999880194664001,0.9999980926513672,0.9999997019767761,0.012705791731997313,1.9378949579163584e-07,0.0036129787915372726,0.009109198060108478,0.027366690078984873,0.03654808789301533,0.20110780579726098,112
bayesfl_observability_v1,ola_lr0p02_b128_e1,60,ola,150,12,12,1,1,128,0.15004144608974457,0.15004144608974457,0.0,0.0,1.0,0.15004144608974457,0.05767418493180457,0.010177209973335266,0.9999684468254684,0.05767418493180457,,-0.0,2.185987945410232,,,,,,,,,,,,,0.15004144608974457,0.0,8.171149101805169e-05,6.4903360907919705e-06,7.601042598253124e-05,0.25893867015838623,1.0001970100534023,1.0000478029251099,1.000320315361023,0.9999022412349307,0.9999760985374451,0.9999951124191284,0.01887905872611556,0.018032762767843206,0.0334377001295554,,,,,,,,,12.0,0.0016556952971680066,0.0014176133144442166,1.0000005960464478,1.0000097751617432,1.0000239610671997,1.0000905990600586,1.0004968643188477,1.0871161222457886,0.0006919369465858445,0.9590958952903748,0.9998399019241333,0.9999547004699707,0.9999880194664001,0.999998152256012,0.9999997019767761,0.012710130424045655,2.999524796345808e-07,0.0036227040856618435,0.009116221065484051,0.027370478457704815,0.036559759386744585,0.21286188678903098,12
bayesfl_observability_v1,ola_lr0p02_b128_e1,60,ola,62,5,230,2,1,128,0.36268343018448873,0.36268341035946555,1.666247893284811e-08,1.666247893284811e-08,0.8869565217391304,0.36268341035946555,0.11649269093021405,0.01288306713104248,0.9998712235821734,0.11649269093021405,,0.7398855854147172,1.5046979575000918,,,,,,,,,,,,,0.36268341035946555,1.666247893284811e-08,0.00011179840446843093,9.97069219010882e-06,0.00011799762578448299,0.10448209196329117,1.0001975095552018,1.0000475645065308,1.0003204345703125,0.9999020004256062,0.9999762177467346,0.9999951124191284,0.01888188482438809,0.018037996760494442,0.03342783073804733,,,,,,,,,230.0,0.0014935760525118735,0.0014263013237658388,1.0000005960464478,1.0000097751617432,1.0000239610671997,1.0000907182693481,1.000496929883957,1.0871362686157227,0.0006960490062314636,0.9590870141983032,0.9998398423194885,0.9999546408653259,0.9999880194664001,0.9999980926513672,0.9999997019767761,0.01271508223728574,3.662877985340695e-08,0.0036300037893153302,0.009116881132364607,0.027362752540772556,0.03658460511444149,0.21534683417295558,230
bayesfl_observability_v1,ola_lr0p02_b128_e1,60,ola,68,5,63,1,1,128,0.8169194459915161,0.8169194459915161,0.0,0.0,0.7301587301587301,0.8169194459915161,0.1182113715653018,0.01486089825630188,0.9998672288325564,0.1182113715653018,,1.4664510448986239,0.8489783962099641,,,,,,,,,,,,,0.8169194459915161,0.0,0.0003432723089642776,2.4536551791243255e-05,0.000298644884605892,0.5521156787872314,1.0002013705375796,1.0000479221343994,1.0003254532814025,0.9999001183748315,0.9999760389328003,0.9999951124191284,0.018878267383385727,0.01804272238125934,0.03342808913064255,,,,,,,,,63.0,0.005396930718567968,0.0014727947543675991,1.0000005960464478,1.0000097751617432,1.0000243186950684,1.0000916719436646,1.0005054473876953,1.0963174104690552,0.000717674677411014,0.9550626277923584,0.9998373329639435,0.9999541640281677,0.9999878406524658,0.9999980926513672,0.9999997019767761,0.01270946257066779,5.855903777185159e-08,0.0036268807747558344,0.009098506831923193,0.027360660269370358,0.03655748312311394,0.20159524358718695,63
bayesfl_observability_v1,ola_lr0p02_b128_e1,60,ola,86,6,7,1,1,128,0.27801376581192017,0.27801376581192017,0.0,0.0,0.8571428571428571,0.27801376581192017,0.08214285466387825,0.010055184364318848,0.9999358978125876,0.08214285466387825,,0.410116318288409,1.9071323795658244,,,,,,,,,,,,,0.27801376581192017,0.0,0.0001657524083317424,1.2834132576244883e-05,0.00020414983737282455,0.2527672052383423,1.0001984081556934,1.000048041343689,1.000322937965393,0.9999015521022746,0.9999759793281555,0.9999949336051941,0.018878236189719216,0.0180432357173831,0.03343875411951611,,,,,,,,,7.0,0.0019743723873899156,0.0014271663456339979,1.0000005960464478,1.0000101327896118,1.0000241994857788,1.0000921487808228,1.000500202178955,1.0871165990829468,0.0006964539602149216,0.9590956568717957,0.9998385906219482,0.9999539256095886,0.9999879002571106,0.9999980330467224,0.9999997019767761,0.012707177810040826,2.7456175317491987e-08,0.0036112918132960954,0.009107625020994697,0.02735954270657709,0.03655202040929838,0.20757604771692043,7
